1860000 240
1860010 240
1860020 240
1860030 240
1860040 240
1860050 240
1860060 240
1860070 240
1860080 240
1860090 240
1860100 239
1860110 239
1860120 239
1860130 239
1860140 239
1860150 239
1860160 239
1860170 239
1860180 239
1860190 239
1860200 239
1860210 239
1860220 238
1860230 238
1860240 238
1860250 238
1860260 238
1860270 238
1860280 238
1860290 238
1860300 238
1860310 237
1860320 237
1860330 237
1860340 237
1860350 237
1860360 237
1860370 237
1860380 236
1860390 236
1860400 236
1860410 236
1860420 236
1860430 236
1860440 236
1860450 236
1860460 235
1860470 235
1860480 235
1860490 235
1860500 235
1860510 235
1860520 235
1860530 235
1860540 235
1860550 235
1860560 235
1860570 234
1860580 234
