1860000 245
1860010 245
1860020 245
1860030 245
1860040 245
1860050 245
1860060 245
1860070 245
1860080 245
1860090 245
1860100 245
1860110 245
1860120 244
1860130 244
1860140 244
1860150 244
1860160 244
1860170 244
1860180 244
1860190 244
1860200 243
1860210 243
1860220 243
1860230 243
1860240 243
1860250 243
1860260 243
1860270 243
1860280 243
1860290 243
1860300 242
1860310 242
1860320 242
1860330 242
1860340 242
1860350 242
1860360 242
1860370 241
1860380 241
1860390 241
1860400 241
1860410 241
1860420 241
1860430 241
1860440 241
1860450 241
1860460 241
1860470 241
1860480 241
1860490 241
1860500 241
1860510 241
1860520 241
1860530 241
1860540 241
1860550 241
1860560 241
1860570 241
1860580 241
1860590 241
