1860000 240
1860010 240
1860020 240
1860030 240
1860040 241
1860050 242
1860060 242
1860070 242
1860080 242
1860090 242
1860100 242
1860110 243
1860120 243
1860130 243
1860140 243
1860150 243
1860160 243
1860170 243
1860180 243
1860190 243
1860200 244
1860210 244
1860220 244
1860230 244
1860240 244
1860250 244
1860260 244
1860270 244
1860280 244
1860290 244
1860300 244
1860310 244
1860320 244
1860330 244
1860340 245
1860350 245
1860360 244
1860370 244
1860380 244
1860390 244
1860400 244
1860410 244
1860420 245
1860430 245
1860440 245
1860450 245
1860460 245
1860470 245
1860480 245
1860490 245
1860500 245
1860510 244
1860520 244
1860530 244
1860540 244
1860550 244
1860560 244
1860570 244
1860580 244
1860590 244
