1860000 226
1860010 227
1860020 227
1860030 227
1860040 227
1860050 227
1860060 228
1860070 228
1860080 228
1860090 228
1860100 228
1860110 228
1860120 228
1860130 228
1860140 228
1860150 228
1860160 228
1860170 228
1860180 228
1860190 228
1860200 228
1860210 228
1860220 228
1860230 228
1860240 228
1860250 229
1860260 229
1860270 229
1860280 230
1860290 230
1860300 230
1860310 230
1860320 231
1860330 231
1860340 231
1860350 232
1860360 232
1860370 231
1860380 231
1860390 231
1860400 231
1860410 232
1860420 232
1860430 232
1860440 232
1860450 232
1860460 233
1860470 233
1860480 233
1860490 233
1860500 234
1860510 234
1860520 235
1860530 235
1860540 235
1860550 236
1860560 236
1860570 236
1860580 237
1860590 237
1860600 237
