1860000 231
1860010 231
1860020 232
1860030 232
1860040 233
1860050 233
1860060 232
1860070 233
1860080 233
1860090 233
1860100 233
1860110 233
1860120 233
1860130 233
1860140 233
1860150 233
1860160 233
1860170 233
1860180 233
1860190 233
1860200 233
1860210 233
1860220 233
1860230 233
1860240 233
1860250 233
1860260 233
1860270 233
1860280 233
1860290 233
1860300 234
1860310 234
1860320 234
1860330 234
1860340 234
1860350 235
1860360 235
1860370 235
1860380 236
1860390 236
1860400 236
1860410 237
1860420 237
1860430 237
1860440 238
1860450 238
1860460 238
1860470 238
1860480 238
1860490 238
1860500 238
1860510 239
1860520 239
1860530 240
1860540 240
1860550 240
1860560 241
1860570 241
1860580 241
1860590 241
