1860000 207
1860010 207
1860020 208
1860030 208
1860040 208
1860050 208
1860060 208
1860070 208
1860080 208
1860090 209
1860100 209
1860110 209
1860120 209
1860130 209
1860140 209
1860150 209
1860160 210
1860170 210
1860180 210
1860190 210
1860200 210
1860210 210
1860220 210
1860230 210
1860240 211
1860250 211
1860260 211
1860270 211
1860280 211
1860290 211
1860300 210
1860310 210
1860320 210
1860330 210
1860340 210
1860350 209
1860360 209
1860370 209
1860380 208
1860390 208
1860400 208
1860410 207
1860420 206
1860430 207
1860440 206
1860450 205
1860460 205
1860470 204
1860480 203
1860490 203
1860500 203
1860510 202
1860520 202
1860530 202
1860540 201
1860550 201
1860560 201
1860570 201
1860580 201
1860590 201
1860600 201
1860610 201
