1860000 209
1860010 210
1860020 210
1860030 210
1860040 210
1860050 210
1860060 210
1860070 210
1860080 210
1860090 210
1860100 211
1860110 211
1860120 211
1860130 211
1860140 211
1860150 211
1860160 211
1860170 211
1860180 211
1860190 211
1860200 211
1860210 211
1860220 211
1860230 212
1860240 212
1860250 212
1860260 212
1860270 212
1860280 212
1860290 212
1860300 212
1860310 212
1860320 212
1860330 212
1860340 212
1860350 212
1860360 212
1860370 211
1860380 211
1860390 211
1860400 211
1860410 210
1860420 210
1860430 209
1860440 209
1860450 209
1860460 208
1860470 207
1860480 207
1860490 206
1860500 206
1860510 205
1860520 205
1860530 204
1860540 203
1860550 203
1860560 202
1860570 202
1860580 202
1860590 201
