1860000 116
1860010 116
1860020 116
1860030 115
1860040 115
1860050 115
1860060 115
1860070 115
1860080 115
1860090 115
1860100 115
1860110 115
1860120 115
1860130 115
1860140 115
1860150 115
1860160 115
1860170 115
1860180 115
1860190 115
1860200 115
1860210 115
1860220 115
1860230 115
1860240 115
1860250 115
1860260 115
1860270 115
1860280 115
1860290 115
1860300 115
1860310 115
1860320 115
1860330 115
1860340 115
1860350 115
1860360 115
1860370 115
1860380 115
1860390 115
1860400 115
1860410 115
1860420 115
1860430 115
1860440 115
1860450 115
1860460 115
1860470 115
1860480 115
1860490 115
1860500 115
1860510 115
1860520 115
1860530 115
1860540 115
1860550 115
1860560 115
1860570 115
1860580 115
1860590 115
1860600 115
1860610 115
1860620 115
1860630 115
1860640 115
1860650 115
1860660 115
1860670 115
1860680 115
1860690 115
1860700 115
1860710 115
1860720 115
1860730 115
1860740 115
1860750 115
1860760 115
1860770 115
1860780 115
1860790 115
1860800 115
1860810 115
1860820 115
1860830 115
1860840 115
1860850 115
1860860 115
1860870 115
1860880 115
1860890 115
1860900 115
1860910 115
1860920 115
1860930 115
1860940 115
1860950 115
1860960 115
1860970 115
1860980 115
1860990 115
1861000 115
1861010 115
1861020 115
1861030 115
1861040 115
1861050 115
1861060 115
1861070 115
1861080 115
1861090 115
1861100 115
1861110 115
1861120 115
1861130 115
1861140 115
1861150 115
1861160 115
1861170 115
1861180 115
1861190 115
1861200 115
1861210 115
1861220 115
1861230 115
1861240 115
1861250 115
1861260 115
1861270 115
1861280 115
1861290 115
1861300 115
1861310 115
1861320 115
1861330 115
1861340 115
1861350 115
1861360 115
1861370 115
1861380 115
1861390 115
1861400 115
1861410 115
1861420 115
1861430 115
1861440 115
1861450 115
1861460 115
1861470 115
1861480 115
1861490 115
1861500 115
1861510 115
1861520 115
1861530 115
1861540 115
1861550 115
1861560 115
1861570 115
1861580 115
1861590 115
1861600 115
1861610 115
1861620 115
1861630 115
1861640 115
1861650 115
1861660 115
1861670 115
1861680 115
1861690 115
1861700 115
1861710 115
1861720 115
1861730 115
1861740 115
1861750 115
1861760 115
1861770 115
1861780 115
1861790 115
1861800 115
1861810 115
1861820 115
1861830 115
1861840 115
1861850 115
1861860 115
1861870 115
1861880 115
1861890 115
1861900 115
1861910 115
1862110 115
1862120 115
1862130 115
1862140 115
1862150 115
1862160 115
1862170 115
1862180 115
1862190 115
1862200 115
1862210 115
1862220 115
1862230 115
1862240 115
1862250 115
1862260 115
1862270 115
1862280 115
1862290 115
1862300 115
1862310 115
1862630 115
1862640 115
1862650 115
1862660 115
1862670 115
1862680 115
1862690 115
1862700 115
1862710 115
1862720 115
1862730 115
1862740 115
1862750 115
1862760 115
1862770 115
1862780 115
1862790 115
1862800 115
1862810 115
1862820 115
1862830 115
1862840 115
1862850 115
1862860 115
1862870 115
1862940 115
1862950 115
1862960 115
1863140 115
1863150 115
1863160 115
1863170 115
1863180 115
1863190 115
1863200 115
1863210 115
1863220 115
1863230 115
1863240 115
1863250 115
1863260 115
1863270 115
1863280 115
1863290 115
1863300 115
1863310 115
1863320 115
1863330 115
1863340 115
1863350 115
1863360 115
1863370 115
1863380 115
1863390 115
1863400 115
1863410 115
1863420 115
1863430 115
1863440 115
1863450 115
1863460 115
1863470 115
1863480 115
1863490 115
1863500 115
1863510 115
1863520 115
1863530 115
1863540 115
1863550 115
1863560 115
1863570 115
1863580 115
1863590 115
1863600 115
1863610 115
1863620 115
1863630 115
1863640 115
1863650 115
1863660 115
1863670 115
1863680 115
1863690 115
1863700 115
1863710 115
1863720 115
1863730 115
1863740 115
1863750 115
1863760 115
1863770 115
1863780 115
1863790 115
1863800 115
1863810 115
1863820 115
1863830 115
1863840 115
1863850 115
1863860 115
1863870 115
1863880 115
1863890 115
1863900 115
1863910 115
1863920 115
1863930 115
1863940 115
1863950 115
1863960 115
1863970 115
1863980 115
1863990 115
1864000 115
1864010 115
1864020 115
1864030 115
1864040 115
1864050 115
1864060 115
1864070 115
1864080 115
1864090 115
1864100 115
1864110 115
1864120 115
1864130 115
1864140 115
1864150 115
1864160 115
1864170 115
1864180 115
1864190 115
1864200 115
1864210 115
1864220 115
1864230 115
1864240 115
1864250 115
1864260 115
1864270 115
1864280 115
1864290 115
1864300 115
1864310 115
1864320 115
1864330 115
1864340 115
1864350 115
1864360 115
1864370 115
1864380 115
1864390 115
1864400 115
1864410 115
1864420 115
1864430 115
1864440 115
1864450 115
1864460 115
1864470 115
1864480 115
1864490 115
1864500 115
1864510 115
1864520 115
1864530 115
1864540 115
1864550 115
1864560 115
1864570 115
1864580 115
1864590 115
1864600 115
1864610 115
1864620 115
1864630 115
1864640 115
1864650 115
1864660 115
1864670 115
1864680 115
1864690 115
1864700 115
1864710 115
1864720 115
1864730 115
1864740 115
1864750 115
1864760 115
1864770 115
1864780 115
1864790 115
1864800 115
1864810 115
1864820 115
1864830 115
1864840 115
1864850 115
1864860 115
1864870 115
1864880 115
1864890 115
1864900 115
1864910 115
1864920 115
1864930 115
1864940 115
1864950 115
1864960 115
1864970 115
1864980 115
1864990 115
1865000 115
1865010 115
1865020 115
1865030 115
1865040 115
1865050 115
1865060 115
1865070 115
1865080 115
1865090 115
1865100 115
1865110 115
1865120 115
1865130 115
1865140 115
1865150 115
1865160 115
1865170 115
1865180 115
1865190 115
1865200 115
1865210 115
1865220 115
1865230 115
1865240 115
1865250 115
1865260 115
1865270 115
1865280 115
1865290 115
1865300 115
1865310 115
1865320 115
1865330 115
1865340 115
1865350 115
1865360 115
1865370 115
1865380 115
1865390 115
1865400 115
1865410 115
1865420 115
1865430 115
1865440 115
1865450 115
1865460 115
1865470 115
1865480 115
1865490 115
1865500 115
1865510 115
1865520 115
1865530 115
1865540 115
1865550 115
1865560 115
1865570 115
1865580 115
1865590 115
1865600 115
1865610 115
1865620 115
1865630 115
1865640 115
1865650 115
1865660 115
1865670 115
1865680 115
1865690 115
1865700 115
1865710 115
1865720 115
1865730 115
1865740 115
1865750 115
1865760 115
1865770 115
1865780 115
1865790 115
1865800 115
1865810 115
1865820 115
1865830 115
1865840 115
1865850 115
1865860 115
1865870 115
1865880 115
1865890 115
1865900 115
1865910 115
1865920 115
1865930 115
1865940 115
1865950 115
1865960 115
1865970 115
1865980 115
1865990 115
1866000 115
1866010 115
1866020 115
1866030 115
1866040 115
1866050 115
1866060 115
1866070 115
1866080 115
1866090 115
1866100 115
1866110 115
1866120 115
1866130 115
1866140 115
1866150 115
1866160 115
1866170 115
1866180 115
1866190 115
1866200 115
1866210 115
1866220 115
1866230 115
1866240 115
1866250 115
1866260 115
1866270 115
1866280 115
1866290 115
1866300 115
1866310 115
1866320 115
1866330 115
1866340 115
1866350 115
1866360 115
1866370 115
1866380 115
1866390 115
1866400 115
1866410 115
1866420 115
1866430 115
1866440 115
1866450 115
1866460 115
1866470 115
1866480 115
1866490 115
1866500 115
1866510 115
1866520 115
1866530 115
1866540 115
1866550 115
1866560 115
1866570 115
1866580 115
1866590 115
1866600 115
1866610 115
1866620 115
1866630 115
1866640 115
1866650 115
1866660 115
1866670 115
1866680 115
1866690 115
1866700 115
1866710 115
1866720 115
1866730 115
1866740 115
1866750 115
1866760 115
1866770 115
1866780 115
1866790 115
1866800 115
1866810 115
1866820 115
1866830 115
1866840 115
1866850 115
1866860 115
1866870 115
1866880 115
1866890 115
1866900 115
1866910 115
1866920 115
1866930 115
1866940 115
1866950 115
1866960 115
1866970 115
1866980 115
1866990 115
1867000 115
1867010 115
1867020 115
1867030 115
1867040 115
1867050 115
1867060 115
1867070 115
1867080 115
1867090 115
1867100 115
1867110 115
1867120 115
1867130 115
1867140 115
1867150 115
1867160 115
1867170 115
1867180 115
1867190 115
1867200 115
1867210 115
1867220 115
1867230 115
1867240 115
1867250 115
1867260 115
1867270 115
1867280 115
1867290 115
1867300 115
1867310 115
1867320 115
1867330 115
1867340 115
1867350 115
1867360 115
1867370 115
1867380 115
1867390 115
1867400 115
1867410 115
1867420 115
1867430 116
1867440 116
1867450 116
1867460 116
1867470 116
1867480 116
1867490 116
1867500 116
1867510 116
1867520 116
1867530 116
1867540 116
1867550 116
1867560 116
1867570 116
1867580 116
1867590 116
1867600 116
1867610 116
1867620 116
1867630 117
1867640 117
1867650 117
1867660 117
1867670 118
1867680 118
1867690 118
1867700 118
1867710 118
1867720 118
1867730 118
1867740 118
1867750 118
1867760 117
1867770 117
1867780 117
1867790 117
1867800 117
1867810 117
1867820 117
1867830 117
1867840 117
1867850 117
1867860 117
1867870 117
1867880 117
1867890 117
1867900 117
1867910 117
1867920 117
1867930 117
1867940 117
1867950 117
1867960 117
1867970 117
1867980 117
1867990 117
1868000 117
1868010 117
1868020 117
1868030 117
1868040 117
1868050 117
1868060 117
1868070 117
1868080 117
1868090 117
1868100 117
1868110 117
1868120 117
1868130 117
1868140 117
1868150 118
1868160 117
1868170 117
1868180 117
1868190 117
1868200 117
1868210 117
1868220 117
1868230 117
1868240 117
1868250 117
1868260 117
1868270 117
1868280 117
1868290 117
1868300 117
1868310 117
1868320 117
1868330 117
1868340 117
1868350 117
1868360 117
1868370 117
1868380 117
1868390 117
1868400 117
1868410 117
1868420 117
1868430 117
1868440 117
1868450 117
1868460 117
1868470 117
1868480 117
1868490 117
1868500 117
1868510 117
1868520 117
1868530 117
1868540 117
1868550 117
1868560 117
1868570 117
1868580 117
1868590 117
1868600 117
1868610 117
1868620 117
1868630 117
1868640 117
1868650 117
1868660 117
1868670 117
1868680 117
1868690 117
1868700 117
1868710 117
1868720 117
1868730 117
1868740 117
1868750 117
1868760 117
1868770 117
1868780 117
1868790 117
1868800 117
1868810 117
1868820 117
1868830 117
1868840 117
1868850 117
1868860 117
1868870 117
1868880 117
1868890 117
1868900 117
1868910 117
1868920 117
1868930 117
1868940 117
1868950 117
1868960 117
1868970 117
1868980 117
1868990 117
1869000 117
1869010 117
1869020 117
1869030 117
1869040 117
1869050 117
1869060 117
1869070 117
1869080 117
1869090 117
1869100 117
1869110 117
1869120 117
1869130 117
1869140 117
1869150 117
1869160 117
1869170 117
1869180 117
1869190 117
1869200 117
1869210 117
1869220 117
1869230 117
1869240 118
1869250 118
1869260 118
1869270 118
1869280 118
1869290 118
1869300 118
1869310 118
1869320 118
1869330 118
1869340 118
1869350 118
1869360 118
1869370 119
1869380 119
1869390 119
1869400 119
1869410 119
1869420 119
1869430 119
1869440 120
1869450 120
1869460 120
1869470 120
1869480 120
1869490 119
1869500 119
1869510 119
1869520 118
1869530 118
1869540 118
1869550 118
1869560 118
1869570 118
1869580 118
1869590 118
1869600 118
1869610 118
1869620 118
1869630 118
1869640 118
1869650 118
1869660 118
1869670 118
1869680 118
1869690 118
1869700 118
1869710 118
1869720 118
1869730 118
1869740 118
1869750 118
1869760 118
1869770 118
1869780 118
1869790 118
1869800 118
1869810 118
1869820 118
1869830 118
1869840 118
1869850 118
1869860 118
1869870 118
1869880 118
1869890 118
1869900 118
1869910 118
1869920 118
1869930 118
1869940 118
1869950 118
1869960 118
1869970 118
1869980 118
1869990 118
1870000 118
1870010 118
1870020 118
1870030 118
1870040 118
1870050 118
1870060 118
1870070 118
1870080 118
1870090 118
1870100 118
1870110 118
1870120 118
1870130 119
1870140 119
1870150 119
1870160 120
1870170 121
1870180 121
1870190 122
1870200 122
1870210 122
1870220 123
1870230 122
1870240 122
1870250 122
1870260 122
1870270 122
1870280 122
1870290 121
1870300 121
1870310 121
1870320 121
1870330 121
1870340 121
1870350 121
1870360 121
1870370 121
1870380 121
1870390 121
1870400 121
1870410 121
1870420 121
1870430 121
1870440 121
1870450 121
1870460 121
1870470 121
1870480 121
1870490 121
1870500 121
1870510 121
1870520 121
1870530 121
1870540 121
1870550 121
1870560 121
1870570 121
1870580 121
1870590 121
1870600 122
1870610 122
1870620 122
1870630 122
1870640 122
1870650 122
1870660 122
1870670 122
1870680 122
1870690 122
1870700 122
1870710 122
1870720 122
1870730 122
1870740 122
1870750 123
1870760 123
1870770 123
1870780 123
1870790 123
1870800 123
1870810 123
1870820 123
1870830 123
1870840 123
1870850 123
1870860 123
1870870 124
1870880 124
1870890 123
1870900 123
1870910 123
1870920 123
1870930 124
1870940 124
1870950 124
1870960 124
1870970 124
1870980 124
1870990 124
1871000 124
1871010 124
1871020 124
1871030 124
1871040 124
1871050 124
1871060 124
1871070 124
1871080 124
1871090 124
1871100 124
1871110 124
1871120 124
1871130 124
1871140 124
1871150 124
1871160 124
1871170 124
1871180 124
1871190 124
1871200 123
1871210 124
1871220 124
1871230 124
1871240 124
1871250 124
1871260 124
1871270 124
1871280 124
1871290 124
1871300 124
1871310 124
1871320 124
1871330 124
1871340 124
1871350 124
1871360 124
1871370 124
1871380 124
1871390 124
1871400 124
1871410 124
1871420 124
1871430 124
1871440 123
1871450 123
1871460 123
1871470 123
1871480 123
1871490 123
1871500 123
1871510 123
1871520 123
1871530 123
1871540 123
1871550 123
1871560 123
1871570 123
1871580 123
1871590 123
1871600 123
1871610 123
1871620 123
1871630 123
1871640 123
1871650 122
1871660 122
1871670 122
1871680 122
1871690 122
1871700 122
1871710 122
1871720 122
1871730 122
1871740 122
1871750 122
1871760 122
1871770 122
1871780 122
1871790 122
1871800 122
1871810 122
1871820 122
1871830 122
1871840 122
1871850 122
1871860 122
1871870 122
1871880 122
1871890 122
1871900 122
1871910 122
1871920 122
1871930 122
1871940 122
1871950 122
1871960 122
1871970 122
1871980 122
1871990 122
1872000 122
1872010 122
1872020 122
1872030 122
1872040 122
1872050 122
1872060 122
1872070 122
1872080 122
1872090 122
1872100 122
1872110 122
1872120 122
1872130 122
1872140 123
1872150 122
1872160 122
1872170 122
1872180 122
1872190 122
1872200 122
1872210 122
1872220 122
1872230 122
1872240 122
1872250 122
1872260 122
1872270 122
1872280 122
1872290 122
1872300 122
1872310 122
1872320 122
1872330 122
1872340 122
1872350 122
1872360 122
1872370 122
1872380 122
1872390 122
1872400 122
1872410 122
1872420 122
1872430 122
1872440 122
1872450 122
1872460 122
1872470 122
1872480 122
1872490 122
1872500 122
1872510 122
1872520 122
1872530 122
1872540 122
1872550 122
1872560 122
1872570 122
1872580 122
1872590 122
1872600 122
1872610 122
1872620 122
1872630 122
1872640 122
1872650 122
1872660 121
1872670 121
1872680 121
1872690 121
1872700 121
1872710 121
1872720 121
1872730 121
1872740 121
1872750 120
1872760 120
1872770 120
1872780 120
1872790 120
1872800 120
1872810 120
1872820 120
1872830 120
1872840 120
1872850 120
1872860 120
1872870 120
1872880 120
1872890 120
1872900 120
1872910 121
1872920 120
1872930 120
1872940 120
1872950 120
1872960 120
1872970 121
1872980 121
1872990 121
1873000 121
1873010 121
1873020 121
1873030 121
1873040 121
1873050 121
1873060 121
1873070 121
1873080 121
1873090 121
1873100 121
1873110 121
1873120 121
1873130 121
1873140 121
1873150 121
1873160 121
1873170 121
1873180 121
1873190 121
1873200 121
1873210 121
1873220 121
1873230 121
1873240 121
1873250 121
1873260 121
1873270 121
1873280 121
1873290 121
1873300 121
1873310 121
1873320 121
1873330 121
1873340 121
1873350 121
1873360 121
1873370 121
1873380 121
1873390 121
1873400 121
1873410 121
1873420 121
1873430 121
1873440 121
1873450 121
1873460 121
1873470 121
1873480 121
1873490 121
1873500 121
1873510 121
1873520 121
1873530 121
1873540 121
1873550 121
1873560 121
1873570 121
1873580 121
1873590 121
1873600 121
1873610 121
1873620 121
1873630 121
1873640 121
1873650 121
1873660 121
1873670 121
1873680 121
1873690 121
1873700 121
1873710 121
1873720 121
1873730 121
1873740 121
1873750 121
1873760 121
1873770 121
1873780 121
1873790 121
1873800 121
1873810 121
1873820 121
1873830 121
1873840 121
1873850 121
1873860 121
1873870 121
1873880 121
1873890 121
1873900 121
1873910 121
1873920 121
1873930 121
1873940 121
1873950 121
1873960 121
1873970 121
1873980 121
1873990 121
1874000 121
1874010 121
1874020 121
1874030 121
1874040 121
1874050 121
1874060 121
1874070 121
1874080 121
1874090 121
1874100 121
1874110 121
1874120 121
1874130 121
1874140 121
1874150 121
1874160 121
1874170 121
1874180 121
1874190 121
1874200 121
1874210 121
1874220 121
1874230 121
1874240 121
1874250 121
1874260 121
1874270 121
1874280 121
1874290 121
1874300 121
1874310 121
1874320 121
1874330 121
1874340 121
1874350 121
1874360 121
1874370 121
1874380 121
1874390 121
1874400 121
1874410 121
1874420 122
1874430 121
1874440 121
1874450 121
1874460 121
1874470 121
1874480 121
1874490 121
1874500 121
1874510 121
1874520 121
1874530 122
1874540 122
1874550 122
1874560 122
1874570 122
1874580 122
1874590 122
1874600 122
1874610 122
1874620 122
1874630 122
1874640 122
1874650 122
1874660 122
1874670 122
1874680 122
1874690 122
1874700 122
1874710 122
1874720 122
1874730 122
1874740 122
1874750 122
1874760 122
1874770 122
1874780 122
1874790 122
1874800 122
1874810 122
1874820 122
1874830 122
1874840 122
1874850 122
1874860 122
1874870 122
1874880 122
1874890 122
1874900 122
1874910 122
1874920 122
1874930 122
1874940 122
1874950 122
1874960 122
1874970 122
1874980 121
1874990 121
1875000 121
1875010 121
1875020 121
1875030 121
1875040 121
1875050 121
1875060 121
1875070 122
1875080 122
1875090 122
1875100 122
1875110 122
1875120 122
1875130 122
1875140 122
1875150 122
1875160 122
1875170 122
1875180 122
1875190 122
1875200 122
1875210 122
1875220 122
1875230 122
1875240 122
1875250 122
1875260 122
1875270 122
1875280 122
1875290 122
1875300 122
1875310 122
1875320 122
1875330 122
1875340 122
1875350 122
1875360 122
1875370 122
1875380 122
1875390 122
1875400 122
1875410 122
1875420 122
1875430 122
1875440 122
1875450 122
1875460 122
1875470 122
1875480 122
1875490 122
1875500 122
1875510 122
1875520 122
1875530 122
1875540 122
1875550 122
1875560 122
1875570 122
1875580 122
1875590 122
1875600 122
1875610 122
1875620 122
1875630 122
1875640 122
1875650 122
1875660 122
1875670 122
1875680 122
1875690 122
1875700 122
1875710 121
1875720 121
1875730 121
1875740 121
1875750 121
1875760 121
1875770 121
1875780 121
1875790 121
1875800 121
1875810 121
1875820 121
1875830 121
1875840 120
1875850 120
1875860 120
1875870 120
1875880 120
1875890 120
1875900 120
1875910 120
1875920 120
1875930 120
1875940 120
1875950 120
1875960 120
1875970 120
1875980 120
1875990 120
1876000 120
1876010 120
1876020 120
1876030 120
1876040 120
1876050 120
1876060 120
1876070 120
1876080 120
1876090 120
1876100 120
1876110 120
1876120 121
1876130 121
1876140 121
1876150 120
1876160 120
1876170 120
1876180 120
1876190 120
1876200 120
1876210 120
1876220 120
1876230 120
1876240 120
1876250 120
1876260 120
1876270 120
1876280 120
1876290 120
1876300 119
1876310 119
1876320 119
1876330 119
1876340 119
1876350 119
1876360 119
1876370 119
1876380 119
1876390 119
1876400 119
1876410 119
1876420 119
1876430 119
1876440 119
1876450 119
1876460 119
1876470 119
1876480 119
1876490 119
1876500 119
1876510 119
1876520 119
1876530 119
1876540 119
1876550 119
1876560 119
1876570 119
1876580 119
1876590 119
1876600 119
1876610 119
1876620 119
1876630 120
1876640 120
1876650 120
1876660 120
1876670 120
1876680 120
1876690 120
1876700 120
1876710 120
1876720 120
1876730 120
1876740 120
1876750 120
1876760 120
1876770 120
1876780 121
1876790 121
1876800 121
1876810 121
1876820 121
1876830 121
1876840 121
1876850 121
1876860 121
1876870 121
1876880 121
1876890 121
1876900 121
1876910 120
1876920 120
1876930 120
1876940 120
1876950 120
1876960 120
1876970 120
1876980 120
1876990 120
1877000 119
1877010 119
1877020 119
1877030 119
1877040 119
1877050 119
1877060 119
1877070 119
1877080 119
1877090 119
1877100 119
1877110 119
1877120 119
1877130 119
1877140 120
1877150 120
1877160 120
1877170 120
1877180 120
1877190 120
1877200 120
1877210 120
1877220 120
1877230 120
1877240 119
1877250 119
1877260 119
1877270 119
1877280 119
1877290 119
1877300 119
1877310 119
1877320 119
1877330 119
1877340 119
1877350 119
1877360 119
1877370 119
1877380 119
1877390 119
1877400 119
1877410 119
1877420 119
1877430 119
1877440 119
1877450 119
1877460 119
1877470 119
1877480 119
1877490 119
1877500 119
1877510 119
1877520 119
1877530 119
1877540 119
1877550 119
1877560 119
1877570 119
1877580 120
1877590 120
1877600 120
1877610 120
1877620 120
1877630 120
1877640 120
1877650 120
1877660 120
1877670 120
1877680 120
1877690 121
1877700 121
1877710 121
1877720 121
1877730 121
1877740 121
1877750 121
1877760 121
1877770 121
1877780 121
1877790 121
1877800 121
1877810 121
1877820 121
1877830 121
1877840 121
1877850 121
1877860 122
1877870 122
1877880 122
1877890 122
1877900 122
1877910 122
1877920 122
1877930 122
1877940 121
1877950 122
1877960 122
1877970 122
1877980 122
1877990 122
1878000 122
1878010 122
1878020 122
1878030 122
1878040 122
1878050 122
1878060 122
1878070 122
1878080 122
1878090 121
1878100 121
1878110 121
1878120 121
1878130 121
1878140 121
1878150 122
1878160 121
1878170 121
1878180 122
1878190 122
1878200 122
1878210 122
1878220 122
1878230 122
1878240 122
1878250 122
1878260 122
1878270 121
1878280 121
1878290 121
1878300 122
1878310 122
1878320 122
1878330 122
1878340 121
1878350 121
1878360 121
1878370 121
1878380 121
1878390 121
1878400 121
1878410 121
1878420 121
1878430 121
1878440 121
1878450 121
1878460 121
1878470 121
1878480 121
1878490 121
1878500 121
1878510 121
1878520 121
1878530 121
1878540 121
1878550 121
1878560 121
1878570 121
1878580 121
1878590 120
1878600 120
1878610 120
1878620 120
1878630 120
1878640 120
1878650 120
1878660 120
1878670 120
1878680 119
1878690 119
1878700 119
1878710 119
1878720 119
1878730 119
1878740 119
1878750 119
1878760 119
1878770 119
1878780 119
1878790 119
1878800 119
1878810 119
1878820 119
1878830 119
1878840 119
1878850 119
1878860 119
1878870 119
1878880 119
1878890 119
1878900 119
1878910 119
1878920 119
1878930 119
1878940 119
1878950 119
1878960 119
1878970 119
1878980 119
1878990 119
1879000 119
1879010 119
1879020 119
1879030 119
1879040 119
1879050 119
1879060 119
1879070 119
1879080 119
1879090 119
1879100 119
1879110 119
1879120 119
1879130 119
1879140 119
1879150 119
1879160 120
1879170 120
1879180 120
1879190 120
1879200 120
1879210 120
1879220 120
1879230 121
1879240 121
1879250 121
1879260 121
1879270 121
1879280 121
1879290 121
1879300 121
1879310 121
1879320 121
1879330 121
1879340 121
1879350 121
1879360 121
1879370 121
1879380 121
1879390 121
1879400 121
1879410 121
1879420 121
1879430 121
1879440 121
1879450 121
1879460 121
1879470 121
1879480 121
1879490 121
1879500 121
1879510 121
1879520 121
1879530 121
1879540 121
1879550 121
1879560 121
1879570 121
1879580 121
1879590 121
1879600 121
1879610 121
1879620 121
1879630 121
1879640 121
1879650 121
1879660 121
1879670 121
1879680 121
1879690 121
1879700 121
1879710 121
1879720 121
1879730 121
1879740 121
1879750 121
1879760 121
1879770 122
1879780 122
1879790 122
1879800 122
1879810 122
1879820 122
1879830 122
1879840 122
1879850 122
1879860 122
1879870 122
1879880 122
1879890 122
1879900 122
1879910 122
1879920 122
1879930 122
1879940 122
1879950 122
1879960 122
1879970 122
1879980 122
1879990 122
