1860000 115
1860010 115
1860020 115
1860030 115
1860040 115
1860050 115
1860060 115
1860070 115
1860080 115
1860090 115
1860100 115
1860110 115
1860120 115
1860130 115
1860140 115
1860150 115
1860160 115
1860170 115
1860180 115
1860190 115
1860200 115
1860210 115
1860220 115
1860230 115
1860240 115
1860250 115
1860260 115
1860270 115
1860280 115
1860290 115
1860300 115
1860310 115
1860320 115
1860330 115
1860340 115
1860350 115
1860360 115
1860370 115
1860380 115
1860390 115
1860400 115
1860410 115
1860420 115
1860430 115
1860440 115
1860450 115
1860460 115
1860470 115
1860480 115
1860490 115
1860500 115
1860510 115
1860520 115
1860530 115
1860540 115
1860550 115
1860560 115
1860570 115
1860580 115
1860590 115
1860600 115
1860610 115
1860620 115
1860630 115
1860640 115
1860650 115
1860660 115
1860670 115
1860680 115
1860690 115
1860700 115
1860710 115
1860720 115
1860730 115
1860740 115
1860750 115
1860760 115
1860770 115
1860780 115
1860790 115
1860800 115
1860810 115
1860820 115
1860830 115
1860840 115
1860850 115
1860860 115
1860870 115
1860880 115
1860890 115
1860900 115
1860910 115
1860920 115
1860930 115
1860940 115
1860950 115
1860960 115
1860970 115
1860980 115
1860990 115
1861000 115
1861010 115
1861020 115
1861030 115
1861040 115
1861050 115
1861060 115
1861070 115
1861080 115
1861090 115
1861100 115
1861110 115
1861120 115
1861130 115
1861140 115
1861150 115
1861160 115
1861170 115
1861180 115
1861190 115
1861200 115
1861210 115
1861220 115
1861230 115
1861440 115
1861450 115
1861460 115
1861470 115
1861480 115
1861490 115
1861500 115
1861510 115
1861520 115
1861530 115
1861540 115
1861550 115
1861560 115
1861570 115
1861580 115
1861590 115
1861600 115
1861610 115
1861620 115
1861630 115
1861640 115
1861650 115
1861660 115
1861670 115
1861680 115
1861690 115
1861700 115
1861710 115
1861720 115
1861730 115
1861880 115
1861890 115
1861900 115
1861910 115
1861920 115
1861930 115
1861940 115
1861950 115
1861960 115
1861970 115
1861980 115
1861990 115
1862000 115
1862010 115
1862020 115
1862030 115
1862040 115
1862050 115
1862060 115
1862070 115
1862080 115
1862090 115
1862100 115
1862110 115
1862120 115
1862130 115
1862140 115
1862150 115
1862160 115
1862170 115
1862180 115
1862190 115
1862200 115
1862210 115
1862220 115
1862230 115
1862240 115
1862250 115
1862260 115
1862270 115
1862280 115
1862290 115
1862300 115
1862310 115
1862320 115
1862330 115
1862340 115
1862350 115
1862360 115
1862370 115
1862380 115
1862390 115
1862400 115
1862410 115
1862420 115
1862430 115
1862440 115
1862450 115
1862460 115
1862470 115
1862480 115
1862490 115
1862500 115
1862510 115
1862520 115
1862530 115
1862540 115
1862550 115
1862560 115
1862570 115
1862580 115
1862590 115
1862600 115
1862610 115
1862620 115
1862630 115
1862640 115
1862650 115
1862660 115
1862670 115
1862680 115
1862690 115
1862700 115
1862710 115
1862720 115
1862730 115
1862740 115
1862750 115
1862760 115
1862770 115
1862780 115
1862790 115
1862800 115
1862810 115
1862820 115
1862830 115
1862840 115
1862850 115
1862860 115
1862870 115
1862880 115
1862890 115
1862900 115
1862910 115
1862920 115
1862930 115
1862940 115
1862950 115
1862960 115
1862970 115
1862980 115
1862990 115
1863000 115
1863010 115
1863020 115
1863030 115
1863040 115
1863050 115
1863060 115
1863070 115
1863080 115
1863090 115
1863100 115
1863110 115
1863120 115
1863130 115
1863140 115
1863150 115
1863160 115
1863170 115
1863180 115
1863190 115
1863200 115
1863210 115
1863220 115
1863230 115
1863240 115
1863250 115
1863260 115
1863270 115
1863280 115
1863290 115
1863300 115
1863310 115
1863320 115
1863330 115
1863340 115
1863350 115
1863360 115
1863370 115
1863380 115
1863390 115
1863400 115
1863410 115
1863420 115
1863430 115
1863440 115
1863450 115
1863460 115
1863470 115
1863480 115
1863490 115
1863500 115
1863510 115
1863520 115
1863530 115
1863540 115
1863550 115
1863560 115
1863570 115
1863580 115
1863590 115
1863600 115
1863610 115
1863620 115
1863630 115
1863640 115
1863650 115
1863660 115
1863670 115
1863680 115
1863690 115
1863700 115
1863710 115
1863720 115
1863730 115
1863740 115
1863750 115
1863760 115
1863770 115
1863780 115
1863790 115
1863800 115
1863810 115
1863820 115
1863830 115
1863840 115
1863850 115
1863860 115
1863870 115
1863880 115
1863890 115
1863900 115
1863910 115
1863920 115
1863930 115
1863940 115
1863950 115
1863960 115
1863970 115
1863980 115
1863990 115
1864000 115
1864010 115
1864020 115
1864030 115
1864040 115
1864050 115
1864060 115
1864070 115
1864080 115
1864090 115
1864100 115
1864110 115
1864120 115
1864130 115
1864140 115
1864150 115
1864160 115
1864170 115
1864180 115
1864190 115
1864200 115
1864210 115
1864220 115
1864230 115
1864240 115
1864250 115
1864260 115
1864270 115
1864280 115
1864290 115
1864300 115
1864310 115
1864320 115
1864330 115
1864340 115
1864350 115
1864360 115
1864370 115
1864380 115
1864390 115
1864400 115
1864410 115
1864420 115
1864430 115
1864440 115
1864450 115
1864460 115
1864470 115
1864480 115
1864490 115
1864500 115
1864510 115
1864520 115
1864530 115
1864540 115
1864550 115
1864560 115
1864570 115
1864580 115
1864590 115
1864600 115
1864610 115
1864620 115
1864630 115
1864640 115
1864650 115
1864660 115
1864670 115
1864680 115
1864690 115
1864700 115
1864710 115
1864720 115
1864730 115
1864740 115
1864750 115
1864760 115
1864770 115
1864780 115
1864790 115
1864800 115
1864810 115
1864820 115
1864830 115
1864840 115
1864850 115
1864860 115
1864870 115
1864880 115
1864890 115
1864900 115
1864910 115
1864920 115
1864930 115
1864940 115
1864950 115
1864960 115
1864970 115
1864980 115
1864990 115
1865000 115
1865010 115
1865020 115
1865030 115
1865040 115
1865050 115
1865060 115
1865070 115
1865080 115
1865090 115
1865100 115
1865110 115
1865120 115
1865130 115
1865140 115
1865150 115
1865160 115
1865170 115
1865180 115
1865190 115
1865200 115
1865210 115
1865220 115
1865230 115
1865240 115
1865250 115
1865260 115
1865270 115
1865280 115
1865290 115
1865300 115
1865310 115
1865320 115
1865330 115
1865340 115
1865350 115
1865360 115
1865370 115
1865380 115
1865390 115
1865400 115
1865410 115
1865420 115
1865430 115
1865440 115
1865450 115
1865460 115
1865470 115
1865480 115
1865490 115
1865500 115
1865510 115
1865520 115
1865530 115
1865540 115
1865550 115
1865560 115
1865570 115
1865580 115
1865590 115
1865600 115
1865610 115
1865620 115
1865630 115
1865640 115
1865650 115
1865660 115
1865670 115
1865680 115
1865690 115
1865700 115
1865710 115
1865720 115
1865730 115
1865740 115
1865750 115
1865760 115
1865770 115
1865780 115
1865790 115
1865800 115
1865810 115
1865820 115
1865830 115
1865840 115
1865850 115
1865860 115
1865870 115
1865880 115
1865890 115
1865900 115
1865910 115
1865920 115
1865930 115
1865940 115
1865950 115
1865960 115
1865970 115
1865980 115
1865990 115
1866000 115
1866010 115
1866020 115
1866030 115
1866040 115
1866050 115
1866060 115
1866070 115
1866080 115
1866090 115
1866100 115
1866110 115
1866120 115
1866130 115
1866140 115
1866150 115
1866160 115
1866170 115
1866180 115
1866190 115
1866200 115
1866210 115
1866220 115
1866230 115
1866240 115
1866250 115
1866260 115
1866270 115
1866280 115
1866290 115
1866300 115
1866310 115
1866320 115
1866330 115
1866340 115
1866350 115
1866360 115
1866370 115
1866380 115
1866390 115
1866400 115
1866410 115
1866420 115
1866430 115
1866440 115
1866450 115
1866460 115
1866470 115
1866480 115
1866490 115
1866500 115
1866510 115
1866520 115
1866530 115
1866540 115
1866550 115
1866560 115
1866570 115
1866580 115
1866590 115
1866600 115
1866610 115
1866620 115
1866630 115
1866640 115
1866650 115
1866660 115
1866670 115
1866680 115
1866690 115
1866700 115
1866710 115
1866720 115
1866730 115
1866740 115
1866750 115
1866760 115
1866770 115
1866780 115
1866790 115
1866800 115
1866810 115
1866820 115
1866830 115
1866840 115
1866850 115
1866860 115
1866870 115
1866880 115
1866890 115
1866900 115
1866910 115
1866920 115
1866930 115
1866940 115
1866950 115
1866960 115
1866970 115
1866980 115
1866990 115
1867000 115
1867010 115
1867020 115
1867030 115
1867040 115
1867050 115
1867060 115
1867070 115
1867080 115
1867090 115
1867100 115
1867110 115
1867120 115
1867130 115
1867140 115
1867150 115
1867160 115
1867170 115
1867180 115
1867190 115
1867200 115
1867210 115
1867220 115
1867230 115
1867240 115
1867250 115
1867260 115
1867270 115
1867280 115
1867290 115
1867300 115
1867310 115
1867320 115
1867330 115
1867340 115
1867350 115
1867360 115
1867370 115
1867380 115
1867390 115
1867400 115
1867410 115
1867420 115
1867430 115
1867440 115
1867450 115
1867460 115
1867470 115
1867480 115
1867490 115
1867500 115
1867510 115
1867520 115
1867530 115
1867540 115
1867550 115
1867560 115
1867570 115
1867580 115
1867590 115
1867600 115
1867610 115
1867620 115
1867630 115
1867640 115
1867650 115
1867660 115
1867670 115
1867680 115
1867690 115
1867700 115
1867710 115
1867720 115
1867730 116
1867740 116
1867750 116
1867760 116
1867770 116
1867780 116
1867790 116
1867800 116
1867810 116
1867820 116
1867830 116
1867840 116
1867850 116
1867860 116
1867870 116
1867880 116
1867890 116
1867900 116
1867910 117
1867920 117
1867930 117
1867940 117
1867950 117
1867960 117
1867970 117
1867980 117
1867990 117
1868000 117
1868010 117
1868020 117
1868030 117
1868040 117
1868050 117
1868060 117
1868070 117
1868080 117
1868090 117
1868100 117
1868110 117
1868120 117
1868130 117
1868140 117
1868150 117
1868160 118
1868170 118
1868180 118
1868190 118
1868200 118
1868210 118
1868220 118
1868230 118
1868240 118
1868250 118
1868260 118
1868270 118
1868280 118
1868290 118
1868300 118
1868310 118
1868320 118
1868330 118
1868340 118
1868350 118
1868360 118
1868370 118
1868380 118
1868390 118
1868400 118
1868410 118
1868420 118
1868430 118
1868440 118
1868450 117
1868460 117
1868470 117
1868480 117
1868490 117
1868500 117
1868510 117
1868520 117
1868530 117
1868540 117
1868550 117
1868560 117
1868570 117
1868580 117
1868590 117
1868600 117
1868610 117
1868620 117
1868630 117
1868640 117
1868650 117
1868660 117
1868670 117
1868680 117
1868690 117
1868700 117
1868710 117
1868720 117
1868730 117
1868740 117
1868750 117
1868760 117
1868770 117
1868780 117
1868790 117
1868800 117
1868810 117
1868820 117
1868830 117
1868840 117
1868850 117
1868860 117
1868870 117
1868880 117
1868890 117
1868900 117
1868910 117
1868920 117
1868930 117
1868940 117
1868950 117
1868960 117
1868970 117
1868980 117
1868990 117
1869000 117
1869010 117
1869020 117
1869030 117
1869040 117
1869050 117
1869060 117
1869070 117
1869080 117
1869090 117
1869100 117
1869110 117
1869120 117
1869130 117
1869140 117
1869150 117
1869160 117
1869170 117
1869180 117
1869190 117
1869200 117
1869210 117
1869220 117
1869230 117
1869240 117
1869250 117
1869260 117
1869270 117
1869280 117
1869290 117
1869300 117
1869310 117
1869320 117
1869330 117
1869340 117
1869350 117
1869360 117
1869370 117
1869380 117
1869390 117
1869400 117
1869410 117
1869420 117
1869430 117
1869440 117
1869450 117
1869460 117
1869470 117
1869480 117
1869490 117
1869500 117
1869510 117
1869520 117
1869530 117
1869540 117
1869550 117
1869560 117
1869570 117
1869580 117
1869590 117
1869600 117
1869610 117
1869620 117
1869630 117
1869640 117
1869650 117
1869660 117
1869670 117
1869680 117
1869690 117
1869700 117
1869710 117
1869720 117
1869730 117
1869740 117
1869750 117
1869760 117
1869770 117
1869780 117
1869790 117
1869800 117
1869810 117
1869820 117
1869830 117
1869840 117
1869850 117
1869860 117
1869870 117
1869880 117
1869890 117
1869900 117
1869910 117
1869920 118
1869930 118
1869940 118
1869950 118
1869960 118
1869970 118
1869980 118
1869990 118
1870000 118
1870010 118
1870020 119
1870030 119
1870040 119
1870050 119
1870060 119
1870070 119
1870080 119
1870090 119
1870100 119
1870110 120
1870120 120
1870130 120
1870140 120
1870150 120
1870160 121
1870170 121
1870180 121
1870190 121
1870200 121
1870210 121
1870220 121
1870230 121
1870240 121
1870250 121
1870260 121
1870270 121
1870280 121
1870290 121
1870300 121
1870310 122
1870320 122
1870330 122
1870340 122
1870350 122
1870360 122
1870370 123
1870380 123
1870390 123
1870400 123
1870410 123
1870420 123
1870430 123
1870440 123
1870450 123
1870460 123
1870470 123
1870480 123
1870490 123
1870500 123
1870510 123
1870520 123
1870530 123
1870540 123
1870550 123
1870560 124
1870570 124
1870580 124
1870590 123
1870600 123
1870610 123
1870620 123
1870630 123
1870640 123
1870650 123
1870660 123
1870670 123
1870680 123
1870690 123
1870700 123
1870710 124
1870720 124
1870730 124
1870740 124
1870750 124
1870760 124
1870770 124
1870780 124
1870790 124
1870800 124
1870810 124
1870820 124
1870830 124
1870840 124
1870850 124
1870860 125
1870870 125
1870880 125
1870890 125
1870900 125
1870910 125
1870920 124
1870930 124
1870940 124
1870950 124
1870960 124
1870970 124
1870980 124
1870990 124
1871000 123
1871010 123
1871020 123
1871030 123
1871040 123
1871050 123
1871060 123
1871070 123
1871080 124
1871090 124
1871100 124
1871110 124
1871120 124
1871130 124
1871140 124
1871150 124
1871160 124
1871170 124
1871180 124
1871190 124
1871200 123
1871210 123
1871220 123
1871230 123
1871240 123
1871250 123
1871260 123
1871270 123
1871280 123
1871290 123
1871300 123
1871310 123
1871320 123
1871330 123
1871340 123
1871350 123
1871360 123
1871370 123
1871380 123
1871390 123
1871400 123
1871410 123
1871420 123
1871430 123
1871440 123
1871450 123
1871460 123
1871470 123
1871480 123
1871490 123
1871500 123
1871510 123
1871520 123
1871530 123
1871540 123
1871550 123
1871560 123
1871570 123
1871580 123
1871590 123
1871600 123
1871610 123
1871620 123
1871630 123
1871640 123
1871650 123
1871660 123
1871670 123
1871680 123
1871690 123
1871700 123
1871710 123
1871720 123
1871730 124
1871740 124
1871750 124
1871760 124
1871770 124
1871780 124
1871790 124
1871800 124
1871810 124
1871820 124
1871830 124
1871840 124
1871850 124
1871860 124
1871870 124
1871880 124
1871890 124
1871900 124
1871910 124
1871920 124
1871930 124
1871940 124
1871950 124
1871960 124
1871970 124
1871980 124
1871990 124
1872000 124
1872010 124
1872020 124
1872030 124
1872040 124
1872050 124
1872060 124
1872070 124
1872080 124
1872090 124
1872100 124
1872110 124
1872120 124
1872130 124
1872140 124
1872150 124
1872160 124
1872170 124
1872180 124
1872190 124
1872200 124
1872210 124
1872220 124
1872230 124
1872240 124
1872250 124
1872260 124
1872270 124
1872280 124
1872290 124
1872300 124
1872310 124
1872320 124
1872330 124
1872340 123
1872350 123
1872360 123
1872370 123
1872380 123
1872390 123
1872400 122
1872410 122
1872420 122
1872430 122
1872440 122
1872450 122
1872460 122
1872470 122
1872480 122
1872490 122
1872500 122
1872510 122
1872520 122
1872530 122
1872540 122
1872550 122
1872560 122
1872570 122
1872580 122
1872590 122
1872600 122
1872610 121
1872620 121
1872630 121
1872640 121
1872650 121
1872660 121
1872670 121
1872680 121
1872690 121
1872700 121
1872710 121
1872720 121
1872730 121
1872740 121
1872750 121
1872760 121
1872770 121
1872780 121
1872790 121
1872800 121
1872810 121
1872820 121
1872830 121
1872840 121
1872850 122
1872860 122
1872870 122
1872880 122
1872890 122
1872900 122
1872910 122
1872920 122
1872930 122
1872940 122
1872950 122
1872960 122
1872970 121
1872980 121
1872990 121
1873000 121
1873010 121
1873020 121
1873030 121
1873040 121
1873050 121
1873060 121
1873070 121
1873080 121
1873090 121
1873100 121
1873110 121
1873120 121
1873130 121
1873140 121
1873150 121
1873160 121
1873170 121
1873180 121
1873190 122
1873200 122
1873210 122
1873220 121
1873230 121
1873240 121
1873250 121
1873260 121
1873270 121
1873280 121
1873290 121
1873300 121
1873310 121
1873320 121
1873330 121
1873340 121
1873350 121
1873360 121
1873370 121
1873380 121
1873390 121
1873400 121
1873410 121
1873420 121
1873430 121
1873440 121
1873450 121
1873460 121
1873470 121
1873480 121
1873490 121
1873500 121
1873510 121
1873520 121
1873530 121
1873540 121
1873550 121
1873560 121
1873570 121
1873580 121
1873590 121
1873600 121
1873610 121
1873620 121
1873630 121
1873640 121
1873650 121
1873660 121
1873670 121
1873680 121
1873690 121
1873700 121
1873710 121
1873720 121
1873730 121
1873740 121
1873750 121
1873760 121
1873770 121
1873780 121
1873790 121
1873800 121
1873810 121
1873820 121
1873830 121
1873840 121
1873850 121
1873860 121
1873870 121
1873880 121
1873890 121
1873900 121
1873910 121
1873920 121
1873930 121
1873940 121
1873950 121
1873960 121
1873970 122
1873980 121
1873990 121
1874000 121
1874010 121
1874020 121
1874030 121
1874040 121
1874050 121
1874060 121
1874070 121
1874080 121
1874090 121
1874100 121
1874110 120
1874120 120
1874130 120
1874140 120
1874150 120
1874160 120
1874170 120
1874180 120
1874190 120
1874200 121
1874210 121
1874220 121
1874230 121
1874240 121
1874250 121
1874260 121
1874270 121
1874280 121
1874290 121
1874300 121
1874310 122
1874320 122
1874330 122
1874340 122
1874350 122
1874360 122
1874370 122
1874380 122
1874390 122
1874400 122
1874410 122
1874420 122
1874430 122
1874440 122
1874450 122
1874460 122
1874470 122
1874480 122
1874490 122
1874500 122
1874510 122
1874520 122
1874530 122
1874540 122
1874550 122
1874560 122
1874570 122
1874580 122
1874590 122
1874600 122
1874610 122
1874620 122
1874630 122
1874640 122
1874650 122
1874660 122
1874670 122
1874680 122
1874690 122
1874700 122
1874710 122
1874720 122
1874730 122
1874740 122
1874750 123
1874760 123
1874770 122
1874780 122
1874790 122
1874800 122
1874810 122
1874820 122
1874830 122
1874840 122
1874850 122
1874860 122
1874870 122
1874880 122
1874890 122
1874900 122
1874910 122
1874920 122
1874930 122
1874940 122
1874950 122
1874960 122
1874970 122
1874980 122
1874990 122
1875000 122
1875010 122
1875020 122
1875030 122
1875040 122
1875050 122
1875060 122
1875070 122
1875080 122
1875090 122
1875100 122
1875110 122
1875120 122
1875130 122
1875140 122
1875150 122
1875160 122
1875170 122
1875180 122
1875190 122
1875200 122
1875210 122
1875220 122
1875230 122
1875240 122
1875250 122
1875260 122
1875270 122
1875280 122
1875290 122
1875300 122
1875310 122
1875320 122
1875330 122
1875340 122
1875350 122
1875360 121
1875370 121
1875380 121
1875390 121
1875400 121
1875410 121
1875420 121
1875430 121
1875440 121
1875450 121
1875460 121
1875470 121
1875480 121
1875490 121
1875500 121
1875510 121
1875520 121
1875530 121
1875540 121
1875550 121
1875560 121
1875570 121
1875580 121
1875590 120
1875600 120
1875610 120
1875620 120
1875630 120
1875640 120
1875650 120
1875660 120
1875670 120
1875680 120
1875690 120
1875700 120
1875710 120
1875720 120
1875730 120
1875740 120
1875750 120
1875760 120
1875770 120
1875780 120
1875790 120
1875800 120
1875810 120
1875820 120
1875830 120
1875840 120
1875850 120
1875860 120
1875870 121
1875880 121
1875890 121
1875900 121
1875910 121
1875920 121
1875930 121
1875940 121
1875950 121
1875960 121
1875970 121
1875980 121
1875990 121
1876000 121
1876010 121
1876020 121
1876030 121
1876040 121
1876050 121
1876060 121
1876070 121
1876080 121
1876090 121
1876100 121
1876110 121
1876120 121
1876130 121
1876140 121
1876150 121
1876160 121
1876170 121
1876180 121
1876190 121
1876200 121
1876210 121
1876220 121
1876230 121
1876240 121
1876250 121
1876260 121
1876270 122
1876280 122
1876290 122
1876300 122
1876310 122
1876320 122
1876330 122
1876340 122
1876350 122
1876360 122
1876370 122
1876380 122
1876390 122
1876400 122
1876410 122
1876420 122
1876430 122
1876440 122
1876450 122
1876460 122
1876470 122
1876480 122
1876490 122
1876500 122
1876510 122
1876520 122
1876530 122
1876540 122
1876550 122
1876560 122
1876570 122
1876580 122
1876590 122
1876600 122
1876610 122
1876620 122
1876630 122
1876640 122
1876650 122
1876660 122
1876670 122
1876680 122
1876690 122
1876700 122
1876710 122
1876720 122
1876730 122
1876740 122
1876750 122
1876760 122
1876770 122
1876780 122
1876790 122
1876800 122
1876810 122
1876820 122
1876830 122
1876840 122
1876850 121
1876860 121
1876870 121
1876880 121
1876890 121
1876900 121
1876910 121
1876920 121
1876930 120
1876940 120
1876950 120
1876960 120
1876970 120
1876980 120
1876990 120
1877000 120
1877010 120
1877020 120
1877030 120
1877040 120
1877050 120
1877060 120
1877070 120
1877080 120
1877090 121
1877100 121
1877110 121
1877120 121
1877130 121
1877140 121
1877150 121
1877160 121
1877170 121
1877180 120
1877190 120
1877200 120
1877210 120
1877220 120
1877230 120
1877240 120
1877250 121
1877260 121
1877270 121
1877280 121
1877290 121
1877300 121
1877310 121
1877320 121
1877330 121
1877340 121
1877350 121
1877360 121
1877370 121
1877380 121
1877390 121
1877400 121
1877410 121
1877420 121
1877430 121
1877440 121
1877450 121
1877460 121
1877470 121
1877480 121
1877490 121
1877500 121
1877510 121
1877520 121
1877530 121
1877540 120
1877550 120
1877560 120
1877570 120
1877580 120
1877590 120
1877600 120
1877610 120
1877620 120
1877630 120
1877640 120
1877650 120
1877660 120
1877670 119
1877680 119
1877690 119
1877700 119
1877710 119
1877720 119
1877730 119
1877740 119
1877750 119
1877760 119
1877770 119
1877780 119
1877790 119
1877800 119
1877810 119
1877820 119
1877830 119
1877840 119
1877850 119
1877860 119
1877870 119
1877880 119
1877890 119
1877900 119
1877910 119
1877920 119
1877930 119
1877940 119
1877950 119
1877960 119
1877970 119
1877980 119
1877990 119
1878000 119
1878010 119
1878020 119
1878030 119
1878040 119
1878050 119
1878060 119
1878070 119
1878080 119
1878090 119
1878100 119
1878110 119
1878120 119
1878130 119
1878140 119
1878150 119
1878160 119
1878170 119
1878180 119
1878190 119
1878200 119
1878210 119
1878220 119
1878230 119
1878240 119
1878250 119
1878260 119
1878270 119
1878280 119
1878290 119
1878300 119
1878310 119
1878320 119
1878330 119
1878340 119
1878350 119
1878360 119
1878370 119
1878380 119
1878390 119
1878400 119
1878410 119
1878420 119
1878430 119
1878440 119
1878450 119
1878460 119
1878470 119
1878480 119
1878490 120
1878500 120
1878510 120
1878520 120
1878530 120
1878540 120
1878550 120
1878560 120
1878570 120
1878580 120
1878590 121
1878600 121
1878610 121
1878620 121
1878630 121
1878640 122
1878650 122
1878660 122
1878670 121
1878680 121
1878690 121
1878700 122
1878710 122
1878720 122
1878730 122
1878740 122
1878750 122
1878760 122
1878770 122
1878780 122
1878790 122
1878800 122
1878810 122
1878820 122
1878830 122
1878840 122
1878850 122
1878860 122
1878870 122
1878880 122
1878890 122
1878900 122
1878910 122
1878920 122
1878930 122
1878940 122
1878950 122
1878960 122
1878970 122
1878980 122
1878990 122
1879000 122
1879010 122
1879020 122
1879030 122
1879040 122
1879050 122
1879060 122
1879070 122
1879080 122
1879090 122
1879100 122
1879110 122
1879120 122
1879130 122
1879140 122
1879150 122
1879160 122
1879170 122
1879180 122
1879190 122
1879200 122
1879210 122
1879220 122
1879230 122
1879240 122
1879250 122
1879260 122
1879270 122
1879280 122
1879290 122
1879300 122
1879310 122
1879320 122
1879330 122
1879340 122
1879350 122
1879360 122
1879370 122
1879380 122
1879390 122
1879400 122
1879410 122
1879420 122
1879430 122
1879440 122
1879450 122
1879460 122
1879470 122
1879480 122
1879490 122
1879500 122
1879510 122
1879520 123
1879530 123
1879540 123
1879550 123
1879560 122
1879570 122
1879580 122
1879590 122
1879600 122
1879610 122
1879620 122
1879630 122
1879640 122
1879650 122
1879660 122
1879670 122
1879680 122
1879690 122
1879700 122
1879710 122
1879720 122
1879730 122
1879740 122
1879750 122
1879760 122
1879770 122
1879780 122
1879790 122
1879800 122
1879810 122
1879820 122
1879830 122
1879840 122
1879850 122
1879860 122
1879870 122
1879880 122
1879890 122
1879900 122
1879910 122
1879920 122
1879930 122
1879940 122
1879950 122
1879960 122
1879970 122
1879980 122
1879990 122
