1860000 211
1860010 210
1860020 209
1860030 209
1860040 208
1860050 207
1860060 207
1860070 208
1860080 208
1860090 208
1860100 207
1860110 206
1860120 206
1860130 205
1860140 205
1860150 205
1860160 205
1860170 205
1860180 205
1860190 205
1860200 205
1860210 205
1860220 205
1860230 205
1860240 205
1860250 204
1860260 204
1860270 204
1860280 203
1860290 202
1860300 202
1860310 201
1860320 199
1860330 199
1860340 198
1860350 197
1860360 197
1860370 198
1860380 199
1860390 199
1860400 200
1860410 200
1860420 200
1860430 199
1860440 199
1860450 199
1860460 199
1860470 199
1860480 199
1860490 198
1860500 197
1860510 197
1860520 197
1860530 196
1860540 196
1860550 196
1860560 194
1860570 194
1860580 187
1860590 186
1860600 186
1860610 185
1860620 185
1860630 185
1860640 185
1860650 185
1860660 185
1860670 187
1860680 187
1860690 187
1860700 186
1860710 186
1860720 186
1860730 186
1860740 188
1860750 188
1860760 189
1860770 189
1860780 189
1860790 189
1860800 188
1860810 188
1860820 188
1860830 187
1860840 187
1860850 187
1860860 186
1860870 186
1860880 186
1860890 185
1860900 185
1860910 185
1860920 184
1860930 184
1860940 184
1860950 184
1860960 183
1860970 183
1860980 180
1860990 176
1861000 176
1861010 175
1861020 173
1861030 173
1861040 172
1861050 175
1861060 175
1861070 179
1861080 182
1861090 182
1861100 184
1861110 184
1861120 184
1861130 183
1861140 182
1861150 182
1861160 181
1861170 181
1861180 181
1861190 181
1861200 181
1861210 181
1861220 181
1861230 182
1861240 182
1861250 182
1861260 182
1861270 182
1861280 181
1861290 181
1861300 181
1861310 181
1861320 180
1861330 180
1861340 180
1861350 180
1861360 180
1861370 180
1861380 179
1861390 179
1861400 179
1861410 179
1861420 179
1861430 179
1861440 179
1861450 179
1861460 179
1861470 178
1861480 178
1861490 178
1861500 177
1861510 177
1861520 177
1861530 177
1861540 177
1861550 177
1861560 176
1861570 176
1861580 176
1861590 176
1861600 176
1861610 176
1861620 176
1861630 176
1861640 175
1861650 174
1861660 174
1861670 174
1861680 173
1861690 173
1861700 173
1861710 172
1861720 172
1861730 171
1861740 170
1861750 170
1861760 170
1861770 170
1861780 170
1861790 170
1861800 170
1861810 171
1861820 171
1861830 172
1861840 172
1861850 172
1861860 172
1861870 171
1861880 171
1861890 170
1861900 170
1861910 170
1861920 171
1861930 171
1861940 171
1861950 171
1861960 170
1861970 170
1861980 168
1861990 168
1862000 168
1862070 168
1862080 168
1862090 168
1862100 168
1862110 167
1862120 167
1862130 167
1862140 167
1862150 167
1862160 167
1862170 167
1862180 167
1862190 166
1862200 166
1862210 166
1862220 166
1862230 165
1862240 165
1862250 165
1862260 164
1862270 164
1862280 164
1862290 164
1862300 164
1862310 163
1862320 163
1862330 163
1862340 162
1862350 162
1862360 162
1862370 162
1862380 161
1862390 161
1862400 161
1862410 161
1862420 161
1862430 160
1862440 160
1862450 160
1862460 159
1862470 159
1862480 159
1862490 158
1862500 158
1862510 158
1862520 158
1862530 157
1862540 157
1862550 157
1862560 156
1862570 156
1862580 155
1862590 155
1862600 155
1862610 154
1862620 154
1862630 154
1862640 153
1862650 153
1862660 153
1862670 152
1862680 152
1862690 152
1862700 151
1862710 151
1862720 151
1862730 151
1862740 150
1862750 150
1862760 150
1862770 149
1862780 149
1862790 149
1862800 148
1862810 148
1862820 148
1862830 147
1862840 147
1862850 147
1862860 146
1862870 145
1862880 145
1862890 145
1862900 144
1862910 144
1862920 144
1862930 143
1862940 143
1862950 143
1862960 142
1862970 142
1862980 141
1862990 141
1863000 141
1863010 140
1863020 140
1863030 140
1863040 139
1863050 138
1863060 138
1863070 138
1863080 137
1863090 137
1863100 137
1863110 136
1863120 136
1863130 136
1863140 136
1863150 136
1863160 135
1863170 134
1863180 134
1863190 133
1863200 132
1863210 132
1863220 132
1863230 131
1863240 131
1863250 131
1863260 130
1863270 130
1863280 130
1863290 129
1863300 129
1863310 129
1863320 129
1863330 129
1863340 128
1863350 128
1863360 128
1863370 128
1863380 127
1863390 127
1863400 127
1863410 127
1863420 127
1863430 127
1863440 126
1863450 126
1863460 126
1863470 126
1863480 126
1863490 126
1863500 125
1863510 125
1863520 125
1863530 125
1863540 125
1863550 125
1863560 125
1863570 125
1863580 125
1863590 125
1863600 125
1863610 124
1863620 124
1863630 124
1863640 124
1863650 124
1863660 124
1863670 124
1863680 124
1863690 124
1863700 124
1863710 124
1863720 123
1863730 123
1863740 123
1863750 123
1863760 123
1863770 123
1863780 123
1863790 123
1863800 123
1863810 122
1863820 122
1863830 122
1863840 122
1863850 122
1863860 122
1863870 122
1863880 122
1863890 122
1863900 122
1863910 122
1863920 121
1863930 121
1863940 121
1863950 121
1863960 121
1863970 121
1863980 121
1863990 120
1864000 120
1864010 120
1864020 121
1864030 121
1864040 121
1864050 120
1864060 120
1864070 120
1864080 120
1864090 120
1864100 120
1864110 120
1864120 120
1864130 120
1864140 120
1864150 120
1864160 120
1864170 119
1864180 119
1864190 119
1864200 119
1864210 119
1864220 119
1864230 119
1864240 119
1864250 119
1864260 119
1864270 119
1864280 119
1864290 119
1864300 119
1864310 119
1864320 119
1864330 119
1864340 119
1864350 119
1864360 119
1864370 119
1864380 119
1864390 119
1864400 118
1864410 118
1864420 118
1864430 118
1864440 118
1864450 118
1864460 118
1864470 118
1864480 118
1864490 118
1864500 118
1864510 118
1864520 118
1864530 118
1864540 118
1864550 118
1864560 118
1864570 118
1864580 118
1864590 118
1864600 117
1864610 117
1864620 117
1864630 117
1864640 117
1864650 117
1864660 117
1864670 117
1864680 117
1864690 117
1864700 117
1864710 117
1864720 117
1864730 117
1864740 118
1864750 118
1864760 118
1864770 118
1864780 117
1864790 117
1864800 117
1864810 117
1864820 117
1864830 117
1864840 117
1864850 117
1864860 117
1864870 117
1864880 117
1864890 117
1864900 117
1864910 117
1864920 117
1864930 117
1864940 117
1864950 117
1864960 117
1864970 117
1864980 117
1864990 117
1865000 117
1865010 117
1865020 117
1865030 117
1865040 117
1865050 116
1865060 116
1865070 116
1865080 116
1865090 116
1865100 116
1865110 116
1865120 116
1865130 116
1865140 116
1865150 116
1865160 116
1865170 116
1865180 116
1865190 116
1865200 116
1865210 116
1865220 116
1865230 116
1865240 116
1865250 116
1865260 116
1865270 116
1865280 116
1865290 116
1865300 116
1865310 116
1865320 116
1865330 116
1865340 116
1865350 116
1865360 116
1865370 116
1865380 116
1865390 116
1865400 116
1865410 116
1865420 116
1865430 116
1865440 116
1865450 116
1865460 116
1865470 116
1865480 116
1865490 116
1865500 116
1865510 116
1865520 116
1865530 116
1865540 116
1865550 116
1865560 116
1865570 116
1865580 116
1865590 116
1865600 116
1865610 116
1865620 116
1865630 116
1865640 116
1865650 116
1865660 116
1865670 116
1865680 116
1865690 116
1865700 116
1865710 116
1865720 116
1865730 116
1865740 116
1865750 116
1865760 116
1865770 116
1865780 116
1865790 116
1865800 116
1865810 116
1865820 116
1865830 116
1865840 116
1865850 116
1865860 116
1865870 116
1865880 116
1865890 116
1865900 116
1865910 116
1865920 116
1865930 116
1865940 116
1865950 116
1865960 116
1865970 116
1865980 116
1865990 116
1866000 116
1866010 116
1866020 116
1866030 116
1866040 116
1866050 116
1866060 116
1866070 116
1866080 117
1866090 117
1866100 116
1866110 116
1866120 116
1866130 116
1866140 116
1866150 116
1866160 116
1866170 116
1866180 116
1866190 116
1866200 116
1866210 116
1866220 116
1866230 116
1866240 116
1866250 116
1866260 116
1866270 116
1866280 116
1866290 116
1866300 116
1866310 116
1866320 116
1866330 116
1866340 116
1866350 116
1866360 116
1866370 116
1866380 116
1866390 116
1866400 116
1866410 116
1866420 116
1866430 116
1866440 116
1866450 116
1866460 116
1866470 116
1866480 116
1866490 116
1866500 116
1866510 116
1866520 116
1866530 116
1866540 116
1866550 116
1866560 116
1866570 116
1866580 116
1866590 116
1866600 116
1866610 116
1866620 116
1866630 116
1866640 116
1866650 116
1866660 116
1866670 116
1866680 116
1866690 116
1866700 116
1866710 116
1866720 116
1866730 116
1866740 116
1866750 116
1866760 116
1866770 116
1866780 116
1866790 116
1866800 116
1866810 116
1866820 116
1866830 116
1866840 116
1866850 116
1866860 116
1866870 116
1866880 116
1866890 116
1866900 116
1866910 116
1866920 116
1866930 116
1866940 116
1866950 116
1866960 116
1866970 116
1866980 116
1866990 116
1867000 116
1867010 116
1867020 116
1867030 116
1867040 116
1867050 116
1867060 116
1867070 116
1867080 116
1867090 116
1867100 116
1867110 116
1867120 116
1867130 116
1867140 116
1867150 116
1867160 116
1867170 116
1867180 116
1867190 115
1867200 115
1867210 115
1867220 115
1867230 115
1867240 115
1867250 115
1867260 115
1867270 115
1867280 115
1867290 115
1867300 115
1867310 115
1867320 115
1867330 115
1867340 115
1867350 115
1867360 115
1867370 115
1867380 115
1867390 115
1867400 115
1867410 115
1867420 115
1867430 115
1867440 115
1867450 115
1867460 115
1867470 115
1867480 115
1867490 115
1867500 115
1867510 115
1867520 115
1867530 115
1867540 115
1867550 115
1867560 115
1867570 115
1867580 115
1867590 115
1867600 115
1867610 115
1867620 115
1867630 115
1867640 115
1867650 115
1867660 115
1867670 115
1867680 115
1867690 115
1867700 115
1867710 115
1867720 115
1867730 115
1867740 115
1867750 115
1867760 115
1867770 115
1867780 115
1867790 115
1867800 115
1867810 115
1867820 115
1867830 115
1867840 115
1867850 115
1867860 115
1867870 115
1867880 115
1867890 115
1867900 115
1867910 115
1867920 115
1867930 115
1867940 115
1867950 115
1867960 115
1867970 115
1867980 115
1867990 115
1868000 115
1868010 115
1868020 115
1868030 115
1868040 115
1868050 115
1868060 115
1868070 115
1868080 115
1868090 115
1868100 115
1868110 115
1868120 115
1868130 115
1868140 115
1868150 115
1868160 115
1868170 115
1868180 115
1868190 115
1868200 115
1868210 115
1868220 115
1868230 115
1868240 115
1868250 115
1868260 115
1868270 115
1868280 115
1868290 115
1868300 115
1868310 115
1868320 115
1868330 115
1868340 115
1868350 115
1868360 115
1868370 115
1868380 115
1868390 115
1868400 115
1868410 115
1868420 115
1868430 115
1868440 115
1868450 115
1868460 115
1868470 115
1868480 115
1868490 115
1868500 115
1868510 115
1868520 115
1868530 115
1868540 115
1868550 115
1868560 115
1868570 115
1868580 115
1868590 115
1868600 115
1868610 115
1868620 115
1868630 115
1868640 115
1868650 115
1868660 115
1868670 115
1868680 115
1868690 115
1868700 115
1868710 115
1868720 115
1868730 115
1868740 115
1868750 115
1868760 115
1868770 115
1868780 115
1868790 115
1868800 115
1868810 115
1868820 115
1868830 115
1868840 115
1868850 115
1868860 115
1868870 115
1868880 115
1868890 115
1868900 115
1868910 115
1868920 115
1868930 115
1868940 115
1868950 115
1868960 115
1868970 115
1868980 115
1868990 115
1869000 115
1869010 115
1869020 115
1869030 115
1869040 115
1869050 115
1869060 115
1869070 115
1869080 115
1869090 115
1869100 115
1869110 115
1869120 115
1869130 115
1869140 115
1869150 115
1869160 115
1869170 115
1869180 115
1869190 115
1869200 115
1869210 115
1869220 115
1869230 115
1869240 115
1869250 115
1869260 115
1869270 115
1869280 115
1869290 115
1869300 115
1869310 115
1869320 115
1869330 115
1869340 115
1869350 115
1869360 116
1869370 116
1869380 116
1869390 115
1869400 115
1869410 115
1869420 115
1869430 115
1869440 115
1869450 115
1869460 115
1869470 115
1869480 115
1869490 115
1869500 115
1869510 115
1869520 115
1869530 115
1869540 115
1869550 115
1869560 115
1869570 115
1869580 115
1869590 115
1869600 115
1869610 115
1869620 115
1869630 115
1869640 115
1869650 115
1869660 115
1869670 115
1869680 115
1869690 115
1869700 115
1869710 115
1869720 115
1869730 115
1869740 115
1869750 115
1869760 115
1869770 115
1869780 115
1869790 115
1869800 115
1869810 115
1869820 115
1869830 115
1869840 115
1869850 115
1869860 115
1869870 115
1869880 115
1869890 115
1869900 115
1869910 115
1869920 115
1869930 115
1869940 115
1869950 115
1869960 115
1869970 115
1869980 115
1869990 115
1870000 115
1870010 115
1870020 115
1870030 115
1870040 115
1870050 115
1870060 115
1870070 115
1870080 115
1870090 115
1870100 115
1870110 116
1870120 115
1870130 115
1870140 115
1870150 115
1870160 115
1870170 115
1870180 115
1870190 115
1870200 115
1870210 115
1870220 115
1870230 115
1870240 115
1870250 115
1870260 115
1870270 115
1870280 115
1870290 115
1870300 115
1870310 115
1870320 115
1870330 115
1870340 115
1870350 115
1870360 115
1870370 115
1870380 115
1870390 115
1870400 115
1870410 115
1870420 115
1870430 115
1870440 115
1870450 115
1870460 115
1870470 115
1870480 115
1870490 115
1870500 115
1870510 115
1870520 115
1870530 115
1870540 115
1870550 115
1870560 115
1870570 115
1870580 115
1870590 115
1870600 115
1870610 115
1870620 115
1870630 115
1870640 115
1870650 115
1870660 115
1870670 115
1870680 115
1870690 115
1870700 115
1870710 115
1870720 115
1870730 115
1870740 115
1870750 115
1870760 115
1870770 115
1870780 115
1870790 115
1870800 115
1870810 115
1870820 115
1870830 115
1870840 115
1870850 115
1870860 115
1870870 115
1870880 115
1870890 115
1870900 115
1870910 115
1870920 115
1870930 115
1870940 115
1870950 115
1870960 115
1870970 115
1870980 115
1870990 115
1871000 115
1871010 115
1871020 115
1871030 115
1871040 115
1871050 115
1871060 115
1871070 115
1871080 115
1871090 115
1871100 115
1871110 115
1871120 115
1871130 115
1871140 115
1871150 115
1871160 115
1871170 115
1871180 115
1871190 115
1871200 115
1871210 115
1871220 115
1871230 115
1871240 115
1871250 115
1871260 115
1871270 115
1871280 115
1871290 115
1871300 115
1871310 115
1871320 115
1871330 115
1871340 115
1871350 115
1871360 115
1871370 115
1871380 115
1871390 115
1871400 115
1871410 115
1871420 115
1871430 115
1871440 115
1871450 115
1871460 115
1871470 115
1871480 115
1871490 115
1871500 115
1871510 115
1871520 115
1871530 115
1871540 115
1871550 115
1871560 115
1871570 115
1871580 115
1871590 115
1871600 115
1871610 115
1871620 115
1871630 115
1871640 115
1871650 115
1871660 115
1871670 115
1871680 115
1871690 115
1871700 115
1871710 115
1871720 115
1871730 115
1871740 115
1871750 115
1871760 115
1871770 115
1871780 115
1871790 115
1871800 115
1871810 115
1871820 115
1871830 115
1871840 115
1871850 115
1871860 115
1871870 115
1871880 115
1871890 115
1871900 115
1871910 115
1871920 115
1871930 115
1871940 115
1871950 115
1871960 115
1871970 115
1871980 115
1871990 115
1872000 115
1872010 115
1872020 115
1872030 115
1872040 115
1872050 115
1872060 115
1872070 115
1872080 115
1872090 115
1872100 115
1872110 115
1872120 115
1872130 115
1872140 115
1872150 115
1872160 115
1872170 115
1872180 115
1872190 115
1872200 115
1872210 115
1872220 115
1872230 115
1872240 115
1872250 115
1872260 115
1872270 115
1872280 115
1872290 115
1872300 115
1872310 115
1872320 115
1872330 115
1872340 115
1872350 115
1872360 115
1872370 115
1872380 115
1872390 115
1872400 115
1872410 115
1872420 115
1872430 115
1872440 115
1872450 115
1872460 115
1872470 115
1872480 115
1872490 115
1872500 115
1872510 115
1872520 115
1872530 115
1872540 115
1872550 115
1872560 115
1872570 115
1872580 115
1872590 115
1872600 115
1872610 115
1872620 115
1872630 115
1872640 115
1872650 115
1872660 115
1872670 115
1872680 115
1872690 115
1872700 115
1872710 115
1872720 115
1872730 115
1872740 115
1872750 115
1872760 115
1872770 115
1872780 115
1872790 115
1872800 115
1872810 115
1872820 115
1872830 115
1872840 115
1872850 115
1872860 115
1872870 115
1872880 115
1872890 115
1872900 115
1872910 115
1872920 115
1872930 115
1872940 115
1872950 115
1872960 115
1872970 115
1872980 115
1872990 115
1873000 115
1873010 115
1873020 115
1873030 115
1873040 115
1873050 115
1873060 115
1873070 115
1873080 115
1873090 115
1873100 115
1873110 115
1873120 115
1873130 115
1873140 115
1873150 115
1873160 115
1873170 115
1873180 115
1873190 115
1873200 115
1873210 115
1873220 115
1873230 115
1873240 115
1873250 115
1873260 115
1873270 115
1873280 115
1873290 116
1873300 115
1873310 115
1873320 115
1873330 115
1873340 115
1873350 115
1873360 115
1873370 115
1873380 115
1873390 115
1873400 115
1873410 115
1873420 115
1873430 115
1873440 115
1873450 115
1873460 115
1873470 115
1873480 115
1873490 115
1873500 115
1873510 115
1873520 115
1873530 115
1873540 115
1873550 115
1873560 115
1873570 115
1873580 115
1873590 115
1873600 115
1873610 115
1873620 115
1873630 115
1873640 115
1873650 115
1873660 115
1873670 115
1873680 115
1873690 115
1873700 115
1873710 115
1873720 115
1873730 115
1873740 115
1873750 115
1873760 115
1873770 115
1873780 115
1873790 115
1873800 115
1873810 115
1873820 115
1873830 115
1873840 115
1873850 115
1873860 115
1873870 115
1873880 115
1873890 115
1873900 115
1873910 115
1873920 115
1873930 115
1873940 115
1873950 115
1873960 115
1873970 115
1873980 115
1873990 115
1874000 115
1874010 115
1874020 115
1874030 115
1874040 115
1874050 115
1874060 115
1874070 115
1874080 115
1874090 115
1874100 115
1874110 115
1874120 115
1874130 115
1874140 115
1874150 115
1874160 115
1874170 115
1874180 115
1874190 115
1874200 115
1874210 115
1874220 115
1874230 115
1874240 115
1874250 115
1874260 115
1874270 115
1874280 115
1874290 115
1874300 115
1874310 115
1874320 115
1874330 115
1874340 115
1874350 115
1874360 115
1874370 115
1874380 115
1874390 115
1874400 115
1874410 116
1874420 115
1874430 115
1874440 115
1874450 115
1874460 115
1874470 116
1874480 116
1874490 116
1874500 115
1874510 115
1874520 115
1874530 115
1874540 115
1874550 115
1874560 115
1874570 115
1874580 115
1874590 116
1874600 116
1874610 116
1874620 116
1874630 118
1874640 118
1874650 116
1874660 116
1874670 116
1874680 116
1874690 116
1874700 116
1874710 116
1874720 116
1874730 116
1874740 116
1874750 116
1874760 116
1874770 116
1874780 116
1874790 116
1874800 116
1874810 117
1874820 117
1874830 117
1874840 117
1874850 117
1874860 117
1874870 117
1874880 116
1874890 116
1874900 116
1874910 116
1874920 116
1874930 116
1874940 117
1874950 117
1874960 116
1874970 116
1874980 116
1874990 116
1875000 116
1875010 116
1875020 116
1875030 116
1875040 116
1875050 116
1875060 116
1875070 116
1875080 116
1875090 116
1875100 116
1875110 116
1875120 116
1875130 116
1875140 116
1875150 116
1875160 116
1875170 116
1875180 116
1875190 116
1875200 116
1875210 116
1875220 116
1875230 116
1875240 116
1875250 116
1875260 116
1875270 116
1875280 116
1875290 117
1875300 117
1875310 117
1875320 117
1875330 117
1875340 117
1875350 117
1875360 117
1875370 117
1875380 117
1875390 117
1875400 117
1875410 117
1875420 117
1875430 117
1875440 117
1875450 117
1875460 117
1875470 117
1875480 117
1875490 117
1875500 117
1875510 117
1875520 117
1875530 118
1875540 118
1875550 118
1875560 118
1875570 117
1875580 117
1875590 117
1875600 118
1875610 118
1875620 120
1875630 119
1875640 119
1875650 117
1875660 117
1875670 117
1875680 117
1875690 118
1875700 118
1875710 118
1875720 118
1875730 118
1875740 118
1875750 118
1875760 118
1875770 118
1875780 118
1875790 118
1875800 118
1875810 118
1875820 118
1875830 118
1875840 118
1875850 118
1875860 118
1875870 118
1875880 118
1875890 118
1875900 119
1875910 119
1875920 119
1875930 121
1875940 122
1875950 122
1875960 123
1875970 124
1875980 124
1875990 125
1876000 125
1876010 125
1876020 125
1876030 125
1876040 125
1876050 125
1876060 125
1876070 125
1876080 125
1876090 125
1876100 125
1876110 125
1876120 125
1876130 125
1876140 125
1876150 125
1876160 125
1876170 125
1876180 125
1876190 125
1876200 125
1876210 124
1876220 124
1876230 124
1876240 126
1876250 126
1876260 126
1876270 126
1876280 126
1876290 126
1876300 125
1876310 125
1876320 125
1876330 125
1876340 125
1876350 125
1876360 126
1876370 126
1876380 126
1876390 126
1876400 126
1876410 126
1876420 126
1876430 126
1876440 126
1876450 126
1876460 126
1876470 126
1876480 125
1876490 125
1876500 125
1876510 126
1876520 126
1876530 125
1876540 125
1876550 125
1876560 125
1876570 125
1876580 126
1876590 126
1876600 126
1876610 126
1876620 126
1876630 126
1876640 127
1876650 127
1876660 127
1876670 127
1876680 127
1876690 127
1876700 127
1876710 127
1876720 127
1876730 127
1876740 127
1876750 127
1876760 127
1876770 127
1876780 127
1876790 127
1876800 127
1876810 127
1876820 127
1876830 127
1876840 127
1876850 127
1876860 127
1876870 127
1876880 128
1876890 128
1876900 128
1876910 128
1876920 128
1876930 128
1876940 128
1876950 128
1876960 128
1876970 128
1876980 128
1876990 128
1877000 128
1877010 128
1877020 129
1877030 129
1877040 129
1877050 129
1877060 129
1877070 129
1877080 129
1877090 130
1877100 130
1877110 130
1877120 130
1877130 130
1877140 131
1877150 131
1877160 131
1877170 131
1877180 131
1877190 131
1877200 132
1877210 132
1877220 132
1877230 132
1877240 133
1877250 133
1877260 133
1877270 134
1877280 134
1877290 134
1877300 135
1877310 135
1877320 136
1877330 138
1877340 138
1877350 143
1877360 144
1877370 144
1877380 145
1877390 145
1877400 145
1877410 145
1877420 146
1877430 146
1877440 146
1877450 147
1877460 147
1877470 148
1877480 148
1877490 148
1877500 148
1877510 148
1877520 147
1877530 147
1877540 147
1877550 147
1877560 147
1877570 148
1877580 149
1877590 149
1877600 152
1877610 156
1877620 156
1877630 158
1877640 160
1877650 160
1877660 162
1877670 163
1877680 164
1877690 166
1877700 167
1877710 167
1877720 166
1877730 167
1877740 167
1877750 168
1877760 169
1877770 169
1877780 169
1877790 170
1877800 170
1877810 170
1877820 170
1877830 170
1877840 170
1877850 171
1877860 171
1877870 171
1877880 171
1877890 171
1877900 171
1877910 171
1877920 171
1877930 171
1877940 171
1877950 171
1877960 171
1877970 171
1877980 171
1877990 171
1878000 171
1878010 171
1878020 171
1878030 171
1878040 171
1878050 172
1878060 171
1878070 171
1878080 171
1878090 171
1878100 171
1878110 171
1878120 171
1878130 171
1878140 171
1878150 171
1878160 171
1878170 171
1878180 171
1878190 171
1878200 171
1878210 171
1878220 171
1878230 171
1878240 171
1878250 171
1878260 171
1878270 171
1878280 171
1878290 171
1878300 171
1878310 171
1878320 171
1878330 171
1878340 171
1878350 171
1878360 171
1878370 171
1878380 171
1878390 171
1878400 171
1878410 171
1878420 171
1878430 171
1878440 170
1878450 170
1878460 170
1878470 170
1878480 170
1878490 170
1878500 170
1878510 169
1878520 169
1878530 169
1878540 168
1878550 168
1878560 168
1878570 167
1878580 167
1878590 167
1878600 167
1878610 167
1878620 167
1878630 167
1878640 168
1878650 168
1878660 169
1878670 169
1878680 169
1878690 169
1878700 169
1878710 169
1878720 169
1878730 169
1878740 169
1878750 169
1878760 169
1878770 169
1878780 168
1878790 168
1878800 168
1878810 168
1878820 168
1878830 168
1878840 168
1878850 168
1878860 168
1878870 168
1878880 169
1878890 169
1878900 169
1878910 169
1878920 169
1878930 170
1878940 170
1878950 170
1878960 170
1878970 170
1878980 170
1878990 171
1879000 171
1879010 171
1879020 171
1879030 171
1879040 171
1879050 171
1879060 171
1879070 171
1879080 171
1879090 171
1879100 171
1879110 171
1879120 171
1879130 171
1879140 171
1879150 171
1879160 171
1879170 171
1879180 171
1879190 171
1879200 171
1879210 171
1879220 171
1879230 171
1879240 171
1879250 171
1879260 171
1879270 171
1879280 171
1879290 171
1879300 171
1879310 171
1879320 171
1879330 171
1879340 171
1879350 172
1879360 172
1879370 172
1879380 172
1879390 172
1879400 172
1879410 172
1879420 172
1879430 172
1879440 172
1879450 172
1879460 172
1879470 172
1879480 172
1879490 172
1879500 172
1879510 172
1879520 172
1879530 172
1879540 172
1879550 172
1879560 172
1879570 172
1879580 172
1879590 172
1879600 172
1879610 172
1879620 172
1879630 172
1879640 171
1879650 171
1879660 171
1879670 171
1879680 171
1879690 171
1879700 171
1879710 171
1879720 171
1879730 171
1879740 171
1879750 171
1879760 171
1879770 171
1879780 171
1879790 171
1879800 171
1879810 170
1879820 170
1879830 170
1879840 170
1879850 170
1879860 170
1879870 170
1879880 170
1879890 170
1879900 170
1879910 170
1879920 170
1879930 170
1879940 170
1879950 170
1879960 170
1879970 170
1879980 170
1879990 170
