1860000 216
1860010 216
1860020 214
1860030 214
1860040 214
1860050 213
1860060 213
1860070 213
1860080 212
1860090 211
1860100 211
1860110 211
1860120 210
1860130 209
1860140 209
1860150 209
1860160 208
1860170 208
1860180 207
1860190 207
1860200 207
1860210 206
1860220 205
1860230 205
1860240 205
1860250 204
1860260 204
1860270 203
1860280 203
1860290 203
1860300 202
1860310 202
1860320 202
1860330 201
1860340 200
1860350 200
1860360 200
1860370 199
1860380 199
1860390 199
1860400 199
1860410 199
1860420 199
1860430 198
1860440 198
1860450 198
1860460 197
1860470 197
1860480 197
1860490 197
1860500 197
1860510 196
1860520 196
1860530 196
1860540 195
1860550 195
1860560 195
1860570 195
1860580 195
1860590 195
1860600 194
1860610 194
1860620 194
1860630 193
1860640 193
1860650 193
1860660 192
1860670 192
1860680 192
1860690 192
1860700 192
1860710 192
1860720 192
1860730 193
1860740 193
1860750 194
1860760 194
1860770 194
1860780 195
1860790 196
1860800 196
1860810 196
1860820 196
1860830 196
1860840 195
1860850 193
1860860 193
1860870 191
1860880 190
1860890 190
1860900 190
1860910 190
1860920 190
1860930 189
1860940 189
1860950 189
1860960 189
1860970 189
1860980 189
1860990 188
1861000 188
1861010 188
1861020 188
1861030 187
1861040 187
1861050 187
1861060 187
1861070 186
1861080 186
1861090 186
1861100 185
1861110 185
1861120 185
1861130 185
1861140 185
1861150 185
1861160 184
1861170 184
1861180 184
1861190 184
1861200 184
1861210 183
1861220 183
1861230 183
1861240 182
1861250 182
1861260 182
1861270 182
1861280 181
1861290 181
1861300 181
1861310 181
1861320 181
1861330 181
1861340 181
1861350 181
1861360 181
1861370 181
1861380 181
1861390 181
1861400 181
1861410 181
1861420 181
1861430 180
1861440 180
1861450 180
1861460 179
1861470 179
1861480 179
1861490 179
1861500 179
1861510 179
1861520 178
1861530 178
1861540 178
1861550 178
1861560 178
1861570 178
1861580 177
1861590 177
1861600 177
1861610 176
1861620 176
1861630 176
1861640 176
1861650 176
1861660 176
1861670 176
1861680 176
1861690 176
1861700 176
1861710 176
1861720 176
1861730 176
1861740 176
1861750 175
1861760 175
1861770 175
1861780 174
1861790 173
1861800 173
1861810 173
1861820 172
1861830 172
1861840 172
1861850 171
1861860 171
1861870 171
1861880 170
1861890 170
1861900 170
1861910 169
1861920 169
1861930 169
1861940 168
1861950 168
1861960 168
1861970 167
1861980 166
1861990 166
1862000 166
1862010 165
1862020 165
1862030 165
1862040 164
1862050 164
1862060 164
1862070 164
1862080 164
1862090 163
1862100 163
1862110 163
1862120 163
1862130 162
1862140 162
1862150 162
1862160 162
1862170 162
1862180 161
1862190 161
1862200 161
1862210 161
1862220 160
1862230 160
1862240 160
1862250 160
1862260 160
1862270 159
1862280 159
1862290 159
1862300 158
1862310 157
1862320 157
1862330 157
1862340 156
1862350 156
1862360 156
1862370 156
1862380 156
1862390 155
1862400 155
1862410 155
1862420 154
1862430 154
1862440 154
1862450 154
1862460 154
1862470 154
1862480 153
1862490 153
1862500 153
1862510 153
1862520 152
1862530 152
1862540 151
1862550 151
1862560 151
1862570 150
1862580 150
1862590 150
1862600 150
1862610 149
1862620 149
1862630 149
1862640 148
1862650 148
1862660 147
1862670 147
1862680 147
1862690 146
1862700 145
1862710 145
1862720 145
1862730 144
1862740 144
1862750 143
1862760 142
1862770 142
1862780 142
1862790 141
1862800 141
1862810 140
1862820 140
1862830 140
1862840 139
1862850 139
1862860 139
1862870 139
1862880 138
1862890 138
1862900 138
1862910 138
1862920 137
1862930 137
1862940 137
1862950 137
1862960 137
1862970 137
1862980 137
1862990 137
1863000 137
1863010 137
1863020 137
1863030 137
1863040 136
1863050 136
1863060 136
1863070 135
1863080 135
1863090 135
1863100 136
1863110 136
1863120 136
1863130 135
1863140 135
1863150 135
1863160 134
1863170 134
1863180 134
1863190 134
1863200 134
1863210 134
1863220 133
1863230 133
1863240 133
1863250 132
1863260 132
1863270 132
1863280 131
1863290 131
1863300 131
1863310 131
1863320 131
1863330 131
1863340 131
1863350 131
1863360 131
1863370 131
1863380 131
1863390 130
1863400 130
1863410 130
1863420 130
1863430 129
1863440 129
1863450 129
1863460 128
1863470 128
1863480 128
1863490 128
1863500 128
1863510 128
1863520 128
1863530 128
1863540 127
1863550 127
1863560 127
1863570 127
1863580 127
1863590 127
1863600 127
1863610 127
1863620 127
1863630 126
1863640 126
1863650 126
1863660 126
1863670 126
1863680 126
1863690 126
1863700 126
1863710 126
1863720 125
1863730 126
1863740 126
1863750 125
1863760 125
1863770 125
1863780 125
1863790 125
1863800 125
1863810 125
1863820 125
1863830 125
1863840 125
1863850 124
1863860 124
1863870 124
1863880 124
1863890 124
1863900 124
1863910 124
1863920 124
1863930 124
1863940 124
1863950 124
1863960 124
1863970 124
1863980 124
1863990 124
1864000 123
1864010 123
1864020 123
1864030 123
1864040 123
1864050 123
1864060 123
1864070 122
1864080 122
1864090 122
1864100 122
1864110 122
1864120 122
1864130 122
1864140 122
1864150 122
1864160 122
1864170 122
1864180 122
1864190 122
1864200 122
1864210 122
1864220 122
1864230 122
1864240 122
1864250 122
1864260 122
1864270 122
1864280 122
1864290 122
1864300 122
1864310 121
1864320 121
1864330 121
1864340 122
1864350 122
1864360 121
1864370 121
1864380 121
1864390 121
1864400 121
1864410 121
1864420 121
1864430 122
1864440 122
1864450 122
1864460 121
1864470 121
1864480 121
1864490 121
1864500 121
1864510 121
1864520 121
1864530 121
1864540 121
1864550 121
1864560 121
1864570 121
1864580 121
1864590 121
1864600 121
1864610 121
1864620 121
1864630 120
1864640 120
1864650 120
1864660 120
1864670 120
1864680 120
1864690 121
1864700 121
1864710 121
1864720 121
1864730 121
1864740 121
1864750 121
1864760 121
1864770 121
1864780 121
1864790 121
1864800 121
1864810 121
1864820 121
1864830 121
1864840 121
1864850 121
1864860 121
1864870 121
1864880 121
1864890 121
1864900 121
1864910 121
1864920 121
1864930 121
1864940 121
1864950 121
1864960 121
1864970 121
1864980 121
1864990 122
1865000 122
1865010 122
1865020 122
1865030 122
1865040 122
1865050 122
1865060 122
1865070 122
1865080 122
1865090 122
1865100 122
1865110 122
1865120 122
1865130 122
1865140 122
1865150 122
1865160 122
1865170 122
1865180 122
1865190 122
1865200 122
1865210 122
1865220 122
1865230 122
1865240 122
1865250 122
1865260 122
1865270 122
1865280 122
1865290 122
1865300 122
1865310 121
1865320 122
1865330 122
1865340 121
1865350 121
1865360 121
1865370 121
1865380 121
1865390 120
1865400 120
1865410 120
1865420 119
1865430 119
1865440 119
1865450 119
1865460 119
1865470 119
1865480 119
1865490 119
1865500 119
1865510 118
1865520 118
1865530 118
1865540 118
1865550 118
1865560 118
1865570 118
1865580 118
1865590 118
1865600 118
1865610 118
1865620 118
1865630 118
1865640 118
1865650 118
1865660 118
1865670 118
1865680 118
1865690 118
1865700 118
1865710 118
1865720 118
1865730 118
1865740 118
1865750 118
1865760 118
1865770 118
1865780 118
1865790 118
1865800 118
1865810 118
1865820 118
1865830 118
1865840 118
1865850 118
1865860 118
1865870 118
1865880 118
1865890 118
1865900 118
1865910 118
1865920 118
1865930 118
1865940 118
1865950 118
1865960 118
1865970 118
1865980 118
1865990 118
1866000 118
1866010 118
1866020 118
1866030 118
1866040 118
1866050 118
1866060 118
1866070 117
1866080 117
1866090 117
1866100 118
1866110 118
1866120 117
1866130 117
1866140 117
1866150 117
1866160 117
1866170 117
1866180 117
1866190 117
1866200 117
1866210 117
1866220 117
1866230 117
1866240 117
1866250 117
1866260 117
1866270 117
1866280 117
1866290 117
1866300 117
1866310 117
1866320 117
1866330 117
1866340 117
1866350 117
1866360 117
1866370 117
1866380 117
1866390 117
1866400 117
1866410 117
1866420 116
1866430 116
1866440 116
1866450 116
1866460 116
1866470 116
1866480 116
1866490 116
1866500 116
1866510 116
1866520 116
1866530 116
1866540 116
1866550 116
1866560 116
1866570 116
1866580 116
1866590 116
1866600 116
1866610 116
1866620 116
1866630 116
1866640 116
1866650 116
1866660 116
1866670 116
1866680 116
1866690 116
1866700 116
1866710 116
1866720 116
1866730 116
1866740 116
1866750 116
1866760 116
1866770 116
1866780 116
1866790 116
1866800 116
1866810 116
1866820 116
1866830 116
1866840 116
1866850 116
1866860 116
1866870 116
1866880 116
1866890 116
1866900 116
1866910 116
1866920 116
1866930 116
1866940 116
1866950 116
1866960 116
1866970 116
1866980 117
1866990 117
1867000 117
1867010 117
1867020 117
1867030 116
1867040 117
1867050 117
1867060 117
1867070 117
1867080 117
1867090 117
1867100 117
1867110 117
1867120 116
1867130 117
1867140 117
1867150 117
1867160 116
1867170 116
1867180 116
1867190 116
1867200 116
1867210 116
1867220 116
1867230 116
1867240 116
1867250 116
1867260 116
1867270 116
1867280 116
1867290 116
1867300 116
1867310 116
1867320 116
1867330 116
1867340 116
1867350 116
1867360 116
1867370 116
1867380 116
1867390 116
1867400 116
1867410 116
1867420 116
1867430 116
1867440 116
1867450 116
1867460 116
1867470 116
1867480 116
1867490 116
1867500 116
1867510 116
1867520 116
1867530 116
1867540 116
1867550 116
1867560 116
1867570 116
1867580 116
1867590 116
1867600 116
1867610 116
1867620 116
1867630 116
1867640 116
1867650 116
1867660 116
1867670 116
1867680 116
1867690 116
1867700 116
1867710 116
1867720 116
1867730 116
1867740 116
1867750 116
1867760 116
1867770 116
1867780 116
1867790 116
1867800 116
1867810 116
1867820 116
1867830 116
1867840 116
1867850 116
1867860 116
1867870 116
1867880 116
1867890 116
1867900 116
1867910 116
1867920 116
1867930 116
1867940 116
1867950 116
1867960 116
1867970 116
1867980 116
1867990 116
1868000 116
1868010 116
1868020 116
1868030 116
1868040 116
1868050 116
1868060 116
1868070 116
1868080 116
1868090 116
1868100 116
1868110 116
1868120 116
1868130 116
1868140 116
1868150 116
1868160 116
1868170 116
1868180 116
1868190 116
1868200 116
1868210 116
1868220 116
1868230 116
1868240 116
1868250 116
1868260 116
1868270 116
1868280 116
1868290 116
1868300 116
1868310 116
1868320 116
1868330 115
1868340 115
1868350 115
1868360 116
1868370 116
1868380 116
1868390 116
1868400 115
1868410 115
1868420 115
1868430 116
1868440 116
1868450 116
1868460 115
1868470 115
1868480 115
1868490 115
1868500 115
1868510 115
1868520 115
1868530 115
1868540 115
1868550 115
1868560 115
1868570 115
1868580 115
1868590 115
1868600 115
1868610 115
1868620 115
1868630 115
1868640 115
1868650 115
1868660 115
1868670 115
1868680 115
1868690 115
1868700 115
1868710 115
1868720 115
1868730 115
1868740 115
1868750 115
1868760 115
1868770 115
1868780 115
1868790 115
1868800 115
1868810 115
1868820 115
1868830 115
1868840 115
1868850 115
1868860 115
1868870 115
1868880 115
1868890 115
1868900 115
1868910 115
1868920 115
1868930 115
1868940 115
1868950 115
1868960 115
1868970 115
1868980 115
1868990 115
1869000 115
1869010 115
1869020 115
1869030 115
1869040 115
1869050 115
1869060 115
1869070 115
1869080 115
1869090 115
1869100 115
1869110 115
1869120 115
1869130 115
1869140 115
1869150 115
1869160 115
1869170 115
1869180 115
1869190 115
1869200 115
1869210 115
1869220 115
1869230 115
1869240 115
1869250 115
1869260 115
1869270 115
1869280 115
1869290 115
1869300 115
1869310 115
1869320 115
1869330 116
1869340 116
1869350 116
1869360 116
1869370 116
1869380 116
1869390 116
1869400 116
1869410 116
1869420 116
1869430 116
1869440 116
1869450 116
1869460 116
1869470 116
1869480 116
1869490 116
1869500 116
1869510 116
1869520 116
1869530 116
1869540 116
1869550 116
1869560 116
1869570 116
1869580 116
1869590 116
1869600 116
1869610 116
1869620 116
1869630 116
1869640 116
1869650 116
1869660 116
1869670 116
1869680 116
1869690 116
1869700 116
1869710 116
1869720 116
1869730 116
1869740 116
1869750 116
1869760 116
1869770 116
1869780 116
1869790 116
1869800 116
1869810 116
1869820 116
1869830 116
1869840 116
1869850 115
1869860 115
1869870 115
1869880 115
1869890 115
1869900 115
1869910 115
1869920 115
1869930 115
1869940 115
1869950 115
1869960 115
1869970 115
1869980 115
1869990 115
1870000 115
1870010 115
1870020 115
1870030 115
1870040 115
1870050 115
1870060 115
1870070 115
1870080 115
1870090 115
1870100 115
1870110 115
1870120 115
1870130 115
1870140 115
1870150 115
1870160 115
1870170 115
1870180 115
1870190 115
1870200 115
1870210 115
1870220 115
1870230 115
1870240 115
1870250 115
1870260 115
1870270 115
1870280 115
1870290 115
1870300 115
1870310 115
1870320 115
1870330 115
1870340 115
1870350 115
1870360 115
1870370 115
1870380 115
1870390 115
1870400 115
1870410 115
1870420 115
1870430 115
1870440 115
1870450 115
1870460 115
1870470 115
1870480 115
1870490 115
1870500 115
1870510 115
1870520 115
1870530 115
1870540 115
1870550 115
1870560 115
1870570 115
1870580 115
1870590 115
1870600 115
1870610 115
1870620 115
1870630 115
1870640 115
1870650 115
1870660 115
1870670 115
1870680 115
1870690 115
1870700 115
1870710 115
1870720 115
1870730 115
1870740 115
1870750 115
1870760 115
1870770 115
1870780 115
1870790 115
1870800 115
1870810 115
1870820 115
1870830 115
1870840 115
1870850 115
1870860 115
1870870 115
1870880 115
1870890 115
1870900 115
1870910 115
1870920 115
1870930 115
1870940 115
1870950 115
1870960 115
1870970 115
1870980 115
1870990 115
1871000 115
1871010 115
1871020 115
1871030 115
1871040 115
1871050 115
1871060 115
1871070 115
1871080 115
1871090 115
1871100 115
1871110 115
1871120 115
1871130 115
1871140 115
1871150 115
1871160 115
1871170 115
1871180 115
1871190 115
1871200 115
1871210 115
1871220 115
1871230 115
1871240 115
1871250 115
1871260 115
1871270 115
1871280 115
1871290 115
1871300 115
1871310 115
1871320 115
1871330 115
1871340 115
1871350 115
1871360 115
1871370 115
1871380 115
1871390 115
1871400 115
1871410 115
1871420 115
1871430 115
1871440 115
1871450 115
1871460 115
1871470 115
1871480 115
1871490 115
1871500 115
1871510 115
1871520 115
1871530 115
1871540 115
1871550 115
1871560 115
1871570 115
1871580 115
1871590 115
1871600 115
1871610 115
1871620 115
1871630 115
1871640 115
1871650 115
1871660 115
1871670 115
1871680 115
1871690 115
1871700 115
1871710 115
1871720 115
1871730 115
1871740 115
1871750 115
1871760 115
1871770 115
1871780 115
1871790 115
1871800 115
1871810 115
1871820 115
1871830 115
1871840 115
1871850 115
1871860 115
1871870 115
1871880 115
1871890 115
1871900 115
1871910 115
1871920 115
1871930 115
1871940 115
1871950 115
1871960 115
1871970 115
1871980 115
1871990 115
1872000 115
1872010 115
1872020 115
1872030 115
1872040 115
1872050 115
1872060 115
1872070 115
1872080 115
1872090 115
1872100 115
1872110 115
1872120 115
1872130 115
1872140 115
1872150 115
1872160 115
1872170 115
1872180 115
1872190 115
1872200 115
1872210 115
1872220 115
1872230 115
1872240 115
1872250 115
1872260 115
1872270 115
1872280 115
1872290 115
1872300 115
1872310 115
1872320 115
1872330 115
1872340 115
1872350 115
1872360 115
1872370 115
1872380 115
1872390 115
1872400 115
1872410 115
1872420 115
1872430 115
1872440 115
1872450 115
1872460 115
1872470 115
1872480 115
1872490 115
1872500 115
1872510 115
1872520 115
1872530 115
1872540 115
1872550 115
1872560 115
1872570 115
1872580 115
1872590 115
1872600 115
1872610 115
1872620 115
1872630 115
1872640 115
1872650 115
1872660 115
1872670 115
1872680 115
1872690 115
1872700 115
1872710 115
1872720 115
1872730 115
1872740 115
1872750 115
1872760 115
1872770 115
1872780 115
1872790 115
1872800 115
1872810 115
1872820 115
1872830 115
1872840 115
1872850 115
1872860 115
1872870 115
1872880 115
1872890 115
1872900 115
1872910 115
1872920 115
1872930 115
1872940 115
1872950 115
1872960 115
1872970 115
1872980 115
1872990 115
1873000 115
1873010 115
1873020 115
1873030 115
1873040 115
1873050 115
1873060 115
1873070 115
1873080 115
1873090 115
1873100 115
1873110 115
1873120 115
1873130 115
1873140 115
1873150 115
1873160 115
1873170 115
1873180 115
1873190 115
1873200 115
1873210 115
1873220 115
1873230 115
1873240 115
1873250 115
1873260 115
1873270 115
1873280 115
1873290 115
1873300 115
1873310 115
1873320 115
1873330 115
1873340 115
1873350 115
1873360 115
1873370 115
1873380 115
1873390 115
1873400 115
1873410 115
1873420 115
1873430 115
1873440 115
1873450 115
1873460 115
1873470 115
1873480 115
1873490 115
1873500 115
1873510 115
1873520 115
1873530 115
1873540 115
1873550 115
1873560 115
1873570 115
1873580 115
1873590 115
1873600 115
1873610 115
1873620 115
1873630 115
1873640 115
1873650 115
1873660 115
1873670 115
1873680 115
1873690 115
1873700 115
1873710 115
1873720 115
1873730 115
1873740 115
1873750 115
1873760 115
1873770 115
1873780 115
1873790 115
1873800 115
1873810 115
1873820 115
1873830 115
1873840 115
1873850 115
1873860 115
1873870 115
1873880 115
1873890 115
1873900 115
1873910 115
1873920 115
1873930 115
1873940 115
1873950 115
1873960 115
1873970 115
1873980 115
1873990 115
1874000 115
1874010 115
1874020 115
1874030 115
1874040 115
1874050 115
1874060 115
1874070 115
1874080 115
1874090 115
1874100 115
1874110 115
1874120 115
1874130 115
1874140 115
1874150 115
1874160 115
1874170 115
1874180 115
1874190 115
1874200 115
1874210 115
1874220 115
1874230 115
1874240 115
1874250 115
1874260 115
1874270 115
1874280 115
1874290 115
1874300 115
1874310 115
1874320 115
1874330 115
1874340 115
1874350 115
1874360 115
1874370 115
1874380 115
1874390 115
1874400 115
1874410 115
1874420 115
1874430 115
1874440 115
1874450 115
1874460 115
1874470 115
1874480 115
1874490 115
1874500 115
1874510 115
1874520 115
1874530 115
1874540 115
1874550 115
1874560 116
1874570 116
1874580 115
1874590 115
1874600 115
1874610 115
1874620 115
1874630 115
1874640 115
1874650 115
1874660 115
1874670 115
1874680 115
1874690 115
1874700 115
1874710 115
1874720 115
1874730 115
1874740 115
1874750 115
1874760 116
1874770 116
1874780 116
1874790 116
1874800 117
1874810 117
1874820 117
1874830 116
1874840 116
1874850 116
1874860 116
1874870 116
1874880 116
1874890 116
1874900 116
1874910 116
1874920 117
1874930 117
1874940 117
1874950 117
1874960 117
1874970 117
1874980 117
1874990 117
1875000 117
1875010 117
1875020 117
1875030 117
1875040 117
1875050 117
1875060 117
1875070 117
1875080 117
1875090 117
1875100 117
1875110 117
1875120 117
1875130 117
1875140 117
1875150 117
1875160 117
1875170 117
1875180 117
1875190 117
1875200 117
1875210 117
1875220 117
1875230 117
1875240 117
1875250 117
1875260 117
1875270 117
1875280 117
1875290 117
1875300 117
1875310 117
1875320 117
1875330 117
1875340 117
1875350 117
1875360 117
1875370 117
1875380 117
1875390 117
1875400 117
1875410 117
1875420 117
1875430 117
1875440 117
1875450 117
1875460 117
1875470 117
1875480 117
1875490 118
1875500 118
1875510 118
1875520 117
1875530 117
1875540 117
1875550 117
1875560 117
1875570 117
1875580 117
1875590 117
1875600 117
1875610 117
1875620 117
1875630 117
1875640 117
1875650 118
1875660 118
1875670 118
1875680 118
1875690 118
1875700 119
1875710 120
1875720 120
1875730 122
1875740 123
1875750 123
1875760 124
1875770 124
1875780 124
1875790 124
1875800 125
1875810 125
1875820 125
1875830 125
1875840 125
1875850 126
1875860 126
1875870 126
1875880 125
1875890 126
1875900 126
1875910 126
1875920 126
1875930 126
1875940 126
1875950 126
1875960 126
1875970 127
1875980 127
1875990 127
1876000 127
1876010 127
1876020 127
1876030 127
1876040 127
1876050 127
1876060 127
1876070 127
1876080 127
1876090 127
1876100 127
1876110 127
1876120 127
1876130 127
1876140 127
1876150 127
1876160 127
1876170 127
1876180 127
1876190 127
1876200 127
1876210 127
1876220 128
1876230 128
1876240 128
1876250 128
1876260 128
1876270 128
1876280 128
1876290 128
1876300 128
1876310 128
1876320 129
1876330 129
1876340 129
1876350 129
1876360 129
1876370 129
1876380 129
1876390 129
1876400 129
1876410 129
1876420 129
1876430 129
1876440 129
1876450 129
1876460 129
1876470 130
1876480 130
1876490 130
1876500 130
1876510 130
1876520 130
1876530 130
1876540 130
1876550 130
1876560 130
1876570 130
1876580 130
1876590 130
1876600 130
1876610 130
1876620 130
1876630 130
1876640 129
1876650 130
1876660 130
1876670 130
1876680 130
1876690 130
1876700 130
1876710 130
1876720 130
1876730 130
1876740 130
1876750 130
1876760 131
1876770 133
1876780 133
1876790 136
1876800 138
1876810 138
1876820 141
1876830 142
1876840 142
1876850 146
1876860 148
1876870 148
1876880 151
1876890 152
1876900 152
1876910 153
1876920 154
1876930 155
1876940 155
1876950 156
1876960 157
1876970 157
1876980 158
1876990 159
1877000 161
1877010 161
1877020 162
1877030 162
1877040 163
1877050 165
1877060 165
1877070 166
1877080 168
1877090 168
1877100 168
1877110 168
1877120 168
1877130 169
1877140 169
1877150 169
1877160 169
1877170 170
1877180 170
1877190 170
1877200 170
1877210 170
1877220 170
1877230 171
1877240 171
1877250 171
1877260 171
1877270 171
1877280 171
1877290 171
1877300 171
1877310 171
1877320 171
1877330 171
1877340 171
1877350 171
1877360 171
1877370 171
1877380 171
1877390 171
1877400 171
1877410 171
1877420 171
1877430 170
1877440 170
1877450 170
1877460 169
1877470 168
1877480 168
1877490 168
1877500 167
1877510 167
1877520 167
1877530 167
1877540 167
1877550 167
1877560 167
1877570 167
1877580 167
1877590 167
1877600 167
1877610 167
1877620 167
1877630 167
1877640 168
1877650 168
1877660 169
1877670 169
1877680 170
1877690 170
1877700 171
1877710 171
1877720 171
1877730 171
1877740 171
1877750 171
1877760 171
1877770 171
1877780 171
1877790 171
1877800 171
1877810 171
1877820 171
1877830 171
1877840 171
1877850 172
1877860 172
1877870 172
1877880 172
1877890 172
1877900 172
1877910 172
1877920 172
1877930 172
1877940 172
1877950 172
1877960 172
1877970 172
1877980 172
1877990 171
1878000 171
1878010 171
1878020 171
1878030 171
1878040 171
1878050 171
1878060 171
1878070 171
1878080 171
1878090 171
1878100 171
1878110 171
1878120 171
1878130 171
1878140 171
1878150 171
1878160 171
1878170 171
1878180 171
1878190 171
1878200 171
1878210 171
1878220 171
1878230 171
1878240 171
1878250 171
1878260 171
1878270 171
1878280 171
1878290 171
1878300 171
1878310 171
1878320 171
1878330 171
1878340 171
1878350 171
1878360 171
1878370 171
1878380 171
1878390 171
1878400 171
1878410 171
1878420 171
1878430 170
1878440 170
1878450 170
1878460 170
1878470 170
1878480 170
1878490 170
1878500 170
1878510 170
1878520 170
1878530 170
1878540 170
1878550 170
1878560 170
1878570 170
1878580 170
1878590 170
1878600 170
1878610 170
1878620 170
1878630 170
1878640 170
1878650 170
1878660 170
1878670 170
1878680 170
1878690 170
1878700 170
1878710 170
1878720 170
1878730 170
1878740 170
1878750 170
1878760 170
1878770 170
1878780 170
1878790 170
1878800 170
1878810 170
1878820 170
1878830 170
1878840 170
1878850 170
1878860 170
1878870 170
1878880 170
1878890 170
1878900 170
1878910 170
1878920 170
1878930 170
1878940 170
1878950 170
1878960 170
1878970 170
1878980 170
1878990 170
1879000 170
1879010 170
1879020 170
1879030 170
1879040 171
1879050 171
1879060 171
1879070 171
1879080 171
1879090 171
1879100 171
1879110 171
1879120 171
1879130 171
1879140 171
1879150 171
1879160 171
1879170 171
1879180 171
1879190 171
1879200 171
1879210 171
1879220 171
1879230 171
1879240 171
1879250 171
1879260 171
1879270 171
1879280 171
1879290 171
1879300 171
1879310 171
1879320 171
1879330 171
1879340 171
1879350 171
1879360 171
1879370 171
1879380 171
1879390 171
1879400 171
1879410 171
1879420 171
1879430 171
1879440 171
1879450 171
1879460 171
1879470 171
1879480 171
1879490 171
1879500 171
1879510 171
1879520 171
1879530 171
1879540 171
1879550 171
1879560 171
1879570 171
1879580 171
1879590 171
1879600 171
1879610 171
1879620 171
1879630 171
1879640 171
1879650 171
1879660 171
1879670 171
1879680 171
1879690 171
1879700 171
1879710 171
1879720 171
1879730 171
1879740 171
1879750 171
1879760 171
1879770 171
1879780 171
1879790 171
1879800 171
1879810 171
1879820 171
1879830 171
1879840 171
1879850 171
1879860 171
1879870 171
1879880 171
1879890 171
1879900 171
1879910 171
1879920 171
1879930 171
1879940 171
1879950 171
1879960 171
1879970 171
1879980 171
1879990 171
