1860000 257
1860010 256
1860020 254
1860030 254
1860040 253
1860050 252
1860060 252
1860070 250
1860080 249
1860090 249
1860100 248
1860110 246
1860120 246
1860130 245
1860140 243
1860150 243
1860160 241
1860170 239
1860180 239
1860190 237
1860200 235
1860210 235
1860220 233
1860230 231
1860240 231
1860250 229
1860260 228
1860270 228
1860280 225
1860290 224
1860300 224
1860310 223
1860320 221
1860330 221
1860340 219
1860350 217
1860360 217
1860370 216
1860380 216
1860390 216
1860400 215
1860410 214
1860420 214
1860430 214
1860440 213
1860450 213
1860460 213
1860470 213
1860480 213
1860490 213
1860500 213
1860510 213
1860520 213
1860530 213
1860540 213
1860550 213
1860560 213
1860570 213
1860580 213
1860590 213
1860600 213
1860610 213
1860620 215
1860630 215
1860640 215
1860650 216
1860660 216
1860670 217
1860680 217
1860690 217
1860700 218
1860710 218
1860720 218
1860730 217
1860740 216
1860750 215
1860760 215
1860770 215
1860780 214
1860790 214
1860800 214
1860810 213
1860820 213
1860830 211
1860840 210
1860850 210
1860860 209
1860870 208
1860880 208
1860890 207
1860900 206
1860910 206
1860920 205
1860930 204
1860940 204
1860950 203
1860960 202
1860970 202
1860980 201
1860990 200
1861000 200
1861010 199
1861020 198
1861030 198
1861040 197
1861050 196
1861060 196
1861070 195
1861080 193
1861090 193
1861100 192
1861110 191
1861120 191
1861130 190
1861140 189
1861150 189
1861160 189
1861170 188
1861180 188
1861190 187
1861200 187
1861210 187
1861220 187
1861230 186
1861240 186
1861250 185
1861260 183
1861270 183
1861280 182
1861290 182
1861300 182
1861310 182
1861320 182
1861330 182
1861340 181
1861350 181
1861360 181
1861370 181
1861380 181
1861390 181
1861400 181
1861410 180
1861420 180
1861430 180
1861440 180
1861450 180
1861460 179
1861470 179
1861480 179
1861490 179
1861500 178
1861510 178
1861520 178
1861530 178
1861540 178
1861550 177
1861560 177
1861570 177
1861580 177
1861590 176
1861600 176
1861610 176
1861620 176
1861630 176
1861640 175
1861650 175
1861660 175
1861670 175
1861680 175
1861690 175
1861700 174
1861710 174
1861720 174
1861730 174
1861740 173
1861750 173
1861760 173
1861770 173
1861780 173
1861790 173
1861800 172
1861810 172
1861820 172
1861830 172
1861840 172
1861850 172
1861860 171
1861870 171
1861880 171
1861890 171
1861900 171
1861910 171
1861920 171
1861930 171
1861940 171
1861950 171
1861960 170
1861970 170
1861980 170
1861990 169
1862000 169
1862010 169
1862020 168
1862030 168
1862040 167
1862050 167
1862060 167
1862070 166
1862080 165
1862090 165
1862100 165
1862110 164
1862120 164
1862130 163
1862140 163
1862150 163
1862160 162
1862170 162
1862180 162
1862190 161
1862200 161
1862210 161
1862220 161
1862230 160
1862240 160
1862250 159
1862260 159
1862270 159
1862280 159
1862290 158
1862300 158
1862310 158
1862320 158
1862330 158
1862340 157
1862350 157
1862360 157
1862370 157
1862380 156
1862390 156
1862400 156
1862410 156
1862420 156
1862430 156
1862440 156
1862450 156
1862460 155
1862470 155
1862480 155
1862490 155
1862500 154
1862510 154
1862520 154
1862530 154
1862540 154
1862550 154
1862560 153
1862570 153
1862580 153
1862590 153
1862600 153
1862610 153
1862620 153
1862630 153
1862640 152
1862650 152
1862660 152
1862670 152
1862680 152
1862690 152
1862700 152
1862710 151
1862720 151
1862730 151
1862740 151
1862750 150
1862760 150
1862770 150
1862780 150
1862790 150
1862800 150
1862810 150
1862820 150
1862830 149
1862840 149
1862850 149
1862860 149
1862870 149
1862880 149
1862890 149
1862900 149
1862910 149
1862920 149
1862930 149
1862940 149
1862950 148
1862960 148
1862970 148
1862980 148
1862990 147
1863000 147
1863010 147
1863020 147
1863030 147
1863040 147
1863050 146
1863060 146
1863070 146
1863080 147
1863090 147
1863100 147
1863110 147
1863120 147
1863130 147
1863140 147
1863150 147
1863160 147
1863170 147
1863180 147
1863190 147
1863200 147
1863210 147
1863220 147
1863230 147
1863240 147
1863250 145
1863260 145
1863270 145
1863280 145
1863290 144
1863300 144
1863310 144
1863320 143
1863330 143
1863340 143
1863350 143
1863360 143
1863370 143
1863380 142
1863390 142
1863400 142
1863410 142
1863420 142
1863430 142
1863440 142
1863450 142
1863460 142
1863470 141
1863480 141
1863490 141
1863500 141
1863510 141
1863520 140
1863530 140
1863540 140
1863550 140
1863560 139
1863570 139
1863580 138
1863590 138
1863600 137
1863610 137
1863620 137
1863630 137
1863640 137
1863650 136
1863660 136
1863670 136
1863680 136
1863690 136
1863700 136
1863710 136
1863720 136
1863730 136
1863740 136
1863750 136
1863760 136
1863770 136
1863780 136
1863790 136
1863800 136
1863810 136
1863820 136
1863830 137
1863840 137
1863850 137
1863860 137
1863870 138
1863880 138
1863890 138
1863900 138
1863910 138
1863920 138
1863930 138
1863940 138
1863950 138
1863960 138
1863970 138
1863980 138
1863990 138
1864000 138
1864010 138
1864020 138
1864030 138
1864040 138
1864050 137
1864060 137
1864070 137
1864080 137
1864090 137
1864100 137
1864110 136
1864120 136
1864130 136
1864140 136
1864150 136
1864160 136
1864170 136
1864180 136
1864190 136
1864200 135
1864210 135
1864220 135
1864230 135
1864240 135
1864250 135
1864260 135
1864270 135
1864280 135
1864290 135
1864300 135
1864310 135
1864320 135
1864330 135
1864340 135
1864350 135
1864360 135
1864370 135
1864380 135
1864390 135
1864400 135
1864410 135
1864420 135
1864430 134
1864440 134
1864450 134
1864460 134
1864470 134
1864480 134
1864490 133
1864500 133
1864510 133
1864520 133
1864530 133
1864540 133
1864550 133
1864560 132
1864570 132
1864580 132
1864590 132
1864600 132
1864610 132
1864620 132
1864630 132
1864640 132
1864650 132
1864660 131
1864670 131
1864680 131
1864690 131
1864700 131
1864710 131
1864720 131
1864730 131
1864740 131
1864750 130
1864760 130
1864770 130
1864780 130
1864790 130
1864800 130
1864810 129
1864820 129
1864830 129
1864840 129
1864850 129
1864860 128
1864870 128
1864880 128
1864890 128
1864900 127
1864910 127
1864920 127
1864930 127
1864940 127
1864950 127
1864960 126
1864970 126
1864980 126
1864990 126
1865000 126
1865010 126
1865020 126
1865030 126
1865040 126
1865050 126
1865060 126
1865070 126
1865080 126
1865090 126
1865100 126
1865110 126
1865120 126
1865130 126
1865140 125
1865150 125
1865160 125
1865170 125
1865180 125
1865190 125
1865200 125
1865210 125
1865220 125
1865230 125
1865240 125
1865250 125
1865260 125
1865270 125
1865280 124
1865290 124
1865300 124
1865310 124
1865320 124
1865330 124
1865340 124
1865350 124
1865360 124
1865370 124
1865380 123
1865390 123
1865400 123
1865410 123
1865420 123
1865430 124
1865440 124
1865450 124
1865460 124
1865470 124
1865480 124
1865490 124
1865500 124
1865510 124
1865520 124
1865530 125
1865540 125
1865550 125
1865560 125
1865570 125
1865580 125
1865590 125
1865600 125
1865610 125
1865620 125
1865630 125
1865640 125
1865650 125
1865660 125
1865670 125
1865680 125
1865690 125
1865700 125
1865710 125
1865720 125
1865730 125
1865740 125
1865750 126
1865760 126
1865770 125
1865780 126
1865790 126
1865800 126
1865810 127
1865820 127
1865830 129
1865840 130
1865850 130
1865860 130
1865870 129
1865880 129
1865890 129
1865900 129
1865910 129
1865920 128
1865930 128
1865940 128
1865950 128
1865960 128
1865970 128
1865980 127
1865990 127
1866000 127
1866010 127
1866020 127
1866030 127
1866040 127
1866050 127
1866060 127
1866070 128
1866080 128
1866090 128
1866100 128
1866110 127
1866120 127
1866130 127
1866140 127
1866150 127
1866160 126
1866170 126
1866180 126
1866190 125
1866200 125
1866210 125
1866220 124
1866230 124
1866240 124
1866250 124
1866260 123
1866270 123
1866280 124
1866290 124
1866300 124
1866310 124
1866320 123
1866330 123
1866340 123
1866350 123
1866360 123
1866370 123
1866380 122
1866390 122
1866400 122
1866410 122
1866420 122
1866430 122
1866440 121
1866450 121
1866460 121
1866470 120
1866480 120
1866490 120
1866500 120
1866510 120
1866520 120
1866530 120
1866540 119
1866550 119
1866560 119
1866570 119
1866580 119
1866590 119
1866600 119
1866610 119
1866620 119
1866630 119
1866640 119
1866650 119
1866660 118
1866670 118
1866680 118
1866690 118
1866700 118
1866710 118
1866720 118
1866730 118
1866740 118
1866750 118
1866760 118
1866770 118
1866780 118
1866790 118
1866800 118
1866810 118
1866820 118
1866830 118
1866840 117
1866850 117
1866860 117
1866870 117
1866880 117
1866890 117
1866900 117
1866910 117
1866920 117
1866930 117
1866940 117
1866950 117
1866960 117
1866970 117
1866980 117
1866990 117
1867000 117
1867010 117
1867020 117
1867030 117
1867040 117
1867050 117
1867060 117
1867070 117
1867080 117
1867090 117
1867100 117
1867110 117
1867120 117
1867130 117
1867140 117
1867150 117
1867160 117
1867170 117
1867180 117
1867190 117
1867200 117
1867210 117
1867220 117
1867230 116
1867240 116
1867250 116
1867260 116
1867270 116
1867280 116
1867290 117
1867300 117
1867310 116
1867320 116
1867330 116
1867340 116
1867350 116
1867360 116
1867370 116
1867380 116
1867390 116
1867400 116
1867410 116
1867420 116
1867430 116
1867440 116
1867450 116
1867460 116
1867470 116
1867480 116
1867490 116
1867500 116
1867510 116
1867520 116
1867530 116
1867540 116
1867550 116
1867560 116
1867570 116
1867580 116
1867590 116
1867600 116
1867610 116
1867620 116
1867630 116
1867640 116
1867650 116
1867660 116
1867670 116
1867680 116
1867690 116
1867700 116
1867710 116
1867720 116
1867730 116
1867740 116
1867750 116
1867760 116
1867770 116
1867780 116
1867790 116
1867800 116
1867810 116
1867820 116
1867830 116
1867840 116
1867850 116
1867860 116
1867870 116
1867880 116
1867890 116
1867900 116
1867910 116
1867920 116
1867930 116
1867940 116
1867950 116
1867960 116
1867970 116
1867980 116
1867990 116
1868000 116
1868010 116
1868020 116
1868030 116
1868040 116
1868050 116
1868060 116
1868070 116
1868080 116
1868090 116
1868100 116
1868110 116
1868120 116
1868130 116
1868140 116
1868150 116
1868160 116
1868170 116
1868180 116
1868190 116
1868200 116
1868210 116
1868220 116
1868230 116
1868240 116
1868250 116
1868260 116
1868270 116
1868280 116
1868290 116
1868300 116
1868310 116
1868320 116
1868330 116
1868340 116
1868350 116
1868360 116
1868370 116
1868380 116
1868390 116
1868400 116
1868410 116
1868420 116
1868430 116
1868440 116
1868450 116
1868460 116
1868470 116
1868480 116
1868490 116
1868500 116
1868510 116
1868520 116
1868530 116
1868540 116
1868550 116
1868560 116
1868570 116
1868580 116
1868590 116
1868600 116
1868610 116
1868620 116
1868630 116
1868640 116
1868650 116
1868660 116
1868670 116
1868680 116
1868690 116
1868700 116
1868710 116
1868720 116
1868730 116
1868740 116
1868750 116
1868760 116
1868770 116
1868780 116
1868790 116
1868800 116
1868810 116
1868820 116
1868830 116
1868840 116
1868850 116
1868860 116
1868870 116
1868880 116
1868890 116
1868900 116
1868910 116
1868920 116
1868930 116
1868940 116
1868950 116
1868960 116
1868970 116
1868980 116
1868990 116
1869000 116
1869010 116
1869020 116
1869030 116
1869040 116
1869050 116
1869060 116
1869070 116
1869080 116
1869090 116
1869100 116
1869110 116
1869120 116
1869130 116
1869140 116
1869150 116
1869160 116
1869170 116
1869180 116
1869190 116
1869200 116
1869210 116
1869220 116
1869230 116
1869240 116
1869250 116
1869260 116
1869270 116
1869280 116
1869290 116
1869300 116
1869310 116
1869320 116
1869330 116
1869340 116
1869350 116
1869360 116
1869370 116
1869380 116
1869390 116
1869400 116
1869410 116
1869420 116
1869430 116
1869440 116
1869450 116
1869460 116
1869470 117
1869480 117
1869490 117
1869500 117
1869510 117
1869520 117
1869530 117
1869540 117
1869550 117
1869560 116
1869570 116
1869580 116
1869590 116
1869600 116
1869610 116
1869620 116
1869630 116
1869640 116
1869650 116
1869660 116
1869670 116
1869680 116
1869690 116
1869700 116
1869710 116
1869720 116
1869730 116
1869740 116
1869750 116
1869760 116
1869770 116
1869780 116
1869790 116
1869800 116
1869810 116
1869820 116
1869830 116
1869840 116
1869850 116
1869860 116
1869870 116
1869880 116
1869890 116
1869900 116
1869910 116
1869920 116
1869930 116
1869940 116
1869950 116
1869960 116
1869970 116
1869980 116
1869990 116
1870000 116
1870010 116
1870020 116
1870030 116
1870040 116
1870050 116
1870060 116
1870070 116
1870080 116
1870090 116
1870100 116
1870110 116
1870120 116
1870130 116
1870140 116
1870150 116
1870160 116
1870170 116
1870180 116
1870190 116
1870200 116
1870210 116
1870220 116
1870230 116
1870240 116
1870250 116
1870260 116
1870270 116
1870280 116
1870290 116
1870300 116
1870310 116
1870320 116
1870330 116
1870340 116
1870350 116
1870360 116
1870370 116
1870380 116
1870390 116
1870400 116
1870410 116
1870420 116
1870430 116
1870440 116
1870450 116
1870460 116
1870470 116
1870480 116
1870490 116
1870500 117
1870510 117
1870520 117
1870530 116
1870540 117
1870550 117
1870560 117
1870570 116
1870580 116
1870590 117
1870600 116
1870610 116
1870620 116
1870630 116
1870640 116
1870650 116
1870660 116
1870670 116
1870680 116
1870690 116
1870700 116
1870710 117
1870720 116
1870730 116
1870740 116
1870750 117
1870760 117
1870770 116
1870780 116
1870790 116
1870800 116
1870810 117
1870820 117
1870830 117
1870840 117
1870850 117
1870860 117
1870870 117
1870880 117
1870890 117
1870900 117
1870910 117
1870920 117
1870930 117
1870940 117
1870950 117
1870960 117
1870970 117
1870980 117
1870990 117
1871000 117
1871010 117
1871020 117
1871030 117
1871040 117
1871050 117
1871060 117
1871070 117
1871080 116
1871090 116
1871100 116
1871110 116
1871120 116
1871130 116
1871140 116
1871150 116
1871160 116
1871170 116
1871180 116
1871190 116
1871200 115
1871210 115
1871220 115
1871230 115
1871240 115
1871250 115
1871260 115
1871270 115
1871280 115
1871290 115
1871300 115
1871310 115
1871320 115
1871330 115
1871340 115
1871350 115
1871360 115
1871370 115
1871380 115
1871390 115
1871400 115
1871410 115
1871420 115
1871430 115
1871440 115
1871450 115
1871460 115
1871470 115
1871480 115
1871490 115
1871500 115
1871510 115
1871520 115
1871530 115
1871540 115
1871550 115
1871560 115
1871570 115
1871580 115
1871590 115
1871600 115
1871610 115
1871620 115
1871630 115
1871640 115
1871650 115
1871660 115
1871670 115
1871680 115
1871690 115
1871700 115
1871710 115
1871720 115
1871730 115
1871740 115
1871750 115
1871760 115
1871770 115
1871780 115
1871790 115
1871800 115
1871810 115
1871820 115
1871830 115
1871840 115
1871850 115
1871860 115
1871870 115
1871880 115
1871890 115
1871900 115
1871910 115
1871920 115
1871930 115
1871940 115
1871950 115
1871960 115
1871970 115
1871980 115
1871990 115
1872000 115
1872010 115
1872020 115
1872030 115
1872040 115
1872050 115
1872060 115
1872070 115
1872080 115
1872090 115
1872100 116
1872110 115
1872120 115
1872130 116
1872140 116
1872150 116
1872160 116
1872170 116
1872180 116
1872190 116
1872200 116
1872210 116
1872220 116
1872230 116
1872240 115
1872250 115
1872260 115
1872270 115
1872280 115
1872290 115
1872300 115
1872310 115
1872320 115
1872330 115
1872340 115
1872350 115
1872360 115
1872370 115
1872380 115
1872390 115
1872400 115
1872410 115
1872420 115
1872430 115
1872440 115
1872450 115
1872460 115
1872470 115
1872480 115
1872490 115
1872500 115
1872510 115
1872520 115
1872530 115
1872540 115
1872550 115
1872560 116
1872570 115
1872580 115
1872590 116
1872600 116
1872610 116
1872620 116
1872630 116
1872640 116
1872650 116
1872660 116
1872670 116
1872680 116
1872690 116
1872700 116
1872710 115
1872720 116
1872730 116
1872740 116
1872750 115
1872760 115
1872770 116
1872780 116
1872790 116
1872800 116
1872810 116
1872820 116
1872830 116
1872840 116
1872850 116
1872860 116
1872870 116
1872880 116
1872890 116
1872900 116
1872910 116
1872920 116
1872930 116
1872940 116
1872950 116
1872960 116
1872970 116
1872980 116
1872990 116
1873000 116
1873010 116
1873020 116
1873030 116
1873040 116
1873050 116
1873060 116
1873070 116
1873080 116
1873090 116
1873100 115
1873110 116
1873120 116
1873130 116
1873140 116
1873150 117
1873160 117
1873170 117
1873180 116
1873190 116
1873200 116
1873210 116
1873220 116
1873230 116
1873240 116
1873250 116
1873260 116
1873270 116
1873280 116
1873290 116
1873300 116
1873310 116
1873320 116
1873330 116
1873340 116
1873350 116
1873360 117
1873370 117
1873380 117
1873390 116
1873400 116
1873410 117
1873420 117
1873430 117
1873440 117
1873450 117
1873460 117
1873470 117
1873480 117
1873490 117
1873500 117
1873510 117
1873520 117
1873530 117
1873540 116
1873550 116
1873560 116
1873570 116
1873580 116
1873590 116
1873600 116
1873610 116
1873620 116
1873630 117
1873640 117
1873650 116
1873660 116
1873670 116
1873680 116
1873690 117
1873700 117
1873710 117
1873720 117
1873730 117
1873740 117
1873750 117
1873760 117
1873770 117
1873780 117
1873790 117
1873800 117
1873810 117
1873820 117
1873830 117
1873840 117
1873850 117
1873860 117
1873870 117
1873880 117
1873890 117
1873900 117
1873910 117
1873920 118
1873930 118
1873940 118
1873950 118
1873960 118
1873970 118
1873980 118
1873990 118
1874000 118
1874010 118
1874020 118
1874030 118
1874040 118
1874050 118
1874060 118
1874070 118
1874080 118
1874090 118
1874100 118
1874110 118
1874120 118
1874130 118
1874140 118
1874150 118
1874160 118
1874170 118
1874180 118
1874190 118
1874200 118
1874210 118
1874220 118
1874230 118
1874240 118
1874250 118
1874260 118
1874270 118
1874280 118
1874290 118
1874300 118
1874310 118
1874320 118
1874330 118
1874340 118
1874350 118
1874360 118
1874370 118
1874380 118
1874390 118
1874400 118
1874410 118
1874420 118
1874430 118
1874440 118
1874450 118
1874460 118
1874470 118
1874480 118
1874490 118
1874500 118
1874510 118
1874520 118
1874530 118
1874540 119
1874550 119
1874560 119
1874570 119
1874580 119
1874590 119
1874600 119
1874610 119
1874620 119
1874630 119
1874640 119
1874650 119
1874660 119
1874670 119
1874680 120
1874690 119
1874700 119
1874710 120
1874720 120
1874730 120
1874740 120
1874750 120
1874760 120
1874770 120
1874780 120
1874790 120
1874800 120
1874810 121
1874820 121
1874830 121
1874840 121
1874850 121
1874860 121
1874870 121
1874880 121
1874890 121
1874900 121
1874910 121
1874920 122
1874930 122
1874940 122
1874950 122
1874960 122
1874970 122
1874980 123
1874990 123
1875000 123
1875010 123
1875020 124
1875030 124
1875040 124
1875050 124
1875060 124
1875070 124
1875080 124
1875090 125
1875100 125
1875110 125
1875120 125
1875130 125
1875140 126
1875150 126
1875160 126
1875170 127
1875180 127
1875190 127
1875200 127
1875210 127
1875220 127
1875230 128
1875240 128
1875250 128
1875260 128
1875270 128
1875280 128
1875290 128
1875300 128
1875310 128
1875320 129
1875330 129
1875340 129
1875350 129
1875360 130
1875370 130
1875380 130
1875390 130
1875400 130
1875410 130
1875420 131
1875430 131
1875440 131
1875450 131
1875460 131
1875470 131
1875480 131
1875490 131
1875500 131
1875510 132
1875520 132
1875530 132
1875540 132
1875550 132
1875560 132
1875570 132
1875580 132
1875590 131
1875600 133
1875610 133
1875620 134
1875630 135
1875640 135
1875650 135
1875660 136
1875670 136
1875680 137
1875690 138
1875700 138
1875710 138
1875720 138
1875730 138
1875740 138
1875750 139
1875760 139
1875770 141
1875780 141
1875790 141
1875800 141
1875810 142
1875820 142
1875830 142
1875840 142
1875850 142
1875860 142
1875870 142
1875880 142
1875890 142
1875900 141
1875910 141
1875920 141
1875930 141
1875940 141
1875950 141
1875960 141
1875970 141
1875980 141
1875990 142
1876000 142
1876010 142
1876020 143
1876030 144
1876040 144
1876050 144
1876060 145
1876070 145
1876080 146
1876090 147
1876100 147
1876110 147
1876120 147
1876130 147
1876140 147
1876150 147
1876160 147
1876170 147
1876180 147
1876190 147
1876200 148
1876210 148
1876220 148
1876230 148
1876240 148
1876250 148
1876260 148
1876270 148
1876280 148
1876290 149
1876300 149
1876310 149
1876320 148
1876330 149
1876340 149
1876350 149
1876360 149
1876370 149
1876380 149
1876390 148
1876400 148
1876410 149
1876420 149
1876430 149
1876440 149
1876450 149
1876460 149
1876470 149
1876480 148
1876490 148
1876500 148
1876510 148
1876520 148
1876530 148
1876540 148
1876550 148
1876560 147
1876570 147
1876580 147
1876590 147
1876600 146
1876610 146
1876620 145
1876630 145
1876640 145
1876650 145
1876660 145
1876670 145
1876680 145
1876690 144
1876700 144
1876710 144
1876720 144
1876730 144
1876740 144
1876750 144
1876760 144
1876770 145
1876780 146
1876790 146
1876800 146
1876810 147
1876820 147
1876830 147
1876840 148
1876850 148
1876860 148
1876870 148
1876880 148
1876890 149
1876900 149
1876910 149
1876920 149
1876930 150
1876940 150
1876950 150
1876960 150
1876970 150
1876980 150
1876990 151
1877000 151
1877010 151
1877020 151
1877030 151
1877040 151
1877050 151
1877060 151
1877070 152
1877080 152
1877090 152
1877100 152
1877110 152
1877120 152
1877130 152
1877140 151
1877150 151
1877160 151
1877170 151
1877180 150
1877190 150
1877200 150
1877210 149
1877220 149
1877230 149
1877240 149
1877250 149
1877260 149
1877270 149
1877280 149
1877290 149
1877300 149
1877310 149
1877320 150
1877330 150
1877340 150
1877350 150
1877360 150
1877370 150
1877380 151
1877390 151
1877400 151
1877410 151
1877420 152
1877430 152
1877440 152
1877450 152
1877460 152
1877470 152
1877480 152
1877490 152
1877500 152
1877510 152
1877520 152
1877530 152
1877540 152
1877550 152
1877560 152
1877570 151
1877580 151
1877590 151
1877600 150
1877610 150
1877620 149
1877630 148
1877640 148
1877650 147
1877660 146
1877670 146
1877680 145
1877690 144
1877700 144
1877710 143
1877720 143
1877730 143
1877740 142
1877750 142
1877760 142
1877770 141
1877780 139
1877790 139
1877800 139
1877810 138
1877820 138
1877830 138
1877840 138
1877850 138
1877860 139
1877870 139
1877880 139
1877890 139
1877900 141
1877910 142
1877920 142
1877930 143
1877940 147
1877950 147
1877960 151
1877970 157
1877980 157
1877990 159
1878000 161
1878010 161
1878020 164
1878030 165
1878040 165
1878050 164
1878060 165
1878070 165
1878080 166
1878090 167
1878100 167
1878110 168
1878120 168
1878130 168
1878140 169
1878150 171
1878160 171
1878170 173
1878180 172
1878190 172
1878200 172
1878210 172
1878220 172
1878230 172
1878240 172
1878250 172
1878260 172
1878270 172
1878280 172
1878290 171
1878300 171
1878310 171
1878320 171
1878330 169
1878340 169
1878350 168
1878360 168
1878370 168
1878380 169
1878390 170
1878400 170
1878410 171
1878420 173
1878430 173
1878440 173
1878450 173
1878460 173
1878470 173
1878480 172
1878490 172
1878500 172
1878510 172
1878520 172
1878530 172
1878540 172
1878550 172
1878560 172
1878570 172
1878580 172
1878590 172
1878600 172
1878610 172
1878620 172
1878630 172
1878640 172
1878650 172
1878660 172
1878670 172
1878680 172
1878690 172
1878700 172
1878710 172
1878720 172
1878730 172
1878740 172
1878750 172
1878760 172
1878770 172
1878780 172
1878790 172
1878800 172
1878810 172
1878820 172
1878830 172
1878840 172
1878850 172
1878860 172
1878870 173
1878880 172
1878890 172
1878900 173
1878910 172
1878920 172
1878930 172
1878940 172
1878950 172
1878960 172
1878970 172
1878980 172
1878990 172
1879000 172
1879010 172
1879020 172
1879030 172
1879040 172
1879050 172
1879060 172
1879070 172
1879080 172
1879090 172
1879100 172
1879110 172
1879120 172
1879130 172
1879140 172
1879150 172
1879160 172
1879170 172
1879180 172
1879190 172
1879200 172
1879210 172
1879220 172
1879230 171
1879240 172
1879250 172
1879260 172
1879270 171
1879280 171
1879290 172
1879300 172
1879310 172
1879320 172
1879330 172
1879340 172
1879350 172
1879360 172
1879370 172
1879380 172
1879390 172
1879400 172
1879410 172
1879420 172
1879430 172
1879440 172
1879450 172
1879460 172
1879470 172
1879480 172
1879490 172
1879500 172
1879510 172
1879520 172
1879530 172
1879540 172
1879550 172
1879560 172
1879570 172
1879580 172
1879590 172
1879600 172
1879610 172
1879620 172
1879630 172
1879640 172
1879650 172
1879660 172
1879670 172
1879680 172
1879690 172
1879700 172
1879710 172
1879720 172
1879730 172
1879740 172
1879750 172
1879760 172
1879770 172
1879780 172
1879790 172
1879800 172
1879810 172
1879820 172
1879830 172
1879840 172
1879850 172
1879860 172
1879870 172
1879880 172
1879890 172
1879900 172
1879910 172
1879920 172
1879930 172
1879940 172
1879950 172
1879960 172
1879970 172
1879980 172
1879990 172
