1860000 270
1860010 272
1860020 273
1860030 273
1860040 275
1860050 276
1860060 276
1860070 277
1860080 278
1860090 278
1860100 278
1860110 279
1860120 279
1860130 280
1860140 281
1860150 281
1860160 282
1860170 283
1860180 283
1860190 284
1860200 284
1860210 284
1860220 285
1860230 285
1860240 285
1860250 284
1860260 283
1860270 283
1860280 282
1860290 281
1860300 281
1860310 280
1860320 278
1860330 278
1860340 276
1860350 274
1860360 273
1860370 271
1860380 269
1860390 269
1860400 267
1860410 265
1860420 265
1860430 263
1860440 261
1860450 261
1860460 259
1860470 257
1860480 257
1860490 255
1860500 253
1860510 253
1860520 251
1860530 249
1860540 249
1860550 247
1860560 245
1860570 245
1860580 243
1860590 241
1860600 241
1860610 238
1860620 236
1860630 236
1860640 235
1860650 233
1860660 233
1860670 230
1860680 228
1860690 228
1860700 224
1860710 222
1860720 222
1860730 220
1860740 219
1860750 219
1860760 217
1860770 214
1860780 214
1860790 212
1860800 212
1860810 212
1860820 211
1860830 211
1860840 211
1860850 213
1860860 214
1860870 215
1860880 215
1860890 216
1860900 217
1860910 217
1860920 219
1860930 220
1860940 220
1860950 222
1860960 222
1860970 222
1860980 222
1860990 223
1861000 223
1861010 222
1861020 222
1861030 222
1861040 224
1861050 224
1861060 224
1861070 224
1861080 224
1861090 224
1861100 223
1861110 221
1861120 221
1861130 219
1861140 217
1861150 217
1861160 215
1861170 214
1861180 214
1861190 212
1861200 211
1861210 211
1861220 210
1861230 209
1861240 209
1861250 208
1861260 207
1861270 207
1861280 206
1861290 205
1861300 205
1861310 204
1861320 203
1861330 203
1861340 202
1861350 201
1861360 201
1861370 200
1861380 200
1861390 200
1861400 200
1861410 199
1861420 199
1861430 199
1861440 199
1861450 199
1861460 198
1861470 198
1861480 198
1861490 198
1861500 195
1861510 195
1861520 194
1861530 194
1861540 194
1861550 193
1861560 193
1861570 193
1861580 193
1861590 192
1861600 192
1861610 192
1861620 192
1861630 192
1861640 192
1861650 191
1861660 191
1861670 190
1861680 190
1861690 190
1861700 190
1861710 189
1861720 189
1861730 189
1861740 189
1861750 189
1861760 188
1861770 188
1861780 188
1861790 187
1861800 186
1861810 186
1861820 179
1861830 174
1861840 173
1861850 173
1861860 174
1861870 176
1861880 176
1861890 176
1861900 180
1861910 180
1861920 186
1861930 186
1861940 186
1861950 186
1861960 185
1861970 185
1861980 185
1861990 184
1862000 184
1862010 184
1862020 183
1862030 183
1862040 183
1862050 183
1862060 183
1862070 183
1862080 182
1862090 182
1862100 182
1862110 182
1862120 182
1862130 182
1862140 182
1862150 182
1862160 182
1862170 181
1862180 181
1862190 180
1862200 180
1862210 180
1862220 179
1862230 179
1862240 179
1862250 178
1862260 177
1862270 177
1862280 176
1862290 175
1862300 175
1862310 175
1862320 175
1862330 175
1862340 175
1862350 175
1862360 175
1862370 174
1862380 173
1862390 173
1862400 172
1862410 173
1862420 173
1862430 173
1862440 173
1862450 173
1862460 172
1862470 172
1862480 172
1862490 171
1862500 170
1862510 170
1862520 170
1862530 170
1862540 170
1862550 169
1862560 169
1862570 169
1862580 168
1862590 168
1862600 168
1862610 167
1862620 167
1862630 167
1862640 167
1862650 166
1862660 166
1862670 166
1862680 166
1862690 166
1862700 165
1862710 165
1862720 165
1862730 165
1862740 164
1862750 165
1862760 165
1862770 164
1862780 164
1862790 164
1862800 164
1862810 164
1862820 164
1862830 164
1862840 164
1862850 164
1862860 163
1862870 164
1862880 164
1862890 164
1862900 163
1862910 163
1862920 163
1862930 163
1862940 163
1862950 163
1862960 162
1862970 162
1862980 162
1862990 161
1863000 161
1863010 161
1863020 160
1863030 160
1863040 159
1863050 159
1863060 159
1863070 158
1863080 158
1863090 158
1863100 158
1863110 158
1863120 158
1863130 157
1863140 157
1863150 157
1863160 156
1863170 156
1863180 156
1863190 156
1863200 155
1863210 155
1863220 155
1863230 154
1863240 154
1863250 154
1863260 154
1863270 154
1863280 153
1863290 153
1863300 153
1863310 152
1863320 152
1863330 152
1863340 152
1863350 152
1863360 152
1863370 151
1863380 151
1863390 151
1863400 151
1863410 151
1863420 151
1863430 151
1863440 151
1863450 151
1863460 151
1863470 151
1863480 151
1863490 151
1863500 151
1863510 151
1863520 151
1863530 151
1863540 151
1863550 150
1863560 150
1863570 150
1863580 150
1863590 150
1863600 150
1863610 150
1863620 150
1863630 150
1863640 149
1863650 149
1863660 149
1863670 149
1863680 149
1863690 149
1863700 148
1863710 148
1863720 148
1863730 148
1863740 148
1863750 147
1863760 147
1863770 147
1863780 147
1863790 147
1863800 147
1863810 147
1863820 147
1863830 147
1863840 147
1863850 147
1863860 146
1863870 146
1863880 146
1863890 146
1863900 145
1863910 145
1863920 145
1863930 144
1863940 144
1863950 144
1863960 144
1863970 144
1863980 144
1863990 143
1864000 143
1864010 143
1864020 143
1864030 143
1864040 143
1864050 142
1864060 142
1864070 142
1864080 142
1864090 142
1864100 142
1864110 141
1864120 141
1864130 141
1864140 141
1864150 141
1864160 140
1864170 140
1864180 140
1864190 140
1864200 139
1864210 139
1864220 139
1864230 139
1864240 139
1864250 138
1864260 138
1864270 138
1864280 138
1864290 137
1864300 137
1864310 137
1864320 137
1864330 137
1864340 136
1864350 136
1864360 136
1864370 136
1864380 135
1864390 135
1864400 135
1864410 135
1864420 135
1864430 135
1864440 134
1864450 134
1864460 134
1864470 134
1864480 134
1864490 134
1864500 134
1864510 134
1864520 133
1864530 133
1864540 133
1864550 133
1864560 133
1864570 133
1864580 132
1864590 132
1864600 132
1864610 132
1864620 132
1864630 132
1864640 132
1864650 131
1864660 131
1864670 131
1864680 131
1864690 131
1864700 131
1864710 131
1864720 131
1864730 131
1864740 131
1864750 130
1864760 130
1864770 130
1864780 130
1864790 130
1864800 130
1864810 129
1864820 129
1864830 129
1864840 129
1864850 129
1864860 129
1864870 129
1864880 129
1864890 129
1864900 129
1864910 129
1864920 129
1864930 129
1864940 129
1864950 129
1864960 129
1864970 129
1864980 129
1864990 128
1865000 128
1865010 128
1865020 128
1865030 128
1865040 128
1865050 128
1865060 128
1865070 127
1865080 127
1865090 127
1865100 128
1865110 128
1865120 128
1865130 128
1865140 128
1865150 128
1865160 127
1865170 128
1865180 128
1865190 128
1865200 127
1865210 127
1865220 127
1865230 127
1865240 127
1865250 127
1865260 127
1865270 127
1865280 127
1865290 127
1865300 127
1865310 127
1865320 127
1865330 127
1865340 127
1865350 127
1865360 127
1865370 127
1865380 127
1865390 127
1865400 127
1865410 128
1865420 128
1865430 128
1865440 128
1865450 128
1865460 128
1865470 128
1865480 128
1865490 128
1865500 128
1865510 128
1865520 128
1865530 129
1865540 129
1865550 129
1865560 129
1865570 129
1865580 129
1865590 129
1865600 129
1865610 130
1865620 130
1865630 130
1865640 130
1865650 130
1865660 130
1865670 130
1865680 130
1865690 130
1865700 130
1865710 130
1865720 130
1865730 130
1865740 130
1865750 131
1865760 131
1865770 131
1865780 131
1865790 131
1865800 132
1865810 132
1865820 132
1865830 132
1865840 133
1865850 133
1865860 133
1865870 133
1865880 133
1865890 134
1865900 134
1865910 134
1865920 134
1865930 135
1865940 135
1865950 136
1865960 136
1865970 136
1865980 137
1865990 138
1866000 138
1866010 138
1866020 139
1866030 139
1866040 140
1866050 141
1866060 141
1866070 142
1866080 144
1866090 144
1866100 145
1866110 146
1866120 146
1866130 148
1866140 150
1866150 149
1866160 151
1866170 152
1866180 152
1866190 153
1866200 153
1866210 153
1866220 154
1866230 155
1866240 155
1866250 155
1866260 156
1866270 156
1866280 156
1866290 157
1866300 157
1866310 157
1866320 157
1866330 157
1866340 158
1866350 158
1866360 158
1866370 158
1866380 159
1866390 159
1866400 160
1866410 160
1866420 160
1866430 161
1866440 162
1866450 162
1866460 162
1866470 162
1866480 162
1866490 163
1866500 162
1866510 162
1866520 162
1866530 162
1866540 162
1866550 161
1866560 160
1866570 160
1866580 159
1866590 157
1866600 157
1866610 156
1866620 155
1866630 155
1866640 154
1866650 153
1866660 152
1866670 152
1866680 151
1866690 151
1866700 151
1866710 150
1866720 150
1866730 150
1866740 150
1866750 150
1866760 150
1866770 151
1866780 152
1866790 152
1866800 153
1866810 155
1866820 155
1866830 157
1866840 158
1866850 158
1866860 159
1866870 161
1866880 161
1866890 162
1866900 163
1866910 163
1866920 164
1866930 165
1866940 165
1866950 165
1866960 167
1866970 167
1866980 169
1866990 171
1867000 171
1867010 172
1867020 174
1867030 174
1867040 176
1867050 177
1867060 177
1867070 178
1867080 181
1867090 181
1867100 182
1867110 184
1867120 184
1867130 186
1867140 187
1867150 187
1867160 192
1867170 193
1867180 193
1867190 193
1867200 193
1867210 193
1867220 190
1867230 187
1867240 187
1867250 181
1867260 176
1867270 176
1867280 171
1867290 166
1867300 166
1867310 162
1867320 158
1867330 158
1867340 152
1867350 145
1867360 145
1867370 138
1867380 133
1867390 133
1867400 128
1867410 124
1867420 124
1867430 123
1867440 122
1867450 122
1867460 121
1867470 120
1867480 120
1867490 119
1867500 119
1867510 119
1867520 119
1867530 119
1867540 119
1867550 118
1867560 118
1867570 118
1867580 117
1867590 118
1867600 118
1867610 117
1867620 117
1867630 117
1867640 117
1867650 117
1867660 117
1867670 117
1867680 117
1867690 117
1867700 117
1867710 117
1867720 117
1867730 117
1867740 117
1867750 117
1867760 117
1867770 117
1867780 117
1867790 117
1867800 117
1867810 117
1867820 117
1867830 117
1867840 117
1867850 117
1867860 117
1867870 117
1867880 117
1867890 117
1867900 116
1867910 116
1867920 116
1867930 116
1867940 116
1867950 116
1867960 116
1867970 116
1867980 116
1867990 116
1868000 116
1868010 116
1868020 116
1868030 116
1868040 116
1868050 116
1868060 116
1868070 116
1868080 116
1868090 116
1868100 116
1868110 116
1868120 116
1868130 116
1868140 116
1868150 116
1868160 116
1868170 116
1868180 116
1868190 116
1868200 116
1868210 116
1868220 116
1868230 116
1868240 116
1868250 116
1868260 116
1868270 116
1868280 116
1868290 116
1868300 116
1868310 116
1868320 116
1868330 116
1868340 116
1868350 116
1868360 116
1868370 116
1868380 116
1868390 116
1868400 116
1868410 116
1868420 116
1868430 116
1868440 116
1868450 116
1868460 116
1868470 116
1868480 116
1868490 116
1868500 116
1868510 116
1868520 116
1868530 116
1868540 116
1868550 116
1868560 116
1868570 116
1868580 116
1868590 116
1868600 116
1868610 116
1868620 116
1868630 116
1868640 116
1868650 116
1868660 116
1868670 116
1868680 116
1868690 116
1868700 116
1868710 116
1868720 116
1868730 116
1868740 116
1868750 116
1868760 116
1868770 116
1868780 116
1868790 116
1868800 116
1868810 116
1868820 116
1868830 116
1868840 116
1868850 116
1868860 116
1868870 116
1868880 116
1868890 116
1868900 116
1868910 116
1868920 116
1868930 116
1868940 116
1868950 116
1868960 116
1868970 116
1868980 116
1868990 116
1869000 116
1869010 116
1869020 116
1869030 116
1869040 116
1869050 116
1869060 116
1869070 116
1869080 116
1869090 116
1869100 116
1869110 116
1869120 116
1869130 116
1869140 116
1869150 116
1869160 116
1869170 116
1869180 116
1869190 116
1869200 116
1869210 116
1869220 116
1869230 116
1869240 116
1869250 116
1869260 116
1869270 116
1869280 116
1869290 116
1869300 116
1869310 116
1869320 117
1869330 117
1869340 117
1869350 117
1869360 117
1869370 116
1869380 116
1869390 116
1869400 116
1869410 116
1869420 116
1869430 116
1869440 116
1869450 116
1869460 116
1869470 116
1869480 116
1869490 116
1869500 116
1869510 116
1869520 116
1869530 116
1869540 116
1869550 116
1869560 116
1869570 116
1869580 116
1869590 116
1869600 116
1869610 116
1869620 116
1869630 116
1869640 116
1869650 116
1869660 116
1869670 116
1869680 116
1869690 116
1869700 116
1869710 116
1869720 116
1869730 116
1869740 116
1869750 116
1869760 116
1869770 116
1869780 116
1869790 116
1869800 116
1869810 116
1869820 116
1869830 116
1869840 116
1869850 116
1869860 116
1869870 116
1869880 116
1869890 116
1869900 116
1869910 116
1869920 116
1869930 116
1869940 116
1869950 116
1869960 116
1869970 116
1869980 116
1869990 116
1870000 116
1870010 116
1870020 116
1870030 116
1870040 116
1870050 116
1870060 116
1870070 116
1870080 116
1870090 116
1870100 116
1870110 116
1870120 116
1870130 116
1870140 116
1870150 116
1870160 116
1870170 116
1870180 116
1870190 116
1870200 116
1870210 116
1870220 116
1870230 116
1870240 116
1870250 116
1870260 116
1870270 116
1870280 116
1870290 116
1870300 116
1870310 116
1870320 116
1870330 116
1870340 116
1870350 116
1870360 116
1870370 116
1870380 116
1870390 116
1870400 116
1870410 116
1870420 116
1870430 116
1870440 116
1870450 116
1870460 116
1870470 116
1870480 116
1870490 116
1870500 116
1870510 116
1870520 116
1870530 116
1870540 116
1870550 116
1870560 116
1870570 116
1870580 116
1870590 116
1870600 116
1870610 116
1870620 116
1870630 116
1870640 116
1870650 116
1870660 116
1870670 116
1870680 116
1870690 116
1870700 116
1870710 116
1870720 116
1870730 116
1870740 116
1870750 116
1870760 116
1870770 116
1870780 116
1870790 116
1870800 116
1870810 116
1870820 116
1870830 116
1870840 116
1870850 116
1870860 116
1870870 116
1870880 116
1870890 116
1870900 116
1870910 116
1870920 116
1870930 116
1870940 116
1870950 116
1870960 116
1870970 116
1870980 116
1870990 116
1871000 116
1871010 116
1871020 116
1871030 116
1871040 116
1871050 116
1871060 116
1871070 116
1871080 116
1871090 116
1871100 116
1871110 116
1871120 116
1871130 116
1871140 116
1871150 116
1871160 116
1871170 116
1871180 116
1871190 116
1871200 116
1871210 116
1871220 116
1871230 116
1871240 116
1871250 116
1871260 116
1871270 116
1871280 116
1871290 116
1871300 116
1871310 116
1871320 116
1871330 116
1871340 116
1871350 116
1871360 116
1871370 116
1871380 116
1871390 116
1871400 116
1871410 116
1871420 116
1871430 119
1871440 122
1871450 122
1871460 117
1871470 116
1871480 116
1871490 116
1871500 116
1871510 116
1871520 116
1871530 116
1871540 116
1871550 116
1871560 116
1871570 116
1871580 116
1871590 116
1871600 117
1871610 117
1871620 117
1871630 117
1871640 117
1871650 117
1871660 117
1871670 117
1871680 117
1871690 116
1871700 116
1871710 116
1871720 116
1871730 116
1871740 116
1871750 116
1871760 116
1871770 116
1871780 116
1871790 116
1871800 116
1871810 116
1871820 116
1871830 116
1871840 117
1871850 117
1871860 117
1871870 117
1871880 117
1871890 117
1871900 117
1871910 117
1871920 117
1871930 117
1871940 117
1871950 117
1871960 117
1871970 117
1871980 117
1871990 117
1872000 117
1872010 117
1872020 117
1872030 117
1872040 117
1872050 117
1872060 117
1872070 116
1872080 116
1872090 116
1872100 116
1872110 116
1872120 116
1872130 116
1872140 116
1872150 116
1872160 116
1872170 117
1872180 117
1872190 117
1872200 117
1872210 117
1872220 117
1872230 117
1872240 117
1872250 117
1872260 118
1872270 118
1872280 118
1872290 118
1872300 118
1872310 118
1872320 118
1872330 118
1872340 118
1872350 118
1872360 118
1872370 118
1872380 118
1872390 118
1872400 118
1872410 118
1872420 118
1872430 118
1872440 118
1872450 118
1872460 118
1872470 118
1872480 118
1872490 118
1872500 118
1872510 118
1872520 119
1872530 119
1872540 119
1872550 119
1872560 119
1872570 119
1872580 119
1872590 119
1872600 119
1872610 119
1872620 119
1872630 119
1872640 119
1872650 119
1872660 119
1872670 119
1872680 119
1872690 119
1872700 119
1872710 120
1872720 120
1872730 120
1872740 120
1872750 120
1872760 120
1872770 120
1872780 120
1872790 120
1872800 120
1872810 120
1872820 120
1872830 120
1872840 121
1872850 122
1872860 122
1872870 122
1872880 122
1872890 122
1872900 122
1872910 122
1872920 123
1872930 123
1872940 123
1872950 123
1872960 123
1872970 123
1872980 123
1872990 122
1873000 122
1873010 122
1873020 122
1873030 122
1873040 122
1873050 122
1873060 122
1873070 122
1873080 122
1873090 122
1873100 123
1873110 123
1873120 123
1873130 123
1873140 123
1873150 123
1873160 123
1873170 122
1873180 122
1873190 122
1873200 122
1873210 122
1873220 122
1873230 122
1873240 122
1873250 122
1873260 122
1873270 122
1873280 122
1873290 122
1873300 122
1873310 122
1873320 122
1873330 122
1873340 122
1873350 122
1873360 122
1873370 122
1873380 121
1873390 121
1873400 121
1873410 121
1873420 121
1873430 121
1873440 121
1873450 121
1873460 121
1873470 122
1873480 122
1873490 122
1873500 122
1873510 122
1873520 122
1873530 122
1873540 123
1873550 123
1873560 123
1873570 124
1873580 124
1873590 124
1873600 125
1873610 125
1873620 125
1873630 126
1873640 126
1873650 126
1873660 126
1873670 126
1873680 127
1873690 127
1873700 127
1873710 127
1873720 128
1873730 128
1873740 128
1873750 128
1873760 128
1873770 128
1873780 128
1873790 128
1873800 128
1873810 128
1873820 128
1873830 128
1873840 129
1873850 129
1873860 129
1873870 129
1873880 129
1873890 130
1873900 130
1873910 130
1873920 130
1873930 131
1873940 131
1873950 131
1873960 131
1873970 131
1873980 132
1873990 132
1874000 132
1874010 132
1874020 132
1874030 132
1874040 132
1874050 132
1874060 132
1874070 132
1874080 132
1874090 132
1874100 132
1874110 133
1874120 133
1874130 133
1874140 132
1874150 132
1874160 132
1874170 133
1874180 133
1874190 133
1874200 134
1874210 134
1874220 134
1874230 133
1874240 133
1874250 134
1874260 134
1874270 134
1874280 134
1874290 135
1874300 135
1874310 135
1874320 135
1874330 135
1874340 135
1874350 136
1874360 136
1874370 136
1874380 136
1874390 137
1874400 137
1874410 137
1874420 137
1874430 137
1874440 137
1874450 137
1874460 137
1874470 139
1874480 139
1874490 139
1874500 141
1874510 142
1874520 142
1874530 142
1874540 143
1874550 143
1874560 145
1874570 145
1874580 145
1874590 147
1874600 152
1874610 152
1874620 155
1874630 157
1874640 157
1874650 158
1874660 160
1874670 160
1874680 162
1874690 163
1874700 163
1874710 162
1874720 162
1874730 162
1874740 161
1874750 161
1874760 161
1874770 160
1874780 159
1874790 159
1874800 158
1874810 157
1874820 157
1874830 156
1874840 153
1874850 153
1874860 152
1874870 150
1874880 150
1874890 149
1874900 148
1874910 148
1874920 147
1874930 146
1874940 146
1874950 146
1874960 144
1874970 144
1874980 143
1874990 143
1875000 143
1875010 143
1875020 143
1875030 143
1875040 142
1875050 142
1875060 142
1875070 142
1875080 142
1875090 142
1875100 143
1875110 143
1875120 143
1875130 144
1875140 144
1875150 144
1875160 144
1875170 145
1875180 145
1875190 146
1875200 146
1875210 146
1875220 147
1875230 148
1875240 148
1875250 148
1875260 147
1875270 147
1875280 147
1875290 148
1875300 148
1875310 148
1875320 149
1875330 149
1875340 151
1875350 151
1875360 153
1875370 153
1875380 155
1875390 156
1875400 156
1875410 157
1875420 159
1875430 159
1875440 160
1875450 161
1875460 161
1875470 162
1875480 163
1875490 163
1875500 164
1875510 165
1875520 165
1875530 165
1875540 165
1875550 165
1875560 166
1875570 166
1875580 166
1875590 166
1875600 166
1875610 166
1875620 166
1875630 166
1875640 166
1875650 166
1875660 166
1875670 166
1875680 166
1875690 166
1875700 166
1875710 166
1875720 166
1875730 166
1875740 166
1875750 166
1875760 166
1875770 166
1875780 166
1875790 166
1875800 166
1875810 166
1875820 166
1875830 166
1875840 166
1875850 166
1875860 165
1875870 165
1875880 165
1875890 165
1875900 165
1875910 165
1875920 165
1875930 165
1875940 165
1875950 165
1875960 165
1875970 165
1875980 164
1875990 164
1876000 164
1876010 164
1876020 163
1876030 163
1876040 163
1876050 162
1876060 162
1876070 162
1876080 161
1876090 161
1876100 160
1876110 160
1876120 160
1876130 159
1876140 158
1876150 158
1876160 157
1876170 156
1876180 156
1876190 155
1876200 155
1876210 155
1876220 155
1876230 154
1876240 154
1876250 154
1876260 155
1876270 155
1876280 155
1876290 155
1876300 155
1876310 155
1876320 156
1876330 156
1876340 156
1876350 156
1876360 157
1876370 157
1876380 157
1876390 157
1876400 157
1876410 158
1876420 158
1876430 158
1876440 158
1876450 159
1876460 159
1876470 159
1876480 159
1876490 160
1876500 160
1876510 161
1876520 161
1876530 161
1876540 161
1876550 161
1876560 161
1876570 161
1876580 161
1876590 161
1876600 161
1876610 161
1876620 162
1876630 162
1876640 162
1876650 162
1876660 163
1876670 163
1876680 163
1876690 163
1876700 163
1876710 163
1876720 163
1876730 163
1876740 163
1876750 164
1876760 164
1876770 164
1876780 164
1876790 164
1876800 164
1876810 164
1876820 164
1876830 164
1876840 165
1876850 165
1876860 165
1876870 165
1876880 165
1876890 165
1876900 165
1876910 165
1876920 165
1876930 166
1876940 166
1876950 166
1876960 166
1876970 166
1876980 165
1876990 165
1877000 165
1877010 165
1877020 165
1877030 165
1877040 165
1877050 165
1877060 165
1877070 165
1877080 165
1877090 165
1877100 165
1877110 165
1877120 165
1877130 165
1877140 165
1877150 165
1877160 165
1877170 165
1877180 165
1877190 165
1877200 165
1877210 165
1877220 165
1877230 165
1877240 165
1877250 165
1877260 165
1877270 165
1877280 165
1877290 165
1877300 164
1877310 164
1877320 164
1877330 164
1877340 164
1877350 164
1877360 163
1877370 163
1877380 163
1877390 163
1877400 163
1877410 163
1877420 162
1877430 162
1877440 162
1877450 162
1877460 162
1877470 161
1877480 161
1877490 161
1877500 160
1877510 159
1877520 159
1877530 159
1877540 158
1877550 158
1877560 157
1877570 156
1877580 156
1877590 154
1877600 153
1877610 153
1877620 152
1877630 151
1877640 151
1877650 151
1877660 151
1877670 151
1877680 151
1877690 151
1877700 151
1877710 151
1877720 152
1877730 152
1877740 153
1877750 154
1877760 154
1877770 155
1877780 156
1877790 156
1877800 157
1877810 157
1877820 157
1877830 157
1877840 157
1877850 157
1877860 158
1877870 158
1877880 158
1877890 158
1877900 158
1877910 158
1877920 158
1877930 158
1877940 158
1877950 158
1877960 158
1877970 158
1877980 158
1877990 158
1878000 158
1878010 158
1878020 158
1878030 158
1878040 157
1878050 156
1878060 156
1878070 155
1878080 154
1878090 154
1878100 153
1878110 152
1878120 152
1878130 151
1878140 149
1878150 149
1878160 148
1878170 147
1878180 147
1878190 146
1878200 145
1878210 145
1878220 145
1878230 145
1878240 145
1878250 146
1878260 148
1878270 151
1878280 151
1878290 156
1878300 160
1878310 160
1878320 164
1878330 165
1878340 165
1878350 164
1878360 163
1878370 163
1878380 162
1878390 163
1878400 163
1878410 163
1878420 163
1878430 163
1878440 164
1878450 164
1878460 162
1878470 163
1878480 164
1878490 164
1878500 165
1878510 166
1878520 166
1878530 167
1878540 168
1878550 168
1878560 169
1878570 170
1878580 170
1878590 170
1878600 171
1878610 171
1878620 172
1878630 173
1878640 173
1878650 173
1878660 173
1878670 173
1878680 173
1878690 173
1878700 173
1878710 173
1878720 172
1878730 172
1878740 169
1878750 169
1878760 169
1878770 169
1878780 169
1878790 169
1878800 170
1878810 172
1878820 172
1878830 173
1878840 173
1878850 173
1878860 173
1878870 173
1878880 173
1878890 173
1878900 173
1878910 173
1878920 173
1878930 173
1878940 173
1878950 173
1878960 173
1878970 173
1878980 173
1878990 173
1879000 173
1879010 173
1879020 173
1879030 173
1879040 173
1879050 173
1879060 173
1879070 173
1879080 173
1879090 173
1879100 173
1879110 173
1879120 173
1879130 173
1879140 173
1879150 173
1879160 173
1879170 173
1879180 173
1879190 173
1879200 173
1879210 173
1879220 173
1879230 173
1879240 173
1879250 173
1879260 173
1879270 173
1879280 173
1879290 173
1879300 173
1879310 173
1879320 173
1879330 173
1879340 173
1879350 173
1879360 173
1879370 173
1879380 173
1879390 173
1879400 173
1879410 173
1879420 173
1879430 173
1879440 173
1879450 174
1879460 174
1879470 174
1879480 173
1879490 173
1879500 173
1879510 173
1879520 173
1879530 173
1879540 173
1879550 173
1879560 173
1879570 173
1879580 173
1879590 173
1879600 173
1879610 173
1879620 173
1879630 173
1879640 173
1879650 173
1879660 173
1879670 173
1879680 173
1879690 173
1879700 173
1879710 173
1879720 173
1879730 173
1879740 173
1879750 173
1879760 173
1879770 173
1879780 173
1879790 173
1879800 173
1879810 173
1879820 173
1879830 173
1879840 173
1879850 173
1879860 173
1879870 173
1879880 173
1879890 173
1879900 173
1879910 173
1879920 173
1879930 173
1879940 173
1879950 173
1879960 174
1879970 174
1879980 174
1879990 174
