1860000 287
1860010 286
1860020 286
1860030 285
1860040 285
1860050 285
1860060 284
1860070 284
1860080 284
1860090 284
1860100 284
1860110 284
1860120 284
1860130 284
1860140 284
1860150 285
1860160 285
1860170 285
1860180 285
1860190 286
1860200 286
1860210 286
1860220 286
1860230 286
1860240 286
1860250 285
1860260 284
1860270 284
1860280 283
1860290 282
1860300 282
1860310 282
1860320 281
1860330 281
1860340 280
1860350 279
1860360 279
1860370 278
1860380 278
1860390 278
1860400 278
1860410 277
1860420 277
1860430 276
1860440 275
1860450 275
1860460 274
1860470 273
1860480 273
1860490 272
1860500 271
1860510 271
1860520 271
1860530 271
1860540 271
1860550 272
1860560 273
1860570 273
1860580 274
1860590 275
1860600 275
1860610 276
1860620 277
1860630 277
1860640 278
1860650 279
1860660 279
1860670 280
1860680 284
1860690 284
1860700 285
1860710 285
1860720 285
1860730 284
1860740 283
1860750 283
1860760 282
1860770 282
1860780 282
1860790 280
1860800 279
1860810 279
1860820 278
1860830 277
1860840 277
1860850 275
1860860 275
1860870 275
1860880 274
1860890 273
1860900 273
1860910 272
1860920 271
1860930 271
1860940 270
1860950 270
1860960 270
1860970 269
1860980 269
1860990 269
1861000 269
1861010 269
1861020 269
1861030 269
1861040 270
1861050 270
1861060 270
1861070 270
1861080 270
1861090 271
1861100 271
1861110 271
1861120 271
1861130 271
1861140 271
1861150 272
1861160 273
1861170 273
1861180 273
1861190 273
1861200 273
1861210 272
1861220 272
1861230 272
1861240 271
1861250 271
1861260 271
1861270 271
1861280 270
1861290 270
1861300 270
1861310 270
1861320 269
1861330 269
1861340 268
1861350 268
1861360 268
1861370 268
1861380 267
1861390 267
1861400 267
1861410 267
1861420 267
1861430 266
1861440 265
1861450 265
1861460 265
1861470 264
1861480 264
1861490 264
1861500 263
1861510 263
1861520 262
1861530 261
1861540 261
1861550 261
1861560 260
1861570 260
1861580 259
1861590 258
1861600 258
1861610 257
1861620 257
1861630 257
1861640 256
1861650 254
1861660 254
1861670 253
1861680 252
1861690 252
1861700 251
1861710 249
1861720 249
1861730 248
1861740 246
1861750 246
1861760 244
1861770 241
1861780 241
1861790 239
1861800 236
1861810 236
1861820 234
1861830 232
1861840 232
1861850 229
1861860 227
1861870 227
1861880 224
1861890 222
1861900 222
1861910 219
1861920 216
1861930 216
1861940 213
1861950 210
1861960 210
1861970 207
1861980 205
1861990 205
1862000 203
1862010 201
1862020 201
1862030 199
1862040 197
1862050 197
1862060 195
1862070 193
1862080 193
1862090 191
1862100 190
1862110 190
1862120 190
1862130 190
1862140 190
1862150 190
1862160 190
1862170 190
1862180 191
1862190 192
1862200 192
1862210 194
1862220 198
1862230 198
1862240 200
1862250 203
1862260 207
1862270 207
1862280 210
1862290 211
1862300 211
1862310 213
1862320 218
1862330 218
1862340 220
1862350 221
1862360 221
1862370 222
1862380 222
1862390 222
1862400 222
1862410 222
1862420 222
1862430 222
1862440 221
1862450 221
1862460 221
1862470 220
1862480 220
1862490 219
1862500 218
1862510 218
1862520 217
1862530 217
1862540 217
1862550 216
1862560 215
1862570 215
1862580 215
1862590 214
1862600 214
1862610 213
1862620 212
1862630 212
1862640 211
1862650 209
1862660 209
1862670 209
1862680 208
1862690 208
1862700 207
1862710 206
1862720 206
1862730 205
1862740 204
1862750 204
1862760 204
1862770 203
1862780 203
1862790 203
1862800 203
1862810 203
1862820 202
1862830 200
1862840 200
1862850 197
1862860 196
1862870 196
1862880 195
1862890 194
1862900 194
1862910 193
1862920 192
1862930 192
1862940 191
1862950 190
1862960 190
1862970 189
1862980 188
1862990 188
1863000 187
1863010 187
1863020 187
1863030 186
1863040 186
1863050 186
1863060 185
1863070 185
1863080 185
1863090 184
1863100 184
1863110 184
1863120 184
1863130 184
1863140 184
1863150 184
1863160 183
1863170 183
1863180 182
1863190 180
1863200 180
1863210 178
1863220 176
1863230 176
1863240 175
1863250 175
1863260 175
1863270 175
1863280 174
1863290 172
1863300 172
1863310 171
1863320 170
1863330 170
1863340 169
1863350 168
1863360 168
1863370 166
1863380 165
1863390 165
1863400 165
1863410 167
1863420 167
1863430 166
1863440 165
1863450 165
1863460 167
1863470 167
1863480 168
1863490 168
1863500 165
1863510 165
1863520 164
1863530 163
1863540 163
1863550 162
1863560 161
1863570 161
1863580 160
1863590 160
1863600 160
1863610 160
1863620 159
1863630 159
1863640 159
1863650 158
1863660 158
1863670 158
1863680 158
1863690 158
1863700 158
1863710 158
1863720 158
1863730 158
1863740 158
1863750 158
1863760 158
1863770 158
1863780 158
1863790 158
1863800 159
1863810 159
1863820 159
1863830 159
1863840 159
1863850 159
1863860 160
1863870 160
1863880 161
1863890 162
1863900 162
1863910 163
1863920 163
1863930 163
1863940 162
1863950 162
1863960 162
1863970 162
1863980 161
1863990 161
1864000 160
1864010 160
1864020 160
1864030 159
1864040 158
1864050 158
1864060 157
1864070 156
1864080 156
1864090 156
1864100 155
1864110 155
1864120 155
1864130 154
1864140 154
1864150 154
1864160 154
1864170 154
1864180 153
1864190 153
1864200 153
1864210 152
1864220 152
1864230 151
1864240 151
1864250 151
1864260 150
1864270 150
1864280 150
1864290 149
1864300 149
1864310 149
1864320 148
1864330 148
1864340 148
1864350 147
1864360 147
1864370 147
1864380 146
1864390 146
1864400 146
1864410 146
1864420 146
1864430 146
1864440 146
1864450 146
1864460 145
1864470 145
1864480 145
1864490 145
1864500 146
1864510 146
1864520 146
1864530 146
1864540 146
1864550 146
1864560 146
1864570 146
1864580 146
1864590 146
1864600 146
1864610 145
1864620 146
1864630 146
1864640 146
1864650 145
1864660 145
1864670 145
1864680 145
1864690 145
1864700 145
1864710 146
1864720 146
1864730 146
1864740 146
1864750 146
1864760 146
1864770 146
1864780 146
1864790 146
1864800 146
1864810 146
1864820 146
1864830 145
1864840 146
1864850 145
1864860 145
1864870 145
1864880 145
1864890 145
1864900 145
1864910 144
1864920 144
1864930 144
1864940 144
1864950 144
1864960 144
1864970 144
1864980 144
1864990 144
1865000 144
1865010 144
1865020 144
1865030 144
1865040 144
1865050 144
1865060 144
1865070 144
1865080 144
1865090 143
1865100 143
1865110 143
1865120 143
1865130 142
1865140 142
1865150 142
1865160 142
1865170 142
1865180 143
1865190 143
1865200 143
1865210 142
1865220 142
1865230 142
1865240 142
1865250 142
1865260 142
1865270 142
1865280 142
1865290 142
1865300 142
1865310 142
1865320 141
1865330 141
1865340 141
1865350 141
1865360 141
1865370 141
1865380 141
1865390 141
1865400 141
1865410 141
1865420 141
1865430 141
1865440 141
1865450 141
1865460 141
1865470 141
1865480 141
1865490 142
1865500 142
1865510 142
1865520 142
1865530 142
1865540 142
1865550 142
1865560 142
1865570 142
1865580 142
1865590 142
1865600 142
1865610 142
1865620 142
1865630 142
1865640 142
1865650 142
1865660 142
1865670 142
1865680 142
1865690 142
1865700 142
1865710 142
1865720 142
1865730 142
1865740 141
1865750 141
1865760 141
1865770 141
1865780 141
1865790 141
1865800 141
1865810 141
1865820 141
1865830 141
1865840 141
1865850 141
1865860 141
1865870 141
1865880 141
1865890 141
1865900 141
1865910 141
1865920 141
1865930 141
1865940 141
1865950 141
1865960 141
1865970 142
1865980 142
1865990 142
1866000 142
1866010 142
1866020 142
1866030 142
1866040 142
1866050 142
1866060 142
1866070 142
1866080 142
1866090 142
1866100 142
1866110 142
1866120 142
1866130 142
1866140 142
1866150 141
1866160 141
1866170 141
1866180 141
1866190 141
1866200 141
1866210 141
1866220 141
1866230 140
1866240 140
1866250 140
1866260 140
1866270 140
1866280 140
1866290 140
1866300 140
1866310 140
1866320 140
1866330 140
1866340 140
1866350 140
1866360 140
1866370 140
1866380 140
1866390 140
1866400 140
1866410 140
1866420 140
1866430 140
1866440 140
1866450 140
1866460 140
1866470 140
1866480 140
1866490 140
1866500 140
1866510 140
1866520 140
1866530 141
1866540 141
1866550 141
1866560 141
1866570 141
1866580 141
1866590 141
1866600 141
1866610 141
1866620 142
1866630 142
1866640 142
1866650 142
1866660 142
1866670 143
1866680 144
1866690 144
1866700 144
1866710 145
1866720 145
1866730 145
1866740 146
1866750 146
1866760 146
1866770 147
1866780 147
1866790 147
1866800 148
1866810 148
1866820 149
1866830 150
1866840 150
1866850 151
1866860 152
1866870 152
1866880 152
1866890 153
1866900 153
1866910 154
1866920 155
1866930 155
1866940 155
1866950 155
1866960 155
1866970 155
1866980 155
1866990 155
1867000 154
1867010 154
1867020 154
1867030 154
1867040 155
1867050 155
1867060 156
1867070 157
1867080 157
1867090 159
1867100 160
1867110 160
1867120 161
1867130 162
1867140 162
1867150 163
1867160 163
1867170 163
1867180 163
1867190 162
1867200 162
1867210 161
1867220 160
1867230 160
1867240 160
1867250 160
1867260 161
1867270 161
1867280 162
1867290 162
1867300 162
1867310 162
1867320 163
1867330 163
1867340 164
1867350 165
1867360 165
1867370 166
1867380 167
1867390 167
1867400 169
1867410 170
1867420 170
1867430 172
1867440 173
1867450 173
1867460 175
1867470 177
1867480 177
1867490 179
1867500 180
1867510 180
1867520 182
1867530 184
1867540 184
1867550 186
1867560 188
1867570 188
1867580 191
1867590 193
1867600 193
1867610 195
1867620 198
1867630 198
1867640 200
1867650 201
1867660 201
1867670 203
1867680 204
1867690 204
1867700 205
1867710 207
1867720 207
1867730 207
1867740 208
1867750 208
1867760 208
1867770 208
1867780 208
1867790 208
1867800 208
1867810 208
1867820 208
1867830 209
1867840 209
1867850 209
1867860 210
1867870 210
1867880 209
1867890 209
1867900 209
1867910 208
1867920 208
1867930 208
1867940 206
1867950 204
1867960 204
1867970 203
1867980 202
1867990 202
1868000 200
1868010 199
1868020 199
1868030 198
1868040 196
1868050 196
1868060 195
1868070 193
1868080 193
1868090 191
1868100 190
1868110 190
1868120 188
1868130 185
1868140 185
1868150 183
1868160 182
1868170 182
1868180 180
1868190 178
1868200 178
1868210 177
1868220 175
1868230 173
1868240 173
1868250 172
1868260 170
1868270 170
1868280 168
1868290 167
1868300 167
1868310 165
1868320 164
1868330 164
1868340 162
1868350 160
1868360 160
1868370 159
1868380 157
1868390 157
1868400 156
1868410 155
1868420 155
1868430 153
1868440 152
1868450 152
1868460 151
1868470 150
1868480 150
1868490 150
1868500 150
1868510 150
1868520 149
1868530 149
1868540 149
1868550 148
1868560 147
1868570 147
1868580 146
1868590 145
1868600 145
1868610 144
1868620 143
1868630 143
1868640 143
1868650 142
1868660 142
1868670 141
1868680 141
1868690 141
1868700 140
1868710 140
1868720 140
1868730 141
1868740 139
1868750 139
1868760 138
1868770 137
1868780 137
1868790 136
1868800 136
1868810 136
1868820 135
1868830 135
1868840 135
1868850 134
1868860 134
1868870 134
1868880 133
1868890 133
1868900 133
1868910 133
1868920 134
1868930 134
1868940 135
1868950 135
1868960 135
1868970 135
1868980 134
1868990 134
1869000 134
1869010 133
1869020 133
1869030 133
1869040 134
1869050 134
1869060 134
1869070 134
1869080 134
1869090 134
1869100 134
1869110 134
1869120 135
1869130 135
1869140 135
1869150 135
1869160 136
1869170 136
1869180 136
1869190 137
1869200 137
1869210 137
1869220 138
1869230 138
1869240 138
1869250 138
1869260 138
1869270 138
1869280 138
1869290 138
1869300 138
1869310 138
1869320 138
1869330 138
1869340 137
1869350 137
1869360 137
1869370 137
1869380 137
1869390 137
1869400 137
1869410 137
1869420 137
1869430 138
1869440 138
1869450 138
1869460 138
1869470 137
1869480 137
1869490 137
1869500 137
1869510 137
1869520 137
1869530 137
1869540 137
1869550 136
1869560 137
1869570 137
1869580 136
1869590 136
1869600 136
1869610 136
1869620 135
1869630 135
1869640 135
1869650 135
1869660 135
1869670 135
1869680 134
1869690 134
1869700 133
1869710 133
1869720 133
1869730 132
1869740 132
1869750 132
1869760 131
1869770 130
1869780 130
1869790 131
1869800 131
1869810 131
1869820 131
1869830 131
1869840 131
1869850 131
1869860 131
1869870 131
1869880 131
1869890 131
1869900 131
1869910 131
1869920 132
1869930 132
1869940 132
1869950 132
1869960 132
1869970 132
1869980 132
1869990 132
1870000 132
1870010 131
1870020 131
1870030 131
1870040 131
1870050 131
1870060 131
1870070 131
1870080 131
1870090 130
1870100 130
1870110 130
1870120 130
1870130 129
1870140 129
1870150 129
1870160 129
1870170 129
1870180 129
1870190 129
1870200 129
1870210 128
1870220 128
1870230 128
1870240 128
1870250 128
1870260 129
1870270 129
1870280 129
1870290 129
1870300 129
1870310 129
1870320 130
1870330 130
1870340 130
1870350 130
1870360 130
1870370 127
1870380 126
1870390 126
1870400 126
1870410 126
1870420 126
1870430 127
1870440 127
1870450 127
1870460 127
1870470 127
1870480 127
1870490 127
1870500 126
1870510 126
1870520 126
1870530 126
1870540 126
1870550 126
1870560 127
1870570 127
1870580 127
1870590 127
1870600 127
1870610 127
1870620 127
1870630 127
1870640 127
1870650 127
1870660 127
1870670 127
1870680 127
1870690 127
1870700 127
1870710 127
1870720 127
1870730 127
1870740 128
1870750 128
1870760 128
1870770 128
1870780 128
1870790 128
1870800 128
1870810 128
1870820 128
1870830 129
1870840 129
1870850 129
1870860 129
1870870 129
1870880 130
1870890 130
1870900 130
1870910 131
1870920 131
1870930 131
1870940 131
1870950 132
1870960 132
1870970 132
1870980 133
1870990 133
1871000 133
1871010 134
1871020 134
1871030 134
1871040 134
1871050 134
1871060 135
1871070 135
1871080 135
1871090 136
1871100 136
1871110 136
1871120 136
1871130 137
1871140 137
1871150 137
1871160 137
1871170 137
1871180 137
1871190 138
1871200 138
1871210 138
1871220 138
1871230 138
1871240 138
1871250 138
1871260 139
1871270 139
1871280 139
1871290 139
1871300 139
1871310 139
1871320 139
1871330 139
1871340 139
1871350 139
1871360 139
1871370 139
1871380 140
1871390 140
1871400 140
1871410 140
1871420 140
1871430 140
1871440 140
1871450 140
1871460 140
1871470 140
1871480 140
1871490 140
1871500 140
1871510 140
1871520 140
1871530 141
1871540 141
1871550 141
1871560 142
1871570 142
1871580 142
1871590 143
1871600 143
1871610 143
1871620 143
1871630 143
1871640 144
1871650 145
1871660 145
1871670 145
1871680 145
1871690 145
1871700 145
1871710 145
1871720 145
1871730 145
1871740 144
1871750 144
1871760 144
1871770 144
1871780 144
1871790 143
1871800 143
1871810 143
1871820 142
1871830 142
1871840 142
1871850 141
1871860 141
1871870 141
1871880 140
1871890 140
1871900 140
1871910 140
1871920 140
1871930 140
1871940 139
1871950 139
1871960 139
1871970 139
1871980 139
1871990 139
1872000 138
1872010 138
1872020 138
1872030 138
1872040 138
1872050 138
1872060 138
1872070 137
1872080 137
1872090 137
1872100 137
1872110 137
1872120 137
1872130 137
1872140 137
1872150 137
1872160 137
1872170 137
1872180 137
1872190 137
1872200 137
1872210 137
1872220 137
1872230 138
1872240 138
1872250 138
1872260 139
1872270 139
1872280 139
1872290 139
1872300 139
1872310 140
1872320 140
1872330 140
1872340 141
1872350 142
1872360 142
1872370 143
1872380 143
1872390 143
1872400 146
1872410 146
1872420 146
1872430 147
1872440 148
1872450 148
1872460 148
1872470 148
1872480 148
1872490 148
1872500 148
1872510 148
1872520 147
1872530 147
1872540 147
1872550 147
1872560 146
1872570 146
1872580 145
1872590 144
1872600 144
1872610 144
1872620 143
1872630 143
1872640 142
1872650 141
1872660 141
1872670 140
1872680 139
1872690 139
1872700 138
1872710 138
1872720 138
1872730 137
1872740 136
1872750 136
1872760 136
1872770 135
1872780 135
1872790 135
1872800 134
1872810 134
1872820 134
1872830 133
1872840 133
1872850 133
1872860 133
1872870 133
1872880 132
1872890 132
1872900 132
1872910 132
1872920 132
1872930 132
1872940 132
1872950 132
1872960 132
1872970 132
1872980 131
1872990 131
1873000 132
1873010 132
1873020 132
1873030 132
1873040 132
1873050 132
1873060 132
1873070 132
1873080 132
1873090 132
1873100 132
1873110 132
1873120 132
1873130 132
1873140 132
1873150 132
1873160 133
1873170 133
1873180 133
1873190 133
1873200 133
1873210 134
1873220 134
1873230 135
1873240 135
1873250 135
1873260 136
1873270 136
1873280 136
1873290 137
1873300 137
1873310 137
1873320 138
1873330 138
1873340 139
1873350 140
1873360 140
1873370 141
1873380 142
1873390 142
1873400 143
1873410 145
1873420 145
1873430 146
1873440 148
1873450 148
1873460 150
1873470 152
1873480 152
1873490 153
1873500 155
1873510 155
1873520 157
1873530 158
1873540 158
1873550 159
1873560 162
1873570 162
1873580 163
1873590 164
1873600 164
1873610 164
1873620 164
1873630 164
1873640 165
1873650 166
1873660 166
1873670 167
1873680 168
1873690 168
1873700 169
1873710 169
1873720 169
1873730 168
1873740 168
1873750 168
1873760 167
1873770 165
1873780 165
1873790 164
1873800 163
1873810 163
1873820 162
1873830 161
1873840 161
1873850 160
1873860 160
1873870 160
1873880 160
1873890 161
1873900 161
1873910 161
1873920 163
1873930 163
1873940 165
1873950 169
1873960 169
1873970 171
1873980 172
1873990 172
1874000 174
1874010 175
1874020 175
1874030 175
1874040 175
1874050 175
1874060 175
1874070 175
1874080 175
1874090 175
1874100 175
1874110 175
1874120 175
1874130 175
1874140 175
1874150 175
1874160 174
1874170 174
1874180 175
1874190 175
1874200 175
1874210 175
1874220 174
1874230 174
1874240 174
1874250 174
1874260 174
1874270 174
1874280 174
1874290 174
1874300 174
1874310 173
1874320 173
1874330 173
1874340 173
1874350 173
1874360 173
1874370 172
1874380 172
1874390 172
1874400 172
1874410 172
1874420 172
1874430 172
1874440 172
1874450 172
1874460 173
1874470 173
1874480 173
1874490 173
1874500 173
1874510 173
1874520 174
1874530 175
1874540 175
1874550 175
1874560 175
1874570 175
1874580 175
1874590 176
1874600 176
1874610 176
1874620 176
1874630 176
1874640 176
1874650 176
1874660 176
1874670 176
1874680 176
1874690 176
1874700 176
1874710 176
1874720 176
1874730 176
1874740 176
1874750 176
1874760 176
1874770 176
1874780 176
1874790 176
1874800 176
1874810 176
1874820 176
1874830 176
1874840 176
1874850 176
1874860 176
1874870 176
1874880 176
1874890 176
1874900 176
1874910 176
1874920 176
1874930 176
1874940 176
1874950 176
1874960 176
1874970 176
1874980 176
1874990 176
1875000 175
1875010 174
1875020 174
1875030 174
1875040 174
1875050 174
1875060 174
1875070 174
1875080 174
1875090 175
1875100 175
1875110 175
1875120 176
1875130 176
1875140 176
1875150 176
1875160 176
1875170 176
1875180 177
1875190 177
1875200 177
1875210 176
1875220 177
1875230 177
1875240 177
1875250 176
1875260 176
1875270 176
1875280 176
1875290 176
1875300 176
1875310 176
1875320 176
1875330 176
1875340 175
1875350 175
1875360 175
1875370 175
1875380 175
1875390 175
1875400 175
1875410 175
1875420 175
1875430 175
1875440 175
1875450 175
1875460 175
1875470 175
1875480 175
1875490 175
1875500 175
1875510 175
1875520 175
1875530 175
1875540 175
1875550 175
1875560 175
1875570 175
1875580 175
1875590 175
1875600 175
1875610 175
1875620 175
1875630 175
1875640 175
1875650 175
1875660 175
1875670 175
1875680 175
1875690 175
1875700 175
1875710 175
1875720 175
1875730 175
1875740 175
1875750 175
1875760 175
1875770 175
1875780 175
1875790 175
1875800 175
1875810 175
1875820 175
1875830 175
1875840 175
1875850 175
1875860 175
1875870 175
1875880 175
1875890 175
1875900 175
1875910 175
1875920 175
1875930 175
1875940 175
1875950 175
1875960 175
1875970 175
1875980 175
1875990 175
1876000 175
1876010 175
1876020 175
1876030 175
1876040 175
1876050 175
1876060 175
1876070 175
1876080 175
1876090 175
1876100 175
1876110 175
1876120 175
1876130 175
1876140 175
1876150 175
1876160 175
1876170 175
1876180 175
1876190 175
1876200 175
1876210 175
1876220 175
1876230 174
1876240 174
1876250 174
1876260 174
1876270 174
1876280 173
1876290 173
1876300 173
1876310 173
1876320 173
1876330 173
1876340 172
1876350 172
1876360 172
1876370 172
1876380 172
1876390 172
1876400 171
1876410 171
1876420 171
1876430 171
1876440 171
1876450 171
1876460 170
1876470 170
1876480 170
1876490 170
1876500 170
1876510 170
1876520 170
1876530 170
1876540 170
1876550 170
1876560 170
1876570 170
1876580 170
1876590 170
1876600 170
1876610 170
1876620 170
1876630 170
1876640 170
1876650 171
1876660 171
1876670 171
1876680 171
1876690 171
1876700 171
1876710 172
1876720 172
1876730 172
1876740 172
1876750 172
1876760 172
1876770 173
1876780 173
1876790 173
1876800 173
1876810 173
1876820 174
1876830 174
1876840 174
1876850 174
1876860 174
1876870 174
1876880 174
1876890 174
1876900 174
1876910 174
1876920 174
1876930 174
1876940 174
1876950 175
1876960 175
1876970 174
1876980 174
1876990 174
1877000 175
1877010 175
1877020 175
1877030 175
1877040 174
1877050 174
1877060 174
1877070 174
1877080 174
1877090 174
1877100 174
1877110 174
1877120 174
1877130 174
1877140 174
1877150 174
1877160 174
1877170 174
1877180 174
1877190 174
1877200 174
1877210 174
1877220 174
1877230 174
1877240 174
1877250 174
1877260 174
1877270 174
1877280 174
1877290 174
1877300 174
1877310 174
1877320 174
1877330 174
1877340 174
1877350 174
1877360 174
1877370 174
1877380 174
1877390 174
1877400 174
1877410 174
1877420 174
1877430 174
1877440 174
1877450 174
1877460 174
1877470 173
1877480 173
1877490 173
1877500 173
1877510 173
1877520 173
1877530 173
1877540 173
1877550 173
1877560 172
1877570 172
1877580 172
1877590 172
1877600 172
1877610 172
1877620 172
1877630 172
1877640 172
1877650 172
1877660 172
1877670 172
1877680 172
1877690 172
1877700 172
1877710 172
1877720 172
1877730 172
1877740 172
1877750 172
1877760 172
1877770 171
1877780 171
1877790 171
1877800 171
1877810 171
1877820 171
1877830 171
1877840 171
1877850 170
1877860 170
1877870 170
1877880 170
1877890 170
1877900 170
1877910 169
1877920 169
1877930 169
1877940 169
1877950 169
1877960 169
1877970 168
1877980 168
1877990 168
1878000 168
1878010 168
1878020 168
1878030 167
1878040 167
1878050 167
1878060 167
1878070 166
1878080 166
1878090 166
1878100 166
1878110 166
1878120 165
1878130 165
1878140 165
1878150 164
1878160 164
1878170 163
1878180 163
1878190 162
1878200 162
1878210 162
1878220 161
1878230 161
1878240 161
1878250 160
1878260 160
1878270 160
1878280 159
1878290 159
1878300 159
1878310 158
1878320 158
1878330 158
1878340 158
1878350 157
1878360 157
1878370 158
1878380 160
1878390 160
1878400 162
1878410 164
1878420 164
1878430 166
1878440 167
1878450 167
1878460 168
1878470 169
1878480 169
1878490 169
1878500 171
1878510 171
1878520 171
1878530 172
1878540 172
1878550 173
1878560 173
1878570 173
1878580 173
1878590 173
1878600 173
1878610 173
1878620 173
1878630 173
1878640 173
1878650 173
1878660 173
1878670 172
1878680 171
1878690 171
1878700 170
1878710 171
1878720 171
1878730 172
1878740 173
1878750 173
1878760 173
1878770 174
1878780 174
1878790 174
1878800 174
1878810 174
1878820 174
1878830 174
1878840 174
1878850 174
1878860 173
1878870 173
1878880 173
1878890 173
1878900 173
1878910 172
1878920 171
1878930 171
1878940 171
1878950 171
1878960 171
1878970 172
1878980 173
1878990 173
1879000 173
1879010 174
1879020 174
1879030 174
1879040 174
1879050 174
1879060 174
1879070 174
1879080 174
1879090 174
1879100 174
1879110 174
1879120 174
1879130 174
1879140 174
1879150 174
1879160 174
1879170 174
1879180 174
1879190 173
1879200 173
1879210 173
1879220 172
1879230 172
1879240 172
1879250 172
1879260 171
1879270 171
1879280 170
1879290 170
1879300 170
1879310 169
1879320 168
1879330 168
1879340 167
1879350 167
1879360 167
1879370 167
1879380 167
1879390 167
1879400 168
1879410 169
1879420 169
1879430 170
1879440 170
1879450 170
1879460 170
1879470 170
1879480 170
1879490 170
1879500 170
1879510 170
1879520 170
1879530 170
1879540 170
1879550 170
1879560 171
1879570 171
1879580 172
1879590 173
1879600 173
1879610 173
1879620 174
1879630 174
1879640 174
1879650 174
1879660 174
1879670 175
1879680 174
1879690 174
1879700 174
1879710 174
1879720 174
1879730 174
1879740 174
1879750 174
1879760 174
1879770 174
1879780 174
1879790 174
1879800 174
1879810 174
1879820 174
1879830 174
1879840 174
1879850 174
1879860 174
1879870 174
1879880 174
1879890 174
1879900 174
1879910 174
1879920 174
1879930 174
1879940 174
1879950 174
1879960 174
1879970 174
1879980 174
1879990 174
