1860000 293
1860010 292
1860020 292
1860030 291
1860040 291
1860050 291
1860060 291
1860070 292
1860080 292
1860090 292
1860100 293
1860110 293
1860120 294
1860130 294
1860140 294
1860150 294
1860160 294
1860170 294
1860180 293
1860190 293
1860200 293
1860210 292
1860220 292
1860230 292
1860240 292
1860250 291
1860260 291
1860270 291
1860280 291
1860290 291
1860300 290
1860310 290
1860320 290
1860330 289
1860340 289
1860350 289
1860360 288
1860370 288
1860380 288
1860390 287
1860400 287
1860410 286
1860420 286
1860430 285
1860440 284
1860450 284
1860460 283
1860470 283
1860480 283
1860490 282
1860500 282
1860510 282
1860520 281
1860530 281
1860540 281
1860550 281
1860560 281
1860570 281
1860580 281
1860590 281
1860600 281
1860610 281
1860620 282
1860630 282
1860640 283
1860650 284
1860660 284
1860670 284
1860680 284
1860690 284
1860700 283
1860710 283
1860720 283
1860730 281
1860740 280
1860750 280
1860760 278
1860770 278
1860780 278
1860790 277
1860800 276
1860810 276
1860820 276
1860830 275
1860840 275
1860850 275
1860860 274
1860870 274
1860880 274
1860890 273
1860900 273
1860910 273
1860920 273
1860930 273
1860940 273
1860950 273
1860960 273
1860970 273
1860980 274
1860990 274
1861000 274
1861010 274
1861020 274
1861030 274
1861040 274
1861050 274
1861060 274
1861070 274
1861080 274
1861090 273
1861100 273
1861110 273
1861120 273
1861130 273
1861140 273
1861150 273
1861160 272
1861170 272
1861180 272
1861190 272
1861200 272
1861210 272
1861220 271
1861230 271
1861240 271
1861250 270
1861260 270
1861270 270
1861280 269
1861290 269
1861300 268
1861310 267
1861320 267
1861330 267
1861340 265
1861350 265
1861360 264
1861370 263
1861380 263
1861390 262
1861400 260
1861410 258
1861420 258
1861430 256
1861440 255
1861450 255
1861460 254
1861470 253
1861480 253
1861490 252
1861500 252
1861510 252
1861520 251
1861530 251
1861540 251
1861550 250
1861560 250
1861570 250
1861580 250
1861590 250
1861600 250
1861610 250
1861620 249
1861630 249
1861640 249
1861650 248
1861660 248
1861670 247
1861680 246
1861690 246
1861700 245
1861710 244
1861720 244
1861730 244
1861740 243
1861750 243
1861760 240
1861770 239
1861780 239
1861790 237
1861800 235
1861810 235
1861820 232
1861830 227
1861840 227
1861850 223
1861860 220
1861870 220
1861880 217
1861890 215
1861900 215
1861910 213
1861920 211
1861930 211
1861940 208
1861950 206
1861960 206
1861970 203
1861980 201
1861990 201
1862000 199
1862010 197
1862020 197
1862030 196
1862040 196
1862050 196
1862060 196
1862070 195
1862080 195
1862090 196
1862100 199
1862110 199
1862120 201
1862130 203
1862140 203
1862150 206
1862160 209
1862170 209
1862180 212
1862190 216
1862200 216
1862210 220
1862220 222
1862230 222
1862240 224
1862250 226
1862260 226
1862270 227
1862280 229
1862290 229
1862300 231
1862310 234
1862320 234
1862330 237
1862340 239
1862350 239
1862360 241
1862370 243
1862380 243
1862390 245
1862400 245
1862410 245
1862420 245
1862430 245
1862440 246
1862450 246
1862460 245
1862470 245
1862480 245
1862490 244
1862500 243
1862510 243
1862520 243
1862530 242
1862540 242
1862550 240
1862560 239
1862570 239
1862580 238
1862590 236
1862600 236
1862610 235
1862620 234
1862630 234
1862640 233
1862650 232
1862660 232
1862670 230
1862680 228
1862690 228
1862700 226
1862710 224
1862720 224
1862730 222
1862740 221
1862750 221
1862760 219
1862770 218
1862780 219
1862790 218
1862800 217
1862810 217
1862820 216
1862830 215
1862840 215
1862850 215
1862860 213
1862870 213
1862880 212
1862890 211
1862900 211
1862910 210
1862920 208
1862930 208
1862940 207
1862950 206
1862960 206
1862970 204
1862980 203
1862990 203
1863000 202
1863010 200
1863020 200
1863030 199
1863040 198
1863050 198
1863060 197
1863070 196
1863080 196
1863090 196
1863100 196
1863110 196
1863120 196
1863130 195
1863140 195
1863150 195
1863160 194
1863170 194
1863180 194
1863190 192
1863200 192
1863210 189
1863220 188
1863230 188
1863240 187
1863250 186
1863260 186
1863270 186
1863280 185
1863290 185
1863300 184
1863310 183
1863320 183
1863330 183
1863340 182
1863350 182
1863360 181
1863370 181
1863380 181
1863390 181
1863400 180
1863410 180
1863420 180
1863430 180
1863440 180
1863450 180
1863460 181
1863470 181
1863480 181
1863490 180
1863500 180
1863510 180
1863520 180
1863530 179
1863540 179
1863550 179
1863560 179
1863570 179
1863580 178
1863590 178
1863600 178
1863610 178
1863620 179
1863630 179
1863640 179
1863650 178
1863660 178
1863670 177
1863680 177
1863690 177
1863700 176
1863710 173
1863720 173
1863730 171
1863740 170
1863750 170
1863760 170
1863770 171
1863780 171
1863790 173
1863800 171
1863810 171
1863820 173
1863830 176
1863840 176
1863850 176
1863860 175
1863870 175
1863880 174
1863890 173
1863900 173
1863910 172
1863920 171
1863930 171
1863940 171
1863950 170
1863960 170
1863970 170
1863980 170
1863990 170
1864000 170
1864010 170
1864020 170
1864030 169
1864040 169
1864050 169
1864060 169
1864070 169
1864080 169
1864090 170
1864100 170
1864110 170
1864120 169
1864130 170
1864140 170
1864150 170
1864160 170
1864170 170
1864180 169
1864190 169
1864200 169
1864210 169
1864220 169
1864230 169
1864240 169
1864250 169
1864260 169
1864270 169
1864280 168
1864290 168
1864300 166
1864310 163
1864320 163
1864330 161
1864340 158
1864350 158
1864360 157
1864370 156
1864380 156
1864390 155
1864400 155
1864410 154
1864420 154
1864430 154
1864440 154
1864450 154
1864460 153
1864470 153
1864480 154
1864490 154
1864500 154
1864510 154
1864520 153
1864530 153
1864540 153
1864550 153
1864560 153
1864570 153
1864580 153
1864590 153
1864600 153
1864610 153
1864620 153
1864630 153
1864640 153
1864650 153
1864660 153
1864670 153
1864680 153
1864690 153
1864700 153
1864710 153
1864720 153
1864730 152
1864740 152
1864750 152
1864760 152
1864770 153
1864780 153
1864790 152
1864800 152
1864810 152
1864820 152
1864830 152
1864840 152
1864850 152
1864860 151
1864870 151
1864880 151
1864890 151
1864900 151
1864910 151
1864920 151
1864930 151
1864940 150
1864950 150
1864960 150
1864970 150
1864980 150
1864990 150
1865000 149
1865010 149
1865020 149
1865030 149
1865040 149
1865050 149
1865060 149
1865070 148
1865080 148
1865090 148
1865100 148
1865110 148
1865120 148
1865130 147
1865140 147
1865150 147
1865160 147
1865170 147
1865180 147
1865190 147
1865200 147
1865210 146
1865220 146
1865230 146
1865240 146
1865250 146
1865260 146
1865270 146
1865280 147
1865290 147
1865300 147
1865310 147
1865320 147
1865330 147
1865340 146
1865350 146
1865360 146
1865370 146
1865380 146
1865390 146
1865400 146
1865410 146
1865420 146
1865430 146
1865440 146
1865450 146
1865460 146
1865470 146
1865480 146
1865490 146
1865500 146
1865510 146
1865520 146
1865530 146
1865540 146
1865550 146
1865560 146
1865570 146
1865580 146
1865590 146
1865600 146
1865610 146
1865620 146
1865630 146
1865640 146
1865650 146
1865660 146
1865670 146
1865680 146
1865690 146
1865700 146
1865710 145
1865720 145
1865730 145
1865740 145
1865750 145
1865760 145
1865770 145
1865780 145
1865790 145
1865800 145
1865810 145
1865820 145
1865830 145
1865840 145
1865850 145
1865860 145
1865870 145
1865880 145
1865890 144
1865900 144
1865910 144
1865920 144
1865930 144
1865940 144
1865950 144
1865960 144
1865970 144
1865980 144
1865990 144
1866000 144
1866010 144
1866020 144
1866030 144
1866040 144
1866050 144
1866060 144
1866070 144
1866080 144
1866090 144
1866100 144
1866110 144
1866120 144
1866130 144
1866140 144
1866150 144
1866160 144
1866170 144
1866180 144
1866190 144
1866200 144
1866210 144
1866220 144
1866230 144
1866240 144
1866250 144
1866260 144
1866270 144
1866280 144
1866290 144
1866300 144
1866310 144
1866320 144
1866330 144
1866340 144
1866350 144
1866360 144
1866370 144
1866380 144
1866390 144
1866400 145
1866410 145
1866420 145
1866430 145
1866440 145
1866450 145
1866460 145
1866470 145
1866480 145
1866490 145
1866500 145
1866510 145
1866520 146
1866530 146
1866540 146
1866550 146
1866560 146
1866570 146
1866580 146
1866590 146
1866600 146
1866610 146
1866620 146
1866630 146
1866640 146
1866650 146
1866660 146
1866670 146
1866680 146
1866690 146
1866700 146
1866710 146
1866720 146
1866730 146
1866740 146
1866750 146
1866760 146
1866770 146
1866780 146
1866790 146
1866800 146
1866810 146
1866820 146
1866830 146
1866840 146
1866850 146
1866860 146
1866870 146
1866880 145
1866890 145
1866900 145
1866910 145
1866920 145
1866930 145
1866940 145
1866950 145
1866960 145
1866970 144
1866980 145
1866990 145
1867000 145
1867010 146
1867020 146
1867030 146
1867040 146
1867050 146
1867060 146
1867070 146
1867080 146
1867090 146
1867100 147
1867110 147
1867120 147
1867130 147
1867140 147
1867150 147
1867160 147
1867170 147
1867180 147
1867190 147
1867200 147
1867210 147
1867220 148
1867230 148
1867240 148
1867250 149
1867260 149
1867270 149
1867280 150
1867290 150
1867300 150
1867310 151
1867320 151
1867330 152
1867340 152
1867350 152
1867360 153
1867370 154
1867380 154
1867390 155
1867400 156
1867410 156
1867420 157
1867430 158
1867440 159
1867450 159
1867460 160
1867470 161
1867480 161
1867490 162
1867500 164
1867510 164
1867520 165
1867530 166
1867540 166
1867550 167
1867560 168
1867570 168
1867580 169
1867590 171
1867600 171
1867610 172
1867620 173
1867630 173
1867640 175
1867650 176
1867660 176
1867670 176
1867680 177
1867690 177
1867700 178
1867710 179
1867720 179
1867730 180
1867740 181
1867750 181
1867760 183
1867770 184
1867780 184
1867790 184
1867800 185
1867810 185
1867820 186
1867830 187
1867840 187
1867850 188
1867860 188
1867870 188
1867880 188
1867890 189
1867900 189
1867910 190
1867920 191
1867930 191
1867940 191
1867950 190
1867960 190
1867970 190
1867980 191
1867990 191
1868000 192
1868010 191
1868020 191
1868030 189
1868040 187
1868050 187
1868060 184
1868070 181
1868080 181
1868090 180
1868100 178
1868110 178
1868120 177
1868130 176
1868140 176
1868150 175
1868160 174
1868170 174
1868180 173
1868190 172
1868200 171
1868210 171
1868220 170
1868230 170
1868240 170
1868250 168
1868260 168
1868270 164
1868280 162
1868290 162
1868300 162
1868310 163
1868320 163
1868330 163
1868340 162
1868350 162
1868360 161
1868370 160
1868380 160
1868390 158
1868400 158
1868410 158
1868420 157
1868430 156
1868440 155
1868450 155
1868460 154
1868470 153
1868480 153
1868490 152
1868500 151
1868510 151
1868520 150
1868530 150
1868540 150
1868550 150
1868560 152
1868570 152
1868580 152
1868590 152
1868600 152
1868610 152
1868620 152
1868630 152
1868640 151
1868650 151
1868660 151
1868670 151
1868680 151
1868690 151
1868700 151
1868710 151
1868720 151
1868730 151
1868740 152
1868750 152
1868760 153
1868770 151
1868780 151
1868790 151
1868800 151
1868810 151
1868820 152
1868830 152
1868840 152
1868850 152
1868860 152
1868870 153
1868880 153
1868890 153
1868900 153
1868910 153
1868920 153
1868930 153
1868940 153
1868950 153
1868960 153
1868970 153
1868980 153
1868990 153
1869000 153
1869010 153
1869020 153
1869030 153
1869040 152
1869050 152
1869060 152
1869070 152
1869080 152
1869090 152
1869100 152
1869110 152
1869120 152
1869130 152
1869140 152
1869150 151
1869160 150
1869170 150
1869180 150
1869190 150
1869200 150
1869210 150
1869220 150
1869230 150
1869240 150
1869250 149
1869260 149
1869270 149
1869280 149
1869290 149
1869300 149
1869310 149
1869320 149
1869330 148
1869340 148
1869350 148
1869360 148
1869370 148
1869380 148
1869390 148
1869400 148
1869410 148
1869420 148
1869430 148
1869440 148
1869450 148
1869460 148
1869470 148
1869480 148
1869490 147
1869500 147
1869510 147
1869520 147
1869530 147
1869540 147
1869550 147
1869560 146
1869570 146
1869580 146
1869590 146
1869600 146
1869610 145
1869620 145
1869630 145
1869640 145
1869650 145
1869660 145
1869670 145
1869680 147
1869690 147
1869700 148
1869710 148
1869720 148
1869730 148
1869740 148
1869750 148
1869760 148
1869770 148
1869780 148
1869790 148
1869800 147
1869810 147
1869820 147
1869830 147
1869840 147
1869850 147
1869860 147
1869870 147
1869880 147
1869890 147
1869900 147
1869910 147
1869920 147
1869930 147
1869940 147
1869950 147
1869960 147
1869970 146
1869980 146
1869990 146
1870000 146
1870010 145
1870020 145
1870030 146
1870040 146
1870050 146
1870060 146
1870070 146
1870080 146
1870090 146
1870100 147
1870110 147
1870120 147
1870130 147
1870140 147
1870150 147
1870160 147
1870170 147
1870180 148
1870190 148
1870200 148
1870210 150
1870220 150
1870230 150
1870240 152
1870250 152
1870260 152
1870270 153
1870280 153
1870290 153
1870300 153
1870310 153
1870320 153
1870330 153
1870340 153
1870350 153
1870360 153
1870370 153
1870380 153
1870390 153
1870400 153
1870410 153
1870420 152
1870430 152
1870440 153
1870450 153
1870460 153
1870470 153
1870480 153
1870490 154
1870500 153
1870510 153
1870520 153
1870530 153
1870540 153
1870550 154
1870560 154
1870570 154
1870580 154
1870590 155
1870600 155
1870610 155
1870620 155
1870630 155
1870640 155
1870650 156
1870660 156
1870670 156
1870680 156
1870690 156
1870700 156
1870710 156
1870720 156
1870730 156
1870740 156
1870750 156
1870760 156
1870770 156
1870780 156
1870790 155
1870800 155
1870810 155
1870820 155
1870830 155
1870840 155
1870850 156
1870860 156
1870870 156
1870880 158
1870890 158
1870900 158
1870910 158
1870920 159
1870930 159
1870940 159
1870950 159
1870960 159
1870970 159
1870980 159
1870990 159
1871000 159
1871010 160
1871020 160
1871030 159
1871040 159
1871050 159
1871060 159
1871070 159
1871080 159
1871090 159
1871100 160
1871110 160
1871120 160
1871130 160
1871140 160
1871150 160
1871160 161
1871170 161
1871180 162
1871190 163
1871200 163
1871210 165
1871220 165
1871230 165
1871240 164
1871250 162
1871260 162
1871270 161
1871280 160
1871290 160
1871300 159
1871310 158
1871320 158
1871330 157
1871340 157
1871350 157
1871360 157
1871370 157
1871380 157
1871390 157
1871400 157
1871410 157
1871420 156
1871430 156
1871440 156
1871450 156
1871460 156
1871470 156
1871480 156
1871490 156
1871500 156
1871510 156
1871520 155
1871530 155
1871540 155
1871550 155
1871560 155
1871570 155
1871580 155
1871590 155
1871600 155
1871610 155
1871620 156
1871630 156
1871640 156
1871650 157
1871660 157
1871670 157
1871680 157
1871690 157
1871700 157
1871710 157
1871720 157
1871730 157
1871740 156
1871750 156
1871760 156
1871770 156
1871780 156
1871790 156
1871800 155
1871810 155
1871820 155
1871830 154
1871840 154
1871850 154
1871860 153
1871870 153
1871880 153
1871890 153
1871900 153
1871910 153
1871920 152
1871930 152
1871940 152
1871950 152
1871960 152
1871970 152
1871980 152
1871990 152
1872000 152
1872010 152
1872020 152
1872030 152
1872040 152
1872050 152
1872060 152
1872070 152
1872080 152
1872090 152
1872100 151
1872110 151
1872120 151
1872130 151
1872140 151
1872150 151
1872160 151
1872170 151
1872180 150
1872190 150
1872200 150
1872210 149
1872220 148
1872230 148
1872240 148
1872250 147
1872260 147
1872270 147
1872280 146
1872290 146
1872300 146
1872310 145
1872320 145
1872330 145
1872340 144
1872350 144
1872360 144
1872370 143
1872380 143
1872390 143
1872400 142
1872410 142
1872420 142
1872430 141
1872440 141
1872450 140
1872460 140
1872470 140
1872480 140
1872490 139
1872500 139
1872510 139
1872520 138
1872530 138
1872540 138
1872550 138
1872560 137
1872570 137
1872580 137
1872590 137
1872600 137
1872610 137
1872620 137
1872630 137
1872640 136
1872650 136
1872660 136
1872670 136
1872680 136
1872690 136
1872700 136
1872710 135
1872720 135
1872730 135
1872740 135
1872750 135
1872760 135
1872770 135
1872780 135
1872790 135
1872800 134
1872810 134
1872820 134
1872830 134
1872840 134
1872850 134
1872860 134
1872870 134
1872880 134
1872890 134
1872900 134
1872910 134
1872920 134
1872930 134
1872940 134
1872950 134
1872960 134
1872970 135
1872980 135
1872990 135
1873000 136
1873010 137
1873020 137
1873030 137
1873040 138
1873050 138
1873060 139
1873070 140
1873080 140
1873090 141
1873100 142
1873110 142
1873120 143
1873130 144
1873140 144
1873150 145
1873160 146
1873170 146
1873180 147
1873190 148
1873200 148
1873210 149
1873220 149
1873230 149
1873240 149
1873250 150
1873260 150
1873270 150
1873280 150
1873290 150
1873300 150
1873310 150
1873320 150
1873330 150
1873340 150
1873350 150
1873360 150
1873370 150
1873380 150
1873390 150
1873400 150
1873410 150
1873420 149
1873430 149
1873440 149
1873450 149
1873460 149
1873470 149
1873480 149
1873490 149
1873500 149
1873510 149
1873520 149
1873530 150
1873540 150
1873550 151
1873560 151
1873570 151
1873580 152
1873590 153
1873600 153
1873610 155
1873620 156
1873630 156
1873640 158
1873650 160
1873660 160
1873670 162
1873680 163
1873690 163
1873700 165
1873710 166
1873720 166
1873730 167
1873740 167
1873750 167
1873760 168
1873770 169
1873780 169
1873790 171
1873800 172
1873810 172
1873820 173
1873830 174
1873840 174
1873850 175
1873860 176
1873870 175
1873880 176
1873890 176
1873900 176
1873910 176
1873920 176
1873930 176
1873940 177
1873950 177
1873960 177
1873970 176
1873980 176
1873990 176
1874000 176
1874010 176
1874020 176
1874030 176
1874040 177
1874050 177
1874060 177
1874070 177
1874080 177
1874090 177
1874100 177
1874110 177
1874120 177
1874130 177
1874140 177
1874150 177
1874160 177
1874170 177
1874180 177
1874190 177
1874200 177
1874210 177
1874220 177
1874230 177
1874240 177
1874250 177
1874260 177
1874270 177
1874280 178
1874290 178
1874300 177
1874310 177
1874320 177
1874330 176
1874340 176
1874350 176
1874360 177
1874370 176
1874380 176
1874390 176
1874400 177
1874410 177
1874420 176
1874430 176
1874440 176
1874450 176
1874460 176
1874470 176
1874480 176
1874490 177
1874500 177
1874510 177
1874520 177
1874530 177
1874540 177
1874550 177
1874560 177
1874570 177
1874580 177
1874590 177
1874600 177
1874610 177
1874620 177
1874630 177
1874640 177
1874650 177
1874660 177
1874670 177
1874680 177
1874690 177
1874700 177
1874710 177
1874720 177
1874730 177
1874740 177
1874750 177
1874760 177
1874770 177
1874780 177
1874790 177
1874800 177
1874810 177
1874820 177
1874830 177
1874840 177
1874850 177
1874860 177
1874870 177
1874880 177
1874890 177
1874900 177
1874910 177
1874920 177
1874930 177
1874940 177
1874950 177
1874960 177
1874970 177
1874980 177
1874990 177
1875000 177
1875010 177
1875020 177
1875030 177
1875040 177
1875050 177
1875060 177
1875070 177
1875080 177
1875090 177
1875100 177
1875110 177
1875120 177
1875130 177
1875140 177
1875150 177
1875160 177
1875170 177
1875180 177
1875190 177
1875200 177
1875210 177
1875220 177
1875230 177
1875240 177
1875250 177
1875260 177
1875270 177
1875280 177
1875290 177
1875300 177
1875310 177
1875320 177
1875330 177
1875340 177
1875350 177
1875360 177
1875370 177
1875380 177
1875390 176
1875400 176
1875410 176
1875420 176
1875430 176
1875440 176
1875450 176
1875460 177
1875470 177
1875480 176
1875490 176
1875500 177
1875510 177
1875520 176
1875530 177
1875540 177
1875550 176
1875560 176
1875570 176
1875580 176
1875590 176
1875600 176
1875610 176
1875620 176
1875630 176
1875640 176
1875650 176
1875660 176
1875670 176
1875680 176
1875690 176
1875700 176
1875710 176
1875720 176
1875730 176
1875740 176
1875750 176
1875760 176
1875770 176
1875780 176
1875790 176
1875800 176
1875810 176
1875820 176
1875830 176
1875840 176
1875850 176
1875860 175
1875870 175
1875880 175
1875890 175
1875900 175
1875910 175
1875920 174
1875930 174
1875940 174
1875950 174
1875960 174
1875970 174
1875980 173
1875990 173
1876000 173
1876010 173
1876020 173
1876030 173
1876040 173
1876050 173
1876060 173
1876070 173
1876080 173
1876090 172
1876100 172
1876110 172
1876120 172
1876130 172
1876140 172
1876150 172
1876160 173
1876170 173
1876180 173
1876190 173
1876200 173
1876210 173
1876220 173
1876230 173
1876240 173
1876250 173
1876260 173
1876270 173
1876280 173
1876290 173
1876300 173
1876310 173
1876320 173
1876330 173
1876340 173
1876350 173
1876360 174
1876370 174
1876380 174
1876390 174
1876400 174
1876410 174
1876420 174
1876430 174
1876440 174
1876450 174
1876460 174
1876470 174
1876480 174
1876490 174
1876500 174
1876510 174
1876520 174
1876530 175
1876540 175
1876550 175
1876560 175
1876570 175
1876580 175
1876590 175
1876600 175
1876610 176
1876620 176
1876630 176
1876640 175
1876650 175
1876660 175
1876670 175
1876680 175
1876690 175
1876700 175
1876710 175
1876720 175
1876730 175
1876740 175
1876750 175
1876760 175
1876770 175
1876780 175
1876790 175
1876800 175
1876810 175
1876820 175
1876830 175
1876840 175
1876850 176
1876860 176
1876870 176
1876880 176
1876890 176
1876900 176
1876910 176
1876920 176
1876930 176
1876940 176
1876950 176
1876960 176
1876970 176
1876980 175
1876990 175
1877000 175
1877010 175
1877020 175
1877030 175
1877040 175
1877050 175
1877060 175
1877070 175
1877080 175
1877090 175
1877100 175
1877110 175
1877120 175
1877130 175
1877140 175
1877150 175
1877160 175
1877170 175
1877180 175
1877190 175
1877200 175
1877210 175
1877220 175
1877230 175
1877240 175
1877250 175
1877260 175
1877270 175
1877280 175
1877290 175
1877300 175
1877310 175
1877320 175
1877330 175
1877340 175
1877350 175
1877360 175
1877370 175
1877380 175
1877390 174
1877400 174
1877410 174
1877420 174
1877430 174
1877440 174
1877450 174
1877460 174
1877470 174
1877480 174
1877490 174
1877500 174
1877510 174
1877520 174
1877530 174
1877540 174
1877550 173
1877560 173
1877570 173
1877580 173
1877590 173
1877600 173
1877610 172
1877620 172
1877630 172
1877640 172
1877650 172
1877660 172
1877670 171
1877680 171
1877690 171
1877700 171
1877710 170
1877720 170
1877730 170
1877740 169
1877750 169
1877760 169
1877770 169
1877780 169
1877790 169
1877800 168
1877810 168
1877820 168
1877830 169
1877840 169
1877850 169
1877860 169
1877870 169
1877880 168
1877890 168
1877900 168
1877910 168
1877920 168
1877930 168
1877940 168
1877950 168
1877960 168
1877970 167
1877980 167
1877990 167
1878000 167
1878010 166
1878020 166
1878030 166
1878040 166
1878050 166
1878060 166
1878070 166
1878080 166
1878090 165
1878100 165
1878110 165
1878120 164
1878130 164
1878140 164
1878150 163
1878160 162
1878170 162
1878180 161
1878190 161
1878200 161
1878210 160
1878220 160
1878230 160
1878240 160
1878250 161
1878260 161
1878270 161
1878280 164
1878290 164
1878300 167
1878310 169
1878320 169
1878330 172
1878340 174
1878350 174
1878360 175
1878370 175
1878380 175
1878390 175
1878400 175
1878410 175
1878420 175
1878430 175
1878440 175
1878450 175
1878460 175
1878470 175
1878480 175
1878490 174
1878500 174
1878510 174
1878520 174
1878530 174
1878540 174
1878550 174
1878560 174
1878570 174
1878580 174
1878590 175
1878600 175
1878610 175
1878620 175
1878630 175
1878640 175
1878650 175
1878660 175
1878670 175
1878680 175
1878690 175
1878700 175
1878710 175
1878720 175
1878730 175
1878740 175
1878750 175
1878760 175
1878770 175
1878780 175
1878790 175
1878800 175
1878810 175
1878820 175
1878830 175
1878840 175
1878850 175
1878860 175
1878870 175
1878880 175
1878890 175
1878900 175
1878910 175
1878920 175
1878930 175
1878940 175
1878950 175
1878960 175
1878970 175
1878980 175
1878990 175
1879000 175
1879010 175
1879020 175
1879030 175
1879040 175
1879050 175
1879060 175
1879070 175
1879080 175
1879090 175
1879100 175
1879110 175
1879120 175
1879130 175
1879140 175
1879150 175
1879160 175
1879170 175
1879180 175
1879190 174
1879200 174
1879210 173
1879220 172
1879230 172
1879240 171
1879250 170
1879260 170
1879270 170
1879280 170
1879290 170
1879300 171
1879310 172
1879320 172
1879330 173
1879340 173
1879350 173
1879360 173
1879370 173
1879380 173
1879390 174
1879400 174
1879410 174
1879420 174
1879430 175
1879440 175
1879450 175
1879460 175
1879470 175
1879480 175
1879490 175
1879500 175
1879510 175
1879520 175
1879530 175
1879540 175
1879550 175
1879560 175
1879570 175
1879580 175
1879590 174
1879600 174
1879610 175
1879620 175
1879630 175
1879640 174
1879650 174
1879660 174
1879670 174
1879680 174
1879690 174
1879700 174
1879710 174
1879720 174
1879730 174
1879740 174
1879750 174
1879760 173
1879770 173
1879780 173
1879790 173
1879800 174
1879810 174
1879820 174
1879830 174
1879840 174
1879850 174
1879860 174
1879870 174
1879880 175
1879890 175
1879900 175
1879910 175
1879920 175
1879930 175
1879940 175
1879950 175
1879960 175
1879970 175
1879980 175
1879990 175
