1860000 285
1860010 284
1860020 284
1860030 284
1860040 283
1860050 283
1860060 283
1860070 284
1860080 285
1860090 285
1860100 286
1860110 286
1860120 286
1860130 287
1860140 287
1860150 287
1860160 287
1860170 287
1860180 287
1860190 286
1860200 286
1860210 286
1860220 285
1860230 284
1860240 284
1860250 282
1860260 280
1860270 280
1860280 279
1860290 278
1860300 278
1860310 278
1860320 277
1860330 277
1860340 276
1860350 276
1860360 276
1860370 275
1860380 274
1860390 274
1860400 274
1860410 273
1860420 273
1860430 272
1860440 271
1860450 271
1860460 271
1860470 270
1860480 270
1860490 269
1860500 268
1860510 268
1860520 267
1860530 266
1860540 266
1860550 265
1860560 264
1860570 264
1860580 263
1860590 261
1860600 260
1860610 260
1860620 260
1860630 260
1860640 260
1860650 260
1860660 260
1860670 260
1860680 259
1860690 259
1860700 258
1860710 257
1860720 257
1860730 256
1860740 255
1860750 255
1860760 254
1860770 254
1860780 254
1860790 253
1860800 252
1860810 252
1860820 252
1860830 251
1860840 251
1860850 250
1860860 250
1860870 250
1860880 251
1860890 251
1860900 251
1860910 252
1860920 254
1860930 255
1860940 253
1860950 253
1860960 253
1860970 253
1860980 253
1860990 253
1861000 253
1861010 253
1861020 253
1861030 253
1861040 253
1861050 252
1861060 252
1861070 252
1861080 251
1861090 251
1861100 250
1861110 250
1861120 250
1861130 250
1861140 249
1861150 249
1861160 248
1861170 248
1861180 248
1861190 247
1861200 246
1861210 246
1861220 245
1861230 244
1861240 244
1861250 243
1861260 242
1861270 242
1861280 240
1861290 236
1861300 236
1861310 234
1861320 232
1861330 232
1861340 230
1861350 228
1861360 228
1861370 226
1861380 224
1861390 224
1861400 222
1861410 220
1861420 220
1861430 218
1861440 217
1861450 217
1861460 215
1861470 214
1861480 214
1861490 212
1861500 211
1861510 211
1861520 210
1861530 210
1861540 210
1861550 210
1861560 210
1861570 210
1861580 210
1861590 210
1861600 210
1861610 210
1861620 211
1861630 213
1861640 212
1861650 212
1861660 212
1861670 211
1861680 211
1861690 211
1861700 211
1861710 210
1861720 210
1861730 209
1861740 209
1861750 209
1861760 209
1861770 208
1861780 208
1861790 208
1861800 208
1861810 208
1861820 208
1861830 208
1861840 208
1861850 208
1861860 208
1861870 208
1861880 210
1861890 212
1861900 212
1861910 213
1861920 214
1861930 215
1861940 215
1861950 217
1861960 219
1861970 221
1861980 223
1861990 224
1862000 224
1862010 225
1862020 224
1862030 224
1862040 222
1862050 219
1862060 219
1862070 216
1862080 214
1862090 214
1862100 211
1862110 210
1862120 210
1862130 209
1862140 209
1862150 209
1862160 210
1862170 212
1862180 212
1862190 216
1862200 221
1862210 221
1862220 226
1862230 230
1862240 230
1862250 233
1862260 237
1862270 237
1862280 241
1862290 245
1862300 245
1862310 249
1862320 252
1862330 252
1862340 254
1862350 256
1862360 256
1862370 258
1862380 260
1862390 260
1862400 262
1862410 262
1862420 262
1862430 263
1862440 264
1862450 264
1862460 264
1862470 264
1862480 264
1862490 264
1862500 264
1862510 264
1862520 264
1862530 263
1862540 263
1862550 263
1862560 262
1862570 262
1862580 262
1862590 262
1862600 262
1862610 262
1862620 262
1862630 262
1862640 261
1862650 261
1862660 262
1862670 262
1862680 261
1862690 261
1862700 261
1862710 259
1862720 259
1862730 256
1862740 253
1862750 253
1862760 251
1862770 248
1862780 248
1862790 246
1862800 242
1862810 242
1862820 240
1862830 236
1862840 236
1862850 232
1862860 228
1862870 228
1862880 227
1862890 225
1862900 225
1862910 224
1862920 223
1862930 223
1862940 222
1862950 221
1862960 220
1862970 220
1862980 219
1862990 218
1863000 219
1863010 218
1863020 218
1863030 218
1863040 217
1863050 216
1863060 216
1863070 214
1863080 213
1863090 213
1863100 212
1863110 211
1863120 211
1863130 210
1863140 209
1863150 209
1863160 208
1863170 207
1863180 207
1863190 206
1863200 205
1863210 205
1863220 204
1863230 203
1863240 203
1863250 202
1863260 201
1863270 201
1863280 199
1863290 198
1863300 198
1863310 197
1863320 196
1863330 196
1863340 196
1863350 195
1863360 195
1863370 195
1863380 194
1863390 194
1863400 194
1863410 194
1863420 194
1863430 194
1863440 193
1863450 193
1863460 193
1863470 193
1863480 193
1863490 193
1863500 192
1863510 192
1863520 192
1863530 189
1863540 189
1863550 188
1863560 187
1863570 187
1863580 187
1863590 187
1863600 187
1863610 186
1863620 186
1863630 186
1863640 185
1863650 185
1863660 185
1863670 185
1863680 185
1863690 185
1863700 184
1863710 184
1863720 184
1863730 184
1863740 184
1863750 184
1863760 183
1863770 183
1863780 183
1863790 183
1863800 183
1863810 183
1863820 183
1863830 183
1863840 183
1863850 183
1863860 182
1863870 182
1863880 182
1863890 182
1863900 182
1863910 182
1863920 182
1863930 182
1863940 182
1863950 181
1863960 180
1863970 180
1863980 180
1863990 179
1864000 179
1864010 179
1864020 178
1864030 178
1864040 177
1864050 176
1864060 176
1864070 175
1864080 174
1864090 174
1864100 173
1864110 172
1864120 172
1864130 171
1864140 170
1864150 170
1864160 169
1864170 168
1864180 168
1864190 168
1864200 167
1864210 167
1864220 166
1864230 165
1864240 165
1864250 164
1864260 164
1864270 164
1864280 164
1864290 163
1864300 163
1864310 163
1864320 163
1864330 163
1864340 164
1864350 165
1864360 165
1864370 167
1864380 169
1864390 169
1864400 170
1864410 172
1864420 172
1864430 172
1864440 173
1864450 173
1864460 174
1864470 174
1864480 174
1864490 174
1864500 174
1864510 174
1864520 174
1864530 174
1864540 174
1864550 174
1864560 174
1864570 174
1864580 174
1864590 173
1864600 173
1864610 171
1864620 170
1864630 170
1864640 169
1864650 166
1864660 166
1864670 165
1864680 165
1864690 165
1864700 165
1864710 164
1864720 164
1864730 164
1864740 164
1864750 164
1864760 164
1864770 164
1864780 164
1864790 164
1864800 164
1864810 164
1864820 163
1864830 163
1864840 163
1864850 162
1864860 162
1864870 162
1864880 161
1864890 161
1864900 161
1864910 161
1864920 161
1864930 161
1864940 161
1864950 159
1864960 157
1864970 157
1864980 157
1864990 156
1865000 156
1865010 156
1865020 156
1865030 156
1865040 156
1865050 156
1865060 156
1865070 155
1865080 155
1865090 155
1865100 154
1865110 154
1865120 154
1865130 154
1865140 153
1865150 153
1865160 153
1865170 153
1865180 153
1865190 153
1865200 153
1865210 153
1865220 152
1865230 152
1865240 152
1865250 152
1865260 152
1865270 152
1865280 151
1865290 151
1865300 151
1865310 151
1865320 150
1865330 150
1865340 150
1865350 150
1865360 150
1865370 151
1865380 150
1865390 150
1865400 150
1865410 150
1865420 150
1865430 150
1865440 150
1865450 150
1865460 150
1865470 150
1865480 150
1865490 150
1865500 150
1865510 150
1865520 150
1865530 149
1865540 149
1865550 149
1865560 149
1865570 149
1865580 149
1865590 148
1865600 148
1865610 149
1865620 149
1865630 149
1865640 149
1865650 149
1865660 149
1865670 149
1865680 149
1865690 149
1865700 149
1865710 149
1865720 149
1865730 149
1865740 149
1865750 149
1865760 149
1865770 149
1865780 149
1865790 148
1865800 148
1865810 148
1865820 148
1865830 148
1865840 148
1865850 148
1865860 148
1865870 148
1865880 148
1865890 148
1865900 148
1865910 148
1865920 148
1865930 148
1865940 148
1865950 148
1865960 148
1865970 148
1865980 149
1865990 149
1866000 149
1866010 149
1866020 149
1866030 149
1866040 149
1866050 149
1866060 149
1866070 149
1866080 149
1866090 149
1866100 149
1866110 149
1866120 149
1866130 149
1866140 149
1866150 149
1866160 149
1866170 149
1866180 149
1866190 150
1866200 150
1866210 150
1866220 150
1866230 150
1866240 150
1866250 150
1866260 150
1866270 150
1866280 150
1866290 150
1866300 150
1866310 150
1866320 150
1866330 150
1866340 150
1866350 150
1866360 150
1866370 151
1866380 151
1866390 151
1866400 151
1866410 151
1866420 151
1866430 151
1866440 151
1866450 151
1866460 151
1866470 151
1866480 151
1866490 151
1866500 151
1866510 151
1866520 151
1866530 151
1866540 151
1866550 152
1866560 152
1866570 152
1866580 152
1866590 152
1866600 152
1866610 152
1866620 152
1866630 152
1866640 152
1866650 152
1866660 152
1866670 152
1866680 152
1866690 152
1866700 151
1866710 151
1866720 151
1866730 152
1866740 151
1866750 151
1866760 151
1866770 151
1866780 151
1866790 151
1866800 151
1866810 151
1866820 151
1866830 151
1866840 151
1866850 151
1866860 151
1866870 151
1866880 151
1866890 151
1866900 151
1866910 150
1866920 150
1866930 150
1866940 150
1866950 150
1866960 150
1866970 150
1866980 150
1866990 150
1867000 150
1867010 150
1867020 150
1867030 150
1867040 150
1867050 150
1867060 150
1867070 150
1867080 150
1867090 150
1867100 150
1867110 150
1867120 150
1867130 150
1867140 149
1867150 149
1867160 149
1867170 149
1867180 149
1867190 149
1867200 149
1867210 149
1867220 148
1867230 148
1867240 148
1867250 148
1867260 148
1867270 148
1867280 148
1867290 148
1867300 148
1867310 148
1867320 148
1867330 148
1867340 148
1867350 148
1867360 148
1867370 148
1867380 148
1867390 148
1867400 148
1867410 148
1867420 148
1867430 149
1867440 150
1867450 150
1867460 150
1867470 151
1867480 151
1867490 151
1867500 151
1867510 151
1867520 152
1867530 153
1867540 153
1867550 153
1867560 154
1867570 154
1867580 154
1867590 154
1867600 154
1867610 155
1867620 155
1867630 155
1867640 155
1867650 155
1867660 155
1867670 156
1867680 156
1867690 156
1867700 157
1867710 157
1867720 157
1867730 157
1867740 156
1867750 156
1867760 156
1867770 157
1867780 157
1867790 156
1867800 156
1867810 156
1867820 156
1867830 156
1867840 156
1867850 156
1867860 156
1867870 156
1867880 156
1867890 156
1867900 156
1867910 156
1867920 156
1867930 156
1867940 156
1867950 157
1867960 157
1867970 156
1867980 157
1867990 157
1868000 157
1868010 157
1868020 157
1868030 157
1868040 157
1868050 157
1868060 157
1868070 157
1868080 156
1868090 156
1868100 156
1868110 156
1868120 156
1868130 156
1868140 155
1868150 155
1868160 155
1868170 154
1868180 154
1868190 153
1868200 153
1868210 153
1868220 152
1868230 152
1868240 152
1868250 152
1868260 152
1868270 152
1868280 151
1868290 151
1868300 151
1868310 151
1868320 150
1868330 150
1868340 150
1868350 150
1868360 150
1868370 150
1868380 149
1868390 149
1868400 149
1868410 149
1868420 149
1868430 149
1868440 149
1868450 149
1868460 149
1868470 149
1868480 149
1868490 149
1868500 149
1868510 149
1868520 149
1868530 149
1868540 149
1868550 149
1868560 149
1868570 149
1868580 149
1868590 149
1868600 149
1868610 149
1868620 149
1868630 149
1868640 149
1868650 149
1868660 149
1868670 149
1868680 149
1868690 149
1868700 149
1868710 150
1868720 150
1868730 150
1868740 150
1868750 150
1868760 150
1868770 150
1868780 150
1868790 150
1868800 150
1868810 150
1868820 150
1868830 150
1868840 150
1868850 150
1868860 151
1868870 151
1868880 151
1868890 151
1868900 151
1868910 151
1868920 151
1868930 151
1868940 151
1868950 151
1868960 151
1868970 151
1868980 151
1868990 151
1869000 151
1869010 151
1869020 151
1869030 151
1869040 150
1869050 150
1869060 150
1869070 150
1869080 149
1869090 149
1869100 149
1869110 149
1869120 149
1869130 149
1869140 149
1869150 149
1869160 149
1869170 149
1869180 149
1869190 149
1869200 149
1869210 149
1869220 148
1869230 148
1869240 148
1869250 149
1869260 149
1869270 149
1869280 149
1869290 148
1869300 148
1869310 148
1869320 148
1869330 148
1869340 149
1869350 149
1869360 149
1869370 149
1869380 149
1869390 149
1869400 149
1869410 149
1869420 149
1869430 149
1869440 149
1869450 149
1869460 149
1869470 149
1869480 149
1869490 149
1869500 149
1869510 149
1869520 149
1869530 149
1869540 149
1869550 149
1869560 148
1869570 148
1869580 149
1869590 149
1869600 149
1869610 149
1869620 149
1869630 149
1869640 149
1869650 149
1869660 149
1869670 149
1869680 149
1869690 149
1869700 149
1869710 150
1869720 150
1869730 150
1869740 150
1869750 150
1869760 150
1869770 151
1869780 151
1869790 153
1869800 152
1869810 152
1869820 152
1869830 152
1869840 152
1869850 152
1869860 152
1869870 152
1869880 153
1869890 153
1869900 153
1869910 153
1869920 153
1869930 153
1869940 153
1869950 153
1869960 153
1869970 152
1869980 152
1869990 152
1870000 151
1870010 150
1870020 150
1870030 150
1870040 150
1870050 151
1870060 151
1870070 150
1870080 150
1870090 149
1870100 149
1870110 149
1870120 149
1870130 150
1870140 150
1870150 150
1870160 149
1870170 149
1870180 149
1870190 149
1870200 149
1870210 149
1870220 149
1870230 149
1870240 149
1870250 152
1870260 153
1870270 153
1870280 153
1870290 153
1870300 153
1870310 153
1870320 154
1870330 154
1870340 154
1870350 155
1870360 155
1870370 155
1870380 156
1870390 156
1870400 157
1870410 158
1870420 157
1870430 158
1870440 159
1870450 159
1870460 160
1870470 160
1870480 160
1870490 161
1870500 161
1870510 161
1870520 161
1870530 161
1870540 161
1870550 162
1870560 162
1870570 162
1870580 163
1870590 164
1870600 164
1870610 164
1870620 165
1870630 165
1870640 166
1870650 166
1870660 166
1870670 167
1870680 167
1870690 167
1870700 168
1870710 168
1870720 168
1870730 169
1870740 169
1870750 169
1870760 170
1870770 170
1870780 170
1870790 171
1870800 171
1870810 171
1870820 172
1870830 172
1870840 172
1870850 172
1870860 172
1870870 172
1870880 172
1870890 173
1870900 173
1870910 173
1870920 173
1870930 173
1870940 173
1870950 173
1870960 173
1870970 173
1870980 173
1870990 173
1871000 173
1871010 173
1871020 173
1871030 173
1871040 172
1871050 172
1871060 172
1871070 172
1871080 172
1871090 172
1871100 172
1871110 172
1871120 172
1871130 172
1871140 172
1871150 172
1871160 172
1871170 172
1871180 172
1871190 173
1871200 173
1871210 173
1871220 173
1871230 173
1871240 173
1871250 173
1871260 173
1871270 173
1871280 173
1871290 172
1871300 172
1871310 172
1871320 172
1871330 172
1871340 171
1871350 171
1871360 171
1871370 170
1871380 170
1871390 170
1871400 170
1871410 169
1871420 169
1871430 169
1871440 168
1871450 168
1871460 168
1871470 168
1871480 168
1871490 168
1871500 168
1871510 168
1871520 168
1871530 168
1871540 168
1871550 168
1871560 168
1871570 168
1871580 168
1871590 168
1871600 168
1871610 169
1871620 169
1871630 169
1871640 170
1871650 170
1871660 170
1871670 170
1871680 170
1871690 170
1871700 170
1871710 169
1871720 169
1871730 169
1871740 168
1871750 168
1871760 168
1871770 167
1871780 167
1871790 167
1871800 166
1871810 166
1871820 165
1871830 164
1871840 164
1871850 164
1871860 164
1871870 164
1871880 164
1871890 163
1871900 163
1871910 162
1871920 161
1871930 161
1871940 161
1871950 160
1871960 160
1871970 159
1871980 159
1871990 159
1872000 158
1872010 157
1872020 157
1872030 156
1872040 156
1872050 155
1872060 155
1872070 154
1872080 153
1872090 153
1872100 152
1872110 152
1872120 152
1872130 151
1872140 150
1872150 150
1872160 149
1872170 149
1872180 149
1872190 148
1872200 147
1872210 147
1872220 147
1872230 146
1872240 146
1872250 145
1872260 145
1872270 145
1872280 144
1872290 144
1872300 144
1872310 143
1872320 143
1872330 143
1872340 142
1872350 142
1872360 142
1872370 142
1872380 141
1872390 141
1872400 141
1872410 141
1872420 141
1872430 141
1872440 140
1872450 140
1872460 140
1872470 140
1872480 140
1872490 140
1872500 140
1872510 140
1872520 139
1872530 139
1872540 139
1872550 139
1872560 139
1872570 139
1872580 138
1872590 138
1872600 138
1872610 138
1872620 137
1872630 137
1872640 137
1872650 137
1872660 137
1872670 137
1872680 137
1872690 137
1872700 137
1872710 136
1872720 136
1872730 137
1872740 136
1872750 136
1872760 136
1872770 137
1872780 137
1872790 137
1872800 137
1872810 137
1872820 137
1872830 137
1872840 137
1872850 137
1872860 137
1872870 137
1872880 138
1872890 138
1872900 138
1872910 139
1872920 139
1872930 139
1872940 139
1872950 139
1872960 139
1872970 140
1872980 140
1872990 140
1873000 141
1873010 141
1873020 141
1873030 142
1873040 143
1873050 143
1873060 144
1873070 145
1873080 145
1873090 145
1873100 146
1873110 147
1873120 147
1873130 148
1873140 148
1873150 148
1873160 149
1873170 150
1873180 150
1873190 150
1873200 152
1873210 152
1873220 152
1873230 152
1873240 152
1873250 153
1873260 154
1873270 154
1873280 155
1873290 156
1873300 156
1873310 158
1873320 160
1873330 160
1873340 162
1873350 164
1873360 164
1873370 166
1873380 167
1873390 167
1873400 168
1873410 168
1873420 168
1873430 168
1873440 168
1873450 168
1873460 168
1873470 168
1873480 168
1873490 167
1873500 166
1873510 166
1873520 166
1873530 165
1873540 165
1873550 164
1873560 164
1873570 164
1873580 163
1873590 162
1873600 162
1873610 162
1873620 162
1873630 162
1873640 162
1873650 162
1873660 162
1873670 163
1873680 164
1873690 164
1873700 165
1873710 166
1873720 166
1873730 168
1873740 171
1873750 171
1873760 173
1873770 174
1873780 174
1873790 174
1873800 175
1873810 175
1873820 176
1873830 176
1873840 176
1873850 177
1873860 177
1873870 177
1873880 177
1873890 178
1873900 178
1873910 178
1873920 178
1873930 178
1873940 178
1873950 178
1873960 178
1873970 178
1873980 178
1873990 178
1874000 178
1874010 178
1874020 178
1874030 178
1874040 179
1874050 179
1874060 179
1874070 179
1874080 179
1874090 179
1874100 179
1874110 179
1874120 179
1874130 179
1874140 179
1874150 179
1874160 179
1874170 179
1874180 179
1874190 179
1874200 178
1874210 178
1874220 178
1874230 178
1874240 178
1874250 178
1874260 179
1874270 179
1874280 179
1874290 179
1874300 179
1874310 179
1874320 179
1874330 179
1874340 179
1874350 179
1874360 179
1874370 179
1874380 179
1874390 179
1874400 179
1874410 179
1874420 179
1874430 178
1874440 178
1874450 178
1874460 178
1874470 178
1874480 178
1874490 178
1874500 178
1874510 178
1874520 178
1874530 178
1874540 178
1874550 178
1874560 178
1874570 178
1874580 178
1874590 178
1874600 178
1874610 178
1874620 178
1874630 178
1874640 178
1874650 178
1874660 178
1874670 178
1874680 178
1874690 178
1874700 178
1874710 178
1874720 178
1874730 178
1874740 178
1874750 178
1874760 178
1874770 179
1874780 179
1874790 179
1874800 179
1874810 179
1874820 179
1874830 179
1874840 179
1874850 179
1874860 179
1874870 179
1874880 179
1874890 179
1874900 179
1874910 179
1874920 179
1874930 179
1874940 179
1874950 179
1874960 179
1874970 179
1874980 179
1874990 179
1875000 179
1875010 179
1875020 179
1875030 179
1875040 179
1875050 179
1875060 179
1875070 179
1875080 179
1875090 179
1875100 179
1875110 179
1875120 179
1875130 179
1875140 179
1875150 179
1875160 179
1875170 179
1875180 179
1875190 178
1875200 178
1875210 178
1875220 178
1875230 178
1875240 178
1875250 178
1875260 178
1875270 178
1875280 178
1875290 178
1875300 178
1875310 178
1875320 177
1875330 177
1875340 177
1875350 177
1875360 177
1875370 177
1875380 177
1875390 177
1875400 177
1875410 177
1875420 177
1875430 177
1875440 177
1875450 177
1875460 178
1875470 177
1875480 177
1875490 177
1875500 177
1875510 177
1875520 177
1875530 177
1875540 177
1875550 177
1875560 177
1875570 177
1875580 177
1875590 177
1875600 177
1875610 177
1875620 176
1875630 176
1875640 176
1875650 176
1875660 176
1875670 176
1875680 176
1875690 176
1875700 176
1875710 175
1875720 175
1875730 175
1875740 175
1875750 175
1875760 175
1875770 175
1875780 175
1875790 174
1875800 174
1875810 174
1875820 174
1875830 174
1875840 174
1875850 174
1875860 174
1875870 174
1875880 174
1875890 174
1875900 174
1875910 174
1875920 174
1875930 174
1875940 174
1875950 175
1875960 175
1875970 175
1875980 175
1875990 175
1876000 175
1876010 175
1876020 175
1876030 175
1876040 175
1876050 175
1876060 176
1876070 176
1876080 176
1876090 176
1876100 176
1876110 176
1876120 176
1876130 176
1876140 176
1876150 176
1876160 176
1876170 176
1876180 176
1876190 176
1876200 176
1876210 176
1876220 176
1876230 176
1876240 176
1876250 176
1876260 176
1876270 176
1876280 176
1876290 175
1876300 175
1876310 176
1876320 176
1876330 176
1876340 176
1876350 176
1876360 176
1876370 176
1876380 176
1876390 176
1876400 176
1876410 176
1876420 176
1876430 176
1876440 176
1876450 176
1876460 176
1876470 176
1876480 176
1876490 176
1876500 176
1876510 176
1876520 176
1876530 176
1876540 176
1876550 176
1876560 176
1876570 176
1876580 176
1876590 176
1876600 176
1876610 176
1876620 176
1876630 176
1876640 176
1876650 176
1876660 176
1876670 176
1876680 176
1876690 176
1876700 176
1876710 176
1876720 176
1876730 176
1876740 176
1876750 176
1876760 176
1876770 176
1876780 176
1876790 176
1876800 176
1876810 176
1876820 176
1876830 176
1876840 176
1876850 176
1876860 176
1876870 176
1876880 176
1876890 176
1876900 176
1876910 176
1876920 176
1876930 176
1876940 176
1876950 176
1876960 176
1876970 176
1876980 176
1876990 176
1877000 176
1877010 176
1877020 176
1877030 176
1877040 176
1877050 176
1877060 176
1877070 176
1877080 176
1877090 176
1877100 176
1877110 176
1877120 176
1877130 177
1877140 177
1877150 177
1877160 177
1877170 177
1877180 177
1877190 176
1877200 176
1877210 176
1877220 176
1877230 176
1877240 176
1877250 176
1877260 176
1877270 176
1877280 176
1877290 176
1877300 176
1877310 175
1877320 175
1877330 175
1877340 175
1877350 175
1877360 175
1877370 175
1877380 175
1877390 175
1877400 175
1877410 175
1877420 175
1877430 175
1877440 175
1877450 175
1877460 175
1877470 175
1877480 175
1877490 175
1877500 175
1877510 175
1877520 174
1877530 174
1877540 174
1877550 174
1877560 174
1877570 174
1877580 174
1877590 174
1877600 174
1877610 173
1877620 173
1877630 173
1877640 173
1877650 173
1877660 173
1877670 173
1877680 172
1877690 172
1877700 172
1877710 172
1877720 172
1877730 172
1877740 172
1877750 172
1877760 172
1877770 171
1877780 171
1877790 171
1877800 171
1877810 171
1877820 171
1877830 171
1877840 171
1877850 171
1877860 171
1877870 171
1877880 171
1877890 170
1877900 170
1877910 170
1877920 170
1877930 170
1877940 170
1877950 170
1877960 170
1877970 170
1877980 169
1877990 169
1878000 169
1878010 169
1878020 169
1878030 168
1878040 167
1878050 167
1878060 167
1878070 166
1878080 166
1878090 165
1878100 165
1878110 165
1878120 164
1878130 164
1878140 164
1878150 164
1878160 163
1878170 163
1878180 163
1878190 163
1878200 163
1878210 163
1878220 163
1878230 164
1878240 164
1878250 165
1878260 166
1878270 166
1878280 167
1878290 168
1878300 168
1878310 168
1878320 168
1878330 168
1878340 169
1878350 169
1878360 169
1878370 169
1878380 169
1878390 169
1878400 169
1878410 169
1878420 169
1878430 169
1878440 170
1878450 170
1878460 171
1878470 173
1878480 173
1878490 173
1878500 174
1878510 174
1878520 174
1878530 175
1878540 175
1878550 175
1878560 175
1878570 175
1878580 175
1878590 175
1878600 175
1878610 175
1878620 175
1878630 175
1878640 175
1878650 175
1878660 175
1878670 175
1878680 175
1878690 176
1878700 176
1878710 176
1878720 176
1878730 176
1878740 176
1878750 176
1878760 176
1878770 176
1878780 176
1878790 176
1878800 176
1878810 176
1878820 176
1878830 176
1878840 176
1878850 176
1878860 175
1878870 175
1878880 175
1878890 175
1878900 175
1878910 175
1878920 175
1878930 175
1878940 175
1878950 175
1878960 175
1878970 175
1878980 175
1878990 175
1879000 175
1879010 175
1879020 175
1879030 175
1879040 175
1879050 175
1879060 175
1879070 175
1879080 175
1879090 175
1879100 175
1879110 175
1879120 175
1879130 175
1879140 175
1879150 175
1879160 175
1879170 175
1879180 175
1879190 175
1879200 174
1879210 174
1879220 174
1879230 173
1879240 173
1879250 173
1879260 173
1879270 173
1879280 173
1879290 174
1879300 174
1879310 174
1879320 175
1879330 175
1879340 175
1879350 175
1879360 175
1879370 175
1879380 175
1879390 175
1879400 175
1879410 175
1879420 175
1879430 175
1879440 175
1879450 175
1879460 175
1879470 175
1879480 175
1879490 175
1879500 175
1879510 175
1879520 175
1879530 175
1879540 175
1879550 175
1879560 175
1879570 175
1879580 175
1879590 175
1879600 175
1879610 175
1879620 175
1879630 175
1879640 175
1879650 175
1879660 175
1879670 175
1879680 175
1879690 175
1879700 175
1879710 175
1879720 175
1879730 175
1879740 175
1879750 175
1879760 175
1879770 175
1879780 175
1879790 175
1879800 175
1879810 175
1879820 175
1879830 174
1879840 174
1879850 174
1879860 174
1879870 174
1879880 175
1879890 175
1879900 175
1879910 175
1879920 175
1879930 175
1879940 175
1879950 175
1879960 175
1879970 175
1879980 175
1879990 175
