1860000 290
1860010 290
1860020 289
1860030 289
1860040 289
1860050 289
1860060 289
1860070 289
1860080 289
1860090 290
1860100 290
1860110 292
1860120 294
1860130 294
1860140 294
1860150 294
1860160 294
1860170 294
1860180 294
1860190 294
1860200 293
1860210 293
1860220 293
1860230 292
1860240 292
1860250 292
1860260 291
1860270 290
1860280 290
1860290 290
1860300 289
1860310 289
1860320 289
1860330 288
1860340 288
1860350 288
1860360 287
1860370 286
1860380 286
1860390 285
1860400 284
1860410 284
1860420 283
1860430 282
1860440 282
1860450 281
1860460 280
1860470 280
1860480 279
1860490 278
1860500 278
1860510 277
1860520 276
1860530 276
1860540 276
1860550 275
1860560 275
1860570 274
1860580 274
1860590 274
1860600 275
1860610 274
1860620 274
1860630 274
1860640 274
1860650 274
1860660 274
1860670 274
1860680 274
1860690 274
1860700 274
1860710 274
1860720 273
1860730 273
1860740 273
1860750 273
1860760 272
1860770 272
1860780 271
1860790 271
1860800 271
1860810 271
1860820 270
1860830 270
1860840 269
1860850 269
1860860 269
1860870 268
1860880 268
1860890 268
1860900 268
1860910 268
1860920 268
1860930 268
1860940 269
1860950 268
1860960 269
1860970 269
1860980 269
1860990 270
1861000 270
1861010 270
1861020 270
1861030 269
1861040 269
1861050 269
1861060 268
1861070 268
1861080 268
1861090 267
1861100 267
1861110 267
1861120 267
1861130 267
1861140 267
1861150 267
1861160 267
1861170 267
1861180 267
1861190 267
1861200 266
1861210 265
1861220 265
1861230 264
1861240 263
1861250 263
1861260 262
1861270 260
1861280 260
1861290 258
1861300 254
1861310 254
1861320 253
1861330 252
1861340 252
1861350 251
1861360 250
1861370 249
1861380 249
1861390 248
1861400 247
1861410 247
1861420 247
1861430 247
1861440 247
1861450 246
1861460 246
1861470 246
1861480 246
1861490 245
1861500 245
1861510 244
1861520 243
1861530 243
1861540 241
1861550 240
1861560 240
1861570 240
1861580 239
1861590 239
1861600 238
1861610 238
1861620 238
1861630 237
1861640 235
1861650 235
1861660 234
1861670 233
1861680 233
1861690 232
1861700 233
1861710 233
1861720 232
1861730 231
1861740 231
1861750 231
1861760 228
1861770 228
1861780 226
1861790 223
1861800 223
1861810 220
1861820 217
1861830 217
1861840 214
1861850 212
1861860 212
1861870 209
1861880 207
1861890 207
1861900 204
1861910 203
1861920 203
1861930 201
1861940 199
1861950 199
1861960 198
1861970 198
1861980 198
1861990 198
1862000 199
1862010 199
1862020 200
1862030 202
1862040 202
1862050 202
1862060 203
1862070 203
1862080 205
1862090 204
1862100 204
1862110 203
1862120 202
1862130 202
1862140 204
1862150 207
1862160 207
1862170 210
1862180 213
1862190 213
1862200 217
1862210 221
1862220 221
1862230 224
1862240 227
1862250 227
1862260 229
1862270 231
1862280 231
1862290 233
1862300 237
1862310 237
1862320 241
1862330 244
1862340 244
1862350 247
1862360 249
1862370 250
1862380 250
1862390 251
1862400 252
1862410 252
1862420 252
1862430 252
1862440 252
1862450 252
1862460 252
1862470 252
1862480 252
1862490 251
1862500 251
1862510 250
1862520 250
1862530 250
1862540 249
1862550 248
1862560 248
1862570 247
1862580 246
1862590 246
1862600 245
1862610 244
1862620 244
1862630 242
1862640 241
1862650 241
1862660 242
1862670 241
1862680 241
1862690 239
1862700 238
1862710 238
1862720 237
1862730 235
1862740 235
1862750 233
1862760 231
1862770 231
1862780 229
1862790 228
1862800 228
1862810 226
1862820 224
1862830 224
1862840 222
1862850 220
1862860 220
1862870 219
1862880 217
1862890 217
1862900 215
1862910 214
1862920 214
1862930 212
1862940 211
1862950 211
1862960 210
1862970 208
1862980 208
1862990 207
1863000 206
1863010 206
1863020 205
1863030 204
1863040 204
1863050 203
1863060 201
1863070 201
1863080 200
1863090 199
1863100 199
1863110 198
1863120 197
1863130 197
1863140 196
1863150 196
1863160 196
1863170 195
1863180 194
1863190 194
1863200 194
1863210 194
1863220 194
1863230 193
1863240 193
1863250 193
1863260 193
1863270 193
1863280 193
1863290 193
1863300 190
1863310 190
1863320 187
1863330 187
1863340 188
1863350 187
1863360 186
1863370 186
1863380 186
1863390 186
1863400 186
1863410 186
1863420 186
1863430 186
1863440 186
1863450 186
1863460 186
1863470 186
1863480 185
1863490 185
1863500 185
1863510 184
1863520 184
1863530 184
1863540 183
1863550 183
1863560 183
1863570 182
1863580 182
1863590 182
1863600 182
1863610 181
1863620 181
1863630 181
1863640 181
1863650 181
1863660 181
1863670 180
1863680 180
1863690 180
1863700 180
1863710 180
1863720 180
1863730 180
1863740 180
1863750 179
1863760 179
1863770 179
1863780 179
1863790 178
1863800 178
1863810 178
1863820 178
1863830 178
1863840 177
1863850 177
1863860 177
1863870 176
1863880 175
1863890 175
1863900 175
1863910 175
1863920 175
1863930 175
1863940 175
1863950 175
1863960 175
1863970 175
1863980 175
1863990 175
1864000 175
1864010 175
1864020 175
1864030 175
1864040 175
1864050 175
1864060 174
1864070 174
1864080 174
1864090 173
1864100 173
1864110 172
1864120 171
1864130 171
1864140 170
1864150 169
1864160 169
1864170 168
1864180 168
1864190 168
1864200 167
1864210 167
1864220 167
1864230 167
1864240 166
1864250 166
1864260 165
1864270 165
1864280 165
1864290 163
1864300 162
1864310 162
1864320 161
1864330 160
1864340 160
1864350 159
1864360 159
1864370 159
1864380 159
1864390 158
1864400 158
1864410 158
1864420 160
1864430 162
1864440 162
1864450 163
1864460 162
1864470 162
1864480 162
1864490 160
1864500 160
1864510 160
1864520 159
1864530 159
1864540 159
1864550 159
1864560 159
1864570 159
1864580 159
1864590 159
1864600 158
1864610 158
1864620 158
1864630 157
1864640 157
1864650 157
1864660 157
1864670 157
1864680 157
1864690 157
1864700 156
1864710 157
1864720 157
1864730 157
1864740 157
1864750 156
1864760 156
1864770 156
1864780 155
1864790 155
1864800 155
1864810 155
1864820 154
1864830 154
1864840 154
1864850 154
1864860 154
1864870 153
1864880 153
1864890 153
1864900 153
1864910 152
1864920 152
1864930 152
1864940 152
1864950 152
1864960 152
1864970 151
1864980 151
1864990 151
1865000 151
1865010 151
1865020 150
1865030 150
1865040 150
1865050 149
1865060 149
1865070 149
1865080 149
1865090 148
1865100 148
1865110 148
1865120 148
1865130 148
1865140 148
1865150 148
1865160 148
1865170 148
1865180 148
1865190 148
1865200 148
1865210 147
1865220 147
1865230 147
1865240 147
1865250 147
1865260 147
1865270 147
1865280 147
1865290 147
1865300 147
1865310 147
1865320 148
1865330 148
1865340 148
1865350 147
1865360 147
1865370 147
1865380 148
1865390 148
1865400 148
1865410 148
1865420 147
1865430 147
1865440 147
1865450 147
1865460 147
1865470 147
1865480 147
1865490 147
1865500 147
1865510 147
1865520 147
1865530 147
1865540 147
1865550 147
1865560 147
1865570 147
1865580 147
1865590 147
1865600 147
1865610 147
1865620 147
1865630 147
1865640 147
1865650 147
1865660 147
1865670 147
1865680 147
1865690 147
1865700 146
1865710 146
1865720 147
1865730 146
1865740 146
1865750 146
1865760 146
1865770 146
1865780 146
1865790 146
1865800 146
1865810 146
1865820 146
1865830 146
1865840 146
1865850 146
1865860 146
1865870 146
1865880 146
1865890 146
1865900 146
1865910 146
1865920 146
1865930 146
1865940 146
1865950 146
1865960 146
1865970 146
1865980 146
1865990 146
1866000 146
1866010 146
1866020 146
1866030 146
1866040 146
1866050 146
1866060 146
1866070 146
1866080 146
1866090 146
1866100 146
1866110 145
1866120 145
1866130 145
1866140 145
1866150 145
1866160 145
1866170 145
1866180 145
1866190 145
1866200 145
1866210 145
1866220 145
1866230 145
1866240 145
1866250 145
1866260 146
1866270 146
1866280 146
1866290 146
1866300 146
1866310 146
1866320 146
1866330 146
1866340 146
1866350 146
1866360 146
1866370 146
1866380 146
1866390 146
1866400 147
1866410 147
1866420 147
1866430 147
1866440 147
1866450 147
1866460 148
1866470 148
1866480 148
1866490 148
1866500 148
1866510 148
1866520 148
1866530 148
1866540 148
1866550 148
1866560 148
1866570 148
1866580 148
1866590 148
1866600 148
1866610 148
1866620 148
1866630 148
1866640 148
1866650 148
1866660 148
1866670 148
1866680 148
1866690 148
1866700 148
1866710 148
1866720 148
1866730 148
1866740 148
1866750 148
1866760 148
1866770 148
1866780 148
1866790 148
1866800 148
1866810 148
1866820 148
1866830 148
1866840 148
1866850 148
1866860 148
1866870 147
1866880 147
1866890 147
1866900 147
1866910 147
1866920 147
1866930 147
1866940 147
1866950 147
1866960 147
1866970 147
1866980 147
1866990 147
1867000 146
1867010 146
1867020 146
1867030 146
1867040 146
1867050 146
1867060 146
1867070 146
1867080 146
1867090 146
1867100 146
1867110 146
1867120 146
1867130 146
1867140 146
1867150 146
1867160 146
1867170 146
1867180 146
1867190 146
1867200 146
1867210 147
1867220 147
1867230 148
1867240 149
1867250 149
1867260 148
1867270 148
1867280 148
1867290 148
1867300 148
1867310 148
1867320 149
1867330 149
1867340 149
1867350 150
1867360 151
1867370 151
1867380 152
1867390 153
1867400 154
1867410 153
1867420 154
1867430 155
1867440 155
1867450 156
1867460 157
1867470 157
1867480 158
1867490 158
1867500 158
1867510 159
1867520 160
1867530 160
1867540 161
1867550 162
1867560 162
1867570 163
1867580 164
1867590 164
1867600 166
1867610 167
1867620 167
1867630 167
1867640 168
1867650 168
1867660 169
1867670 170
1867680 170
1867690 171
1867700 172
1867710 172
1867720 172
1867730 173
1867740 173
1867750 174
1867760 175
1867770 175
1867780 176
1867790 177
1867800 177
1867810 178
1867820 178
1867830 178
1867840 179
1867850 179
1867860 179
1867870 179
1867880 179
1867890 179
1867900 179
1867910 179
1867920 179
1867930 179
1867940 179
1867950 179
1867960 180
1867970 180
1867980 180
1867990 180
1868000 180
1868010 180
1868020 180
1868030 181
1868040 181
1868050 182
1868060 179
1868070 179
1868080 174
1868090 173
1868100 173
1868110 169
1868120 168
1868130 168
1868140 167
1868150 166
1868160 166
1868170 165
1868180 165
1868190 165
1868200 165
1868210 165
1868220 165
1868230 167
1868240 166
1868250 166
1868260 164
1868270 163
1868280 163
1868290 162
1868300 161
1868310 161
1868320 160
1868330 159
1868340 159
1868350 158
1868360 157
1868370 157
1868380 156
1868390 155
1868400 155
1868410 155
1868420 153
1868430 153
1868440 153
1868450 153
1868460 153
1868470 153
1868480 153
1868490 154
1868500 154
1868510 154
1868520 155
1868530 155
1868540 155
1868550 155
1868560 155
1868570 155
1868580 155
1868590 155
1868600 155
1868610 156
1868620 156
1868630 156
1868640 156
1868650 156
1868660 156
1868670 157
1868680 157
1868690 157
1868700 158
1868710 158
1868720 157
1868730 157
1868740 157
1868750 158
1868760 159
1868770 159
1868780 159
1868790 159
1868800 159
1868810 159
1868820 159
1868830 159
1868840 159
1868850 160
1868860 160
1868870 159
1868880 159
1868890 159
1868900 159
1868910 159
1868920 159
1868930 158
1868940 158
1868950 158
1868960 157
1868970 156
1868980 156
1868990 156
1869000 155
1869010 155
1869020 155
1869030 154
1869040 154
1869050 154
1869060 153
1869070 153
1869080 153
1869090 153
1869100 153
1869110 152
1869120 152
1869130 152
1869140 152
1869150 152
1869160 152
1869170 152
1869180 152
1869190 152
1869200 151
1869210 151
1869220 151
1869230 151
1869240 150
1869250 150
1869260 150
1869270 150
1869280 150
1869290 150
1869300 150
1869310 150
1869320 150
1869330 150
1869340 150
1869350 150
1869360 150
1869370 150
1869380 149
1869390 149
1869400 149
1869410 150
1869420 150
1869430 150
1869440 150
1869450 150
1869460 150
1869470 150
1869480 150
1869490 150
1869500 150
1869510 150
1869520 150
1869530 150
1869540 150
1869550 150
1869560 150
1869570 150
1869580 150
1869590 150
1869600 150
1869610 150
1869620 150
1869630 151
1869640 151
1869650 151
1869660 152
1869670 153
1869680 153
1869690 153
1869700 154
1869710 154
1869720 154
1869730 154
1869740 154
1869750 154
1869760 155
1869770 155
1869780 155
1869790 155
1869800 155
1869810 155
1869820 155
1869830 155
1869840 154
1869850 154
1869860 154
1869870 154
1869880 154
1869890 154
1869900 154
1869910 153
1869920 153
1869930 152
1869940 152
1869950 152
1869960 151
1869970 151
1869980 151
1869990 151
1870000 151
1870010 151
1870020 150
1870030 150
1870040 150
1870050 150
1870060 149
1870070 149
1870080 149
1870090 149
1870100 149
1870110 150
1870120 152
1870130 152
1870140 152
1870150 152
1870160 152
1870170 153
1870180 153
1870190 153
1870200 153
1870210 153
1870220 153
1870230 153
1870240 154
1870250 154
1870260 154
1870270 155
1870280 155
1870290 156
1870300 156
1870310 156
1870320 156
1870330 156
1870340 156
1870350 157
1870360 157
1870370 157
1870380 157
1870390 157
1870400 157
1870410 157
1870420 157
1870430 157
1870440 157
1870450 158
1870460 158
1870470 158
1870480 158
1870490 158
1870500 158
1870510 158
1870520 159
1870530 159
1870540 159
1870550 159
1870560 159
1870570 160
1870580 160
1870590 160
1870600 160
1870610 160
1870620 160
1870630 161
1870640 161
1870650 161
1870660 161
1870670 161
1870680 161
1870690 162
1870700 162
1870710 162
1870720 163
1870730 163
1870740 163
1870750 163
1870760 164
1870770 164
1870780 164
1870790 165
1870800 165
1870810 165
1870820 165
1870830 165
1870840 165
1870850 166
1870860 166
1870870 166
1870880 166
1870890 166
1870900 166
1870910 166
1870920 166
1870930 166
1870940 166
1870950 166
1870960 167
1870970 167
1870980 167
1870990 167
1871000 167
1871010 167
1871020 167
1871030 167
1871040 167
1871050 167
1871060 167
1871070 167
1871080 167
1871090 167
1871100 168
1871110 168
1871120 168
1871130 168
1871140 168
1871150 168
1871160 168
1871170 168
1871180 168
1871190 168
1871200 168
1871210 167
1871220 167
1871230 167
1871240 167
1871250 167
1871260 167
1871270 167
1871280 167
1871290 167
1871300 167
1871310 167
1871320 167
1871330 167
1871340 167
1871350 167
1871360 167
1871370 167
1871380 167
1871390 167
1871400 167
1871410 167
1871420 167
1871430 167
1871440 167
1871450 167
1871460 167
1871470 167
1871480 167
1871490 166
1871500 166
1871510 165
1871520 163
1871530 163
1871540 163
1871550 163
1871560 163
1871570 163
1871580 163
1871590 163
1871600 164
1871610 164
1871620 164
1871630 165
1871640 165
1871650 165
1871660 165
1871670 165
1871680 165
1871690 165
1871700 164
1871710 164
1871720 164
1871730 163
1871740 163
1871750 163
1871760 162
1871770 163
1871780 163
1871790 162
1871800 162
1871810 161
1871820 161
1871830 161
1871840 160
1871850 159
1871860 159
1871870 158
1871880 158
1871890 158
1871900 157
1871910 157
1871920 157
1871930 157
1871940 156
1871950 156
1871960 156
1871970 155
1871980 155
1871990 155
1872000 154
1872010 154
1872020 154
1872030 153
1872040 153
1872050 153
1872060 153
1872070 153
1872080 152
1872090 152
1872100 152
1872110 152
1872120 151
1872130 151
1872140 150
1872150 149
1872160 149
1872170 148
1872180 148
1872190 148
1872200 147
1872210 147
1872220 147
1872230 146
1872240 146
1872250 146
1872260 145
1872270 145
1872280 145
1872290 144
1872300 144
1872310 144
1872320 143
1872330 143
1872340 143
1872350 143
1872360 142
1872370 142
1872380 142
1872390 141
1872400 141
1872410 141
1872420 141
1872430 141
1872440 140
1872450 140
1872460 140
1872470 140
1872480 139
1872490 139
1872500 139
1872510 139
1872520 138
1872530 138
1872540 138
1872550 138
1872560 138
1872570 138
1872580 137
1872590 137
1872600 137
1872610 137
1872620 137
1872630 137
1872640 137
1872650 137
1872660 136
1872670 136
1872680 136
1872690 136
1872700 136
1872710 136
1872720 136
1872730 135
1872740 135
1872750 135
1872760 135
1872770 135
1872780 135
1872790 135
1872800 135
1872810 134
1872820 135
1872830 135
1872840 135
1872850 135
1872860 135
1872870 135
1872880 136
1872890 136
1872900 136
1872910 136
1872920 136
1872930 136
1872940 137
1872950 137
1872960 137
1872970 139
1872980 139
1872990 139
1873000 140
1873010 140
1873020 140
1873030 141
1873040 141
1873050 142
1873060 143
1873070 143
1873080 143
1873090 144
1873100 145
1873110 145
1873120 146
1873130 146
1873140 147
1873150 147
1873160 147
1873170 148
1873180 149
1873190 149
1873200 150
1873210 151
1873220 151
1873230 151
1873240 152
1873250 152
1873260 153
1873270 154
1873280 154
1873290 155
1873300 157
1873310 157
1873320 158
1873330 159
1873340 159
1873350 159
1873360 159
1873370 159
1873380 158
1873390 158
1873400 158
1873410 158
1873420 158
1873430 159
1873440 158
1873450 158
1873460 158
1873470 158
1873480 158
1873490 157
1873500 157
1873510 157
1873520 156
1873530 156
1873540 156
1873550 155
1873560 155
1873570 155
1873580 155
1873590 155
1873600 155
1873610 155
1873620 155
1873630 155
1873640 155
1873650 155
1873660 156
1873670 157
1873680 157
1873690 159
1873700 161
1873710 161
1873720 165
1873730 166
1873740 166
1873750 167
1873760 169
1873770 169
1873780 170
1873790 172
1873800 172
1873810 173
1873820 175
1873830 175
1873840 176
1873850 177
1873860 177
1873870 177
1873880 177
1873890 177
1873900 177
1873910 177
1873920 177
1873930 177
1873940 177
1873950 177
1873960 177
1873970 177
1873980 177
1873990 177
1874000 177
1874010 177
1874020 177
1874030 177
1874040 177
1874050 177
1874060 177
1874070 177
1874080 177
1874090 177
1874100 177
1874110 177
1874120 177
1874130 177
1874140 177
1874150 177
1874160 177
1874170 178
1874180 178
1874190 178
1874200 178
1874210 178
1874220 178
1874230 178
1874240 178
1874250 178
1874260 178
1874270 178
1874280 178
1874290 178
1874300 178
1874310 178
1874320 178
1874330 178
1874340 178
1874350 178
1874360 178
1874370 178
1874380 178
1874390 177
1874400 177
1874410 177
1874420 177
1874430 177
1874440 177
1874450 177
1874460 177
1874470 177
1874480 177
1874490 177
1874500 177
1874510 177
1874520 177
1874530 177
1874540 177
1874550 177
1874560 177
1874570 177
1874580 177
1874590 177
1874600 178
1874610 177
1874620 177
1874630 177
1874640 177
1874650 177
1874660 177
1874670 177
1874680 177
1874690 177
1874700 177
1874710 177
1874720 177
1874730 177
1874740 177
1874750 178
1874760 178
1874770 178
1874780 178
1874790 178
1874800 178
1874810 178
1874820 177
1874830 177
1874840 177
1874850 177
1874860 177
1874870 177
1874880 177
1874890 177
1874900 177
1874910 177
1874920 177
1874930 177
1874940 177
1874950 177
1874960 177
1874970 177
1874980 177
1874990 177
1875000 177
1875010 177
1875020 177
1875030 177
1875040 177
1875050 177
1875060 177
1875070 177
1875080 177
1875090 177
1875100 177
1875110 177
1875120 178
1875130 178
1875140 177
1875150 177
1875160 177
1875170 177
1875180 177
1875190 177
1875200 177
1875210 177
1875220 177
1875230 177
1875240 177
1875250 177
1875260 177
1875270 177
1875280 177
1875290 177
1875300 177
1875310 177
1875320 177
1875330 177
1875340 177
1875350 177
1875360 177
1875370 177
1875380 177
1875390 177
1875400 177
1875410 177
1875420 177
1875430 177
1875440 177
1875450 177
1875460 177
1875470 177
1875480 177
1875490 177
1875500 177
1875510 177
1875520 177
1875530 177
1875540 177
1875550 177
1875560 177
1875570 177
1875580 177
1875590 177
1875600 177
1875610 176
1875620 176
1875630 176
1875640 176
1875650 176
1875660 176
1875670 176
1875680 176
1875690 176
1875700 176
1875710 176
1875720 176
1875730 176
1875740 176
1875750 176
1875760 175
1875770 175
1875780 175
1875790 175
1875800 175
1875810 175
1875820 175
1875830 175
1875840 175
1875850 174
1875860 174
1875870 174
1875880 174
1875890 174
1875900 174
1875910 173
1875920 173
1875930 173
1875940 173
1875950 173
1875960 173
1875970 173
1875980 173
1875990 173
1876000 173
1876010 173
1876020 173
1876030 173
1876040 173
1876050 173
1876060 173
1876070 174
1876080 174
1876090 174
1876100 174
1876110 174
1876120 174
1876130 174
1876140 174
1876150 174
1876160 174
1876170 174
1876180 175
1876190 175
1876200 175
1876210 175
1876220 175
1876230 175
1876240 175
1876250 175
1876260 175
1876270 175
1876280 175
1876290 175
1876300 174
1876310 174
1876320 174
1876330 174
1876340 174
1876350 174
1876360 174
1876370 174
1876380 174
1876390 175
1876400 175
1876410 175
1876420 175
1876430 175
1876440 175
1876450 175
1876460 175
1876470 176
1876480 176
1876490 176
1876500 176
1876510 176
1876520 176
1876530 176
1876540 176
1876550 176
1876560 176
1876570 176
1876580 176
1876590 176
1876600 176
1876610 176
1876620 176
1876630 176
1876640 176
1876650 176
1876660 176
1876670 176
1876680 176
1876690 176
1876700 176
1876710 176
1876720 176
1876730 176
1876740 176
1876750 176
1876760 176
1876770 176
1876780 176
1876790 176
1876800 176
1876810 176
1876820 176
1876830 176
1876840 176
1876850 176
1876860 176
1876870 176
1876880 176
1876890 176
1876900 176
1876910 176
1876920 176
1876930 176
1876940 176
1876950 176
1876960 176
1876970 176
1876980 176
1876990 176
1877000 176
1877010 176
1877020 176
1877030 176
1877040 176
1877050 176
1877060 176
1877070 176
1877080 176
1877090 176
1877100 176
1877110 176
1877120 176
1877130 176
1877140 176
1877150 176
1877160 176
1877170 176
1877180 176
1877190 176
1877200 176
1877210 176
1877220 176
1877230 176
1877240 176
1877250 176
1877260 175
1877270 175
1877280 175
1877290 175
1877300 175
1877310 175
1877320 175
1877330 175
1877340 175
1877350 175
1877360 175
1877370 175
1877380 175
1877390 175
1877400 175
1877410 175
1877420 175
1877430 175
1877440 175
1877450 175
1877460 175
1877470 175
1877480 174
1877490 174
1877500 174
1877510 174
1877520 174
1877530 174
1877540 174
1877550 173
1877560 173
1877570 173
1877580 173
1877590 173
1877600 173
1877610 172
1877620 172
1877630 172
1877640 172
1877650 172
1877660 172
1877670 171
1877680 171
1877690 171
1877700 171
1877710 171
1877720 171
1877730 171
1877740 171
1877750 171
1877760 171
1877770 171
1877780 171
1877790 171
1877800 171
1877810 171
1877820 171
1877830 171
1877840 170
1877850 170
1877860 170
1877870 170
1877880 170
1877890 170
1877900 169
1877910 169
1877920 169
1877930 169
1877940 169
1877950 169
1877960 169
1877970 169
1877980 169
1877990 169
1878000 169
1878010 169
1878020 169
1878030 168
1878040 168
1878050 168
1878060 168
1878070 168
1878080 167
1878090 166
1878100 166
1878110 166
1878120 165
1878130 165
1878140 164
1878150 163
1878160 163
1878170 162
1878180 162
1878190 162
1878200 161
1878210 161
1878220 161
1878230 161
1878240 162
1878250 162
1878260 165
1878270 168
1878280 168
1878290 170
1878300 171
1878310 171
1878320 171
1878330 170
1878340 170
1878350 170
1878360 170
1878370 168
1878380 168
1878390 168
1878400 168
1878410 169
1878420 169
1878430 169
1878440 169
1878450 170
1878460 170
1878470 170
1878480 171
1878490 171
1878500 171
1878510 172
1878520 172
1878530 172
1878540 173
1878550 173
1878560 173
1878570 174
1878580 174
1878590 174
1878600 174
1878610 174
1878620 174
1878630 175
1878640 175
1878650 175
1878660 175
1878670 175
1878680 175
1878690 175
1878700 175
1878710 175
1878720 175
1878730 175
1878740 175
1878750 175
1878760 175
1878770 175
1878780 175
1878790 175
1878800 175
1878810 175
1878820 175
1878830 175
1878840 175
1878850 175
1878860 175
1878870 175
1878880 175
1878890 175
1878900 175
1878910 175
1878920 175
1878930 175
1878940 175
1878950 175
1878960 175
1878970 175
1878980 175
1878990 175
1879000 175
1879010 175
1879020 175
1879030 175
1879040 175
1879050 175
1879060 175
1879070 175
1879080 175
1879090 174
1879100 174
1879110 174
1879120 174
1879130 174
1879140 174
1879150 173
1879160 173
1879170 172
1879180 172
1879190 172
1879200 172
1879210 172
1879220 172
1879230 171
1879240 171
1879250 171
1879260 171
1879270 172
1879280 172
1879290 172
1879300 173
1879310 173
1879320 174
1879330 174
1879340 174
1879350 175
1879360 175
1879370 175
1879380 175
1879390 175
1879400 175
1879410 175
1879420 175
1879430 175
1879440 175
1879450 175
1879460 175
1879470 175
1879480 175
1879490 175
1879500 175
1879510 175
1879520 175
1879530 175
1879540 175
1879550 175
1879560 175
1879570 175
1879580 175
1879590 175
1879600 175
1879610 175
1879620 175
1879630 175
1879640 175
1879650 175
1879660 175
1879670 175
1879680 175
1879690 175
1879700 175
1879710 175
1879720 175
1879730 175
1879740 175
1879750 175
1879760 175
1879770 175
1879780 174
1879790 174
1879800 174
1879810 174
1879820 174
1879830 174
1879840 174
1879850 174
1879860 174
1879870 175
1879880 175
1879890 175
1879900 175
1879910 175
1879920 175
1879930 175
1879940 175
1879950 175
1879960 175
1879970 175
1879980 175
1879990 175
