1860000 265
1860010 264
1860020 264
1860030 264
1860040 264
1860050 264
1860060 264
1860070 264
1860080 264
1860090 264
1860100 264
1860110 264
1860120 264
1860130 264
1860140 264
1860150 264
1860160 264
1860170 264
1860180 264
1860190 264
1860200 264
1860210 264
1860220 264
1860230 264
1860240 263
1860250 263
1860260 263
1860270 262
1860280 261
1860290 261
1860300 261
1860310 260
1860320 260
1860330 260
1860340 259
1860350 258
1860360 258
1860370 257
1860380 257
1860390 257
1860400 256
1860410 256
1860420 256
1860430 255
1860440 254
1860450 254
1860460 254
1860470 254
1860480 254
1860490 253
1860500 253
1860510 253
1860520 252
1860530 252
1860540 252
1860550 251
1860560 251
1860570 251
1860580 250
1860590 250
1860600 250
1860610 249
1860620 249
1860630 249
1860640 249
1860650 249
1860660 249
1860670 249
1860680 248
1860690 248
1860700 248
1860710 248
1860720 248
1860730 248
1860740 247
1860750 247
1860760 246
1860770 245
1860780 245
1860790 245
1860800 244
1860810 244
1860820 243
1860830 243
1860840 243
1860850 242
1860860 242
1860870 242
1860880 241
1860890 240
1860900 241
1860910 239
1860920 239
1860930 239
1860940 238
1860950 238
1860960 238
1860970 237
1860980 237
1860990 237
1861000 237
1861010 237
1861020 237
1861030 236
1861040 237
1861050 237
1861060 237
1861070 238
1861080 238
1861090 239
1861100 240
1861110 240
1861120 241
1861130 242
1861140 242
1861150 243
1861160 244
1861170 244
1861180 246
1861190 247
1861200 247
1861210 249
1861220 251
1861230 251
1861240 254
1861250 255
1861260 255
1861270 256
1861280 257
1861290 257
1861300 257
1861310 258
1861320 258
1861330 259
1861340 261
1861350 261
1861360 263
1861370 265
1861380 266
1861390 266
1861400 267
1861410 267
1861420 267
1861430 268
1861440 269
1861450 269
1861460 270
1861470 270
1861480 270
1861490 271
1861500 272
1861510 272
1861520 273
1861530 274
1861540 274
1861550 274
1861560 275
1861570 275
1861580 275
1861590 276
1861600 276
1861610 276
1861620 276
1861630 276
1861640 277
1861650 277
1861660 277
1861670 277
1861680 278
1861690 278
1861700 278
1861710 279
1861720 279
1861730 279
1861740 279
1861750 279
1861760 280
1861770 280
1861780 280
1861790 280
1861800 281
1861810 281
1861820 281
1861830 281
1861840 281
1861850 281
1861860 281
1861870 281
1861880 282
1861890 282
1861900 282
1861910 282
1861920 282
1861930 282
1861940 282
1861950 281
1861960 281
1861970 281
1861980 281
1861990 281
1862000 280
1862010 280
1862020 280
1862030 279
1862040 279
1862050 279
1862060 278
1862070 278
1862080 278
1862090 277
1862100 277
1862110 277
1862120 277
1862130 276
1862140 276
1862150 276
1862160 275
1862170 275
1862180 275
1862190 275
1862200 275
1862210 274
1862220 274
1862230 274
1862240 273
1862250 273
1862260 273
1862270 273
1862280 272
1862290 272
1862300 272
1862310 271
1862320 271
1862330 270
1862340 270
1862350 270
1862360 270
1862370 269
1862380 269
1862390 269
1862400 268
1862410 268
1862420 268
1862430 267
1862440 266
1862450 266
1862460 266
1862470 266
1862480 266
1862490 265
1862500 265
1862510 265
1862520 265
1862530 265
1862540 265
1862550 265
1862560 265
1862570 265
1862580 265
1862590 265
1862600 265
1862610 264
1862620 264
1862630 264
1862640 263
1862650 263
1862660 263
1862670 263
1862680 263
1862690 263
1862700 263
1862710 263
1862720 263
1862730 264
1862740 264
1862750 264
1862760 264
1862770 264
1862780 264
1862790 264
1862800 264
1862810 264
1862820 264
1862830 264
1862840 264
1862850 265
1862860 265
1862870 265
1862880 265
1862890 265
1862900 265
1862910 266
1862920 266
1862930 266
1862940 266
1862950 266
1862960 266
1862970 266
1862980 267
1862990 267
1863000 267
1863010 267
1863020 267
1863030 266
1863040 266
1863050 266
1863060 266
1863070 265
1863080 265
1863090 265
1863100 264
1863110 264
1863120 263
1863130 263
1863140 263
1863150 262
1863160 262
1863170 262
1863180 261
1863190 260
1863200 260
1863210 259
1863220 258
1863230 258
1863240 258
1863250 258
1863260 258
1863270 258
1863280 258
1863290 259
1863300 258
1863310 257
1863320 257
1863330 259
1863340 261
1863350 261
1863360 262
1863370 263
1863380 263
1863390 264
1863400 265
1863410 265
1863420 265
1863430 266
1863440 267
1863450 267
1863460 268
1863470 268
1863480 268
1863490 266
1863500 265
1863510 265
1863520 265
1863530 263
1863540 263
1863550 261
1863560 259
1863570 259
1863580 257
1863590 256
1863600 256
1863610 253
1863620 251
1863630 251
1863640 250
1863650 248
1863660 248
1863670 247
1863680 245
1863690 245
1863700 243
1863710 242
1863720 242
1863730 240
1863740 239
1863750 239
1863760 238
1863770 236
1863780 236
1863790 235
1863800 234
1863810 234
1863820 232
1863830 231
1863840 231
1863850 228
1863860 227
1863870 227
1863880 225
1863890 224
1863900 224
1863910 222
1863920 221
1863930 221
1863940 220
1863950 220
1863960 220
1863970 220
1863980 219
1863990 219
1864000 218
1864010 218
1864020 218
1864030 217
1864040 216
1864050 216
1864060 215
1864070 215
1864080 215
1864090 214
1864100 213
1864110 213
1864120 213
1864130 212
1864140 212
1864150 212
1864160 211
1864170 211
1864180 210
1864190 210
1864200 210
1864210 209
1864220 209
1864230 209
1864240 208
1864250 208
1864260 208
1864270 207
1864280 207
1864290 207
1864300 207
1864310 206
1864320 206
1864330 206
1864340 205
1864350 205
1864360 204
1864370 203
1864380 203
1864390 203
1864400 201
1864410 201
1864420 201
1864430 200
1864440 200
1864450 199
1864460 198
1864470 198
1864480 198
1864490 197
1864500 197
1864510 197
1864520 197
1864530 197
1864540 197
1864550 197
1864560 197
1864570 197
1864580 197
1864590 197
1864600 197
1864610 197
1864620 197
1864630 197
1864640 198
1864650 197
1864660 197
1864670 197
1864680 197
1864690 197
1864700 197
1864710 197
1864720 197
1864730 196
1864740 195
1864750 195
1864760 193
1864770 192
1864780 192
1864790 190
1864800 188
1864810 188
1864820 187
1864830 185
1864840 185
1864850 183
1864860 181
1864870 181
1864880 179
1864890 176
1864900 176
1864910 174
1864920 171
1864930 171
1864940 170
1864950 168
1864960 168
1864970 168
1864980 168
1864990 168
1865000 168
1865010 168
1865020 168
1865030 168
1865040 169
1865050 169
1865060 170
1865070 172
1865080 172
1865090 175
1865100 177
1865110 177
1865120 180
1865130 183
1865140 183
1865150 187
1865160 189
1865170 189
1865180 193
1865190 196
1865200 196
1865210 199
1865220 201
1865230 201
1865240 204
1865250 206
1865260 206
1865270 208
1865280 210
1865290 210
1865300 212
1865310 213
1865320 213
1865330 216
1865340 216
1865350 216
1865360 217
1865370 218
1865380 218
1865390 218
1865400 218
1865410 218
1865420 219
1865430 219
1865440 219
1865450 219
1865460 220
1865470 220
1865480 220
1865490 220
1865500 220
1865510 220
1865520 221
1865530 221
1865540 221
1865550 221
1865560 222
1865570 222
1865580 222
1865590 223
1865600 223
1865610 224
1865620 224
1865630 224
1865640 226
1865650 228
1865660 228
1865670 229
1865680 228
1865690 228
1865700 227
1865710 227
1865720 227
1865730 227
1865740 226
1865750 226
1865760 225
1865770 225
1865780 225
1865790 224
1865800 223
1865810 223
1865820 223
1865830 221
1865840 221
1865850 221
1865860 220
1865870 220
1865880 219
1865890 218
1865900 218
1865910 217
1865920 216
1865930 216
1865940 216
1865950 215
1865960 215
1865970 214
1865980 213
1865990 213
1866000 211
1866010 211
1866020 211
1866030 209
1866040 207
1866050 207
1866060 205
1866070 203
1866080 203
1866090 202
1866100 200
1866110 200
1866120 200
1866130 200
1866140 200
1866150 200
1866160 200
1866170 200
1866180 199
1866190 199
1866200 199
1866210 198
1866220 197
1866230 197
1866240 196
1866250 195
1866260 195
1866270 194
1866280 193
1866290 193
1866300 191
1866310 190
1866320 190
1866330 189
1866340 188
1866350 189
1866360 188
1866370 187
1866380 187
1866390 186
1866400 185
1866410 185
1866420 185
1866430 184
1866440 184
1866450 183
1866460 182
1866470 182
1866480 181
1866490 180
1866500 180
1866510 179
1866520 178
1866530 178
1866540 177
1866550 176
1866560 175
1866570 175
1866580 174
1866590 174
1866600 174
1866610 173
1866620 172
1866630 172
1866640 172
1866650 171
1866660 171
1866670 171
1866680 171
1866690 171
1866700 170
1866710 170
1866720 170
1866730 169
1866740 169
1866750 169
1866760 169
1866770 168
1866780 168
1866790 168
1866800 168
1866810 168
1866820 168
1866830 168
1866840 168
1866850 167
1866860 167
1866870 167
1866880 167
1866890 167
1866900 167
1866910 167
1866920 167
1866930 167
1866940 167
1866950 167
1866960 167
1866970 167
1866980 167
1866990 167
1867000 167
1867010 167
1867020 167
1867030 167
1867040 167
1867050 167
1867060 166
1867070 166
1867080 166
1867090 165
1867100 165
1867110 165
1867120 165
1867130 165
1867140 165
1867150 165
1867160 164
1867170 164
1867180 164
1867190 164
1867200 164
1867210 164
1867220 164
1867230 164
1867240 163
1867250 163
1867260 163
1867270 163
1867280 163
1867290 163
1867300 163
1867310 163
1867320 163
1867330 163
1867340 162
1867350 162
1867360 163
1867370 162
1867380 162
1867390 162
1867400 162
1867410 162
1867420 162
1867430 162
1867440 162
1867450 162
1867460 162
1867470 162
1867480 162
1867490 161
1867500 161
1867510 161
1867520 161
1867530 161
1867540 161
1867550 161
1867560 161
1867570 161
1867580 160
1867590 160
1867600 160
1867610 160
1867620 160
1867630 160
1867640 160
1867650 160
1867660 160
1867670 160
1867680 160
1867690 160
1867700 160
1867710 160
1867720 160
1867730 160
1867740 160
1867750 160
1867760 160
1867770 159
1867780 159
1867790 159
1867800 159
1867810 159
1867820 159
1867830 159
1867840 159
1867850 158
1867860 158
1867870 158
1867880 158
1867890 158
1867900 158
1867910 158
1867920 158
1867930 158
1867940 158
1867950 159
1867960 159
1867970 159
1867980 159
1867990 159
1868000 159
1868010 159
1868020 159
1868030 160
1868040 159
1868050 159
1868060 159
1868070 159
1868080 159
1868090 159
1868100 158
1868110 158
1868120 158
1868130 158
1868140 158
1868150 158
1868160 158
1868170 158
1868180 158
1868190 158
1868200 158
1868210 157
1868220 157
1868230 157
1868240 157
1868250 157
1868260 157
1868270 157
1868280 157
1868290 157
1868300 157
1868310 157
1868320 157
1868330 157
1868340 157
1868350 157
1868360 157
1868370 157
1868380 157
1868390 157
1868400 157
1868410 157
1868420 157
1868430 157
1868440 157
1868450 157
1868460 157
1868470 157
1868480 157
1868490 157
1868500 157
1868510 156
1868520 156
1868530 156
1868540 156
1868550 156
1868560 156
1868570 156
1868580 156
1868590 156
1868600 156
1868610 156
1868620 155
1868630 155
1868640 155
1868650 155
1868660 155
1868670 155
1868680 155
1868690 155
1868700 155
1868710 156
1868720 156
1868730 156
1868740 155
1868750 155
1868760 155
1868770 155
1868780 155
1868790 154
1868800 154
1868810 154
1868820 154
1868830 154
1868840 154
1868850 154
1868860 154
1868870 154
1868880 154
1868890 154
1868900 154
1868910 154
1868920 153
1868930 153
1868940 153
1868950 153
1868960 153
1868970 153
1868980 153
1868990 153
1869000 153
1869010 153
1869020 153
1869030 153
1869040 153
1869050 153
1869060 152
1869070 152
1869080 152
1869090 152
1869100 152
1869110 152
1869120 152
1869130 152
1869140 152
1869150 152
1869160 152
1869170 152
1869180 152
1869190 152
1869200 152
1869210 152
1869220 152
1869230 152
1869240 152
1869250 152
1869260 152
1869270 152
1869280 152
1869290 152
1869300 152
1869310 153
1869320 153
1869330 153
1869340 154
1869350 154
1869360 154
1869370 155
1869380 155
1869390 156
1869400 156
1869410 156
1869420 157
1869430 158
1869440 158
1869450 158
1869460 159
1869470 159
1869480 160
1869490 160
1869500 160
1869510 161
1869520 161
1869530 161
1869540 161
1869550 162
1869560 162
1869570 162
1869580 162
1869590 162
1869600 163
1869610 163
1869620 163
1869630 164
1869640 165
1869650 165
1869660 166
1869670 167
1869680 167
1869690 167
1869700 168
1869710 169
1869720 169
1869730 169
1869740 169
1869750 169
1869760 169
1869770 169
1869780 169
1869790 170
1869800 170
1869810 170
1869820 170
1869830 170
1869840 170
1869850 170
1869860 170
1869870 170
1869880 171
1869890 172
1869900 172
1869910 172
1869920 172
1869930 172
1869940 173
1869950 173
1869960 173
1869970 173
1869980 173
1869990 173
1870000 173
1870010 173
1870020 173
1870030 172
1870040 173
1870050 173
1870060 173
1870070 173
1870080 173
1870090 173
1870100 174
1870110 174
1870120 174
1870130 174
1870140 174
1870150 175
1870160 175
1870170 175
1870180 175
1870190 176
1870200 176
1870210 176
1870220 177
1870230 177
1870240 178
1870250 178
1870260 178
1870270 179
1870280 179
1870290 179
1870300 180
1870310 180
1870320 180
1870330 180
1870340 180
1870350 180
1870360 180
1870370 180
1870380 180
1870390 180
1870400 180
1870410 180
1870420 180
1870430 180
1870440 180
1870450 180
1870460 180
1870470 180
1870480 180
1870490 181
1870500 181
1870510 181
1870520 181
1870530 181
1870540 182
1870550 182
1870560 182
1870570 182
1870580 183
1870590 183
1870600 183
1870610 183
1870620 183
1870630 183
1870640 183
1870650 183
1870660 183
1870670 183
1870680 183
1870690 184
1870700 184
1870710 184
1870720 184
1870730 184
1870740 185
1870750 185
1870760 185
1870770 185
1870780 185
1870790 186
1870800 186
1870810 186
1870820 187
1870830 187
1870840 187
1870850 187
1870860 187
1870870 187
1870880 187
1870890 187
1870900 187
1870910 188
1870920 188
1870930 188
1870940 187
1870950 187
1870960 187
1870970 187
1870980 187
1870990 187
1871000 187
1871010 186
1871020 186
1871030 186
1871040 186
1871050 186
1871060 186
1871070 186
1871080 186
1871090 185
1871100 185
1871110 185
1871120 184
1871130 184
1871140 184
1871150 183
1871160 183
1871170 183
1871180 182
1871190 181
1871200 181
1871210 181
1871220 180
1871230 180
1871240 178
1871250 179
1871260 179
1871270 178
1871280 178
1871290 178
1871300 178
1871310 177
1871320 177
1871330 177
1871340 176
1871350 176
1871360 175
1871370 174
1871380 174
1871390 173
1871400 173
1871410 173
1871420 172
1871430 170
1871440 170
1871450 169
1871460 169
1871470 169
1871480 168
1871490 167
1871500 167
1871510 165
1871520 164
1871530 164
1871540 163
1871550 162
1871560 162
1871570 161
1871580 160
1871590 160
1871600 158
1871610 157
1871620 157
1871630 156
1871640 156
1871650 156
1871660 155
1871670 154
1871680 154
1871690 153
1871700 152
1871710 152
1871720 151
1871730 151
1871740 150
1871750 150
1871760 150
1871770 149
1871780 149
1871790 149
1871800 148
1871810 148
1871820 148
1871830 148
1871840 148
1871850 147
1871860 147
1871870 147
1871880 147
1871890 147
1871900 147
1871910 146
1871920 146
1871930 146
1871940 146
1871950 146
1871960 146
1871970 146
1871980 145
1871990 145
1872000 145
1872010 145
1872020 145
1872030 145
1872040 145
1872050 145
1872060 145
1872070 145
1872080 145
1872090 145
1872100 145
1872110 145
1872120 144
1872130 144
1872140 144
1872150 144
1872160 144
1872170 144
1872180 145
1872190 145
1872200 145
1872210 144
1872220 144
1872230 144
1872240 144
1872250 144
1872260 144
1872270 144
1872280 144
1872290 144
1872300 144
1872310 143
1872320 143
1872330 143
1872340 143
1872350 143
1872360 143
1872370 143
1872380 143
1872390 143
1872400 143
1872410 143
1872420 143
1872430 143
1872440 143
1872450 143
1872460 143
1872470 143
1872480 143
1872490 143
1872500 143
1872510 143
1872520 143
1872530 143
1872540 142
1872550 142
1872560 142
1872570 142
1872580 142
1872590 142
1872600 142
1872610 142
1872620 142
1872630 142
1872640 142
1872650 142
1872660 142
1872670 142
1872680 142
1872690 142
1872700 142
1872710 142
1872720 143
1872730 143
1872740 143
1872750 143
1872760 143
1872770 143
1872780 143
1872790 143
1872800 143
1872810 143
1872820 143
1872830 144
1872840 144
1872850 144
1872860 144
1872870 144
1872880 144
1872890 145
1872900 145
1872910 145
1872920 145
1872930 145
1872940 146
1872950 146
1872960 146
1872970 146
1872980 147
1872990 147
1873000 147
1873010 148
1873020 148
1873030 148
1873040 149
1873050 149
1873060 149
1873070 149
1873080 149
1873090 149
1873100 150
1873110 150
1873120 150
1873130 151
1873140 151
1873150 151
1873160 151
1873170 151
1873180 151
1873190 151
1873200 151
1873210 151
1873220 151
1873230 151
1873240 151
1873250 150
1873260 150
1873270 150
1873280 150
1873290 150
1873300 150
1873310 150
1873320 150
1873330 150
1873340 150
1873350 150
1873360 150
1873370 150
1873380 150
1873390 150
1873400 150
1873410 150
1873420 150
1873430 150
1873440 150
1873450 149
1873460 149
1873470 149
1873480 149
1873490 149
1873500 149
1873510 149
1873520 150
1873530 150
1873540 150
1873550 150
1873560 150
1873570 151
1873580 151
1873590 151
1873600 152
1873610 154
1873620 154
1873630 154
1873640 155
1873650 155
1873660 156
1873670 157
1873680 157
1873690 157
1873700 158
1873710 158
1873720 158
1873730 159
1873740 159
1873750 160
1873760 160
1873770 160
1873780 161
1873790 162
1873800 162
1873810 162
1873820 163
1873830 163
1873840 163
1873850 164
1873860 164
1873870 164
1873880 165
1873890 165
1873900 165
1873910 166
1873920 167
1873930 167
1873940 167
1873950 168
1873960 168
1873970 168
1873980 168
1873990 168
1874000 169
1874010 170
1874020 170
1874030 170
1874040 171
1874050 171
1874060 171
1874070 172
1874080 172
1874090 173
1874100 174
1874110 174
1874120 175
1874130 175
1874140 175
1874150 176
1874160 177
1874170 177
1874180 178
1874190 180
1874200 180
1874210 180
1874220 179
1874230 179
1874240 179
1874250 179
1874260 179
1874270 179
1874280 179
1874290 179
1874300 179
1874310 179
1874320 179
1874330 179
1874340 177
1874350 177
1874360 177
1874370 178
1874380 178
1874390 179
1874400 180
1874410 180
1874420 180
1874430 180
1874440 180
1874450 180
1874460 179
1874470 179
1874480 179
1874490 179
1874500 179
1874510 179
1874520 179
1874530 179
1874540 179
1874550 179
1874560 179
1874570 179
1874580 179
1874590 179
1874600 179
1874610 179
1874620 179
1874630 179
1874640 179
1874650 179
1874660 179
1874670 179
1874680 179
1874690 179
1874700 179
1874710 179
1874720 179
1874730 179
1874740 179
1874750 179
1874760 179
1874770 179
1874780 179
1874790 179
1874800 179
1874810 179
1874820 179
1874830 179
1874840 179
1874850 179
1874860 179
1874870 179
1874880 179
1874890 179
1874900 179
1874910 179
1874920 179
1874930 179
1874940 179
1874950 179
1874960 179
1874970 179
1874980 179
1874990 179
1875000 179
1875010 179
1875020 179
1875030 179
1875040 178
1875050 178
1875060 178
1875070 178
1875080 178
1875090 178
1875100 178
1875110 178
1875120 178
1875130 178
1875140 178
1875150 178
1875160 178
1875170 178
1875180 178
1875190 178
1875200 178
1875210 178
1875220 178
1875230 178
1875240 178
1875250 178
1875260 178
1875270 178
1875280 178
1875290 178
1875300 178
1875310 178
1875320 178
1875330 178
1875340 178
1875350 178
1875360 178
1875370 178
1875380 178
1875390 178
1875400 178
1875410 178
1875420 178
1875430 178
1875440 178
1875450 178
1875460 178
1875470 178
1875480 178
1875490 177
1875500 177
1875510 177
1875520 177
1875530 177
1875540 177
1875550 178
1875560 178
1875570 178
1875580 178
1875590 178
1875600 178
1875610 178
1875620 178
1875630 178
1875640 178
1875650 178
1875660 178
1875670 178
1875680 178
1875690 178
1875700 178
1875710 178
1875720 178
1875730 178
1875740 178
1875750 178
1875760 178
1875770 178
1875780 178
1875790 178
1875800 178
1875810 178
1875820 178
1875830 178
1875840 178
1875850 178
1875860 178
1875870 178
1875880 178
1875890 178
1875900 178
1875910 178
1875920 178
1875930 178
1875940 178
1875950 179
1875960 179
1875970 179
1875980 179
1875990 179
1876000 179
1876010 179
1876020 179
1876030 179
1876040 179
1876050 179
1876060 179
1876070 179
1876080 179
1876090 179
1876100 179
1876110 179
1876120 179
1876130 179
1876140 179
1876150 179
1876160 179
1876170 179
1876180 179
1876190 179
1876200 179
1876210 179
1876220 179
1876230 179
1876240 179
1876250 179
1876260 179
1876270 179
1876280 179
1876290 179
1876300 179
1876310 179
1876320 179
1876330 179
1876340 179
1876350 179
1876360 179
1876370 179
1876380 179
1876390 179
1876400 179
1876410 179
1876420 179
1876430 179
1876440 179
1876450 178
1876460 178
1876470 178
1876480 178
1876490 178
1876500 178
1876510 178
1876520 178
1876530 178
1876540 178
1876550 178
1876560 178
1876570 178
1876580 178
1876590 178
1876600 178
1876610 178
1876620 178
1876630 178
1876640 178
1876650 178
1876660 178
1876670 178
1876680 178
1876690 178
1876700 178
1876710 178
1876720 178
1876730 178
1876740 178
1876750 178
1876760 178
1876770 178
1876780 178
1876790 178
1876800 178
1876810 178
1876820 178
1876830 178
1876840 178
1876850 178
1876860 178
1876870 178
1876880 178
1876890 178
1876900 178
1876910 178
1876920 178
1876930 178
1876940 178
1876950 178
1876960 178
1876970 178
1876980 178
1876990 178
1877000 178
1877010 178
1877020 178
1877030 178
1877040 178
1877050 178
1877060 178
1877070 178
1877080 178
1877090 178
1877100 178
1877110 178
1877120 178
1877130 178
1877140 178
1877150 177
1877160 177
1877170 177
1877180 177
1877190 177
1877200 177
1877210 177
1877220 177
1877230 177
1877240 177
1877250 177
1877260 177
1877270 177
1877280 177
1877290 177
1877300 177
1877310 176
1877320 176
1877330 176
1877340 176
1877350 176
1877360 176
1877370 176
1877380 176
1877390 176
1877400 177
1877410 177
1877420 177
1877430 178
1877440 178
1877450 179
1877460 179
1877470 179
1877480 179
1877490 179
1877500 179
1877510 179
1877520 179
1877530 179
1877540 179
1877550 179
1877560 179
1877570 179
1877580 178
1877590 178
1877600 178
1877610 177
1877620 177
1877630 177
1877640 175
1877650 175
1877660 174
1877670 172
1877680 172
1877690 173
1877700 173
1877710 173
1877720 173
1877730 173
1877740 173
1877750 172
1877760 172
1877770 172
1877780 171
1877790 171
1877800 171
1877810 171
1877820 171
1877830 171
1877840 171
1877850 171
1877860 171
1877870 172
1877880 172
1877890 172
1877900 172
1877910 173
1877920 173
1877930 173
1877940 174
1877950 174
1877960 174
1877970 174
1877980 174
1877990 174
1878000 175
1878010 175
1878020 175
1878030 175
1878040 175
1878050 175
1878060 175
1878070 175
1878080 175
1878090 175
1878100 175
1878110 175
1878120 175
1878130 176
1878140 176
1878150 176
1878160 176
1878170 176
1878180 176
1878190 176
1878200 176
1878210 176
1878220 176
1878230 176
1878240 176
1878250 176
1878260 176
1878270 176
1878280 176
1878290 176
1878300 175
1878310 175
1878320 175
1878330 175
1878340 175
1878350 175
1878360 175
1878370 175
1878380 175
1878390 175
1878400 175
1878410 175
1878420 175
1878430 175
1878440 175
1878450 175
1878460 175
1878470 175
1878480 175
1878490 175
1878500 175
1878510 176
1878520 176
1878530 176
1878540 176
1878550 176
1878560 176
1878570 176
1878580 176
1878590 176
1878600 176
1878610 176
1878620 176
1878630 176
1878640 176
1878650 176
1878660 176
1878670 176
1878680 176
1878690 176
1878700 176
1878710 176
1878720 176
1878730 176
1878740 176
1878750 176
1878760 176
1878770 176
1878780 176
1878790 176
1878800 176
1878810 176
1878820 176
1878830 176
1878840 176
1878850 176
1878860 176
1878870 176
1878880 176
1878890 176
1878900 176
1878910 176
1878920 176
1878930 176
1878940 176
1878950 176
1878960 176
1878970 176
1878980 176
1878990 176
1879000 177
1879010 177
1879020 177
1879030 177
1879040 177
1879050 177
1879060 177
1879070 177
1879080 177
1879090 177
1879100 177
1879110 177
1879120 177
1879130 177
1879140 177
1879150 176
1879160 177
1879170 177
1879180 177
1879190 177
1879200 177
1879210 176
1879220 176
1879230 176
1879240 177
1879250 176
1879260 176
1879270 177
1879280 177
1879290 177
1879300 177
1879310 177
1879320 177
1879330 177
1879340 177
1879350 177
1879360 177
1879370 177
1879380 177
1879390 176
1879400 176
1879410 176
1879420 176
1879430 177
1879440 177
1879450 176
1879460 176
1879470 176
1879480 176
1879490 177
1879500 177
1879510 176
1879520 177
1879530 177
1879540 177
1879550 177
1879560 177
1879570 176
1879580 177
1879590 177
1879600 177
1879610 176
1879620 176
1879630 176
1879640 176
1879650 176
1879660 176
1879670 176
1879680 176
1879690 176
1879700 176
1879710 176
1879720 176
1879730 176
1879740 176
1879750 176
1879760 176
1879770 176
1879780 176
1879790 176
1879800 176
1879810 176
1879820 176
1879830 176
1879840 176
1879850 176
1879860 176
1879870 176
1879880 176
1879890 176
1879900 176
1879910 176
1879920 176
1879930 176
1879940 176
1879950 176
1879960 176
1879970 176
1879980 176
1879990 176
