1860000 266
1860010 266
1860020 266
1860030 265
1860040 265
1860050 265
1860060 265
1860070 265
1860080 265
1860090 265
1860100 265
1860110 264
1860120 264
1860130 264
1860140 264
1860150 264
1860160 264
1860170 264
1860180 264
1860190 264
1860200 264
1860210 264
1860220 264
1860230 263
1860240 263
1860250 263
1860260 263
1860270 262
1860280 262
1860290 262
1860300 262
1860310 262
1860320 262
1860330 261
1860340 261
1860350 261
1860360 261
1860370 261
1860380 261
1860390 261
1860400 261
1860410 260
1860420 260
1860430 260
1860440 260
1860450 259
1860460 259
1860470 259
1860480 258
1860490 258
1860500 258
1860510 258
1860520 258
1860530 258
1860540 258
1860550 258
1860560 258
1860570 258
1860580 258
1860590 258
1860600 259
1860610 259
1860620 259
1860630 259
1860640 259
1860650 260
1860660 260
1860670 260
1860680 260
1860690 260
1860700 260
1860710 260
1860720 260
1860730 260
1860740 260
1860750 260
1860760 260
1860770 260
1860780 260
1860790 260
1860800 260
1860810 260
1860820 260
1860830 260
1860840 260
1860850 261
1860860 261
1860870 261
1860880 261
1860890 261
1860900 262
1860910 262
1860920 262
1860930 262
1860940 263
1860950 263
1860960 264
1860970 264
1860980 264
1860990 265
1861000 265
1861010 265
1861020 265
1861030 266
1861040 266
1861050 266
1861060 266
1861070 266
1861080 267
1861090 267
1861100 267
1861110 267
1861120 268
1861130 268
1861140 268
1861150 269
1861160 269
1861170 269
1861180 270
1861190 270
1861200 270
1861210 271
1861220 271
1861230 271
1861240 271
1861250 271
1861260 271
1861270 272
1861280 272
1861290 272
1861300 272
1861310 272
1861320 272
1861330 272
1861340 272
1861350 272
1861360 272
1861370 272
1861380 272
1861390 272
1861400 272
1861410 272
1861420 273
1861430 273
1861440 273
1861450 273
1861460 273
1861470 273
1861480 274
1861490 274
1861500 274
1861510 274
1861520 274
1861530 275
1861540 275
1861550 275
1861560 276
1861570 276
1861580 276
1861590 276
1861600 276
1861610 276
1861620 277
1861630 277
1861640 277
1861650 277
1861660 277
1861670 277
1861680 277
1861690 278
1861700 278
1861710 278
1861720 278
1861730 278
1861740 279
1861750 279
1861760 279
1861770 279
1861780 279
1861790 279
1861800 280
1861810 280
1861820 280
1861830 280
1861840 280
1861850 280
1861860 280
1861870 280
1861880 280
1861890 280
1861900 280
1861910 280
1861920 280
1861930 279
1861940 279
1861950 279
1861960 279
1861970 278
1861980 278
1861990 278
1862000 277
1862010 277
1862020 276
1862030 276
1862040 276
1862050 275
1862060 275
1862070 275
1862080 275
1862090 274
1862100 274
1862110 274
1862120 274
1862130 274
1862140 273
1862150 273
1862160 273
1862170 273
1862180 273
1862190 273
1862200 272
1862210 272
1862220 272
1862230 272
1862240 272
1862250 272
1862260 272
1862270 271
1862280 271
1862290 271
1862300 270
1862310 270
1862320 269
1862330 268
1862340 268
1862350 268
1862360 267
1862370 267
1862380 267
1862390 266
1862400 266
1862410 265
1862420 265
1862430 265
1862440 264
1862450 263
1862460 263
1862470 263
1862480 262
1862490 262
1862500 262
1862510 261
1862520 261
1862530 261
1862540 260
1862550 260
1862560 260
1862570 259
1862580 259
1862590 258
1862600 258
1862610 258
1862620 257
1862630 257
1862640 257
1862650 256
1862660 256
1862670 256
1862680 256
1862690 255
1862700 255
1862710 255
1862720 255
1862730 255
1862740 255
1862750 254
1862760 254
1862770 254
1862780 253
1862790 253
1862800 253
1862810 252
1862820 252
1862830 251
1862840 251
1862850 251
1862860 251
1862870 251
1862880 251
1862890 251
1862900 253
1862910 255
1862920 255
1862930 256
1862940 257
1862950 257
1862960 257
1862970 257
1862980 257
1862990 257
1863000 258
1863010 258
1863020 258
1863030 258
1863040 258
1863050 258
1863060 258
1863070 258
1863080 259
1863090 259
1863100 259
1863110 259
1863120 259
1863130 259
1863140 259
1863150 259
1863160 259
1863170 259
1863180 259
1863190 259
1863200 258
1863210 258
1863220 258
1863230 258
1863240 258
1863250 258
1863260 257
1863270 257
1863280 257
1863290 256
1863300 256
1863310 256
1863320 256
1863330 255
1863340 255
1863350 255
1863360 254
1863370 254
1863380 253
1863390 253
1863400 253
1863410 252
1863420 252
1863430 252
1863440 251
1863450 251
1863460 251
1863470 250
1863480 250
1863490 250
1863500 249
1863510 249
1863520 249
1863530 248
1863540 248
1863550 248
1863560 247
1863570 247
1863580 247
1863590 247
1863600 248
1863610 248
1863620 248
1863630 248
1863640 248
1863650 249
1863660 249
1863670 249
1863680 249
1863690 249
1863700 249
1863710 248
1863720 248
1863730 248
1863740 248
1863750 248
1863760 248
1863770 248
1863780 248
1863790 248
1863800 248
1863810 248
1863820 248
1863830 249
1863840 249
1863850 249
1863860 249
1863870 249
1863880 249
1863890 249
1863900 250
1863910 250
1863920 250
1863930 250
1863940 250
1863950 250
1863960 250
1863970 250
1863980 250
1863990 250
1864000 250
1864010 250
1864020 250
1864030 250
1864040 250
1864050 250
1864060 250
1864070 250
1864080 250
1864090 250
1864100 250
1864110 250
1864120 250
1864130 250
1864140 250
1864150 251
1864160 251
1864170 251
1864180 251
1864190 251
1864200 250
1864210 250
1864220 250
1864230 249
1864240 248
1864250 248
1864260 248
1864270 247
1864280 247
1864290 247
1864300 246
1864310 246
1864320 246
1864330 245
1864340 245
1864350 244
1864360 243
1864370 243
1864380 243
1864390 243
1864400 243
1864410 242
1864420 242
1864430 242
1864440 241
1864450 240
1864460 240
1864470 238
1864480 236
1864490 236
1864500 234
1864510 231
1864520 231
1864530 229
1864540 227
1864550 227
1864560 225
1864570 224
1864580 224
1864590 222
1864600 220
1864610 220
1864620 219
1864630 218
1864640 218
1864650 216
1864660 215
1864670 215
1864680 214
1864690 213
1864700 213
1864710 211
1864720 210
1864730 211
1864740 209
1864750 208
1864760 208
1864770 203
1864780 202
1864790 202
1864800 202
1864810 203
1864820 203
1864830 204
1864840 205
1864850 205
1864860 204
1864870 202
1864880 202
1864890 203
1864900 203
1864910 203
1864920 201
1864930 197
1864940 197
1864950 197
1864960 193
1864970 193
1864980 186
1864990 183
1865000 181
1865010 181
1865020 181
1865030 181
1865040 181
1865050 180
1865060 181
1865070 181
1865080 182
1865090 184
1865100 184
1865110 186
1865120 188
1865130 188
1865140 191
1865150 195
1865160 195
1865170 198
1865180 200
1865190 200
1865200 202
1865210 205
1865220 205
1865230 208
1865240 211
1865250 211
1865260 214
1865270 217
1865280 217
1865290 219
1865300 222
1865310 222
1865320 225
1865330 227
1865340 227
1865350 230
1865360 232
1865370 232
1865380 235
1865390 237
1865400 237
1865410 238
1865420 240
1865430 240
1865440 241
1865450 242
1865460 242
1865470 242
1865480 244
1865490 244
1865500 245
1865510 247
1865520 247
1865530 250
1865540 254
1865550 254
1865560 259
1865570 264
1865580 264
1865590 268
1865600 271
1865610 271
1865620 276
1865630 280
1865640 280
1865650 284
1865660 286
1865670 286
1865680 290
1865690 293
1865700 293
1865710 295
1865720 296
1865730 296
1865740 297
1865750 298
1865760 298
1865770 298
1865780 298
1865790 298
1865800 298
1865810 298
1865820 298
1865830 298
1865840 297
1865850 297
1865860 296
1865870 296
1865880 296
1865890 294
1865900 293
1865910 293
1865920 291
1865930 287
1865940 287
1865950 281
1865960 274
1865970 274
1865980 269
1865990 267
1866000 267
1866010 265
1866020 263
1866030 263
1866040 263
1866050 262
1866060 261
1866070 261
1866080 261
1866090 260
1866100 260
1866110 260
1866120 259
1866130 259
1866140 258
1866150 257
1866160 257
1866170 256
1866180 256
1866190 256
1866200 255
1866210 254
1866220 254
1866230 253
1866240 252
1866250 252
1866260 252
1866270 251
1866280 251
1866290 250
1866300 250
1866310 250
1866320 249
1866330 249
1866340 249
1866350 249
1866360 248
1866370 248
1866380 248
1866390 248
1866400 248
1866410 247
1866420 246
1866430 246
1866440 246
1866450 245
1866460 245
1866470 245
1866480 245
1866490 245
1866500 244
1866510 243
1866520 243
1866530 243
1866540 242
1866550 242
1866560 242
1866570 241
1866580 241
1866590 239
1866600 237
1866610 237
1866620 237
1866630 237
1866640 237
1866650 238
1866660 238
1866670 238
1866680 238
1866690 237
1866700 237
1866710 237
1866720 236
1866730 236
1866740 235
1866750 234
1866760 230
1866770 229
1866780 227
1866790 227
1866800 226
1866810 224
1866820 224
1866830 222
1866840 220
1866850 220
1866860 219
1866870 217
1866880 217
1866890 215
1866900 212
1866910 212
1866920 209
1866930 206
1866940 206
1866950 204
1866960 202
1866970 202
1866980 200
1866990 200
1867000 200
1867010 201
1867020 203
1867030 203
1867040 207
1867050 209
1867060 209
1867070 212
1867080 213
1867090 213
1867100 215
1867110 215
1867120 214
1867130 214
1867140 213
1867150 210
1867160 210
1867170 208
1867180 206
1867190 206
1867200 204
1867210 202
1867220 202
1867230 200
1867240 198
1867250 198
1867260 197
1867270 196
1867280 196
1867290 195
1867300 195
1867310 195
1867320 195
1867330 194
1867340 194
1867350 194
1867360 193
1867370 193
1867380 193
1867390 193
1867400 193
1867410 192
1867420 192
1867430 192
1867440 192
1867450 192
1867460 192
1867470 191
1867480 190
1867490 190
1867500 188
1867510 187
1867520 187
1867530 186
1867540 186
1867550 186
1867560 186
1867570 186
1867580 186
1867590 186
1867600 187
1867610 187
1867620 188
1867630 188
1867640 188
1867650 188
1867660 189
1867670 189
1867680 189
1867690 189
1867700 189
1867710 188
1867720 188
1867730 188
1867740 187
1867750 187
1867760 187
1867770 188
1867780 188
1867790 188
1867800 188
1867810 187
1867820 187
1867830 187
1867840 187
1867850 187
1867860 186
1867870 185
1867880 185
1867890 184
1867900 182
1867910 182
1867920 181
1867930 180
1867940 180
1867950 180
1867960 179
1867970 179
1867980 179
1867990 178
1868000 178
1868010 178
1868020 178
1868030 178
1868040 178
1868050 178
1868060 178
1868070 178
1868080 178
1868090 178
1868100 177
1868110 178
1868120 178
1868130 178
1868140 177
1868150 177
1868160 176
1868170 176
1868180 175
1868190 175
1868200 175
1868210 175
1868220 175
1868230 174
1868240 174
1868250 174
1868260 174
1868270 173
1868280 173
1868290 173
1868300 173
1868310 173
1868320 173
1868330 173
1868340 173
1868350 173
1868360 172
1868370 172
1868380 172
1868390 172
1868400 172
1868410 172
1868420 172
1868430 172
1868440 172
1868450 173
1868460 173
1868470 173
1868480 173
1868490 173
1868500 173
1868510 173
1868520 173
1868530 173
1868540 173
1868550 173
1868560 173
1868570 173
1868580 173
1868590 173
1868600 172
1868610 172
1868620 172
1868630 172
1868640 172
1868650 172
1868660 172
1868670 172
1868680 172
1868690 172
1868700 172
1868710 172
1868720 172
1868730 172
1868740 172
1868750 172
1868760 172
1868770 172
1868780 173
1868790 173
1868800 173
1868810 173
1868820 173
1868830 174
1868840 174
1868850 174
1868860 174
1868870 174
1868880 174
1868890 174
1868900 174
1868910 174
1868920 175
1868930 175
1868940 175
1868950 176
1868960 177
1868970 177
1868980 178
1868990 178
1869000 178
1869010 178
1869020 178
1869030 178
1869040 178
1869050 178
1869060 178
1869070 178
1869080 178
1869090 178
1869100 179
1869110 179
1869120 179
1869130 180
1869140 180
1869150 180
1869160 180
1869170 181
1869180 181
1869190 181
1869200 181
1869210 181
1869220 181
1869230 182
1869240 182
1869250 182
1869260 182
1869270 183
1869280 183
1869290 183
1869300 184
1869310 184
1869320 184
1869330 184
1869340 184
1869350 184
1869360 184
1869370 184
1869380 184
1869390 184
1869400 184
1869410 184
1869420 185
1869430 185
1869440 185
1869450 185
1869460 185
1869470 186
1869480 186
1869490 186
1869500 186
1869510 186
1869520 186
1869530 187
1869540 187
1869550 187
1869560 187
1869570 188
1869580 188
1869590 188
1869600 188
1869610 188
1869620 189
1869630 189
1869640 189
1869650 189
1869660 190
1869670 190
1869680 190
1869690 190
1869700 190
1869710 191
1869720 191
1869730 191
1869740 192
1869750 192
1869760 192
1869770 193
1869780 193
1869790 194
1869800 194
1869810 195
1869820 195
1869830 195
1869840 195
1869850 195
1869860 196
1869870 196
1869880 196
1869890 197
1869900 198
1869910 198
1869920 198
1869930 199
1869940 199
1869950 199
1869960 200
1869970 200
1869980 200
1869990 201
1870000 201
1870010 201
1870020 202
1870030 202
1870040 202
1870050 202
1870060 202
1870070 203
1870080 203
1870090 203
1870100 203
1870110 203
1870120 203
1870130 203
1870140 203
1870150 203
1870160 202
1870170 203
1870180 203
1870190 202
1870200 202
1870210 202
1870220 202
1870230 202
1870240 202
1870250 201
1870260 199
1870270 199
1870280 199
1870290 201
1870300 203
1870310 203
1870320 203
1870330 203
1870340 203
1870350 204
1870360 205
1870370 205
1870380 205
1870390 205
1870400 205
1870410 205
1870420 205
1870430 205
1870440 205
1870450 205
1870460 206
1870470 206
1870480 206
1870490 206
1870500 206
1870510 206
1870520 206
1870530 205
1870540 205
1870550 205
1870560 204
1870570 204
1870580 204
1870590 203
1870600 202
1870610 202
1870620 201
1870630 201
1870640 201
1870650 200
1870660 200
1870670 200
1870680 199
1870690 199
1870700 199
1870710 199
1870720 198
1870730 198
1870740 198
1870750 198
1870760 198
1870770 197
1870780 197
1870790 197
1870800 197
1870810 197
1870820 197
1870830 197
1870840 196
1870850 196
1870860 196
1870870 196
1870880 196
1870890 195
1870900 195
1870910 195
1870920 195
1870930 194
1870940 194
1870950 193
1870960 192
1870970 192
1870980 191
1870990 190
1871000 190
1871010 188
1871020 187
1871030 187
1871040 186
1871050 185
1871060 185
1871070 183
1871080 182
1871090 182
1871100 180
1871110 179
1871120 179
1871130 177
1871140 176
1871150 176
1871160 175
1871170 173
1871180 173
1871190 172
1871200 171
1871210 171
1871220 170
1871230 169
1871240 169
1871250 168
1871260 167
1871270 167
1871280 166
1871290 165
1871300 165
1871310 163
1871320 163
1871330 163
1871340 161
1871350 161
1871360 160
1871370 160
1871380 159
1871390 158
1871400 158
1871410 158
1871420 157
1871430 157
1871440 156
1871450 156
1871460 156
1871470 156
1871480 156
1871490 156
1871500 156
1871510 155
1871520 155
1871530 155
1871540 155
1871550 155
1871560 155
1871570 155
1871580 155
1871590 155
1871600 155
1871610 155
1871620 155
1871630 155
1871640 155
1871650 155
1871660 155
1871670 155
1871680 155
1871690 155
1871700 155
1871710 155
1871720 155
1871730 155
1871740 156
1871750 156
1871760 156
1871770 156
1871780 156
1871790 157
1871800 157
1871810 157
1871820 157
1871830 158
1871840 158
1871850 158
1871860 159
1871870 159
1871880 159
1871890 160
1871900 161
1871910 161
1871920 161
1871930 162
1871940 162
1871950 163
1871960 163
1871970 163
1871980 163
1871990 163
1872000 163
1872010 163
1872020 164
1872030 164
1872040 164
1872050 164
1872060 164
1872070 164
1872080 163
1872090 163
1872100 163
1872110 163
1872120 163
1872130 164
1872140 164
1872150 164
1872160 164
1872170 164
1872180 164
1872190 164
1872200 164
1872210 164
1872220 165
1872230 165
1872240 165
1872250 165
1872260 166
1872270 166
1872280 166
1872290 166
1872300 166
1872310 165
1872320 165
1872330 165
1872340 165
1872350 165
1872360 165
1872370 165
1872380 165
1872390 165
1872400 165
1872410 166
1872420 166
1872430 166
1872440 166
1872450 167
1872460 167
1872470 168
1872480 169
1872490 169
1872500 169
1872510 170
1872520 170
1872530 171
1872540 172
1872550 172
1872560 172
1872570 173
1872580 173
1872590 173
1872600 174
1872610 174
1872620 174
1872630 175
1872640 175
1872650 175
1872660 175
1872670 175
1872680 175
1872690 175
1872700 175
1872710 175
1872720 175
1872730 175
1872740 176
1872750 176
1872760 176
1872770 176
1872780 176
1872790 176
1872800 176
1872810 177
1872820 177
1872830 176
1872840 176
1872850 176
1872860 176
1872870 176
1872880 176
1872890 176
1872900 176
1872910 176
1872920 176
1872930 175
1872940 175
1872950 175
1872960 175
1872970 175
1872980 175
1872990 174
1873000 174
1873010 174
1873020 174
1873030 174
1873040 174
1873050 173
1873060 173
1873070 173
1873080 173
1873090 173
1873100 172
1873110 172
1873120 172
1873130 171
1873140 171
1873150 171
1873160 170
1873170 170
1873180 170
1873190 169
1873200 169
1873210 169
1873220 168
1873230 167
1873240 167
1873250 167
1873260 166
1873270 166
1873280 165
1873290 165
1873300 165
1873310 164
1873320 164
1873330 164
1873340 163
1873350 163
1873360 163
1873370 163
1873380 162
1873390 162
1873400 162
1873410 162
1873420 162
1873430 162
1873440 162
1873450 162
1873460 163
1873470 163
1873480 163
1873490 163
1873500 163
1873510 163
1873520 163
1873530 164
1873540 164
1873550 164
1873560 164
1873570 164
1873580 164
1873590 164
1873600 165
1873610 165
1873620 165
1873630 165
1873640 165
1873650 165
1873660 165
1873670 165
1873680 165
1873690 165
1873700 165
1873710 165
1873720 164
1873730 164
1873740 164
1873750 164
1873760 164
1873770 164
1873780 164
1873790 164
1873800 164
1873810 164
1873820 164
1873830 163
1873840 163
1873850 163
1873860 163
1873870 163
1873880 163
1873890 162
1873900 162
1873910 162
1873920 162
1873930 162
1873940 162
1873950 161
1873960 161
1873970 161
1873980 161
1873990 161
1874000 161
1874010 160
1874020 160
1874030 160
1874040 160
1874050 159
1874060 159
1874070 159
1874080 159
1874090 159
1874100 158
1874110 157
1874120 158
1874130 157
1874140 156
1874150 156
1874160 156
1874170 155
1874180 155
1874190 155
1874200 155
1874210 155
1874220 155
1874230 155
1874240 155
1874250 155
1874260 155
1874270 155
1874280 156
1874290 156
1874300 156
1874310 157
1874320 157
1874330 157
1874340 157
1874350 158
1874360 158
1874370 159
1874380 159
1874390 159
1874400 160
1874410 161
1874420 161
1874430 162
1874440 163
1874450 163
1874460 165
1874470 166
1874480 166
1874490 168
1874500 169
1874510 169
1874520 171
1874530 172
1874540 172
1874550 173
1874560 174
1874570 174
1874580 174
1874590 175
1874600 175
1874610 175
1874620 176
1874630 176
1874640 176
1874650 177
1874660 177
1874670 177
1874680 178
1874690 178
1874700 178
1874710 179
1874720 179
1874730 179
1874740 179
1874750 179
1874760 179
1874770 180
1874780 179
1874790 179
1874800 179
1874810 179
1874820 179
1874830 179
1874840 179
1874850 179
1874860 180
1874870 180
1874880 180
1874890 180
1874900 180
1874910 180
1874920 180
1874930 181
1874940 181
1874950 181
1874960 180
1874970 180
1874980 180
1874990 180
1875000 180
1875010 180
1875020 180
1875030 180
1875040 180
1875050 180
1875060 180
1875070 180
1875080 180
1875090 180
1875100 180
1875110 180
1875120 180
1875130 180
1875140 180
1875150 180
1875160 180
1875170 180
1875180 180
1875190 180
1875200 180
1875210 180
1875220 180
1875230 180
1875240 180
1875250 180
1875260 180
1875270 180
1875280 180
1875290 180
1875300 180
1875310 180
1875320 180
1875330 180
1875340 180
1875350 180
1875360 180
1875370 179
1875380 179
1875390 179
1875400 179
1875410 179
1875420 179
1875430 179
1875440 179
1875450 179
1875460 180
1875470 180
1875480 180
1875490 180
1875500 180
1875510 180
1875520 180
1875530 180
1875540 180
1875550 180
1875560 180
1875570 180
1875580 180
1875590 180
1875600 180
1875610 180
1875620 180
1875630 180
1875640 180
1875650 180
1875660 180
1875670 180
1875680 180
1875690 180
1875700 180
1875710 180
1875720 180
1875730 180
1875740 180
1875750 180
1875760 180
1875770 180
1875780 180
1875790 180
1875800 180
1875810 180
1875820 180
1875830 180
1875840 180
1875850 180
1875860 180
1875870 180
1875880 180
1875890 180
1875900 180
1875910 180
1875920 180
1875930 180
1875940 180
1875950 180
1875960 180
1875970 180
1875980 180
1875990 180
1876000 180
1876010 180
1876020 180
1876030 180
1876040 180
1876050 180
1876060 180
1876070 179
1876080 179
1876090 179
1876100 179
1876110 179
1876120 179
1876130 179
1876140 179
1876150 179
1876160 180
1876170 180
1876180 180
1876190 180
1876200 180
1876210 180
1876220 180
1876230 180
1876240 180
1876250 179
1876260 179
1876270 179
1876280 179
1876290 179
1876300 179
1876310 179
1876320 179
1876330 179
1876340 179
1876350 179
1876360 179
1876370 179
1876380 179
1876390 179
1876400 179
1876410 179
1876420 179
1876430 179
1876440 179
1876450 179
1876460 179
1876470 179
1876480 179
1876490 179
1876500 179
1876510 179
1876520 179
1876530 179
1876540 179
1876550 178
1876560 178
1876570 178
1876580 178
1876590 178
1876600 178
1876610 178
1876620 179
1876630 179
1876640 179
1876650 179
1876660 179
1876670 179
1876680 179
1876690 179
1876700 179
1876710 179
1876720 179
1876730 179
1876740 179
1876750 179
1876760 179
1876770 179
1876780 179
1876790 179
1876800 179
1876810 179
1876820 179
1876830 179
1876840 179
1876850 179
1876860 179
1876870 179
1876880 179
1876890 179
1876900 179
1876910 179
1876920 179
1876930 179
1876940 179
1876950 179
1876960 179
1876970 179
1876980 179
1876990 179
1877000 179
1877010 179
1877020 179
1877030 179
1877040 178
1877050 178
1877060 178
1877070 178
1877080 178
1877090 178
1877100 178
1877110 178
1877120 178
1877130 178
1877140 178
1877150 178
1877160 177
1877170 177
1877180 177
1877190 177
1877200 177
1877210 177
1877220 177
1877230 177
1877240 177
1877250 177
1877260 176
1877270 176
1877280 176
1877290 176
1877300 176
1877310 176
1877320 176
1877330 176
1877340 175
1877350 175
1877360 175
1877370 175
1877380 175
1877390 175
1877400 175
1877410 175
1877420 175
1877430 174
1877440 174
1877450 174
1877460 174
1877470 174
1877480 174
1877490 174
1877500 175
1877510 175
1877520 175
1877530 175
1877540 175
1877550 175
1877560 175
1877570 175
1877580 175
1877590 175
1877600 175
1877610 175
1877620 175
1877630 175
1877640 175
1877650 175
1877660 175
1877670 176
1877680 176
1877690 176
1877700 176
1877710 176
1877720 176
1877730 176
1877740 176
1877750 177
1877760 177
1877770 177
1877780 177
1877790 177
1877800 177
1877810 177
1877820 177
1877830 177
1877840 177
1877850 177
1877860 177
1877870 177
1877880 177
1877890 177
1877900 177
1877910 177
1877920 177
1877930 178
1877940 178
1877950 178
1877960 178
1877970 178
1877980 178
1877990 178
1878000 178
1878010 178
1878020 178
1878030 178
1878040 178
1878050 178
1878060 178
1878070 178
1878080 178
1878090 178
1878100 178
1878110 178
1878120 178
1878130 178
1878140 178
1878150 178
1878160 178
1878170 178
1878180 178
1878190 178
1878200 178
1878210 178
1878220 178
1878230 178
1878240 178
1878250 178
1878260 178
1878270 178
1878280 178
1878290 178
1878300 178
1878310 178
1878320 178
1878330 178
1878340 178
1878350 178
1878360 178
1878370 178
1878380 178
1878390 178
1878400 178
1878410 178
1878420 178
1878430 178
1878440 178
1878450 178
1878460 178
1878470 178
1878480 178
1878490 178
1878500 178
1878510 178
1878520 178
1878530 178
1878540 178
1878550 178
1878560 178
1878570 178
1878580 178
1878590 178
1878600 178
1878610 178
1878620 178
1878630 178
1878640 178
1878650 178
1878660 178
1878670 178
1878680 178
1878690 178
1878700 178
1878710 178
1878720 178
1878730 178
1878740 178
1878750 178
1878760 178
1878770 178
1878780 178
1878790 178
1878800 178
1878810 178
1878820 178
1878830 178
1878840 178
1878850 178
1878860 178
1878870 178
1878880 178
1878890 178
1878900 178
1878910 178
1878920 178
1878930 177
1878940 177
1878950 177
1878960 178
1878970 178
1878980 178
1878990 178
1879000 178
1879010 178
1879020 177
1879030 177
1879040 177
1879050 177
1879060 177
1879070 177
1879080 177
1879090 177
1879100 177
1879110 177
1879120 177
1879130 177
1879140 177
1879150 177
1879160 177
1879170 177
1879180 177
1879190 177
1879200 177
1879210 177
1879220 177
1879230 177
1879240 177
1879250 177
1879260 177
1879270 177
1879280 177
1879290 177
1879300 177
1879310 177
1879320 177
1879330 177
1879340 178
1879350 177
1879360 177
1879370 177
1879380 177
1879390 177
1879400 177
1879410 177
1879420 177
1879430 177
1879440 177
1879450 177
1879460 177
1879470 177
1879480 177
1879490 177
1879500 177
1879510 177
1879520 177
1879530 177
1879540 177
1879550 177
1879560 177
1879570 177
1879580 177
1879590 177
1879600 177
1879610 177
1879620 177
1879630 177
1879640 177
1879650 177
1879660 177
1879670 177
1879680 178
1879690 178
1879700 177
1879710 177
1879720 177
1879730 178
1879740 177
1879750 177
1879760 177
1879770 177
1879780 177
1879790 177
1879800 177
1879810 177
1879820 177
1879830 177
1879840 177
1879850 177
1879860 177
1879870 177
1879880 177
1879890 177
1879900 177
1879910 177
1879920 177
1879930 177
1879940 177
1879950 177
1879960 177
1879970 177
1879980 177
1879990 177
