1860000 262
1860010 262
1860020 262
1860030 262
1860040 262
1860050 262
1860060 262
1860070 262
1860080 262
1860090 262
1860100 262
1860110 262
1860120 262
1860130 262
1860140 262
1860150 262
1860160 261
1860170 261
1860180 261
1860190 261
1860200 261
1860210 261
1860220 261
1860230 260
1860240 260
1860250 260
1860260 260
1860270 260
1860280 260
1860290 260
1860300 260
1860310 260
1860320 260
1860330 260
1860340 260
1860350 259
1860360 259
1860370 259
1860380 259
1860390 259
1860400 258
1860410 257
1860420 257
1860430 256
1860440 255
1860450 255
1860460 255
1860470 253
1860480 253
1860490 252
1860500 251
1860510 251
1860520 250
1860530 249
1860540 249
1860550 249
1860560 248
1860570 248
1860580 247
1860590 247
1860600 247
1860610 247
1860620 247
1860630 247
1860640 247
1860650 247
1860660 247
1860670 247
1860680 247
1860690 247
1860700 247
1860710 247
1860720 247
1860730 246
1860740 246
1860750 246
1860760 246
1860770 247
1860780 247
1860790 247
1860800 247
1860810 247
1860820 247
1860830 247
1860840 247
1860850 247
1860860 246
1860870 246
1860880 246
1860890 246
1860900 246
1860910 245
1860920 244
1860930 244
1860940 243
1860950 243
1860960 243
1860970 243
1860980 243
1860990 243
1861000 246
1861010 247
1861020 247
1861030 249
1861040 251
1861050 251
1861060 252
1861070 254
1861080 256
1861090 256
1861100 257
1861110 259
1861120 259
1861130 261
1861140 262
1861150 262
1861160 264
1861170 265
1861180 265
1861190 266
1861200 267
1861210 267
1861220 268
1861230 269
1861240 269
1861250 270
1861260 271
1861270 271
1861280 271
1861290 272
1861300 272
1861310 272
1861320 273
1861330 273
1861340 275
1861350 275
1861360 275
1861370 276
1861380 277
1861390 277
1861400 278
1861410 278
1861420 278
1861430 279
1861440 279
1861450 279
1861460 279
1861470 280
1861480 280
1861490 280
1861500 280
1861510 280
1861520 281
1861530 281
1861540 281
1861550 281
1861560 282
1861570 282
1861580 282
1861590 282
1861600 282
1861610 283
1861620 283
1861630 283
1861640 283
1861650 283
1861660 283
1861670 283
1861680 284
1861690 284
1861700 284
1861710 285
1861720 285
1861730 285
1861740 285
1861750 285
1861760 286
1861770 286
1861780 286
1861790 286
1861800 287
1861810 287
1861820 287
1861830 287
1861840 287
1861850 287
1861860 287
1861870 287
1861880 287
1861890 287
1861900 287
1861910 287
1861920 288
1861930 288
1861940 288
1861950 288
1861960 288
1861970 288
1861980 288
1861990 288
1862000 288
1862010 288
1862020 288
1862030 288
1862040 288
1862050 288
1862060 287
1862070 287
1862080 287
1862090 287
1862100 287
1862110 286
1862120 286
1862130 286
1862140 285
1862150 285
1862160 284
1862170 283
1862180 283
1862190 282
1862200 281
1862210 281
1862220 280
1862230 279
1862240 279
1862250 278
1862260 277
1862270 277
1862280 276
1862290 276
1862300 276
1862310 275
1862320 274
1862330 274
1862340 274
1862350 273
1862360 273
1862370 272
1862380 271
1862390 271
1862400 270
1862410 270
1862420 270
1862430 269
1862440 269
1862450 269
1862460 268
1862470 268
1862480 268
1862490 267
1862500 267
1862510 267
1862520 266
1862530 266
1862540 266
1862550 266
1862560 265
1862570 265
1862580 265
1862590 264
1862600 264
1862610 264
1862620 263
1862630 263
1862640 263
1862650 262
1862660 262
1862670 262
1862680 261
1862690 261
1862700 261
1862710 261
1862720 261
1862730 262
1862740 262
1862750 262
1862760 263
1862770 263
1862780 263
1862790 264
1862800 264
1862810 264
1862820 264
1862830 264
1862840 264
1862850 264
1862860 264
1862870 264
1862880 264
1862890 265
1862900 265
1862910 265
1862920 264
1862930 264
1862940 264
1862950 264
1862960 264
1862970 264
1862980 263
1862990 263
1863000 263
1863010 263
1863020 263
1863030 263
1863040 263
1863050 262
1863060 262
1863070 263
1863080 263
1863090 263
1863100 264
1863110 264
1863120 264
1863130 265
1863140 265
1863150 265
1863160 266
1863170 266
1863180 266
1863190 266
1863200 266
1863210 266
1863220 266
1863230 266
1863240 266
1863250 267
1863260 267
1863270 267
1863280 267
1863290 267
1863300 267
1863310 267
1863320 267
1863330 267
1863340 267
1863350 267
1863360 267
1863370 267
1863380 267
1863390 267
1863400 267
1863410 267
1863420 267
1863430 267
1863440 268
1863450 268
1863460 268
1863470 269
1863480 269
1863490 269
1863500 270
1863510 270
1863520 270
1863530 271
1863540 271
1863550 271
1863560 272
1863570 272
1863580 272
1863590 272
1863600 272
1863610 274
1863620 276
1863630 276
1863640 280
1863650 284
1863660 284
1863670 282
1863680 277
1863690 277
1863700 273
1863710 268
1863720 268
1863730 268
1863740 265
1863750 265
1863760 261
1863770 258
1863780 258
1863790 255
1863800 252
1863810 252
1863820 249
1863830 247
1863840 247
1863850 245
1863860 244
1863870 244
1863880 242
1863890 241
1863900 241
1863910 240
1863920 240
1863930 240
1863940 240
1863950 239
1863960 239
1863970 238
1863980 237
1863990 237
1864000 236
1864010 236
1864020 236
1864030 235
1864040 235
1864050 235
1864060 234
1864070 234
1864080 234
1864090 233
1864100 233
1864110 233
1864120 232
1864130 231
1864140 231
1864150 230
1864160 229
1864170 229
1864180 227
1864190 226
1864200 224
1864210 224
1864220 223
1864230 222
1864240 222
1864250 221
1864260 220
1864270 220
1864280 219
1864290 217
1864300 217
1864310 216
1864320 214
1864330 214
1864340 214
1864350 213
1864360 213
1864370 213
1864380 212
1864390 212
1864400 212
1864410 212
1864420 212
1864430 211
1864440 209
1864450 209
1864460 209
1864470 208
1864480 208
1864490 206
1864500 204
1864510 204
1864520 202
1864530 200
1864540 200
1864550 199
1864560 199
1864570 199
1864580 199
1864590 200
1864600 200
1864610 200
1864620 201
1864630 201
1864640 200
1864650 200
1864660 200
1864670 200
1864680 199
1864690 199
1864700 198
1864710 197
1864720 197
1864730 196
1864740 195
1864750 195
1864760 194
1864770 193
1864780 193
1864790 191
1864800 190
1864810 190
1864820 189
1864830 187
1864840 187
1864850 185
1864860 183
1864870 183
1864880 181
1864890 180
1864900 180
1864910 178
1864920 177
1864930 177
1864940 175
1864950 174
1864960 174
1864970 174
1864980 173
1864990 173
1865000 172
1865010 172
1865020 172
1865030 172
1865040 172
1865050 172
1865060 173
1865070 173
1865080 173
1865090 174
1865100 177
1865110 177
1865120 182
1865130 185
1865140 185
1865150 188
1865160 190
1865170 190
1865180 191
1865190 191
1865200 191
1865210 191
1865220 191
1865230 192
1865240 192
1865250 193
1865260 194
1865270 194
1865280 196
1865290 197
1865300 197
1865310 199
1865320 201
1865330 201
1865340 202
1865350 204
1865360 204
1865370 206
1865380 207
1865390 207
1865400 209
1865410 211
1865420 211
1865430 213
1865440 217
1865450 217
1865460 219
1865470 220
1865480 220
1865490 224
1865500 226
1865510 226
1865520 229
1865530 231
1865540 231
1865550 235
1865560 239
1865570 239
1865580 244
1865590 249
1865600 249
1865610 251
1865620 251
1865630 251
1865640 252
1865650 253
1865660 253
1865670 254
1865680 254
1865690 254
1865700 254
1865710 255
1865720 255
1865730 254
1865740 254
1865750 254
1865760 254
1865770 255
1865780 255
1865790 254
1865800 252
1865810 252
1865820 249
1865830 245
1865840 245
1865850 242
1865860 241
1865870 241
1865880 238
1865890 236
1865900 236
1865910 234
1865920 232
1865930 232
1865940 230
1865950 227
1865960 227
1865970 226
1865980 225
1865990 225
1866000 225
1866010 225
1866020 225
1866030 225
1866040 227
1866050 227
1866060 228
1866070 230
1866080 230
1866090 231
1866100 229
1866110 229
1866120 228
1866130 226
1866140 226
1866150 224
1866160 221
1866170 221
1866180 219
1866190 218
1866200 218
1866210 217
1866220 217
1866230 217
1866240 218
1866250 220
1866260 220
1866270 223
1866280 226
1866290 229
1866300 229
1866310 232
1866320 234
1866330 234
1866340 236
1866350 237
1866360 237
1866370 236
1866380 234
1866390 234
1866400 231
1866410 227
1866420 227
1866430 222
1866440 219
1866450 221
1866460 219
1866470 217
1866480 217
1866490 214
1866500 212
1866510 212
1866520 208
1866530 203
1866540 203
1866550 199
1866560 196
1866570 196
1866580 194
1866590 191
1866600 191
1866610 189
1866620 189
1866630 189
1866640 188
1866650 187
1866660 187
1866670 186
1866680 185
1866690 185
1866700 184
1866710 183
1866720 183
1866730 182
1866740 181
1866750 181
1866760 181
1866770 180
1866780 181
1866790 181
1866800 180
1866810 180
1866820 179
1866830 179
1866840 179
1866850 178
1866860 178
1866870 178
1866880 177
1866890 177
1866900 177
1866910 176
1866920 176
1866930 176
1866940 175
1866950 175
1866960 175
1866970 174
1866980 174
1866990 174
1867000 173
1867010 173
1867020 173
1867030 172
1867040 172
1867050 172
1867060 172
1867070 172
1867080 172
1867090 172
1867100 171
1867110 171
1867120 172
1867130 172
1867140 172
1867150 172
1867160 171
1867170 171
1867180 171
1867190 171
1867200 171
1867210 171
1867220 171
1867230 171
1867240 171
1867250 171
1867260 171
1867270 171
1867280 171
1867290 171
1867300 171
1867310 171
1867320 171
1867330 171
1867340 170
1867350 170
1867360 170
1867370 169
1867380 169
1867390 169
1867400 168
1867410 168
1867420 168
1867430 168
1867440 168
1867450 168
1867460 168
1867470 167
1867480 167
1867490 167
1867500 167
1867510 167
1867520 167
1867530 166
1867540 166
1867550 166
1867560 166
1867570 166
1867580 166
1867590 166
1867600 166
1867610 166
1867620 165
1867630 165
1867640 165
1867650 165
1867660 165
1867670 165
1867680 165
1867690 165
1867700 165
1867710 165
1867720 165
1867730 164
1867740 164
1867750 164
1867760 164
1867770 164
1867780 164
1867790 164
1867800 164
1867810 164
1867820 164
1867830 164
1867840 164
1867850 164
1867860 164
1867870 164
1867880 164
1867890 164
1867900 164
1867910 164
1867920 163
1867930 163
1867940 163
1867950 163
1867960 163
1867970 163
1867980 163
1867990 163
1868000 163
1868010 162
1868020 162
1868030 162
1868040 162
1868050 162
1868060 162
1868070 163
1868080 163
1868090 163
1868100 162
1868110 162
1868120 162
1868130 162
1868140 162
1868150 162
1868160 162
1868170 162
1868180 163
1868190 163
1868200 163
1868210 163
1868220 163
1868230 163
1868240 163
1868250 163
1868260 163
1868270 163
1868280 164
1868290 164
1868300 164
1868310 164
1868320 164
1868330 165
1868340 164
1868350 164
1868360 164
1868370 164
1868380 163
1868390 163
1868400 163
1868410 163
1868420 163
1868430 162
1868440 162
1868450 162
1868460 162
1868470 162
1868480 162
1868490 162
1868500 161
1868510 161
1868520 161
1868530 161
1868540 161
1868550 161
1868560 161
1868570 161
1868580 161
1868590 161
1868600 161
1868610 160
1868620 160
1868630 160
1868640 160
1868650 160
1868660 160
1868670 160
1868680 160
1868690 160
1868700 160
1868710 160
1868720 160
1868730 160
1868740 160
1868750 160
1868760 160
1868770 160
1868780 160
1868790 160
1868800 161
1868810 161
1868820 160
1868830 160
1868840 160
1868850 160
1868860 160
1868870 160
1868880 160
1868890 160
1868900 160
1868910 160
1868920 160
1868930 160
1868940 160
1868950 160
1868960 160
1868970 160
1868980 161
1868990 161
1869000 161
1869010 161
1869020 161
1869030 161
1869040 161
1869050 161
1869060 161
1869070 161
1869080 161
1869090 161
1869100 161
1869110 161
1869120 161
1869130 161
1869140 162
1869150 161
1869160 161
1869170 161
1869180 161
1869190 161
1869200 161
1869210 160
1869220 159
1869230 159
1869240 159
1869250 160
1869260 160
1869270 159
1869280 159
1869290 159
1869300 159
1869310 159
1869320 159
1869330 159
1869340 159
1869350 159
1869360 159
1869370 159
1869380 159
1869390 159
1869400 160
1869410 160
1869420 160
1869430 160
1869440 160
1869450 160
1869460 160
1869470 161
1869480 161
1869490 161
1869500 161
1869510 161
1869520 162
1869530 162
1869540 162
1869550 163
1869560 163
1869570 163
1869580 164
1869590 165
1869600 165
1869610 165
1869620 166
1869630 166
1869640 166
1869650 167
1869660 167
1869670 167
1869680 168
1869690 168
1869700 169
1869710 169
1869720 169
1869730 170
1869740 171
1869750 171
1869760 172
1869770 173
1869780 173
1869790 174
1869800 175
1869810 176
1869820 177
1869830 177
1869840 177
1869850 177
1869860 178
1869870 178
1869880 179
1869890 179
1869900 179
1869910 180
1869920 180
1869930 180
1869940 181
1869950 181
1869960 181
1869970 182
1869980 182
1869990 182
1870000 182
1870010 183
1870020 183
1870030 183
1870040 184
1870050 184
1870060 184
1870070 185
1870080 185
1870090 185
1870100 186
1870110 186
1870120 186
1870130 187
1870140 187
1870150 187
1870160 188
1870170 188
1870180 188
1870190 188
1870200 188
1870210 188
1870220 188
1870230 188
1870240 188
1870250 189
1870260 189
1870270 189
1870280 189
1870290 189
1870300 189
1870310 190
1870320 190
1870330 190
1870340 190
1870350 190
1870360 190
1870370 190
1870380 190
1870390 191
1870400 191
1870410 191
1870420 191
1870430 191
1870440 191
1870450 191
1870460 191
1870470 191
1870480 191
1870490 191
1870500 191
1870510 191
1870520 191
1870530 191
1870540 191
1870550 190
1870560 190
1870570 190
1870580 189
1870590 189
1870600 189
1870610 189
1870620 189
1870630 189
1870640 189
1870650 189
1870660 189
1870670 189
1870680 189
1870690 189
1870700 190
1870710 190
1870720 190
1870730 190
1870740 191
1870750 191
1870760 191
1870770 192
1870780 192
1870790 192
1870800 193
1870810 193
1870820 193
1870830 194
1870840 194
1870850 194
1870860 193
1870870 193
1870880 193
1870890 192
1870900 192
1870910 191
1870920 190
1870930 190
1870940 189
1870950 188
1870960 188
1870970 187
1870980 187
1870990 187
1871000 186
1871010 184
1871020 184
1871030 183
1871040 182
1871050 182
1871060 181
1871070 180
1871080 180
1871090 178
1871100 177
1871110 177
1871120 176
1871130 175
1871140 175
1871150 172
1871160 170
1871170 170
1871180 169
1871190 168
1871200 168
1871210 166
1871220 165
1871230 165
1871240 164
1871250 163
1871260 163
1871270 162
1871280 161
1871290 161
1871300 160
1871310 160
1871320 160
1871330 159
1871340 158
1871350 158
1871360 158
1871370 157
1871380 157
1871390 157
1871400 156
1871410 156
1871420 156
1871430 155
1871440 155
1871450 155
1871460 154
1871470 154
1871480 154
1871490 153
1871500 153
1871510 153
1871520 153
1871530 152
1871540 152
1871550 152
1871560 152
1871570 152
1871580 151
1871590 151
1871600 151
1871610 151
1871620 151
1871630 151
1871640 150
1871650 150
1871660 150
1871670 150
1871680 150
1871690 150
1871700 150
1871710 150
1871720 150
1871730 150
1871740 150
1871750 150
1871760 149
1871770 149
1871780 149
1871790 149
1871800 149
1871810 149
1871820 150
1871830 149
1871840 149
1871850 149
1871860 149
1871870 149
1871880 149
1871890 149
1871900 149
1871910 149
1871920 149
1871930 149
1871940 149
1871950 149
1871960 149
1871970 149
1871980 149
1871990 149
1872000 149
1872010 149
1872020 149
1872030 149
1872040 148
1872050 148
1872060 148
1872070 148
1872080 148
1872090 148
1872100 148
1872110 148
1872120 148
1872130 148
1872140 148
1872150 148
1872160 148
1872170 148
1872180 147
1872190 147
1872200 147
1872210 147
1872220 147
1872230 147
1872240 147
1872250 147
1872260 147
1872270 147
1872280 147
1872290 147
1872300 147
1872310 146
1872320 146
1872330 146
1872340 146
1872350 146
1872360 146
1872370 146
1872380 146
1872390 146
1872400 146
1872410 146
1872420 146
1872430 147
1872440 147
1872450 147
1872460 147
1872470 147
1872480 148
1872490 149
1872500 149
1872510 150
1872520 151
1872530 151
1872540 152
1872550 153
1872560 154
1872570 154
1872580 154
1872590 155
1872600 155
1872610 155
1872620 156
1872630 156
1872640 157
1872650 158
1872660 158
1872670 158
1872680 159
1872690 159
1872700 160
1872710 161
1872720 161
1872730 161
1872740 162
1872750 162
1872760 162
1872770 162
1872780 162
1872790 163
1872800 163
1872810 164
1872820 164
1872830 163
1872840 163
1872850 163
1872860 163
1872870 163
1872880 163
1872890 162
1872900 162
1872910 162
1872920 162
1872930 162
1872940 162
1872950 162
1872960 162
1872970 162
1872980 162
1872990 162
1873000 162
1873010 162
1873020 162
1873030 162
1873040 162
1873050 162
1873060 162
1873070 161
1873080 161
1873090 161
1873100 161
1873110 161
1873120 161
1873130 161
1873140 162
1873150 162
1873160 162
1873170 162
1873180 162
1873190 162
1873200 162
1873210 162
1873220 162
1873230 162
1873240 162
1873250 162
1873260 162
1873270 162
1873280 162
1873290 162
1873300 161
1873310 161
1873320 161
1873330 161
1873340 161
1873350 161
1873360 161
1873370 160
1873380 160
1873390 160
1873400 160
1873410 160
1873420 160
1873430 160
1873440 160
1873450 160
1873460 159
1873470 159
1873480 159
1873490 159
1873500 159
1873510 159
1873520 158
1873530 158
1873540 158
1873550 157
1873560 157
1873570 157
1873580 156
1873590 156
1873600 155
1873610 155
1873620 154
1873630 154
1873640 153
1873650 153
1873660 153
1873670 153
1873680 153
1873690 153
1873700 152
1873710 152
1873720 152
1873730 152
1873740 152
1873750 152
1873760 152
1873770 152
1873780 152
1873790 153
1873800 153
1873810 153
1873820 154
1873830 154
1873840 154
1873850 155
1873860 156
1873870 156
1873880 157
1873890 157
1873900 157
1873910 158
1873920 158
1873930 158
1873940 159
1873950 160
1873960 160
1873970 160
1873980 161
1873990 161
1874000 162
1874010 162
1874020 162
1874030 162
1874040 163
1874050 163
1874060 164
1874070 164
1874080 164
1874090 165
1874100 166
1874110 166
1874120 166
1874130 167
1874140 167
1874150 168
1874160 169
1874170 169
1874180 170
1874190 170
1874200 170
1874210 173
1874220 176
1874230 176
1874240 175
1874250 174
1874260 174
1874270 174
1874280 174
1874290 174
1874300 175
1874310 175
1874320 175
1874330 176
1874340 177
1874350 177
1874360 179
1874370 179
1874380 179
1874390 180
1874400 180
1874410 180
1874420 181
1874430 181
1874440 181
1874450 181
1874460 181
1874470 181
1874480 181
1874490 181
1874500 181
1874510 181
1874520 180
1874530 180
1874540 180
1874550 180
1874560 180
1874570 180
1874580 180
1874590 180
1874600 180
1874610 180
1874620 180
1874630 180
1874640 180
1874650 180
1874660 180
1874670 180
1874680 180
1874690 180
1874700 180
1874710 179
1874720 179
1874730 179
1874740 179
1874750 179
1874760 179
1874770 179
1874780 179
1874790 179
1874800 179
1874810 179
1874820 179
1874830 179
1874840 179
1874850 179
1874860 180
1874870 180
1874880 180
1874890 179
1874900 179
1874910 179
1874920 179
1874930 179
1874940 179
1874950 179
1874960 179
1874970 179
1874980 179
1874990 179
1875000 179
1875010 179
1875020 179
1875030 179
1875040 179
1875050 179
1875060 179
1875070 179
1875080 179
1875090 179
1875100 179
1875110 179
1875120 179
1875130 178
1875140 178
1875150 178
1875160 178
1875170 178
1875180 178
1875190 179
1875200 179
1875210 179
1875220 179
1875230 179
1875240 179
1875250 179
1875260 179
1875270 179
1875280 179
1875290 179
1875300 179
1875310 179
1875320 179
1875330 179
1875340 179
1875350 179
1875360 179
1875370 179
1875380 179
1875390 179
1875400 179
1875410 179
1875420 178
1875430 178
1875440 178
1875450 178
1875460 178
1875470 178
1875480 178
1875490 178
1875500 178
1875510 178
1875520 178
1875530 178
1875540 178
1875550 178
1875560 178
1875570 178
1875580 178
1875590 178
1875600 178
1875610 179
1875620 179
1875630 179
1875640 179
1875650 179
1875660 179
1875670 179
1875680 179
1875690 179
1875700 179
1875710 179
1875720 179
1875730 179
1875740 179
1875750 179
1875760 179
1875770 179
1875780 179
1875790 179
1875800 179
1875810 179
1875820 179
1875830 179
1875840 179
1875850 179
1875860 179
1875870 179
1875880 179
1875890 179
1875900 179
1875910 179
1875920 179
1875930 179
1875940 179
1875950 179
1875960 179
1875970 179
1875980 179
1875990 179
1876000 179
1876010 179
1876020 179
1876030 179
1876040 180
1876050 180
1876060 181
1876070 180
1876080 180
1876090 179
1876100 179
1876110 179
1876120 179
1876130 179
1876140 179
1876150 179
1876160 179
1876170 179
1876180 179
1876190 179
1876200 179
1876210 179
1876220 179
1876230 179
1876240 179
1876250 179
1876260 179
1876270 179
1876280 179
1876290 179
1876300 179
1876310 180
1876320 180
1876330 180
1876340 180
1876350 180
1876360 179
1876370 179
1876380 179
1876390 179
1876400 178
1876410 178
1876420 179
1876430 179
1876440 179
1876450 179
1876460 179
1876470 179
1876480 178
1876490 178
1876500 178
1876510 178
1876520 179
1876530 179
1876540 179
1876550 180
1876560 180
1876570 180
1876580 180
1876590 180
1876600 180
1876610 180
1876620 180
1876630 180
1876640 180
1876650 180
1876660 180
1876670 180
1876680 180
1876690 179
1876700 179
1876710 179
1876720 179
1876730 179
1876740 179
1876750 179
1876760 179
1876770 179
1876780 179
1876790 179
1876800 178
1876810 178
1876820 178
1876830 178
1876840 178
1876850 178
1876860 178
1876870 178
1876880 178
1876890 178
1876900 178
1876910 178
1876920 178
1876930 178
1876940 178
1876950 178
1876960 178
1876970 178
1876980 178
1876990 178
1877000 178
1877010 178
1877020 178
1877030 178
1877040 178
1877050 178
1877060 178
1877070 178
1877080 178
1877090 178
1877100 178
1877110 178
1877120 178
1877130 178
1877140 178
1877150 178
1877160 178
1877170 178
1877180 178
1877190 178
1877200 178
1877210 178
1877220 178
1877230 178
1877240 178
1877250 178
1877260 178
1877270 177
1877280 177
1877290 177
1877300 177
1877310 177
1877320 177
1877330 177
1877340 177
1877350 177
1877360 177
1877370 177
1877380 177
1877390 176
1877400 176
1877410 176
1877420 176
1877430 176
1877440 176
1877450 176
1877460 176
1877470 176
1877480 175
1877490 175
1877500 175
1877510 175
1877520 175
1877530 175
1877540 174
1877550 174
1877560 174
1877570 174
1877580 174
1877590 174
1877600 174
1877610 174
1877620 174
1877630 173
1877640 173
1877650 173
1877660 173
1877670 173
1877680 173
1877690 172
1877700 172
1877710 172
1877720 172
1877730 173
1877740 173
1877750 173
1877760 173
1877770 173
1877780 173
1877790 174
1877800 174
1877810 174
1877820 175
1877830 175
1877840 175
1877850 176
1877860 176
1877870 176
1877880 176
1877890 176
1877900 176
1877910 176
1877920 177
1877930 177
1877940 177
1877950 176
1877960 176
1877970 176
1877980 176
1877990 176
1878000 177
1878010 177
1878020 177
1878030 177
1878040 177
1878050 177
1878060 176
1878070 176
1878080 176
1878090 176
1878100 177
1878110 177
1878120 176
1878130 177
1878140 177
1878150 177
1878160 177
1878170 177
1878180 176
1878190 176
1878200 176
1878210 176
1878220 176
1878230 176
1878240 176
1878250 176
1878260 176
1878270 176
1878280 176
1878290 176
1878300 176
1878310 177
1878320 177
1878330 177
1878340 177
1878350 177
1878360 177
1878370 177
1878380 177
1878390 177
1878400 177
1878410 177
1878420 177
1878430 177
1878440 177
1878450 177
1878460 177
1878470 177
1878480 177
1878490 177
1878500 177
1878510 177
1878520 177
1878530 177
1878540 177
1878550 177
1878560 177
1878570 177
1878580 177
1878590 177
1878600 177
1878610 177
1878620 177
1878630 177
1878640 177
1878650 177
1878660 177
1878670 177
1878680 177
1878690 177
1878700 177
1878710 177
1878720 177
1878730 177
1878740 177
1878750 177
1878760 177
1878770 177
1878780 177
1878790 177
1878800 177
1878810 177
1878820 177
1878830 177
1878840 177
1878850 177
1878860 177
1878870 177
1878880 177
1878890 177
1878900 177
1878910 177
1878920 177
1878930 177
1878940 177
1878950 177
1878960 177
1878970 177
1878980 177
1878990 177
1879000 177
1879010 177
1879020 177
1879030 177
1879040 177
1879050 177
1879060 177
1879070 177
1879080 177
1879090 177
1879100 177
1879110 177
1879120 177
1879130 177
1879140 177
1879150 177
1879160 177
1879170 177
1879180 177
1879190 177
1879200 177
1879210 177
1879220 177
1879230 177
1879240 177
1879250 177
1879260 177
1879270 177
1879280 177
1879290 177
1879300 177
1879310 177
1879320 177
1879330 177
1879340 177
1879350 177
1879360 177
1879370 177
1879380 177
1879390 177
1879400 177
1879410 177
1879420 177
1879430 177
1879440 177
1879450 177
1879460 177
1879470 177
1879480 177
1879490 177
1879500 177
1879510 177
1879520 176
1879530 176
1879540 176
1879550 176
1879560 176
1879570 176
1879580 176
1879590 176
1879600 176
1879610 176
1879620 176
1879630 176
1879640 176
1879650 176
1879660 176
1879670 176
1879680 176
1879690 176
1879700 176
1879710 176
1879720 176
1879730 176
1879740 176
1879750 176
1879760 176
1879770 176
1879780 176
1879790 176
1879800 176
1879810 176
1879820 176
1879830 176
1879840 176
1879850 176
1879860 176
1879870 176
1879880 176
1879890 176
1879900 176
1879910 176
1879920 176
1879930 176
1879940 175
1879950 175
1879960 175
1879970 176
1879980 176
1879990 176
