1860000 274
1860010 274
1860020 274
1860030 274
1860040 274
1860050 274
1860060 273
1860070 273
1860080 273
1860090 273
1860100 273
1860110 273
1860120 273
1860130 273
1860140 273
1860150 272
1860160 272
1860170 271
1860180 271
1860190 271
1860200 271
1860210 271
1860220 271
1860230 271
1860240 271
1860250 270
1860260 270
1860270 270
1860280 270
1860290 270
1860300 270
1860310 270
1860320 269
1860330 269
1860340 269
1860350 268
1860360 268
1860370 268
1860380 268
1860390 268
1860400 268
1860410 267
1860420 267
1860430 267
1860440 267
1860450 267
1860460 267
1860470 266
1860480 266
1860490 267
1860500 267
1860510 267
1860520 267
1860530 268
1860540 268
1860550 268
1860560 268
1860570 268
1860580 268
1860590 268
1860600 268
1860610 269
1860620 269
1860630 269
1860640 269
1860650 269
1860660 269
1860670 268
1860680 268
1860690 268
1860700 268
1860710 267
1860720 267
1860730 267
1860740 266
1860750 266
1860760 265
1860770 265
1860780 265
1860790 265
1860800 264
1860810 264
1860820 264
1860830 263
1860840 263
1860850 263
1860860 262
1860870 262
1860880 262
1860890 261
1860900 261
1860910 261
1860920 260
1860930 260
1860940 259
1860950 259
1860960 259
1860970 258
1860980 257
1860990 257
1861000 256
1861010 255
1861020 255
1861030 254
1861040 254
1861050 254
1861060 253
1861070 253
1861080 253
1861090 253
1861100 254
1861110 254
1861120 254
1861130 255
1861140 255
1861150 255
1861160 255
1861170 255
1861180 255
1861190 254
1861200 254
1861210 254
1861220 254
1861230 254
1861240 254
1861250 254
1861260 254
1861270 254
1861280 253
1861290 252
1861300 252
1861310 251
1861320 251
1861330 251
1861340 250
1861350 250
1861360 250
1861370 249
1861380 247
1861390 247
1861400 246
1861410 246
1861420 246
1861430 245
1861440 245
1861450 245
1861460 244
1861470 244
1861480 244
1861490 243
1861500 243
1861510 243
1861520 243
1861530 243
1861540 243
1861550 243
1861560 243
1861570 243
1861580 243
1861590 243
1861600 243
1861610 243
1861620 243
1861630 243
1861640 243
1861650 243
1861660 243
1861670 243
1861680 243
1861690 243
1861700 243
1861710 243
1861720 243
1861730 243
1861740 243
1861750 243
1861760 243
1861770 243
1861780 243
1861790 243
1861800 243
1861810 243
1861820 243
1861830 243
1861840 243
1861850 244
1861860 244
1861870 244
1861880 244
1861890 244
1861900 244
1861910 244
1861920 245
1861930 245
1861940 245
1861950 245
1861960 245
1861970 246
1861980 246
1861990 245
1862000 246
1862010 246
1862020 246
1862030 246
1862040 247
1862050 247
1862060 247
1862070 247
1862080 247
1862090 247
1862100 248
1862110 248
1862120 248
1862130 248
1862140 248
1862150 249
1862160 249
1862170 249
1862180 249
1862190 250
1862200 250
1862210 250
1862220 250
1862230 250
1862240 251
1862250 251
1862260 251
1862270 251
1862280 252
1862290 252
1862300 252
1862310 253
1862320 253
1862330 253
1862340 254
1862350 254
1862360 254
1862370 255
1862380 255
1862390 255
1862400 255
1862410 256
1862420 256
1862430 256
1862440 257
1862450 257
1862460 257
1862470 258
1862480 258
1862490 258
1862500 259
1862510 259
1862520 259
1862530 259
1862540 259
1862550 260
1862560 260
1862570 260
1862580 260
1862590 261
1862600 261
1862610 261
1862620 261
1862630 261
1862640 262
1862650 262
1862660 262
1862670 263
1862680 263
1862690 263
1862700 263
1862710 263
1862720 263
1862730 264
1862740 264
1862750 264
1862760 264
1862770 264
1862780 264
1862790 264
1862800 264
1862810 264
1862820 264
1862830 264
1862840 264
1862850 264
1862860 265
1862870 265
1862880 264
1862890 264
1862900 264
1862910 264
1862920 264
1862930 264
1862940 264
1862950 264
1862960 264
1862970 264
1862980 264
1862990 264
1863000 264
1863010 264
1863020 264
1863030 264
1863040 263
1863050 263
1863060 263
1863070 263
1863080 263
1863090 263
1863100 262
1863110 262
1863120 262
1863130 261
1863140 261
1863150 261
1863160 261
1863170 261
1863180 260
1863190 260
1863200 260
1863210 259
1863220 259
1863230 259
1863240 258
1863250 258
1863260 258
1863270 257
1863280 256
1863290 256
1863300 256
1863310 255
1863320 255
1863330 255
1863340 254
1863350 255
1863360 254
1863370 254
1863380 253
1863390 253
1863400 253
1863410 252
1863420 252
1863430 251
1863440 250
1863450 250
1863460 250
1863470 249
1863480 249
1863490 248
1863500 247
1863510 247
1863520 246
1863530 245
1863540 245
1863550 245
1863560 245
1863570 245
1863580 246
1863590 246
1863600 246
1863610 246
1863620 246
1863630 246
1863640 245
1863650 245
1863660 245
1863670 245
1863680 245
1863690 246
1863700 246
1863710 246
1863720 246
1863730 246
1863740 246
1863750 246
1863760 246
1863770 247
1863780 247
1863790 247
1863800 248
1863810 248
1863820 247
1863830 246
1863840 246
1863850 245
1863860 244
1863870 244
1863880 244
1863890 243
1863900 243
1863910 242
1863920 241
1863930 241
1863940 240
1863950 239
1863960 239
1863970 238
1863980 237
1863990 237
1864000 236
1864010 235
1864020 235
1864030 234
1864040 233
1864050 233
1864060 232
1864070 231
1864080 231
1864090 229
1864100 227
1864110 227
1864120 224
1864130 222
1864140 222
1864150 221
1864160 219
1864170 219
1864180 218
1864190 217
1864200 217
1864210 217
1864220 216
1864230 216
1864240 217
1864250 217
1864260 217
1864270 218
1864280 220
1864290 220
1864300 224
1864310 227
1864320 227
1864330 229
1864340 230
1864350 230
1864360 230
1864370 229
1864380 229
1864390 229
1864400 228
1864410 228
1864420 228
1864430 227
1864440 227
1864450 227
1864460 227
1864470 226
1864480 226
1864490 226
1864500 225
1864510 225
1864520 225
1864530 224
1864540 224
1864550 223
1864560 223
1864570 223
1864580 222
1864590 222
1864600 222
1864610 221
1864620 221
1864630 221
1864640 220
1864650 219
1864660 219
1864670 218
1864680 218
1864690 218
1864700 217
1864710 215
1864720 215
1864730 215
1864740 215
1864750 215
1864760 215
1864770 215
1864780 215
1864790 215
1864800 214
1864810 214
1864820 214
1864830 214
1864840 214
1864850 213
1864860 211
1864870 211
1864880 207
1864890 204
1864900 204
1864910 203
1864920 202
1864930 202
1864940 201
1864950 199
1864960 199
1864970 198
1864980 196
1864990 196
1865000 195
1865010 193
1865020 193
1865030 192
1865040 190
1865050 190
1865060 190
1865070 190
1865080 190
1865090 191
1865100 194
1865110 194
1865120 197
1865130 200
1865140 200
1865150 203
1865160 206
1865170 206
1865180 208
1865190 210
1865200 210
1865210 213
1865220 214
1865230 214
1865240 216
1865250 218
1865260 218
1865270 219
1865280 220
1865290 220
1865300 221
1865310 222
1865320 222
1865330 223
1865340 224
1865350 224
1865360 225
1865370 227
1865380 227
1865390 228
1865400 229
1865410 229
1865420 230
1865430 232
1865440 232
1865450 234
1865460 236
1865470 236
1865480 238
1865490 240
1865500 240
1865510 241
1865520 243
1865530 244
1865540 244
1865550 247
1865560 249
1865570 249
1865580 252
1865590 254
1865600 254
1865610 257
1865620 260
1865630 260
1865640 264
1865650 268
1865660 268
1865670 271
1865680 276
1865690 276
1865700 280
1865710 284
1865720 284
1865730 284
1865740 285
1865750 285
1865760 286
1865770 286
1865780 286
1865790 285
1865800 284
1865810 284
1865820 282
1865830 281
1865840 281
1865850 280
1865860 278
1865870 278
1865880 277
1865890 275
1865900 275
1865910 274
1865920 272
1865930 272
1865940 270
1865950 268
1865960 268
1865970 266
1865980 264
1865990 264
1866000 262
1866010 260
1866020 260
1866030 259
1866040 258
1866050 258
1866060 257
1866070 256
1866080 256
1866090 255
1866100 255
1866110 255
1866120 254
1866130 253
1866140 253
1866150 253
1866160 252
1866170 252
1866180 251
1866190 251
1866200 251
1866210 250
1866220 249
1866230 249
1866240 249
1866250 248
1866260 248
1866270 248
1866280 248
1866290 248
1866300 248
1866310 248
1866320 248
1866330 248
1866340 248
1866350 248
1866360 248
1866370 248
1866380 248
1866390 248
1866400 248
1866410 248
1866420 248
1866430 248
1866440 248
1866450 249
1866460 249
1866470 249
1866480 249
1866490 250
1866500 250
1866510 250
1866520 250
1866530 250
1866540 251
1866550 251
1866560 251
1866570 251
1866580 252
1866590 252
1866600 252
1866610 252
1866620 253
1866630 253
1866640 253
1866650 254
1866660 254
1866670 254
1866680 255
1866690 255
1866700 255
1866710 255
1866720 255
1866730 256
1866740 258
1866750 258
1866760 260
1866770 263
1866780 263
1866790 265
1866800 268
1866810 268
1866820 271
1866830 272
1866840 272
1866850 271
1866860 267
1866870 267
1866880 265
1866890 264
1866900 264
1866910 262
1866920 259
1866930 259
1866940 258
1866950 257
1866960 257
1866970 256
1866980 255
1866990 255
1867000 254
1867010 253
1867020 253
1867030 252
1867040 250
1867050 250
1867060 249
1867070 247
1867080 250
1867090 248
1867100 247
1867110 247
1867120 246
1867130 244
1867140 244
1867150 240
1867160 239
1867170 239
1867180 239
1867190 241
1867200 241
1867210 242
1867220 244
1867230 244
1867240 244
1867250 244
1867260 244
1867270 244
1867280 243
1867290 243
1867300 242
1867310 242
1867320 242
1867330 242
1867340 243
1867350 243
1867360 244
1867370 246
1867380 246
1867390 248
1867400 250
1867410 250
1867420 252
1867430 253
1867440 253
1867450 254
1867460 254
1867470 254
1867480 253
1867490 251
1867500 251
1867510 250
1867520 249
1867530 249
1867540 247
1867550 246
1867560 246
1867570 247
1867580 245
1867590 245
1867600 243
1867610 243
1867620 243
1867630 241
1867640 239
1867650 239
1867660 239
1867670 237
1867680 237
1867690 237
1867700 236
1867710 234
1867720 234
1867730 233
1867740 231
1867750 231
1867760 232
1867770 230
1867780 230
1867790 229
1867800 228
1867810 228
1867820 227
1867830 226
1867840 226
1867850 224
1867860 223
1867870 223
1867880 222
1867890 219
1867900 219
1867910 218
1867920 215
1867930 215
1867940 214
1867950 212
1867960 212
1867970 211
1867980 210
1867990 210
1868000 209
1868010 208
1868020 208
1868030 208
1868040 207
1868050 207
1868060 207
1868070 206
1868080 206
1868090 207
1868100 207
1868110 207
1868120 206
1868130 206
1868140 206
1868150 205
1868160 205
1868170 205
1868180 205
1868190 205
1868200 205
1868210 205
1868220 205
1868230 205
1868240 205
1868250 205
1868260 205
1868270 204
1868280 204
1868290 204
1868300 203
1868310 203
1868320 203
1868330 202
1868340 201
1868350 201
1868360 200
1868370 200
1868380 200
1868390 199
1868400 198
1868410 198
1868420 197
1868430 195
1868440 195
1868450 195
1868460 194
1868470 194
1868480 194
1868490 193
1868500 193
1868510 192
1868520 191
1868530 191
1868540 191
1868550 190
1868560 190
1868570 189
1868580 188
1868590 188
1868600 187
1868610 186
1868620 186
1868630 186
1868640 185
1868650 185
1868660 185
1868670 184
1868680 184
1868690 184
1868700 183
1868710 183
1868720 183
1868730 182
1868740 182
1868750 182
1868760 183
1868770 183
1868780 183
1868790 183
1868800 184
1868810 184
1868820 184
1868830 184
1868840 184
1868850 185
1868860 186
1868870 186
1868880 187
1868890 187
1868900 187
1868910 188
1868920 189
1868930 189
1868940 189
1868950 189
1868960 189
1868970 188
1868980 187
1868990 187
1869000 187
1869010 187
1869020 187
1869030 187
1869040 186
1869050 186
1869060 186
1869070 185
1869080 185
1869090 185
1869100 186
1869110 186
1869120 188
1869130 189
1869140 189
1869150 190
1869160 190
1869170 190
1869180 191
1869190 191
1869200 191
1869210 191
1869220 192
1869230 192
1869240 191
1869250 191
1869260 191
1869270 190
1869280 190
1869290 190
1869300 191
1869310 191
1869320 191
1869330 191
1869340 191
1869350 191
1869360 191
1869370 191
1869380 191
1869390 192
1869400 192
1869410 192
1869420 192
1869430 193
1869440 193
1869450 193
1869460 194
1869470 194
1869480 194
1869490 194
1869500 194
1869510 194
1869520 195
1869530 195
1869540 195
1869550 195
1869560 195
1869570 195
1869580 196
1869590 196
1869600 196
1869610 197
1869620 197
1869630 197
1869640 198
1869650 198
1869660 198
1869670 198
1869680 198
1869690 199
1869700 199
1869710 199
1869720 200
1869730 200
1869740 200
1869750 201
1869760 202
1869770 203
1869780 204
1869790 204
1869800 204
1869810 205
1869820 206
1869830 207
1869840 207
1869850 207
1869860 208
1869870 208
1869880 209
1869890 209
1869900 209
1869910 210
1869920 211
1869930 211
1869940 211
1869950 212
1869960 212
1869970 212
1869980 213
1869990 213
1870000 213
1870010 213
1870020 213
1870030 214
1870040 214
1870050 214
1870060 215
1870070 215
1870080 215
1870090 215
1870100 217
1870110 217
1870120 217
1870130 218
1870140 218
1870150 218
1870160 219
1870170 219
1870180 219
1870190 219
1870200 219
1870210 220
1870220 220
1870230 220
1870240 220
1870250 220
1870260 220
1870270 220
1870280 220
1870290 220
1870300 220
1870310 220
1870320 220
1870330 220
1870340 220
1870350 220
1870360 220
1870370 219
1870380 219
1870390 219
1870400 219
1870410 219
1870420 218
1870430 218
1870440 218
1870450 218
1870460 217
1870470 217
1870480 216
1870490 215
1870500 215
1870510 213
1870520 212
1870530 212
1870540 211
1870550 209
1870560 209
1870570 208
1870580 206
1870590 206
1870600 204
1870610 201
1870620 201
1870630 199
1870640 197
1870650 197
1870660 195
1870670 192
1870680 192
1870690 190
1870700 188
1870710 188
1870720 185
1870730 183
1870740 183
1870750 181
1870760 179
1870770 178
1870780 177
1870790 175
1870800 175
1870810 174
1870820 173
1870830 173
1870840 172
1870850 172
1870860 172
1870870 172
1870880 172
1870890 172
1870900 172
1870910 172
1870920 171
1870930 171
1870940 170
1870950 169
1870960 169
1870970 169
1870980 168
1870990 168
1871000 167
1871010 167
1871020 167
1871030 166
1871040 165
1871050 165
1871060 164
1871070 164
1871080 164
1871090 164
1871100 163
1871110 164
1871120 163
1871130 163
1871140 163
1871150 163
1871160 163
1871170 163
1871180 162
1871190 162
1871200 162
1871210 162
1871220 162
1871230 162
1871240 162
1871250 162
1871260 162
1871270 162
1871280 162
1871290 162
1871300 162
1871310 162
1871320 162
1871330 162
1871340 162
1871350 162
1871360 162
1871370 162
1871380 162
1871390 162
1871400 162
1871410 162
1871420 163
1871430 163
1871440 163
1871450 164
1871460 164
1871470 164
1871480 164
1871490 164
1871500 164
1871510 164
1871520 165
1871530 165
1871540 165
1871550 165
1871560 165
1871570 165
1871580 165
1871590 165
1871600 165
1871610 165
1871620 165
1871630 165
1871640 166
1871650 166
1871660 166
1871670 167
1871680 167
1871690 169
1871700 171
1871710 171
1871720 173
1871730 174
1871740 174
1871750 176
1871760 177
1871770 177
1871780 178
1871790 180
1871800 180
1871810 182
1871820 184
1871830 184
1871840 186
1871850 187
1871860 187
1871870 189
1871880 190
1871890 190
1871900 190
1871910 190
1871920 190
1871930 191
1871940 190
1871950 190
1871960 190
1871970 191
1871980 191
1871990 191
1872000 191
1872010 191
1872020 191
1872030 191
1872040 191
1872050 191
1872060 191
1872070 191
1872080 191
1872090 191
1872100 191
1872110 191
1872120 191
1872130 190
1872140 190
1872150 190
1872160 190
1872170 190
1872180 190
1872190 190
1872200 190
1872210 190
1872220 190
1872230 190
1872240 190
1872250 190
1872260 190
1872270 190
1872280 190
1872290 190
1872300 190
1872310 189
1872320 189
1872330 189
1872340 188
1872350 188
1872360 188
1872370 187
1872380 187
1872390 187
1872400 186
1872410 186
1872420 185
1872430 184
1872440 184
1872450 183
1872460 183
1872470 183
1872480 182
1872490 182
1872500 182
1872510 182
1872520 182
1872530 182
1872540 182
1872550 182
1872560 182
1872570 182
1872580 182
1872590 182
1872600 182
1872610 182
1872620 182
1872630 182
1872640 182
1872650 182
1872660 182
1872670 182
1872680 182
1872690 182
1872700 182
1872710 182
1872720 182
1872730 182
1872740 182
1872750 182
1872760 181
1872770 181
1872780 181
1872790 180
1872800 180
1872810 180
1872820 179
1872830 179
1872840 178
1872850 177
1872860 177
1872870 177
1872880 176
1872890 176
1872900 176
1872910 175
1872920 175
1872930 175
1872940 175
1872950 175
1872960 175
1872970 175
1872980 175
1872990 175
1873000 176
1873010 176
1873020 176
1873030 176
1873040 177
1873050 177
1873060 177
1873070 178
1873080 178
1873090 178
1873100 179
1873110 180
1873120 180
1873130 181
1873140 181
1873150 181
1873160 181
1873170 181
1873180 181
1873190 181
1873200 181
1873210 181
1873220 181
1873230 181
1873240 181
1873250 181
1873260 181
1873270 180
1873280 180
1873290 180
1873300 180
1873310 179
1873320 179
1873330 179
1873340 179
1873350 179
1873360 178
1873370 178
1873380 178
1873390 177
1873400 177
1873410 177
1873420 177
1873430 176
1873440 176
1873450 176
1873460 175
1873470 175
1873480 175
1873490 174
1873500 174
1873510 173
1873520 172
1873530 172
1873540 171
1873550 171
1873560 171
1873570 170
1873580 169
1873590 169
1873600 169
1873610 168
1873620 168
1873630 167
1873640 167
1873650 167
1873660 166
1873670 165
1873680 165
1873690 165
1873700 164
1873710 164
1873720 164
1873730 163
1873740 163
1873750 163
1873760 162
1873770 162
1873780 162
1873790 161
1873800 161
1873810 161
1873820 161
1873830 161
1873840 161
1873850 161
1873860 161
1873870 160
1873880 160
1873890 160
1873900 160
1873910 160
1873920 160
1873930 160
1873940 160
1873950 160
1873960 160
1873970 160
1873980 160
1873990 159
1874000 159
1874010 159
1874020 159
1874030 159
1874040 159
1874050 159
1874060 159
1874070 159
1874080 159
1874090 159
1874100 159
1874110 159
1874120 159
1874130 158
1874140 158
1874150 158
1874160 158
1874170 158
1874180 158
1874190 158
1874200 158
1874210 158
1874220 158
1874230 158
1874240 158
1874250 157
1874260 157
1874270 158
1874280 157
1874290 157
1874300 158
1874310 158
1874320 158
1874330 158
1874340 159
1874350 159
1874360 159
1874370 159
1874380 159
1874390 159
1874400 160
1874410 160
1874420 161
1874430 160
1874440 160
1874450 159
1874460 160
1874470 160
1874480 161
1874490 161
1874500 161
1874510 162
1874520 163
1874530 163
1874540 163
1874550 164
1874560 164
1874570 165
1874580 166
1874590 166
1874600 166
1874610 167
1874620 167
1874630 168
1874640 169
1874650 169
1874660 169
1874670 170
1874680 170
1874690 170
1874700 171
1874710 171
1874720 171
1874730 172
1874740 172
1874750 173
1874760 174
1874770 174
1874780 174
1874790 174
1874800 174
1874810 174
1874820 175
1874830 175
1874840 175
1874850 175
1874860 175
1874870 176
1874880 176
1874890 176
1874900 177
1874910 177
1874920 177
1874930 178
1874940 178
1874950 178
1874960 178
1874970 179
1874980 179
1874990 179
1875000 179
1875010 179
1875020 179
1875030 179
1875040 179
1875050 180
1875060 180
1875070 180
1875080 180
1875090 180
1875100 180
1875110 180
1875120 180
1875130 180
1875140 180
1875150 180
1875160 180
1875170 180
1875180 180
1875190 180
1875200 180
1875210 180
1875220 181
1875230 181
1875240 181
1875250 182
1875260 182
1875270 182
1875280 181
1875290 181
1875300 181
1875310 181
1875320 181
1875330 180
1875340 180
1875350 180
1875360 180
1875370 180
1875380 180
1875390 180
1875400 180
1875410 180
1875420 180
1875430 180
1875440 180
1875450 180
1875460 180
1875470 180
1875480 180
1875490 180
1875500 180
1875510 180
1875520 180
1875530 180
1875540 180
1875550 180
1875560 180
1875570 180
1875580 180
1875590 180
1875600 181
1875610 181
1875620 181
1875630 181
1875640 181
1875650 181
1875660 181
1875670 181
1875680 181
1875690 180
1875700 181
1875710 181
1875720 180
1875730 180
1875740 180
1875750 180
1875760 180
1875770 180
1875780 180
1875790 180
1875800 180
1875810 180
1875820 180
1875830 180
1875840 180
1875850 180
1875860 180
1875870 180
1875880 180
1875890 180
1875900 180
1875910 180
1875920 180
1875930 180
1875940 180
1875950 180
1875960 180
1875970 180
1875980 180
1875990 180
1876000 180
1876010 180
1876020 180
1876030 180
1876040 180
1876050 180
1876060 180
1876070 180
1876080 180
1876090 180
1876100 180
1876110 180
1876120 180
1876130 180
1876140 180
1876150 180
1876160 180
1876170 180
1876180 180
1876190 180
1876200 180
1876210 180
1876220 180
1876230 180
1876240 180
1876250 180
1876260 179
1876270 180
1876280 180
1876290 180
1876300 180
1876310 180
1876320 180
1876330 180
1876340 180
1876350 180
1876360 180
1876370 180
1876380 180
1876390 180
1876400 179
1876410 180
1876420 180
1876430 180
1876440 180
1876450 180
1876460 180
1876470 180
1876480 180
1876490 180
1876500 180
1876510 179
1876520 179
1876530 179
1876540 179
1876550 179
1876560 179
1876570 179
1876580 179
1876590 179
1876600 179
1876610 179
1876620 179
1876630 179
1876640 179
1876650 179
1876660 179
1876670 179
1876680 179
1876690 179
1876700 179
1876710 179
1876720 179
1876730 179
1876740 179
1876750 178
1876760 178
1876770 178
1876780 178
1876790 178
1876800 178
1876810 178
1876820 178
1876830 178
1876840 178
1876850 178
1876860 178
1876870 178
1876880 178
1876890 178
1876900 177
1876910 177
1876920 177
1876930 177
1876940 177
1876950 177
1876960 177
1876970 177
1876980 177
1876990 177
1877000 177
1877010 177
1877020 177
1877030 177
1877040 177
1877050 177
1877060 177
1877070 176
1877080 176
1877090 176
1877100 176
1877110 176
1877120 176
1877130 176
1877140 176
1877150 176
1877160 176
1877170 176
1877180 176
1877190 176
1877200 176
1877210 176
1877220 176
1877230 176
1877240 176
1877250 176
1877260 176
1877270 176
1877280 176
1877290 176
1877300 176
1877310 176
1877320 176
1877330 177
1877340 177
1877350 177
1877360 177
1877370 177
1877380 177
1877390 177
1877400 177
1877410 177
1877420 177
1877430 177
1877440 177
1877450 177
1877460 177
1877470 177
1877480 177
1877490 178
1877500 178
1877510 177
1877520 177
1877530 177
1877540 177
1877550 177
1877560 177
1877570 177
1877580 177
1877590 177
1877600 177
1877610 178
1877620 178
1877630 178
1877640 178
1877650 178
1877660 178
1877670 178
1877680 178
1877690 178
1877700 178
1877710 178
1877720 178
1877730 178
1877740 178
1877750 178
1877760 178
1877770 178
1877780 178
1877790 178
1877800 178
1877810 178
1877820 178
1877830 178
1877840 178
1877850 178
1877860 178
1877870 178
1877880 178
1877890 178
1877900 178
1877910 178
1877920 178
1877930 178
1877940 178
1877950 178
1877960 178
1877970 178
1877980 178
1877990 178
1878000 178
1878010 178
1878020 178
1878030 178
1878040 178
1878050 179
1878060 179
1878070 179
1878080 179
1878090 179
1878100 179
1878110 179
1878120 178
1878130 178
1878140 178
1878150 178
1878160 178
1878170 178
1878180 179
1878190 179
1878200 179
1878210 179
1878220 179
1878230 179
1878240 178
1878250 178
1878260 179
1878270 178
1878280 178
1878290 179
1878300 178
1878310 178
1878320 178
1878330 178
1878340 178
1878350 178
1878360 178
1878370 178
1878380 178
1878390 178
1878400 178
1878410 178
1878420 178
1878430 178
1878440 178
1878450 179
1878460 178
1878470 178
1878480 179
1878490 178
1878500 178
1878510 178
1878520 178
1878530 178
1878540 178
1878550 178
1878560 178
1878570 178
1878580 178
1878590 178
1878600 178
1878610 178
1878620 178
1878630 178
1878640 178
1878650 178
1878660 178
1878670 178
1878680 178
1878690 178
1878700 178
1878710 178
1878720 178
1878730 178
1878740 178
1878750 179
1878760 179
1878770 179
1878780 179
1878790 179
1878800 179
1878810 179
1878820 178
1878830 178
1878840 178
1878850 178
1878860 178
1878870 178
1878880 178
1878890 178
1878900 178
1878910 178
1878920 178
1878930 178
1878940 178
1878950 178
1878960 178
1878970 178
1878980 178
1878990 178
1879000 178
1879010 178
1879020 178
1879030 178
1879040 178
1879050 178
1879060 178
1879070 178
1879080 178
1879090 178
1879100 178
1879110 178
1879120 178
1879130 178
1879140 178
1879150 178
1879160 178
1879170 178
1879180 178
1879190 178
1879200 178
1879210 178
1879220 178
1879230 178
1879240 178
1879250 178
1879260 178
1879270 178
1879280 178
1879290 178
1879300 178
1879310 178
1879320 178
1879330 178
1879340 178
1879350 178
1879360 178
1879370 178
1879380 178
1879390 178
1879400 178
1879410 178
1879420 178
1879430 178
1879440 178
1879450 178
1879460 178
1879470 177
1879480 177
1879490 177
1879500 177
1879510 178
1879520 178
1879530 178
1879540 178
1879550 178
1879560 178
1879570 177
1879580 177
1879590 177
1879600 177
1879610 177
1879620 177
1879630 177
1879640 177
1879650 177
1879660 177
1879670 177
1879680 177
1879690 177
1879700 177
1879710 177
1879720 177
1879730 177
1879740 177
1879750 177
1879760 177
1879770 177
1879780 177
1879790 177
1879800 177
1879810 177
1879820 177
1879830 177
1879840 177
1879850 177
1879860 177
1879870 177
1879880 177
1879890 177
1879900 177
1879910 177
1879920 177
1879930 177
1879940 177
1879950 177
1879960 177
1879970 177
1879980 177
1879990 177
