1860000 270
1860010 270
1860020 270
1860030 269
1860040 269
1860050 269
1860060 269
1860070 269
1860080 269
1860090 268
1860100 268
1860110 268
1860120 268
1860130 267
1860140 267
1860150 267
1860160 267
1860170 267
1860180 266
1860190 266
1860200 266
1860210 266
1860220 266
1860230 266
1860240 265
1860250 265
1860260 265
1860270 265
1860280 264
1860290 264
1860300 264
1860310 264
1860320 264
1860330 263
1860340 263
1860350 263
1860360 263
1860370 262
1860380 262
1860390 262
1860400 262
1860410 262
1860420 262
1860430 262
1860440 262
1860450 262
1860460 262
1860470 262
1860480 262
1860490 262
1860500 262
1860510 262
1860520 262
1860530 262
1860540 262
1860550 262
1860560 262
1860570 262
1860580 262
1860590 262
1860600 262
1860610 262
1860620 262
1860630 262
1860640 262
1860650 262
1860660 262
1860670 262
1860680 262
1860690 261
1860700 261
1860710 261
1860720 261
1860730 261
1860740 261
1860750 261
1860760 261
1860770 261
1860780 261
1860790 261
1860800 261
1860810 261
1860820 261
1860830 261
1860840 261
1860850 261
1860860 261
1860870 261
1860880 261
1860890 261
1860900 261
1860910 261
1860920 261
1860930 261
1860940 261
1860950 261
1860960 262
1860970 262
1860980 262
1860990 262
1861000 262
1861010 262
1861020 262
1861030 262
1861040 262
1861050 263
1861060 263
1861070 263
1861080 264
1861090 265
1861100 265
1861110 265
1861120 266
1861130 266
1861140 266
1861150 266
1861160 266
1861170 266
1861180 265
1861190 266
1861200 266
1861210 266
1861220 266
1861230 266
1861240 266
1861250 265
1861260 265
1861270 265
1861280 264
1861290 264
1861300 263
1861310 262
1861320 262
1861330 261
1861340 260
1861350 260
1861360 259
1861370 258
1861380 258
1861390 257
1861400 257
1861410 257
1861420 257
1861430 257
1861440 257
1861450 257
1861460 257
1861470 257
1861480 257
1861490 257
1861500 257
1861510 257
1861520 256
1861530 256
1861540 256
1861550 256
1861560 256
1861570 256
1861580 256
1861590 256
1861600 256
1861610 257
1861620 257
1861630 258
1861640 258
1861650 257
1861660 257
1861670 257
1861680 257
1861690 257
1861700 257
1861710 257
1861720 258
1861730 258
1861740 258
1861750 258
1861760 258
1861770 258
1861780 258
1861790 258
1861800 258
1861810 259
1861820 259
1861830 259
1861840 260
1861850 261
1861860 261
1861870 261
1861880 262
1861890 262
1861900 262
1861910 262
1861920 262
1861930 262
1861940 262
1861950 262
1861960 262
1861970 263
1861980 263
1861990 261
1862000 261
1862010 261
1862020 261
1862030 261
1862040 261
1862050 261
1862060 261
1862070 261
1862080 260
1862090 260
1862100 260
1862110 259
1862120 259
1862130 259
1862140 259
1862150 259
1862160 259
1862170 260
1862180 261
1862190 261
1862200 261
1862210 261
1862220 261
1862230 261
1862240 261
1862250 261
1862260 261
1862270 261
1862280 261
1862290 261
1862300 261
1862310 261
1862320 261
1862330 261
1862340 261
1862350 261
1862360 261
1862370 261
1862380 261
1862390 261
1862400 261
1862410 261
1862420 261
1862430 261
1862440 261
1862450 261
1862460 261
1862470 261
1862480 261
1862490 261
1862500 261
1862510 260
1862520 260
1862530 260
1862540 260
1862550 260
1862560 260
1862570 260
1862580 260
1862590 260
1862600 261
1862610 261
1862620 261
1862630 261
1862640 261
1862650 261
1862660 261
1862670 261
1862680 261
1862690 261
1862700 261
1862710 261
1862720 261
1862730 260
1862740 260
1862750 260
1862760 260
1862770 260
1862780 260
1862790 260
1862800 260
1862810 260
1862820 260
1862830 260
1862840 259
1862850 259
1862860 259
1862870 259
1862880 258
1862890 258
1862900 258
1862910 258
1862920 258
1862930 258
1862940 257
1862950 257
1862960 257
1862970 256
1862980 256
1862990 255
1863000 254
1863010 254
1863020 254
1863030 253
1863040 253
1863050 253
1863060 253
1863070 253
1863080 253
1863090 253
1863100 253
1863110 253
1863120 252
1863130 252
1863140 252
1863150 252
1863160 252
1863170 252
1863180 252
1863190 252
1863200 252
1863210 251
1863220 251
1863230 251
1863240 251
1863250 251
1863260 250
1863270 250
1863280 250
1863290 250
1863300 249
1863310 248
1863320 248
1863330 248
1863340 247
1863350 247
1863360 247
1863370 246
1863380 246
1863390 244
1863400 243
1863410 243
1863420 241
1863430 240
1863440 240
1863450 239
1863460 238
1863470 238
1863480 236
1863490 235
1863500 235
1863510 235
1863520 235
1863530 235
1863540 234
1863550 234
1863560 234
1863570 234
1863580 233
1863590 233
1863600 233
1863610 232
1863620 232
1863630 232
1863640 232
1863650 232
1863660 231
1863670 231
1863680 231
1863690 231
1863700 231
1863710 231
1863720 231
1863730 231
1863740 231
1863750 232
1863760 233
1863770 233
1863780 233
1863790 233
1863800 233
1863810 233
1863820 232
1863830 232
1863840 232
1863850 231
1863860 231
1863870 230
1863880 230
1863890 230
1863900 229
1863910 229
1863920 229
1863930 228
1863940 229
1863950 229
1863960 229
1863970 228
1863980 228
1863990 227
1864000 227
1864010 227
1864020 227
1864030 226
1864040 228
1864050 225
1864060 223
1864070 223
1864080 222
1864090 221
1864100 221
1864110 222
1864120 222
1864130 222
1864140 223
1864150 225
1864160 225
1864170 228
1864180 230
1864190 230
1864200 232
1864210 235
1864220 235
1864230 237
1864240 238
1864250 238
1864260 241
1864270 245
1864280 245
1864290 246
1864300 246
1864310 246
1864320 247
1864330 246
1864340 246
1864350 246
1864360 245
1864370 244
1864380 244
1864390 243
1864400 242
1864410 242
1864420 240
1864430 239
1864440 239
1864450 237
1864460 236
1864470 236
1864480 235
1864490 234
1864500 234
1864510 232
1864520 231
1864530 231
1864540 231
1864550 230
1864560 230
1864570 229
1864580 228
1864590 228
1864600 226
1864610 225
1864620 225
1864630 224
1864640 222
1864650 222
1864660 220
1864670 219
1864680 219
1864690 218
1864700 217
1864710 217
1864720 216
1864730 214
1864740 214
1864750 214
1864760 213
1864770 213
1864780 213
1864790 213
1864800 213
1864810 212
1864820 211
1864830 211
1864840 210
1864850 210
1864860 210
1864870 209
1864880 209
1864890 209
1864900 208
1864910 208
1864920 208
1864930 208
1864940 207
1864950 207
1864960 207
1864970 205
1864980 205
1864990 201
1865000 198
1865010 198
1865020 194
1865030 190
1865040 190
1865050 188
1865060 188
1865070 188
1865080 187
1865090 186
1865100 186
1865110 186
1865120 188
1865130 188
1865140 191
1865150 194
1865160 194
1865170 198
1865180 203
1865190 203
1865200 207
1865210 211
1865220 211
1865230 214
1865240 218
1865250 218
1865260 221
1865270 224
1865280 224
1865290 225
1865300 227
1865310 227
1865320 228
1865330 230
1865340 230
1865350 232
1865360 233
1865370 233
1865380 235
1865390 236
1865400 238
1865410 238
1865420 240
1865430 241
1865440 241
1865450 243
1865460 245
1865470 245
1865480 246
1865490 247
1865500 247
1865510 248
1865520 249
1865530 249
1865540 250
1865550 252
1865560 252
1865570 254
1865580 256
1865590 256
1865600 259
1865610 263
1865620 263
1865630 266
1865640 270
1865650 270
1865660 274
1865670 278
1865680 278
1865690 281
1865700 284
1865710 284
1865720 288
1865730 291
1865740 292
1865750 293
1865760 294
1865770 294
1865780 294
1865790 293
1865800 293
1865810 292
1865820 289
1865830 289
1865840 287
1865850 285
1865860 285
1865870 284
1865880 283
1865890 283
1865900 282
1865910 281
1865920 281
1865930 280
1865940 278
1865950 278
1865960 274
1865970 272
1865980 272
1865990 271
1866000 269
1866010 269
1866020 266
1866030 264
1866040 264
1866050 263
1866060 262
1866070 262
1866080 261
1866090 260
1866100 260
1866110 260
1866120 259
1866130 259
1866140 258
1866150 257
1866160 257
1866170 257
1866180 256
1866190 256
1866200 255
1866210 254
1866220 254
1866230 254
1866240 253
1866250 253
1866260 252
1866270 251
1866280 251
1866290 251
1866300 250
1866310 250
1866320 249
1866330 248
1866340 248
1866350 248
1866360 247
1866370 247
1866380 246
1866390 245
1866400 245
1866410 245
1866420 245
1866430 245
1866440 245
1866450 245
1866460 245
1866470 245
1866480 246
1866490 246
1866500 246
1866510 246
1866520 246
1866530 246
1866540 246
1866550 246
1866560 246
1866570 245
1866580 245
1866590 245
1866600 244
1866610 244
1866620 244
1866630 244
1866640 245
1866650 245
1866660 245
1866670 245
1866680 245
1866690 245
1866700 245
1866710 245
1866720 246
1866730 246
1866740 246
1866750 249
1866760 247
1866770 247
1866780 244
1866790 243
1866800 243
1866810 242
1866820 241
1866830 241
1866840 240
1866850 240
1866860 240
1866870 240
1866880 241
1866890 241
1866900 241
1866910 241
1866920 241
1866930 241
1866940 241
1866950 241
1866960 241
1866970 240
1866980 240
1866990 240
1867000 239
1867010 239
1867020 239
1867030 237
1867040 237
1867050 236
1867060 235
1867070 235
1867080 234
1867090 235
1867100 235
1867110 234
1867120 233
1867130 233
1867140 231
1867150 229
1867160 229
1867170 225
1867180 221
1867190 221
1867200 217
1867210 214
1867220 214
1867230 212
1867240 210
1867250 210
1867260 208
1867270 206
1867280 206
1867290 205
1867300 205
1867310 205
1867320 205
1867330 205
1867340 205
1867350 205
1867360 205
1867370 205
1867380 205
1867390 205
1867400 205
1867410 205
1867420 205
1867430 207
1867440 207
1867450 206
1867460 206
1867470 206
1867480 205
1867490 205
1867500 205
1867510 204
1867520 205
1867530 205
1867540 205
1867550 206
1867560 206
1867570 207
1867580 208
1867590 208
1867600 208
1867610 207
1867620 207
1867630 207
1867640 206
1867650 206
1867660 206
1867670 206
1867680 206
1867690 205
1867700 204
1867710 204
1867720 203
1867730 203
1867740 203
1867750 202
1867760 203
1867770 203
1867780 202
1867790 202
1867800 202
1867810 201
1867820 201
1867830 201
1867840 201
1867850 200
1867860 200
1867870 200
1867880 199
1867890 199
1867900 199
1867910 199
1867920 199
1867930 199
1867940 199
1867950 199
1867960 198
1867970 198
1867980 198
1867990 198
1868000 198
1868010 198
1868020 198
1868030 198
1868040 198
1868050 198
1868060 198
1868070 198
1868080 197
1868090 197
1868100 198
1868110 197
1868120 196
1868130 196
1868140 195
1868150 193
1868160 193
1868170 192
1868180 191
1868190 191
1868200 192
1868210 193
1868220 193
1868230 193
1868240 192
1868250 192
1868260 192
1868270 192
1868280 192
1868290 192
1868300 191
1868310 191
1868320 190
1868330 190
1868340 190
1868350 190
1868360 189
1868370 189
1868380 188
1868390 188
1868400 188
1868410 187
1868420 185
1868430 185
1868440 185
1868450 185
1868460 185
1868470 185
1868480 184
1868490 184
1868500 184
1868510 183
1868520 183
1868530 182
1868540 182
1868550 182
1868560 181
1868570 181
1868580 181
1868590 181
1868600 180
1868610 180
1868620 180
1868630 180
1868640 180
1868650 180
1868660 180
1868670 179
1868680 179
1868690 179
1868700 179
1868710 179
1868720 178
1868730 178
1868740 178
1868750 178
1868760 177
1868770 178
1868780 177
1868790 177
1868800 177
1868810 177
1868820 177
1868830 177
1868840 177
1868850 177
1868860 177
1868870 177
1868880 177
1868890 177
1868900 177
1868910 177
1868920 177
1868930 177
1868940 178
1868950 178
1868960 178
1868970 178
1868980 178
1868990 179
1869000 179
1869010 179
1869020 179
1869030 179
1869040 179
1869050 179
1869060 179
1869070 179
1869080 180
1869090 180
1869100 180
1869110 181
1869120 182
1869130 182
1869140 184
1869150 185
1869160 185
1869170 186
1869180 186
1869190 186
1869200 186
1869210 185
1869220 185
1869230 185
1869240 185
1869250 185
1869260 185
1869270 185
1869280 185
1869290 185
1869300 185
1869310 185
1869320 185
1869330 185
1869340 185
1869350 185
1869360 185
1869370 185
1869380 185
1869390 186
1869400 186
1869410 186
1869420 186
1869430 186
1869440 186
1869450 187
1869460 187
1869470 187
1869480 188
1869490 188
1869500 188
1869510 188
1869520 188
1869530 188
1869540 188
1869550 188
1869560 189
1869570 189
1869580 189
1869590 189
1869600 190
1869610 190
1869620 190
1869630 190
1869640 190
1869650 191
1869660 191
1869670 192
1869680 192
1869690 193
1869700 193
1869710 193
1869720 194
1869730 195
1869740 195
1869750 196
1869760 197
1869770 197
1869780 197
1869790 198
1869800 198
1869810 199
1869820 199
1869830 199
1869840 200
1869850 200
1869860 200
1869870 201
1869880 202
1869890 202
1869900 202
1869910 203
1869920 203
1869930 203
1869940 204
1869950 204
1869960 205
1869970 205
1869980 205
1869990 206
1870000 207
1870010 207
1870020 207
1870030 208
1870040 208
1870050 208
1870060 208
1870070 208
1870080 209
1870090 209
1870100 209
1870110 210
1870120 210
1870130 210
1870140 210
1870150 211
1870160 211
1870170 211
1870180 211
1870190 211
1870200 211
1870210 210
1870220 210
1870230 210
1870240 210
1870250 210
1870260 210
1870270 210
1870280 210
1870290 210
1870300 209
1870310 209
1870320 209
1870330 209
1870340 209
1870350 209
1870360 210
1870370 210
1870380 210
1870390 211
1870400 211
1870410 211
1870420 212
1870430 212
1870440 212
1870450 213
1870460 213
1870470 213
1870480 213
1870490 213
1870500 212
1870510 211
1870520 211
1870530 209
1870540 208
1870550 208
1870560 206
1870570 205
1870580 205
1870590 203
1870600 201
1870610 201
1870620 200
1870630 199
1870640 199
1870650 197
1870660 195
1870670 195
1870680 194
1870690 192
1870700 192
1870710 191
1870720 190
1870730 188
1870740 188
1870750 187
1870760 185
1870770 185
1870780 184
1870790 183
1870800 183
1870810 181
1870820 180
1870830 180
1870840 179
1870850 179
1870860 179
1870870 178
1870880 177
1870890 177
1870900 177
1870910 176
1870920 176
1870930 175
1870940 175
1870950 175
1870960 174
1870970 173
1870980 173
1870990 173
1871000 172
1871010 172
1871020 172
1871030 172
1871040 172
1871050 171
1871060 171
1871070 171
1871080 170
1871090 169
1871100 169
1871110 168
1871120 166
1871130 166
1871140 165
1871150 164
1871160 164
1871170 163
1871180 162
1871190 162
1871200 162
1871210 161
1871220 161
1871230 161
1871240 160
1871250 160
1871260 160
1871270 160
1871280 160
1871290 159
1871300 159
1871310 159
1871320 159
1871330 159
1871340 159
1871350 159
1871360 159
1871370 159
1871380 159
1871390 159
1871400 159
1871410 158
1871420 158
1871430 158
1871440 158
1871450 158
1871460 158
1871470 158
1871480 158
1871490 158
1871500 158
1871510 159
1871520 159
1871530 159
1871540 159
1871550 159
1871560 159
1871570 160
1871580 160
1871590 160
1871600 160
1871610 160
1871620 160
1871630 161
1871640 161
1871650 161
1871660 161
1871670 161
1871680 162
1871690 162
1871700 162
1871710 163
1871720 164
1871730 164
1871740 165
1871750 165
1871760 165
1871770 166
1871780 168
1871790 168
1871800 169
1871810 169
1871820 170
1871830 170
1871840 171
1871850 172
1871860 172
1871870 173
1871880 174
1871890 174
1871900 175
1871910 176
1871920 176
1871930 177
1871940 178
1871950 178
1871960 179
1871970 180
1871980 180
1871990 180
1872000 181
1872010 181
1872020 181
1872030 181
1872040 181
1872050 181
1872060 181
1872070 181
1872080 181
1872090 180
1872100 180
1872110 179
1872120 180
1872130 180
1872140 180
1872150 180
1872160 180
1872170 180
1872180 180
1872190 180
1872200 181
1872210 181
1872220 181
1872230 181
1872240 181
1872250 181
1872260 181
1872270 180
1872280 180
1872290 180
1872300 180
1872310 180
1872320 179
1872330 178
1872340 178
1872350 178
1872360 178
1872370 178
1872380 177
1872390 177
1872400 177
1872410 177
1872420 177
1872430 177
1872440 177
1872450 177
1872460 177
1872470 177
1872480 177
1872490 177
1872500 177
1872510 177
1872520 177
1872530 177
1872540 177
1872550 177
1872560 177
1872570 177
1872580 177
1872590 177
1872600 177
1872610 177
1872620 177
1872630 177
1872640 177
1872650 177
1872660 177
1872670 177
1872680 177
1872690 177
1872700 177
1872710 177
1872720 177
1872730 177
1872740 176
1872750 176
1872760 176
1872770 176
1872780 175
1872790 175
1872800 175
1872810 175
1872820 175
1872830 175
1872840 174
1872850 174
1872860 174
1872870 174
1872880 174
1872890 174
1872900 174
1872910 174
1872920 174
1872930 173
1872940 173
1872950 173
1872960 173
1872970 172
1872980 172
1872990 172
1873000 171
1873010 171
1873020 171
1873030 170
1873040 170
1873050 170
1873060 169
1873070 169
1873080 169
1873090 169
1873100 169
1873110 168
1873120 168
1873130 168
1873140 168
1873150 169
1873160 169
1873170 169
1873180 169
1873190 169
1873200 169
1873210 170
1873220 170
1873230 170
1873240 171
1873250 171
1873260 171
1873270 171
1873280 171
1873290 172
1873300 172
1873310 172
1873320 173
1873330 173
1873340 173
1873350 173
1873360 173
1873370 173
1873380 173
1873390 173
1873400 173
1873410 173
1873420 173
1873430 173
1873440 173
1873450 174
1873460 174
1873470 173
1873480 173
1873490 173
1873500 173
1873510 173
1873520 173
1873530 173
1873540 173
1873550 173
1873560 172
1873570 172
1873580 172
1873590 172
1873600 171
1873610 171
1873620 171
1873630 171
1873640 171
1873650 170
1873660 170
1873670 170
1873680 169
1873690 169
1873700 169
1873710 168
1873720 168
1873730 168
1873740 167
1873750 166
1873760 166
1873770 166
1873780 165
1873790 165
1873800 164
1873810 164
1873820 164
1873830 163
1873840 163
1873850 163
1873860 162
1873870 162
1873880 162
1873890 161
1873900 161
1873910 161
1873920 161
1873930 160
1873940 160
1873950 160
1873960 159
1873970 159
1873980 159
1873990 159
1874000 159
1874010 159
1874020 159
1874030 158
1874040 158
1874050 158
1874060 158
1874070 158
1874080 158
1874090 158
1874100 158
1874110 157
1874120 157
1874130 157
1874140 157
1874150 156
1874160 156
1874170 156
1874180 156
1874190 156
1874200 156
1874210 156
1874220 156
1874230 155
1874240 156
1874250 156
1874260 156
1874270 156
1874280 156
1874290 157
1874300 157
1874310 157
1874320 158
1874330 158
1874340 158
1874350 159
1874360 160
1874370 160
1874380 161
1874390 161
1874400 161
1874410 162
1874420 163
1874430 163
1874440 164
1874450 165
1874460 165
1874470 166
1874480 167
1874490 167
1874500 168
1874510 168
1874520 168
1874530 169
1874540 170
1874550 170
1874560 171
1874570 171
1874580 171
1874590 172
1874600 173
1874610 173
1874620 173
1874630 174
1874640 174
1874650 175
1874660 175
1874670 175
1874680 176
1874690 176
1874700 176
1874710 177
1874720 177
1874730 177
1874740 178
1874750 178
1874760 178
1874770 178
1874780 178
1874790 178
1874800 178
1874810 177
1874820 177
1874830 176
1874840 176
1874850 176
1874860 176
1874870 177
1874880 177
1874890 176
1874900 177
1874910 177
1874920 177
1874930 177
1874940 177
1874950 177
1874960 177
1874970 177
1874980 176
1874990 176
1875000 176
1875010 176
1875020 177
1875030 176
1875040 176
1875050 176
1875060 176
1875070 176
1875080 177
1875090 178
1875100 178
1875110 180
1875120 183
1875130 183
1875140 183
1875150 183
1875160 183
1875170 182
1875180 182
1875190 182
1875200 182
1875210 183
1875220 183
1875230 183
1875240 183
1875250 183
1875260 182
1875270 181
1875280 181
1875290 181
1875300 181
1875310 181
1875320 181
1875330 181
1875340 181
1875350 181
1875360 181
1875370 181
1875380 180
1875390 180
1875400 180
1875410 180
1875420 180
1875430 180
1875440 180
1875450 180
1875460 180
1875470 180
1875480 180
1875490 180
1875500 180
1875510 180
1875520 180
1875530 180
1875540 180
1875550 180
1875560 180
1875570 180
1875580 180
1875590 180
1875600 180
1875610 180
1875620 180
1875630 180
1875640 180
1875650 180
1875660 180
1875670 180
1875680 181
1875690 181
1875700 181
1875710 181
1875720 181
1875730 181
1875740 181
1875750 180
1875760 180
1875770 180
1875780 180
1875790 180
1875800 180
1875810 180
1875820 180
1875830 180
1875840 180
1875850 180
1875860 180
1875870 180
1875880 180
1875890 180
1875900 180
1875910 180
1875920 180
1875930 180
1875940 180
1875950 180
1875960 180
1875970 180
1875980 180
1875990 180
1876000 180
1876010 180
1876020 180
1876030 180
1876040 180
1876050 180
1876060 180
1876070 180
1876080 180
1876090 180
1876100 180
1876110 180
1876120 180
1876130 180
1876140 180
1876150 180
1876160 180
1876170 180
1876180 180
1876190 180
1876200 179
1876210 179
1876220 179
1876230 179
1876240 179
1876250 179
1876260 179
1876270 179
1876280 179
1876290 179
1876300 179
1876310 179
1876320 180
1876330 180
1876340 180
1876350 180
1876360 180
1876370 180
1876380 180
1876390 180
1876400 180
1876410 179
1876420 179
1876430 179
1876440 179
1876450 179
1876460 179
1876470 179
1876480 179
1876490 179
1876500 179
1876510 179
1876520 179
1876530 179
1876540 179
1876550 179
1876560 179
1876570 179
1876580 179
1876590 179
1876600 179
1876610 179
1876620 179
1876630 179
1876640 179
1876650 179
1876660 179
1876670 179
1876680 179
1876690 179
1876700 179
1876710 179
1876720 179
1876730 179
1876740 179
1876750 179
1876760 179
1876770 179
1876780 179
1876790 179
1876800 178
1876810 178
1876820 178
1876830 178
1876840 179
1876850 179
1876860 179
1876870 179
1876880 179
1876890 178
1876900 179
1876910 179
1876920 179
1876930 179
1876940 179
1876950 179
1876960 179
1876970 179
1876980 179
1876990 178
1877000 178
1877010 178
1877020 178
1877030 178
1877040 178
1877050 178
1877060 178
1877070 178
1877080 178
1877090 178
1877100 178
1877110 177
1877120 177
1877130 177
1877140 177
1877150 177
1877160 177
1877170 176
1877180 176
1877190 176
1877200 176
1877210 176
1877220 176
1877230 176
1877240 176
1877250 176
1877260 176
1877270 176
1877280 176
1877290 176
1877300 176
1877310 176
1877320 176
1877330 176
1877340 176
1877350 176
1877360 176
1877370 176
1877380 176
1877390 176
1877400 176
1877410 176
1877420 176
1877430 176
1877440 176
1877450 176
1877460 176
1877470 176
1877480 176
1877490 176
1877500 176
1877510 176
1877520 176
1877530 176
1877540 176
1877550 176
1877560 177
1877570 177
1877580 177
1877590 177
1877600 177
1877610 177
1877620 177
1877630 177
1877640 177
1877650 177
1877660 177
1877670 177
1877680 177
1877690 177
1877700 177
1877710 178
1877720 178
1877730 178
1877740 178
1877750 178
1877760 178
1877770 178
1877780 178
1877790 178
1877800 178
1877810 178
1877820 178
1877830 178
1877840 178
1877850 178
1877860 178
1877870 178
1877880 178
1877890 178
1877900 178
1877910 178
1877920 178
1877930 178
1877940 178
1877950 178
1877960 178
1877970 178
1877980 178
1877990 178
1878000 178
1878010 178
1878020 178
1878030 178
1878040 178
1878050 178
1878060 178
1878070 178
1878080 178
1878090 178
1878100 178
1878110 178
1878120 178
1878130 178
1878140 178
1878150 178
1878160 178
1878170 178
1878180 178
1878190 178
1878200 178
1878210 178
1878220 178
1878230 178
1878240 178
1878250 178
1878260 178
1878270 178
1878280 178
1878290 178
1878300 178
1878310 178
1878320 178
1878330 178
1878340 178
1878350 178
1878360 178
1878370 178
1878380 178
1878390 178
1878400 178
1878410 178
1878420 178
1878430 178
1878440 178
1878450 178
1878460 178
1878470 178
1878480 178
1878490 178
1878500 178
1878510 178
1878520 178
1878530 178
1878540 178
1878550 178
1878560 178
1878570 178
1878580 178
1878590 178
1878600 178
1878610 178
1878620 178
1878630 178
1878640 178
1878650 178
1878660 178
1878670 178
1878680 178
1878690 178
1878700 178
1878710 178
1878720 178
1878730 178
1878740 178
1878750 178
1878760 178
1878770 178
1878780 178
1878790 178
1878800 178
1878810 178
1878820 178
1878830 178
1878840 178
1878850 178
1878860 178
1878870 178
1878880 178
1878890 178
1878900 178
1878910 178
1878920 178
1878930 178
1878940 178
1878950 178
1878960 178
1878970 178
1878980 178
1878990 178
1879000 178
1879010 178
1879020 178
1879030 178
1879040 178
1879050 178
1879060 178
1879070 178
1879080 178
1879090 178
1879100 178
1879110 178
1879120 178
1879130 178
1879140 178
1879150 178
1879160 178
1879170 178
1879180 178
1879190 178
1879200 178
1879210 178
1879220 178
1879230 178
1879240 178
1879250 178
1879260 178
1879270 178
1879280 178
1879290 178
1879300 178
1879310 178
1879320 178
1879330 178
1879340 178
1879350 178
1879360 178
1879370 178
1879380 178
1879390 178
1879400 178
1879410 178
1879420 178
1879430 178
1879440 178
1879450 178
1879460 178
1879470 178
1879480 178
1879490 178
1879500 178
1879510 178
1879520 178
1879530 178
1879540 178
1879550 178
1879560 178
1879570 177
1879580 177
1879590 178
1879600 177
1879610 177
1879620 177
1879630 177
1879640 177
1879650 177
1879660 177
1879670 177
1879680 177
1879690 177
1879700 177
1879710 177
1879720 177
1879730 177
1879740 177
1879750 177
1879760 177
1879770 177
1879780 177
1879790 177
1879800 177
1879810 177
1879820 177
1879830 177
1879840 177
1879850 177
1879860 177
1879870 177
1879880 177
1879890 178
1879900 177
1879910 177
1879920 177
1879930 177
1879940 177
1879950 177
1879960 178
1879970 178
1879980 177
1879990 177
