1860000 270
1860010 270
1860020 270
1860030 269
1860040 269
1860050 270
1860060 270
1860070 270
1860080 269
1860090 268
1860100 268
1860110 268
1860120 268
1860130 268
1860140 267
1860150 267
1860160 267
1860170 267
1860180 267
1860190 267
1860200 266
1860210 266
1860220 266
1860230 266
1860240 265
1860250 265
1860260 265
1860270 265
1860280 264
1860290 264
1860300 264
1860310 264
1860320 264
1860330 263
1860340 263
1860350 263
1860360 263
1860370 263
1860380 263
1860390 262
1860400 262
1860410 262
1860420 262
1860430 262
1860440 262
1860450 262
1860460 262
1860470 262
1860480 262
1860490 262
1860500 262
1860510 263
1860520 263
1860530 263
1860540 263
1860550 263
1860560 263
1860570 263
1860580 263
1860590 263
1860600 263
1860610 263
1860620 263
1860630 262
1860640 262
1860650 262
1860660 262
1860670 262
1860680 262
1860690 262
1860700 262
1860710 262
1860720 261
1860730 261
1860740 261
1860750 261
1860760 261
1860770 261
1860780 261
1860790 261
1860800 261
1860810 261
1860820 261
1860830 261
1860840 261
1860850 261
1860860 261
1860870 261
1860880 261
1860890 261
1860900 261
1860910 261
1860920 261
1860930 261
1860940 261
1860950 261
1860960 261
1860970 262
1860980 262
1860990 262
1861000 262
1861010 262
1861020 262
1861030 262
1861040 262
1861050 262
1861060 263
1861070 263
1861080 264
1861090 264
1861100 264
1861110 265
1861120 265
1861130 265
1861140 265
1861150 265
1861160 265
1861170 265
1861180 265
1861190 265
1861200 265
1861210 265
1861220 265
1861230 265
1861240 265
1861250 265
1861260 264
1861270 264
1861280 264
1861290 263
1861300 262
1861310 262
1861320 261
1861330 260
1861340 259
1861350 259
1861360 259
1861370 258
1861380 258
1861390 257
1861400 256
1861410 256
1861420 256
1861430 256
1861440 256
1861450 256
1861460 256
1861470 256
1861480 256
1861490 255
1861500 255
1861510 255
1861520 255
1861530 255
1861540 254
1861550 253
1861560 253
1861570 253
1861580 253
1861590 253
1861600 254
1861610 255
1861620 255
1861630 255
1861640 255
1861650 255
1861660 256
1861670 256
1861680 256
1861690 256
1861700 256
1861710 256
1861720 256
1861730 256
1861740 256
1861750 256
1861760 256
1861770 256
1861780 257
1861790 257
1861800 257
1861810 257
1861820 258
1861830 258
1861840 259
1861850 259
1861860 259
1861870 260
1861880 258
1861890 258
1861900 259
1861910 259
1861920 259
1861930 260
1861940 260
1861950 260
1861960 260
1861970 260
1861980 260
1861990 260
1862000 260
1862010 260
1862020 260
1862030 260
1862040 260
1862050 260
1862060 260
1862070 260
1862080 259
1862090 259
1862100 259
1862110 258
1862120 258
1862130 258
1862140 258
1862150 259
1862160 259
1862170 259
1862180 260
1862190 260
1862200 260
1862210 261
1862220 260
1862230 260
1862240 260
1862250 260
1862260 260
1862270 260
1862280 260
1862290 260
1862300 260
1862310 260
1862320 260
1862330 260
1862340 260
1862350 260
1862360 260
1862370 260
1862380 260
1862390 260
1862400 260
1862410 260
1862420 261
1862430 261
1862440 261
1862450 261
1862460 261
1862470 261
1862480 260
1862490 260
1862500 260
1862510 260
1862520 260
1862530 260
1862540 260
1862550 260
1862560 260
1862570 260
1862580 260
1862590 260
1862600 261
1862610 261
1862620 261
1862630 261
1862640 261
1862650 261
1862660 261
1862670 261
1862680 261
1862690 261
1862700 261
1862710 261
1862720 261
1862730 261
1862740 261
1862750 261
1862760 261
1862770 261
1862780 260
1862790 260
1862800 260
1862810 260
1862820 260
1862830 260
1862840 260
1862850 259
1862860 259
1862870 259
1862880 259
1862890 259
1862900 259
1862910 259
1862920 259
1862930 258
1862940 258
1862950 258
1862960 257
1862970 257
1862980 257
1862990 256
1863000 255
1863010 255
1863020 254
1863030 254
1863040 254
1863050 254
1863060 254
1863070 254
1863080 254
1863090 254
1863100 254
1863110 254
1863120 253
1863130 253
1863140 253
1863150 253
1863160 253
1863170 253
1863180 253
1863190 253
1863200 253
1863210 252
1863220 252
1863230 252
1863240 252
1863250 252
1863260 252
1863270 251
1863280 251
1863290 251
1863300 250
1863310 250
1863320 249
1863330 249
1863340 249
1863350 248
1863360 247
1863370 247
1863380 246
1863390 245
1863400 245
1863410 244
1863420 242
1863430 242
1863440 241
1863450 240
1863460 239
1863470 239
1863480 237
1863490 236
1863500 236
1863510 235
1863520 235
1863530 235
1863540 234
1863550 234
1863560 234
1863570 234
1863580 233
1863590 234
1863600 234
1863610 234
1863620 234
1863630 234
1863640 233
1863650 233
1863660 232
1863670 233
1863680 233
1863690 233
1863700 233
1863710 233
1863720 233
1863730 233
1863740 233
1863750 234
1863760 234
1863770 234
1863780 235
1863790 235
1863800 235
1863810 235
1863820 235
1863830 235
1863840 235
1863850 234
1863860 234
1863870 234
1863880 233
1863890 233
1863900 233
1863910 232
1863920 232
1863930 235
1863940 234
1863950 234
1863960 234
1863970 233
1863980 233
1863990 232
1864000 232
1864010 232
1864020 231
1864030 229
1864040 229
1864050 226
1864060 223
1864070 223
1864080 222
1864090 221
1864100 221
1864110 221
1864120 221
1864130 221
1864140 222
1864150 224
1864160 224
1864170 226
1864180 228
1864190 228
1864200 230
1864210 233
1864220 233
1864230 235
1864240 237
1864250 237
1864260 240
1864270 241
1864280 241
1864290 244
1864300 244
1864310 244
1864320 245
1864330 245
1864340 245
1864350 245
1864360 244
1864370 244
1864380 243
1864390 242
1864400 242
1864410 241
1864420 240
1864430 240
1864440 238
1864450 237
1864460 237
1864470 235
1864480 235
1864490 235
1864500 233
1864510 232
1864520 231
1864530 231
1864540 230
1864550 229
1864560 229
1864570 228
1864580 227
1864590 227
1864600 226
1864610 225
1864620 225
1864630 224
1864640 222
1864650 222
1864660 220
1864670 219
1864680 219
1864690 218
1864700 217
1864710 217
1864720 216
1864730 215
1864740 215
1864750 214
1864760 213
1864770 213
1864780 213
1864790 213
1864800 213
1864810 212
1864820 211
1864830 211
1864840 210
1864850 210
1864860 210
1864870 209
1864880 209
1864890 209
1864900 208
1864910 208
1864920 208
1864930 208
1864940 207
1864950 207
1864960 205
1864970 203
1864980 203
1864990 200
1865000 198
1865010 198
1865020 195
1865030 192
1865040 192
1865050 189
1865060 188
1865070 188
1865080 187
1865090 187
1865100 187
1865110 187
1865120 189
1865130 189
1865140 191
1865150 194
1865160 194
1865170 198
1865180 202
1865190 202
1865200 206
1865210 211
1865220 211
1865230 214
1865240 217
1865250 217
1865260 220
1865270 222
1865280 222
1865290 223
1865300 225
1865310 225
1865320 226
1865330 228
1865340 228
1865350 230
1865360 232
1865370 232
1865380 234
1865390 236
1865400 236
1865410 238
1865420 240
1865430 240
1865440 241
1865450 243
1865460 243
1865470 244
1865480 245
1865490 245
1865500 246
1865510 248
1865520 248
1865530 249
1865540 250
1865550 250
1865560 252
1865570 254
1865580 256
1865590 256
1865600 259
1865610 262
1865620 262
1865630 266
1865640 271
1865650 271
1865660 276
1865670 280
1865680 280
1865690 284
1865700 288
1865710 288
1865720 291
1865730 293
1865740 293
1865750 294
1865760 294
1865770 294
1865780 294
1865790 293
1865800 293
1865810 291
1865820 289
1865830 289
1865840 286
1865850 284
1865860 284
1865870 283
1865880 283
1865890 283
1865900 282
1865910 281
1865920 281
1865930 279
1865940 278
1865950 278
1865960 275
1865970 272
1865980 272
1865990 270
1866000 268
1866010 268
1866020 266
1866030 263
1866040 263
1866050 262
1866060 261
1866070 261
1866080 260
1866090 260
1866100 260
1866110 259
1866120 259
1866130 259
1866140 258
1866150 257
1866160 257
1866170 256
1866180 256
1866190 256
1866200 255
1866210 254
1866220 254
1866230 254
1866240 253
1866250 253
1866260 252
1866270 251
1866280 251
1866290 251
1866300 249
1866310 249
1866320 249
1866330 248
1866340 248
1866350 248
1866360 247
1866370 247
1866380 247
1866390 246
1866400 246
1866410 246
1866420 246
1866430 246
1866440 246
1866450 246
1866460 246
1866470 246
1866480 246
1866490 246
1866500 246
1866510 246
1866520 246
1866530 246
1866540 246
1866550 246
1866560 246
1866570 246
1866580 246
1866590 246
1866600 246
1866610 246
1866620 245
1866630 245
1866640 247
1866650 247
1866660 247
1866670 247
1866680 247
1866690 248
1866700 249
1866710 249
1866720 250
1866730 251
1866740 251
1866750 252
1866760 252
1866770 252
1866780 249
1866790 246
1866800 246
1866810 244
1866820 244
1866830 244
1866840 243
1866850 242
1866860 242
1866870 243
1866880 245
1866890 245
1866900 244
1866910 243
1866920 243
1866930 243
1866940 243
1866950 243
1866960 243
1866970 242
1866980 244
1866990 243
1867000 242
1867010 242
1867020 241
1867030 240
1867040 240
1867050 239
1867060 238
1867070 238
1867080 237
1867090 236
1867100 236
1867110 235
1867120 233
1867130 233
1867140 230
1867150 227
1867160 227
1867170 222
1867180 218
1867190 218
1867200 215
1867210 212
1867220 212
1867230 211
1867240 209
1867250 209
1867260 207
1867270 206
1867280 206
1867290 205
1867300 205
1867310 205
1867320 204
1867330 205
1867340 205
1867350 205
1867360 206
1867370 206
1867380 208
1867390 209
1867400 209
1867410 210
1867420 211
1867430 211
1867440 210
1867450 209
1867460 209
1867470 208
1867480 206
1867490 206
1867500 206
1867510 206
1867520 206
1867530 206
1867540 206
1867550 206
1867560 206
1867570 207
1867580 207
1867590 208
1867600 208
1867610 208
1867620 208
1867630 208
1867640 208
1867650 209
1867660 209
1867670 209
1867680 209
1867690 208
1867700 208
1867710 208
1867720 207
1867730 206
1867740 206
1867750 205
1867760 204
1867770 204
1867780 203
1867790 203
1867800 203
1867810 203
1867820 202
1867830 202
1867840 202
1867850 201
1867860 201
1867870 201
1867880 200
1867890 200
1867900 200
1867910 200
1867920 200
1867930 199
1867940 199
1867950 199
1867960 199
1867970 198
1867980 198
1867990 199
1868000 199
1868010 199
1868020 199
1868030 199
1868040 199
1868050 199
1868060 199
1868070 199
1868080 199
1868090 198
1868100 198
1868110 198
1868120 197
1868130 197
1868140 196
1868150 194
1868160 194
1868170 192
1868180 192
1868190 192
1868200 193
1868210 194
1868220 194
1868230 194
1868240 193
1868250 193
1868260 193
1868270 193
1868280 193
1868290 193
1868300 193
1868310 193
1868320 194
1868330 193
1868340 193
1868350 191
1868360 190
1868370 190
1868380 189
1868390 189
1868400 189
1868410 188
1868420 188
1868430 188
1868440 188
1868450 186
1868460 186
1868470 186
1868480 185
1868490 185
1868500 185
1868510 184
1868520 184
1868530 183
1868540 182
1868550 182
1868560 182
1868570 181
1868580 181
1868590 181
1868600 181
1868610 181
1868620 181
1868630 180
1868640 180
1868650 180
1868660 180
1868670 180
1868680 180
1868690 180
1868700 180
1868710 179
1868720 179
1868730 179
1868740 179
1868750 178
1868760 178
1868770 178
1868780 178
1868790 177
1868800 177
1868810 177
1868820 177
1868830 177
1868840 177
1868850 177
1868860 177
1868870 177
1868880 177
1868890 177
1868900 178
1868910 178
1868920 178
1868930 178
1868940 178
1868950 178
1868960 178
1868970 179
1868980 179
1868990 179
1869000 179
1869010 179
1869020 179
1869030 179
1869040 179
1869050 179
1869060 180
1869070 180
1869080 180
1869090 180
1869100 180
1869110 181
1869120 182
1869130 182
1869140 184
1869150 185
1869160 185
1869170 186
1869180 186
1869190 186
1869200 186
1869210 186
1869220 186
1869230 186
1869240 186
1869250 186
1869260 185
1869270 185
1869280 185
1869290 185
1869300 185
1869310 185
1869320 185
1869330 186
1869340 186
1869350 186
1869360 186
1869370 186
1869380 186
1869390 186
1869400 186
1869410 186
1869420 186
1869430 186
1869440 186
1869450 187
1869460 187
1869470 188
1869480 188
1869490 188
1869500 188
1869510 188
1869520 188
1869530 188
1869540 188
1869550 188
1869560 189
1869570 189
1869580 189
1869590 189
1869600 190
1869610 190
1869620 190
1869630 190
1869640 190
1869650 191
1869660 191
1869670 192
1869680 192
1869690 193
1869700 193
1869710 193
1869720 194
1869730 194
1869740 195
1869750 196
1869760 196
1869770 197
1869780 198
1869790 198
1869800 199
1869810 199
1869820 199
1869830 200
1869840 200
1869850 201
1869860 201
1869870 201
1869880 202
1869890 202
1869900 203
1869910 203
1869920 203
1869930 204
1869940 204
1869950 204
1869960 205
1869970 205
1869980 205
1869990 206
1870000 207
1870010 207
1870020 207
1870030 208
1870040 208
1870050 208
1870060 209
1870070 209
1870080 209
1870090 210
1870100 210
1870110 210
1870120 211
1870130 211
1870140 211
1870150 211
1870160 211
1870170 211
1870180 211
1870190 211
1870200 211
1870210 211
1870220 211
1870230 211
1870240 211
1870250 211
1870260 211
1870270 211
1870280 211
1870290 210
1870300 210
1870310 210
1870320 210
1870330 210
1870340 210
1870350 211
1870360 211
1870370 211
1870380 211
1870390 211
1870400 211
1870410 212
1870420 212
1870430 212
1870440 213
1870450 213
1870460 213
1870470 213
1870480 213
1870490 213
1870500 212
1870510 211
1870520 211
1870530 209
1870540 207
1870550 207
1870560 206
1870570 204
1870580 204
1870590 202
1870600 201
1870610 201
1870620 199
1870630 198
1870640 198
1870650 197
1870660 194
1870670 194
1870680 193
1870690 192
1870700 192
1870710 190
1870720 189
1870730 189
1870740 187
1870750 186
1870760 186
1870770 185
1870780 183
1870790 183
1870800 182
1870810 181
1870820 181
1870830 179
1870840 178
1870850 178
1870860 177
1870870 176
1870880 176
1870890 176
1870900 175
1870910 175
1870920 174
1870930 174
1870940 173
1870950 173
1870960 173
1870970 172
1870980 172
1870990 172
1871000 171
1871010 171
1871020 170
1871030 170
1871040 170
1871050 169
1871060 169
1871070 169
1871080 168
1871090 167
1871100 167
1871110 166
1871120 165
1871130 165
1871140 164
1871150 163
1871160 163
1871170 163
1871180 162
1871190 162
1871200 161
1871210 161
1871220 161
1871230 161
1871240 160
1871250 160
1871260 160
1871270 160
1871280 160
1871290 159
1871300 159
1871310 159
1871320 159
1871330 159
1871340 159
1871350 159
1871360 159
1871370 159
1871380 159
1871390 159
1871400 159
1871410 159
1871420 159
1871430 159
1871440 159
1871450 159
1871460 159
1871470 159
1871480 159
1871490 159
1871500 159
1871510 159
1871520 159
1871530 159
1871540 159
1871550 159
1871560 160
1871570 160
1871580 160
1871590 160
1871600 161
1871610 161
1871620 161
1871630 161
1871640 161
1871650 162
1871660 162
1871670 163
1871680 163
1871690 164
1871700 164
1871710 165
1871720 166
1871730 166
1871740 167
1871750 167
1871760 167
1871770 168
1871780 169
1871790 169
1871800 170
1871810 170
1871820 170
1871830 171
1871840 172
1871850 172
1871860 173
1871870 174
1871880 174
1871890 175
1871900 177
1871910 177
1871920 178
1871930 179
1871940 179
1871950 180
1871960 180
1871970 180
1871980 181
1871990 182
1872000 183
1872010 183
1872020 183
1872030 183
1872040 183
1872050 182
1872060 182
1872070 182
1872080 181
1872090 181
1872100 181
1872110 181
1872120 181
1872130 181
1872140 181
1872150 181
1872160 181
1872170 181
1872180 181
1872190 181
1872200 182
1872210 182
1872220 182
1872230 182
1872240 181
1872250 181
1872260 181
1872270 181
1872280 181
1872290 181
1872300 180
1872310 180
1872320 179
1872330 179
1872340 179
1872350 179
1872360 179
1872370 179
1872380 178
1872390 178
1872400 178
1872410 178
1872420 178
1872430 178
1872440 178
1872450 178
1872460 178
1872470 178
1872480 178
1872490 178
1872500 178
1872510 178
1872520 178
1872530 177
1872540 177
1872550 177
1872560 177
1872570 177
1872580 177
1872590 177
1872600 177
1872610 177
1872620 177
1872630 177
1872640 177
1872650 177
1872660 177
1872670 177
1872680 177
1872690 177
1872700 177
1872710 177
1872720 177
1872730 177
1872740 176
1872750 176
1872760 176
1872770 176
1872780 176
1872790 176
1872800 176
1872810 175
1872820 175
1872830 175
1872840 175
1872850 175
1872860 175
1872870 174
1872880 174
1872890 174
1872900 174
1872910 174
1872920 174
1872930 174
1872940 174
1872950 173
1872960 173
1872970 173
1872980 172
1872990 172
1873000 172
1873010 171
1873020 171
1873030 171
1873040 170
1873050 170
1873060 170
1873070 170
1873080 169
1873090 169
1873100 169
1873110 169
1873120 169
1873130 169
1873140 169
1873150 169
1873160 169
1873170 170
1873180 170
1873190 170
1873200 170
1873210 171
1873220 171
1873230 171
1873240 171
1873250 171
1873260 172
1873270 172
1873280 172
1873290 173
1873300 173
1873310 173
1873320 173
1873330 174
1873340 174
1873350 174
1873360 175
1873370 175
1873380 175
1873390 175
1873400 175
1873410 175
1873420 174
1873430 174
1873440 174
1873450 174
1873460 174
1873470 174
1873480 174
1873490 174
1873500 174
1873510 173
1873520 173
1873530 173
1873540 173
1873550 173
1873560 173
1873570 172
1873580 172
1873590 172
1873600 172
1873610 172
1873620 171
1873630 171
1873640 171
1873650 170
1873660 170
1873670 170
1873680 169
1873690 169
1873700 169
1873710 168
1873720 167
1873730 167
1873740 167
1873750 166
1873760 166
1873770 165
1873780 165
1873790 165
1873800 164
1873810 164
1873820 164
1873830 163
1873840 163
1873850 163
1873860 162
1873870 162
1873880 162
1873890 161
1873900 161
1873910 161
1873920 160
1873930 160
1873940 160
1873950 160
1873960 159
1873970 159
1873980 159
1873990 159
1874000 159
1874010 158
1874020 158
1874030 158
1874040 158
1874050 158
1874060 158
1874070 158
1874080 158
1874090 158
1874100 157
1874110 157
1874120 157
1874130 157
1874140 157
1874150 157
1874160 157
1874170 156
1874180 156
1874190 156
1874200 156
1874210 156
1874220 156
1874230 156
1874240 156
1874250 156
1874260 156
1874270 156
1874280 156
1874290 157
1874300 157
1874310 157
1874320 158
1874330 159
1874340 159
1874350 159
1874360 160
1874370 160
1874380 160
1874390 162
1874400 162
1874410 162
1874420 163
1874430 163
1874440 164
1874450 165
1874460 165
1874470 166
1874480 166
1874490 166
1874500 167
1874510 168
1874520 168
1874530 169
1874540 170
1874550 170
1874560 171
1874570 171
1874580 171
1874590 172
1874600 173
1874610 173
1874620 173
1874630 174
1874640 174
1874650 174
1874660 175
1874670 175
1874680 175
1874690 176
1874700 176
1874710 176
1874720 177
1874730 177
1874740 177
1874750 178
1874760 178
1874770 178
1874780 178
1874790 178
1874800 178
1874810 177
1874820 177
1874830 176
1874840 175
1874850 175
1874860 175
1874870 176
1874880 176
1874890 176
1874900 176
1874910 176
1874920 176
1874930 176
1874940 176
1874950 176
1874960 176
1874970 176
1874980 176
1874990 176
1875000 176
1875010 176
1875020 176
1875030 176
1875040 176
1875050 176
1875060 176
1875070 177
1875080 178
1875090 178
1875100 178
1875110 179
1875120 179
1875130 183
1875140 183
1875150 183
1875160 183
1875170 183
1875180 183
1875190 184
1875200 184
1875210 184
1875220 183
1875230 182
1875240 181
1875250 181
1875260 181
1875270 181
1875280 181
1875290 180
1875300 179
1875310 179
1875320 179
1875330 180
1875340 180
1875350 181
1875360 181
1875370 181
1875380 181
1875390 180
1875400 180
1875410 180
1875420 180
1875430 180
1875440 180
1875450 180
1875460 180
1875470 180
1875480 180
1875490 180
1875500 180
1875510 180
1875520 180
1875530 180
1875540 180
1875550 180
1875560 180
1875570 180
1875580 180
1875590 180
1875600 180
1875610 180
1875620 180
1875630 180
1875640 180
1875650 181
1875660 181
1875670 181
1875680 181
1875690 181
1875700 181
1875710 181
1875720 181
1875730 181
1875740 181
1875750 180
1875760 180
1875770 180
1875780 180
1875790 180
1875800 180
1875810 180
1875820 180
1875830 180
1875840 180
1875850 180
1875860 180
1875870 180
1875880 180
1875890 180
1875900 180
1875910 180
1875920 180
1875930 180
1875940 180
1875950 180
1875960 180
1875970 180
1875980 180
1875990 180
1876000 180
1876010 180
1876020 180
1876030 180
1876040 180
1876050 180
1876060 180
1876070 180
1876080 180
1876090 180
1876100 180
1876110 180
1876120 180
1876130 180
1876140 180
1876150 180
1876160 180
1876170 180
1876180 180
1876190 180
1876200 179
1876210 179
1876220 179
1876230 179
1876240 179
1876250 179
1876260 179
1876270 179
1876280 179
1876290 179
1876300 179
1876310 179
1876320 179
1876330 180
1876340 180
1876350 180
1876360 180
1876370 180
1876380 180
1876390 180
1876400 180
1876410 179
1876420 179
1876430 179
1876440 179
1876450 179
1876460 179
1876470 179
1876480 179
1876490 179
1876500 179
1876510 179
1876520 179
1876530 179
1876540 179
1876550 179
1876560 179
1876570 179
1876580 179
1876590 179
1876600 179
1876610 179
1876620 179
1876630 179
1876640 179
1876650 179
1876660 179
1876670 179
1876680 179
1876690 179
1876700 179
1876710 179
1876720 179
1876730 179
1876740 179
1876750 179
1876760 179
1876770 179
1876780 179
1876790 179
1876800 178
1876810 178
1876820 178
1876830 178
1876840 178
1876850 178
1876860 179
1876870 179
1876880 179
1876890 178
1876900 178
1876910 178
1876920 179
1876930 179
1876940 179
1876950 179
1876960 179
1876970 178
1876980 178
1876990 178
1877000 178
1877010 178
1877020 178
1877030 178
1877040 178
1877050 178
1877060 178
1877070 178
1877080 178
1877090 178
1877100 177
1877110 177
1877120 177
1877130 177
1877140 177
1877150 177
1877160 177
1877170 176
1877180 176
1877190 176
1877200 176
1877210 176
1877220 176
1877230 176
1877240 176
1877250 176
1877260 176
1877270 176
1877280 176
1877290 176
1877300 176
1877310 176
1877320 176
1877330 176
1877340 176
1877350 176
1877360 176
1877370 176
1877380 176
1877390 176
1877400 176
1877410 176
1877420 176
1877430 176
1877440 176
1877450 176
1877460 176
1877470 176
1877480 176
1877490 176
1877500 176
1877510 176
1877520 176
1877530 177
1877540 177
1877550 177
1877560 177
1877570 177
1877580 177
1877590 177
1877600 177
1877610 177
1877620 177
1877630 177
1877640 177
1877650 177
1877660 177
1877670 177
1877680 177
1877690 177
1877700 177
1877710 178
1877720 178
1877730 178
1877740 178
1877750 178
1877760 178
1877770 178
1877780 178
1877790 178
1877800 178
1877810 178
1877820 178
1877830 178
1877840 178
1877850 178
1877860 178
1877870 178
1877880 178
1877890 178
1877900 178
1877910 178
1877920 178
1877930 178
1877940 178
1877950 178
1877960 178
1877970 178
1877980 178
1877990 178
1878000 178
1878010 178
1878020 178
1878030 178
1878040 178
1878050 178
1878060 178
1878070 178
1878080 178
1878090 178
1878100 178
1878110 178
1878120 178
1878130 178
1878140 178
1878150 178
1878160 178
1878170 178
1878180 178
1878190 178
1878200 178
1878210 178
1878220 178
1878230 178
1878240 178
1878250 178
1878260 178
1878270 178
1878280 178
1878290 178
1878300 178
1878310 178
1878320 179
1878330 179
1878340 178
1878350 178
1878360 178
1878370 178
1878380 178
1878390 178
1878400 178
1878410 178
1878420 178
1878430 178
1878440 178
1878450 178
1878460 178
1878470 178
1878480 178
1878490 178
1878500 178
1878510 179
1878520 179
1878530 178
1878540 178
1878550 178
1878560 178
1878570 178
1878580 178
1878590 178
1878600 178
1878610 178
1878620 178
1878630 178
1878640 178
1878650 178
1878660 178
1878670 178
1878680 178
1878690 178
1878700 178
1878710 178
1878720 178
1878730 178
1878740 178
1878750 178
1878760 178
1878770 178
1878780 178
1878790 178
1878800 178
1878810 178
1878820 178
1878830 178
1878840 178
1878850 178
1878860 178
1878870 178
1878880 178
1878890 178
1878900 178
1878910 178
1878920 178
1878930 178
1878940 178
1878950 178
1878960 178
1878970 178
1878980 178
1878990 178
1879000 178
1879010 178
1879020 178
1879030 178
1879040 178
1879050 178
1879060 178
1879070 178
1879080 178
1879090 178
1879100 178
1879110 178
1879120 178
1879130 178
1879140 178
1879150 178
1879160 178
1879170 178
1879180 178
1879190 178
1879200 178
1879210 178
1879220 178
1879230 178
1879240 178
1879250 178
1879260 178
1879270 178
1879280 178
1879290 178
1879300 178
1879310 178
1879320 178
1879330 178
1879340 178
1879350 178
1879360 178
1879370 178
1879380 178
1879390 178
1879400 178
1879410 178
1879420 178
1879430 178
1879440 178
1879450 178
1879460 178
1879470 178
1879480 178
1879490 178
1879500 178
1879510 178
1879520 178
1879530 178
1879540 178
1879550 178
1879560 178
1879570 177
1879580 177
1879590 177
1879600 177
1879610 177
1879620 177
1879630 177
1879640 177
1879650 177
1879660 177
1879670 177
1879680 177
1879690 177
1879700 177
1879710 177
1879720 177
1879730 177
1879740 177
1879750 177
1879760 177
1879770 177
1879780 177
1879790 177
1879800 177
1879810 177
1879820 177
1879830 177
1879840 177
1879850 177
1879860 178
1879870 178
1879880 178
1879890 177
1879900 177
1879910 177
1879920 177
1879930 177
1879940 177
1879950 177
1879960 177
1879970 177
1879980 178
1879990 177
