1860000 232
1860010 232
1860020 233
1860030 233
1860040 233
1860050 232
1860060 232
1860070 231
1860080 230
1860090 230
1860100 230
1860110 231
1860120 231
1860130 233
1860140 237
1860150 237
1860160 242
1860170 243
1860180 243
1860190 244
1860200 244
1860210 244
1860220 245
1860230 245
1860240 245
1860250 246
1860260 247
1860270 247
1860280 247
1860290 248
1860300 248
1860310 249
1860320 249
1860330 249
1860340 250
1860350 250
1860360 250
1860370 250
1860380 251
1860390 251
1860400 251
1860410 251
1860420 251
1860430 251
1860440 251
1860450 251
1860460 250
1860470 250
1860480 250
1860490 251
1860500 251
1860510 251
1860520 251
1860530 252
1860540 252
1860550 252
1860560 252
1860570 252
1860580 251
1860590 251
1860600 251
1860610 251
1860620 251
1860630 251
1860640 251
1860650 250
1860660 250
1860670 250
1860680 250
1860690 250
1860700 249
1860710 249
1860720 249
1860730 249
1860740 248
1860750 248
1860760 248
1860770 247
1860780 247
1860790 247
1860800 246
1860810 246
1860820 246
1860830 246
1860840 246
1860850 245
1860860 245
1860870 245
1860880 245
1860890 244
1860900 244
1860910 244
1860920 244
1860930 244
1860940 244
1860950 244
1860960 244
1860970 244
1860980 243
1860990 243
1861000 243
1861010 242
1861020 241
1861030 242
1861040 241
1861050 240
1861060 240
1861070 239
1861080 238
1861090 238
1861100 238
1861110 237
1861120 237
1861130 236
1861140 235
1861150 235
1861160 235
1861170 235
1861180 235
1861190 235
1861200 234
1861210 234
1861220 234
1861230 234
1861240 234
1861250 233
1861260 233
1861270 233
1861280 232
1861290 232
1861300 232
1861310 232
1861320 231
1861330 231
1861340 231
1861350 230
1861360 230
1861370 230
1861380 230
1861390 230
1861400 229
1861410 229
1861420 229
1861430 229
1861440 228
1861450 228
1861460 228
1861470 228
1861480 228
1861490 228
1861500 229
1861510 229
1861520 229
1861530 228
1861540 228
1861550 228
1861560 227
1861570 227
1861580 226
1861590 225
1861600 225
1861610 224
1861620 223
1861630 223
1861640 222
1861650 221
1861660 221
1861670 221
1861680 221
1861690 221
1861700 221
1861710 221
1861720 220
1861730 221
1861740 222
1861750 222
1861760 223
1861770 223
1861780 223
1861790 224
1861800 225
1861810 225
1861820 225
1861830 226
1861840 226
1861850 226
1861860 227
1861870 227
1861880 227
1861890 227
1861900 227
1861910 228
1861920 228
1861930 228
1861940 228
1861950 229
1861960 229
1861970 229
1861980 229
1861990 229
1862000 230
1862010 230
1862020 230
1862030 230
1862040 231
1862050 231
1862060 230
1862070 230
1862080 230
1862090 230
1862100 231
1862110 231
1862120 231
1862130 231
1862140 232
1862150 232
1862160 232
1862170 233
1862180 233
1862190 234
1862200 235
1862210 235
1862220 236
1862230 238
1862240 238
1862250 239
1862260 240
1862270 240
1862280 240
1862290 241
1862300 241
1862310 241
1862320 241
1862330 241
1862340 242
1862350 242
1862360 242
1862370 243
1862380 244
1862390 244
1862400 244
1862410 245
1862420 245
1862430 246
1862440 246
1862450 246
1862460 247
1862470 247
1862480 247
1862490 248
1862500 248
1862510 248
1862520 248
1862530 249
1862540 249
1862550 249
1862560 250
1862570 250
1862580 250
1862590 250
1862600 250
1862610 251
1862620 251
1862630 251
1862640 252
1862650 252
1862660 252
1862670 253
1862680 253
1862690 253
1862700 253
1862710 253
1862720 253
1862730 253
1862740 253
1862750 252
1862760 252
1862770 253
1862780 253
1862790 253
1862800 253
1862810 253
1862820 253
1862830 254
1862840 254
1862850 254
1862860 254
1862870 254
1862880 254
1862890 254
1862900 254
1862910 255
1862920 255
1862930 255
1862940 255
1862950 255
1862960 255
1862970 255
1862980 255
1862990 255
1863000 255
1863010 255
1863020 255
1863030 256
1863040 256
1863050 256
1863060 256
1863070 256
1863080 256
1863090 256
1863100 256
1863110 256
1863120 257
1863130 257
1863140 257
1863150 257
1863160 258
1863170 258
1863180 258
1863190 258
1863200 259
1863210 259
1863220 259
1863230 259
1863240 259
1863250 259
1863260 259
1863270 259
1863280 260
1863290 260
1863300 260
1863310 260
1863320 260
1863330 260
1863340 260
1863350 260
1863360 260
1863370 260
1863380 260
1863390 260
1863400 259
1863410 259
1863420 259
1863430 258
1863440 258
1863450 258
1863460 257
1863470 257
1863480 257
1863490 256
1863500 256
1863510 256
1863520 255
1863530 254
1863540 254
1863550 253
1863560 252
1863570 252
1863580 252
1863590 251
1863600 251
1863610 251
1863620 250
1863630 250
1863640 250
1863650 249
1863660 249
1863670 248
1863680 248
1863690 248
1863700 247
1863710 247
1863720 247
1863730 246
1863740 245
1863750 245
1863760 245
1863770 244
1863780 244
1863790 243
1863800 242
1863810 242
1863820 242
1863830 241
1863840 241
1863850 240
1863860 240
1863870 240
1863880 239
1863890 238
1863900 238
1863910 238
1863920 237
1863930 237
1863940 237
1863950 236
1863960 236
1863970 235
1863980 235
1863990 235
1864000 234
1864010 233
1864020 233
1864030 233
1864040 232
1864050 232
1864060 232
1864070 231
1864080 231
1864090 230
1864100 230
1864110 230
1864120 229
1864130 229
1864140 229
1864150 228
1864160 228
1864170 228
1864180 227
1864190 227
1864200 227
1864210 226
1864220 226
1864230 225
1864240 225
1864250 225
1864260 224
1864270 224
1864280 224
1864290 223
1864300 223
1864310 223
1864320 222
1864330 222
1864340 221
1864350 220
1864360 220
1864370 219
1864380 219
1864390 219
1864400 218
1864410 218
1864420 218
1864430 217
1864440 217
1864450 217
1864460 217
1864470 216
1864480 216
1864490 215
1864500 215
1864510 215
1864520 214
1864530 213
1864540 213
1864550 212
1864560 212
1864570 212
1864580 211
1864590 210
1864600 210
1864610 210
1864620 209
1864630 209
1864640 209
1864650 208
1864660 208
1864670 208
1864680 207
1864690 207
1864700 207
1864710 206
1864720 206
1864730 206
1864740 206
1864750 206
1864760 205
1864770 205
1864780 205
1864790 205
1864800 205
1864810 205
1864820 205
1864830 205
1864840 205
1864850 205
1864860 205
1864870 205
1864880 206
1864890 206
1864900 206
1864910 206
1864920 207
1864930 207
1864940 208
1864950 208
1864960 208
1864970 209
1864980 209
1864990 209
1865000 210
1865010 210
1865020 210
1865030 210
1865040 211
1865050 211
1865060 211
1865070 211
1865080 211
1865090 211
1865100 211
1865110 211
1865120 211
1865130 211
1865140 211
1865150 211
1865160 211
1865170 211
1865180 211
1865190 211
1865200 211
1865210 212
1865220 213
1865230 213
1865240 215
1865250 215
1865260 215
1865270 216
1865280 217
1865290 217
1865300 221
1865310 222
1865320 222
1865330 222
1865340 224
1865350 226
1865360 226
1865370 224
1865380 223
1865390 223
1865400 222
1865410 222
1865420 222
1865430 222
1865440 220
1865450 220
1865460 217
1865470 216
1865480 216
1865490 213
1865500 213
1865510 213
1865520 214
1865530 215
1865540 215
1865550 214
1865560 213
1865570 213
1865580 214
1865590 215
1865600 215
1865610 217
1865620 221
1865630 221
1865640 223
1865650 221
1865660 221
1865670 222
1865680 223
1865690 223
1865700 224
1865710 226
1865720 226
1865730 226
1865740 228
1865750 228
1865760 229
1865770 229
1865780 229
1865790 229
1865800 227
1865810 226
1865820 227
1865830 227
1865840 227
1865850 228
1865860 228
1865870 228
1865880 228
1865890 229
1865900 229
1865910 229
1865920 229
1865930 229
1865940 230
1865950 230
1865960 230
1865970 230
1865980 230
1865990 230
1866000 231
1866010 231
1866020 231
1866030 232
1866040 232
1866050 232
1866060 232
1866070 232
1866080 232
1866090 233
1866100 232
1866110 232
1866120 232
1866130 231
1866140 230
1866150 230
1866160 229
1866170 229
1866180 229
1866190 230
1866200 230
1866210 231
1866220 233
1866230 233
1866240 234
1866250 234
1866260 234
1866270 235
1866280 236
1866290 236
1866300 236
1866310 236
1866320 236
1866330 237
1866340 237
1866350 237
1866360 237
1866370 238
1866380 238
1866390 238
1866400 239
1866410 239
1866420 239
1866430 240
1866440 240
1866450 240
1866460 240
1866470 241
1866480 240
1866490 241
1866500 241
1866510 241
1866520 242
1866530 242
1866540 242
1866550 242
1866560 242
1866570 242
1866580 242
1866590 243
1866600 243
1866610 243
1866620 243
1866630 243
1866640 243
1866650 243
1866660 243
1866670 243
1866680 244
1866690 244
1866700 244
1866710 244
1866720 244
1866730 244
1866740 244
1866750 244
1866760 243
1866770 241
1866780 241
1866790 241
1866800 239
1866810 239
1866820 238
1866830 238
1866840 238
1866850 240
1866860 241
1866870 241
1866880 243
1866890 244
1866900 244
1866910 244
1866920 245
1866930 245
1866940 246
1866950 247
1866960 247
1866970 248
1866980 248
1866990 248
1867000 248
1867010 248
1867020 248
1867030 249
1867040 249
1867050 249
1867060 249
1867070 249
1867080 249
1867090 250
1867100 250
1867110 250
1867120 250
1867130 250
1867140 250
1867150 249
1867160 248
1867170 248
1867180 248
1867190 247
1867200 247
1867210 247
1867220 246
1867230 246
1867240 246
1867250 244
1867260 244
1867270 242
1867280 243
1867290 243
1867300 244
1867310 244
1867320 244
1867330 245
1867340 245
1867350 245
1867360 245
1867370 245
1867380 245
1867390 246
1867400 247
1867410 247
1867420 249
1867430 250
1867440 250
1867450 252
1867460 252
1867470 252
1867480 250
1867490 248
1867500 242
1867510 241
1867520 239
1867530 237
1867540 237
1867550 236
1867560 235
1867570 235
1867580 234
1867590 234
1867600 234
1867610 233
1867620 232
1867630 232
1867640 230
1867650 229
1867660 229
1867670 228
1867680 227
1867690 227
1867700 227
1867710 227
1867720 227
1867730 226
1867740 226
1867750 226
1867760 225
1867770 224
1867780 224
1867790 223
1867800 223
1867810 223
1867820 222
1867830 221
1867840 221
1867850 221
1867860 220
1867870 220
1867880 220
1867890 219
1867900 219
1867910 218
1867920 218
1867930 218
1867940 217
1867950 217
1867960 217
1867970 217
1867980 217
1867990 217
1868000 217
1868010 217
1868020 217
1868030 216
1868040 216
1868050 216
1868060 216
1868070 216
1868080 216
1868090 216
1868100 216
1868110 216
1868120 216
1868130 216
1868140 216
1868150 216
1868160 216
1868170 215
1868180 215
1868190 215
1868200 215
1868210 215
1868220 215
1868230 215
1868240 215
1868250 215
1868260 215
1868270 216
1868280 216
1868290 216
1868300 216
1868310 216
1868320 216
1868330 217
1868340 218
1868350 218
1868360 218
1868370 219
1868380 219
1868390 220
1868400 221
1868410 221
1868420 221
1868430 222
1868440 222
1868450 223
1868460 223
1868470 223
1868480 225
1868490 226
1868500 226
1868510 227
1868520 228
1868530 228
1868540 228
1868550 228
1868560 228
1868570 228
1868580 228
1868590 228
1868600 228
1868610 228
1868620 228
1868630 228
1868640 228
1868650 228
1868660 228
1868670 228
1868680 228
1868690 228
1868700 228
1868710 228
1868720 228
1868730 227
1868740 227
1868750 227
1868760 227
1868770 227
1868780 227
1868790 227
1868800 226
1868810 226
1868820 226
1868830 226
1868840 226
1868850 226
1868860 226
1868870 226
1868880 226
1868890 226
1868900 226
1868910 226
1868920 225
1868930 225
1868940 225
1868950 225
1868960 225
1868970 225
1868980 225
1868990 225
1869000 225
1869010 224
1869020 224
1869030 224
1869040 224
1869050 224
1869060 224
1869070 224
1869080 224
1869090 224
1869100 224
1869110 224
1869120 224
1869130 223
1869140 223
1869150 223
1869160 223
1869170 223
1869180 223
1869190 223
1869200 223
1869210 222
1869220 222
1869230 222
1869240 222
1869250 222
1869260 222
1869270 222
1869280 222
1869290 222
1869300 222
1869310 222
1869320 222
1869330 222
1869340 222
1869350 222
1869360 222
1869370 223
1869380 223
1869390 223
1869400 223
1869410 223
1869420 223
1869430 224
1869440 224
1869450 224
1869460 224
1869470 224
1869480 224
1869490 224
1869500 224
1869510 224
1869520 224
1869530 224
1869540 224
1869550 224
1869560 224
1869570 224
1869580 223
1869590 223
1869600 223
1869610 224
1869620 224
1869630 224
1869640 224
1869650 224
1869660 224
1869670 225
1869680 225
1869690 226
1869700 224
1869710 224
1869720 222
1869730 220
1869740 220
1869750 220
1869760 218
1869770 217
1869780 217
1869790 216
1869800 215
1869810 215
1869820 213
1869830 210
1869840 210
1869850 208
1869860 206
1869870 206
1869880 204
1869890 203
1869900 203
1869910 202
1869920 201
1869930 201
1869940 199
1869950 198
1869960 198
1869970 196
1869980 195
1869990 195
1870000 194
1870010 192
1870020 192
1870030 191
1870040 190
1870050 190
1870060 189
1870070 188
1870080 188
1870090 187
1870100 186
1870110 186
1870120 185
1870130 184
1870140 184
1870150 183
1870160 183
1870170 183
1870180 183
1870190 183
1870200 183
1870210 183
1870220 183
1870230 183
1870240 183
1870250 184
1870260 184
1870270 184
1870280 184
1870290 184
1870300 186
1870310 188
1870320 188
1870330 191
1870340 194
1870350 194
1870360 196
1870370 199
1870380 199
1870390 201
1870400 203
1870410 203
1870420 207
1870430 211
1870440 211
1870450 213
1870460 216
1870470 216
1870480 219
1870490 219
1870500 219
1870510 218
1870520 214
1870530 214
1870540 213
1870550 213
1870560 213
1870570 214
1870580 215
1870590 215
1870600 216
1870610 217
1870620 217
1870630 218
1870640 217
1870650 217
1870660 216
1870670 216
1870680 216
1870690 215
1870700 214
1870710 214
1870720 213
1870730 212
1870740 212
1870750 212
1870760 212
1870770 212
1870780 211
1870790 211
1870800 211
1870810 210
1870820 209
1870830 209
1870840 209
1870850 207
1870860 206
1870870 206
1870880 205
1870890 204
1870900 204
1870910 203
1870920 203
1870930 203
1870940 203
1870950 204
1870960 204
1870970 204
1870980 206
1870990 206
1871000 208
1871010 210
1871020 210
1871030 212
1871040 214
1871050 214
1871060 215
1871070 217
1871080 217
1871090 218
1871100 219
1871110 219
1871120 219
1871130 219
1871140 219
1871150 218
1871160 217
1871170 217
1871180 216
1871190 215
1871200 215
1871210 214
1871220 213
1871230 213
1871240 211
1871250 209
1871260 209
1871270 207
1871280 205
1871290 205
1871300 204
1871310 203
1871320 203
1871330 202
1871340 202
1871350 202
1871360 203
1871370 204
1871380 204
1871390 205
1871400 206
1871410 206
1871420 207
1871430 208
1871440 208
1871450 207
1871460 207
1871470 207
1871480 206
1871490 205
1871500 205
1871510 204
1871520 203
1871530 203
1871540 202
1871550 203
1871560 203
1871570 204
1871580 205
1871590 205
1871600 206
1871610 207
1871620 207
1871630 207
1871640 208
1871650 208
1871660 208
1871670 209
1871680 209
1871690 209
1871700 209
1871710 209
1871720 209
1871730 209
1871740 209
1871750 209
1871760 208
1871770 208
1871780 208
1871790 208
1871800 208
1871810 207
1871820 206
1871830 206
1871840 205
1871850 205
1871860 205
1871870 204
1871880 204
1871890 204
1871900 203
1871910 203
1871920 203
1871930 203
1871940 203
1871950 203
1871960 203
1871970 203
1871980 204
1871990 204
1872000 205
1872010 206
1872020 206
1872030 206
1872040 207
1872050 207
1872060 207
1872070 208
1872080 208
1872090 208
1872100 208
1872110 208
1872120 208
1872130 208
1872140 208
1872150 208
1872160 208
1872170 208
1872180 206
1872190 205
1872200 205
1872210 204
1872220 202
1872230 202
1872240 201
1872250 199
1872260 199
1872270 197
1872280 196
1872290 196
1872300 195
1872310 194
1872320 194
1872330 194
1872340 193
1872350 193
1872360 193
1872370 192
1872380 192
1872390 192
1872400 192
1872410 192
1872420 193
1872430 193
1872440 193
1872450 193
1872460 194
1872470 194
1872480 195
1872490 195
1872500 195
1872510 195
1872520 195
1872530 195
1872540 194
1872550 193
1872560 193
1872570 192
1872580 191
1872590 191
1872600 190
1872610 189
1872620 189
1872630 190
1872640 191
1872650 191
1872660 193
1872670 194
1872680 194
1872690 195
1872700 196
1872710 196
1872720 196
1872730 196
1872740 196
1872750 196
1872760 196
1872770 196
1872780 195
1872790 195
1872800 195
1872810 195
1872820 194
1872830 194
1872840 194
1872850 194
1872860 194
1872870 194
1872880 195
1872890 195
1872900 195
1872910 196
1872920 196
1872930 196
1872940 196
1872950 196
1872960 196
1872970 195
1872980 195
1872990 194
1873000 194
1873010 194
1873020 193
1873030 191
1873040 191
1873050 190
1873060 189
1873070 188
1873080 188
1873090 187
1873100 186
1873110 186
1873120 186
1873130 185
1873140 185
1873150 184
1873160 184
1873170 184
1873180 183
1873190 182
1873200 182
1873210 181
1873220 180
1873230 180
1873240 179
1873250 179
1873260 179
1873270 178
1873280 178
1873290 178
1873300 177
1873310 176
1873320 176
1873330 176
1873340 176
1873350 176
1873360 175
1873370 175
1873380 175
1873390 174
1873400 174
1873410 174
1873420 174
1873430 173
1873440 173
1873450 173
1873460 172
1873470 172
1873480 172
1873490 171
1873500 171
1873510 170
1873520 170
1873530 170
1873540 170
1873550 169
1873560 169
1873570 169
1873580 169
1873590 169
1873600 169
1873610 168
1873620 168
1873630 168
1873640 167
1873650 167
1873660 167
1873670 167
1873680 167
1873690 167
1873700 166
1873710 166
1873720 166
1873730 166
1873740 166
1873750 166
1873760 165
1873770 165
1873780 165
1873790 165
1873800 165
1873810 165
1873820 165
1873830 165
1873840 165
1873850 164
1873860 164
1873870 164
1873880 164
1873890 164
1873900 163
1873910 163
1873920 163
1873930 163
1873940 163
1873950 163
1873960 162
1873970 162
1873980 162
1873990 162
1874000 162
1874010 162
1874020 162
1874030 162
1874040 162
1874050 162
1874060 162
1874070 162
1874080 165
1874090 166
1874100 166
1874110 165
1874120 163
1874130 163
1874140 162
1874150 162
1874160 161
1874170 161
1874180 161
1874190 161
1874200 161
1874210 161
1874220 161
1874230 161
1874240 161
1874250 161
1874260 161
1874270 161
1874280 161
1874290 161
1874300 160
1874310 160
1874320 160
1874330 160
1874340 160
1874350 160
1874360 160
1874370 160
1874380 160
1874390 160
1874400 160
1874410 160
1874420 160
1874430 160
1874440 160
1874450 160
1874460 160
1874470 160
1874480 159
1874490 159
1874500 159
1874510 160
1874520 159
1874530 159
1874540 159
1874550 159
1874560 159
1874570 159
1874580 159
1874590 159
1874600 159
1874610 160
1874620 160
1874630 160
1874640 160
1874650 160
1874660 160
1874670 160
1874680 160
1874690 160
1874700 160
1874710 160
1874720 160
1874730 161
1874740 161
1874750 161
1874760 161
1874770 161
1874780 161
1874790 162
1874800 162
1874810 162
1874820 163
1874830 163
1874840 163
1874850 163
1874860 163
1874870 164
1874880 164
1874890 164
1874900 164
1874910 164
1874920 164
1874930 164
1874940 164
1874950 164
1874960 165
1874970 165
1874980 165
1874990 165
1875000 165
1875010 165
1875020 165
1875030 165
1875040 165
1875050 165
1875060 166
1875070 166
1875080 166
1875090 166
1875100 166
1875110 167
1875120 167
1875130 167
1875140 167
1875150 168
1875160 168
1875170 168
1875180 169
1875190 169
1875200 169
1875210 170
1875220 170
1875230 170
1875240 171
1875250 171
1875260 171
1875270 171
1875280 172
1875290 172
1875300 172
1875310 173
1875320 173
1875330 173
1875340 173
1875350 173
1875360 174
1875370 174
1875380 174
1875390 175
1875400 175
1875410 175
1875420 176
1875430 176
1875440 176
1875450 176
1875460 176
1875470 176
1875480 177
1875490 177
1875500 177
1875510 177
1875520 177
1875530 177
1875540 177
1875550 178
1875560 178
1875570 178
1875580 178
1875590 178
1875600 178
1875610 178
1875620 178
1875630 179
1875640 179
1875650 179
1875660 179
1875670 179
1875680 179
1875690 179
1875700 179
1875710 179
1875720 179
1875730 179
1875740 179
1875750 179
1875760 179
1875770 179
1875780 179
1875790 179
1875800 179
1875810 179
1875820 179
1875830 179
1875840 179
1875850 179
1875860 179
1875870 179
1875880 179
1875890 179
1875900 180
1875910 180
1875920 180
1875930 180
1875940 180
1875950 180
1875960 179
1875970 180
1875980 180
1875990 179
1876000 180
1876010 180
1876020 179
1876030 179
1876040 179
1876050 179
1876060 180
1876070 180
1876080 180
1876090 180
1876100 180
1876110 180
1876120 180
1876130 180
1876140 180
1876150 180
1876160 180
1876170 180
1876180 180
1876190 180
1876200 180
1876210 179
1876220 179
1876230 180
1876240 180
1876250 180
1876260 180
1876270 180
1876280 180
1876290 179
1876300 180
1876310 180
1876320 180
1876330 180
1876340 180
1876350 180
1876360 180
1876370 180
1876380 179
1876390 179
1876400 180
1876410 180
1876420 179
1876430 179
1876440 179
1876450 179
1876460 179
1876470 179
1876480 179
1876490 179
1876500 179
1876510 179
1876520 179
1876530 179
1876540 179
1876550 179
1876560 179
1876570 179
1876580 179
1876590 179
1876600 179
1876610 180
1876620 180
1876630 180
1876640 180
1876650 180
1876660 180
1876670 180
1876680 180
1876690 180
1876700 180
1876710 180
1876720 180
1876730 180
1876740 180
1876750 180
1876760 180
1876770 180
1876780 180
1876790 180
1876800 180
1876810 180
1876820 180
1876830 180
1876840 180
1876850 180
1876860 180
1876870 180
1876880 180
1876890 180
1876900 180
1876910 180
1876920 180
1876930 180
1876940 180
1876950 180
1876960 180
1876970 180
1876980 180
1876990 180
1877000 180
1877010 180
1877020 180
1877030 180
1877040 180
1877050 180
1877060 180
1877070 180
1877080 180
1877090 180
1877100 180
1877110 180
1877120 180
1877130 180
1877140 180
1877150 180
1877160 180
1877170 180
1877180 180
1877190 180
1877200 180
1877210 180
1877220 180
1877230 180
1877240 180
1877250 180
1877260 180
1877270 180
1877280 180
1877290 180
1877300 180
1877310 180
1877320 180
1877330 180
1877340 180
1877350 180
1877360 180
1877370 180
1877380 180
1877390 180
1877400 180
1877410 180
1877420 180
1877430 180
1877440 180
1877450 180
1877460 180
1877470 180
1877480 180
1877490 181
1877500 181
1877510 181
1877520 180
1877530 180
1877540 180
1877550 179
1877560 179
1877570 179
1877580 179
1877590 179
1877600 180
1877610 180
1877620 180
1877630 180
1877640 180
1877650 180
1877660 180
1877670 180
1877680 180
1877690 180
1877700 180
1877710 180
1877720 180
1877730 180
1877740 180
1877750 180
1877760 180
1877770 180
1877780 180
1877790 180
1877800 180
1877810 180
1877820 180
1877830 180
1877840 180
1877850 180
1877860 180
1877870 180
1877880 180
1877890 180
1877900 180
1877910 180
1877920 180
1877930 179
1877940 179
1877950 179
1877960 179
1877970 179
1877980 179
1877990 179
1878000 179
1878010 179
1878020 179
1878030 179
1878040 179
1878050 179
1878060 179
1878070 179
1878080 179
1878090 179
1878100 179
1878110 179
1878120 179
1878130 179
1878140 179
1878150 179
1878160 179
1878170 179
1878180 179
1878190 179
1878200 179
1878210 179
1878220 179
1878230 179
1878240 179
1878250 179
1878260 179
1878270 179
1878280 179
1878290 179
1878300 179
1878310 179
1878320 179
1878330 179
1878340 179
1878350 179
1878360 179
1878370 179
1878380 179
1878390 179
1878400 179
1878410 179
1878420 179
1878430 179
1878440 179
1878450 179
1878460 179
1878470 179
1878480 179
1878490 179
1878500 179
1878510 179
1878520 179
1878530 179
1878540 179
1878550 179
1878560 179
1878570 179
1878580 179
1878590 179
1878600 179
1878610 179
1878620 179
1878630 179
1878640 179
1878650 179
1878660 179
1878670 179
1878680 179
1878690 179
1878700 179
1878710 179
1878720 179
1878730 179
1878740 179
1878750 179
1878760 179
1878770 179
1878780 179
1878790 179
1878800 179
1878810 179
1878820 179
1878830 179
1878840 179
1878850 179
1878860 179
1878870 179
1878880 179
1878890 179
1878900 179
1878910 179
1878920 179
1878930 179
1878940 179
1878950 179
1878960 179
1878970 179
1878980 179
1878990 179
1879000 179
1879010 179
1879020 179
1879030 179
1879040 179
1879050 179
1879060 179
1879070 179
1879080 179
1879090 179
1879100 179
1879110 179
1879120 179
1879130 179
1879140 179
1879150 179
1879160 179
1879170 179
1879180 179
1879190 179
1879200 179
1879210 179
1879220 179
1879230 179
1879240 179
1879250 179
1879260 179
1879270 179
1879280 179
1879290 179
1879300 179
1879310 179
1879320 178
1879330 178
1879340 178
1879350 179
1879360 179
1879370 179
1879380 179
1879390 179
1879400 179
1879410 178
1879420 178
1879430 178
1879440 178
1879450 178
1879460 178
1879470 178
1879480 179
1879490 179
1879500 178
1879510 178
1879520 178
1879530 178
1879540 178
1879550 178
1879560 178
1879570 178
1879580 178
1879590 178
1879600 178
1879610 178
1879620 178
1879630 178
1879640 178
1879650 178
1879660 178
1879670 178
1879680 178
1879690 178
1879700 178
1879710 178
1879720 178
1879730 178
1879740 178
1879750 178
1879760 178
1879770 178
1879780 178
1879790 178
1879800 178
1879810 178
1879820 178
1879830 178
1879840 178
1879850 178
1879860 178
1879870 178
1879880 178
1879890 178
1879900 178
1879910 178
1879920 178
1879930 178
1879940 178
1879950 178
1879960 178
1879970 178
1879980 178
1879990 178
