1860000 262
1860010 262
1860020 262
1860030 261
1860040 261
1860050 261
1860060 260
1860070 260
1860080 260
1860090 259
1860100 259
1860110 259
1860120 260
1860130 259
1860140 259
1860150 259
1860160 259
1860170 259
1860180 259
1860190 259
1860200 259
1860210 259
1860220 259
1860230 259
1860240 260
1860250 261
1860260 261
1860270 261
1860280 261
1860290 261
1860300 261
1860310 261
1860320 261
1860330 261
1860340 261
1860350 261
1860360 261
1860370 261
1860380 260
1860390 260
1860400 259
1860410 258
1860420 258
1860430 257
1860440 256
1860450 256
1860460 255
1860470 253
1860480 253
1860490 253
1860500 252
1860510 252
1860520 251
1860530 251
1860540 251
1860550 251
1860560 251
1860570 251
1860580 251
1860590 251
1860600 251
1860610 251
1860620 250
1860630 250
1860640 250
1860650 250
1860660 250
1860670 250
1860680 250
1860690 250
1860700 250
1860710 250
1860720 250
1860730 250
1860740 249
1860750 249
1860760 249
1860770 248
1860780 248
1860790 248
1860800 247
1860810 247
1860820 246
1860830 246
1860840 246
1860850 246
1860860 245
1860870 245
1860880 245
1860890 244
1860900 244
1860910 244
1860920 244
1860930 244
1860940 243
1860950 242
1860960 242
1860970 242
1860980 241
1860990 241
1861000 241
1861010 240
1861020 240
1861030 240
1861040 240
1861050 240
1861060 239
1861070 239
1861080 239
1861090 239
1861100 238
1861110 238
1861120 238
1861130 238
1861140 238
1861150 238
1861160 237
1861170 237
1861180 237
1861190 236
1861200 236
1861210 236
1861220 236
1861230 236
1861240 236
1861250 235
1861260 235
1861270 235
1861280 235
1861290 235
1861300 235
1861310 235
1861320 235
1861330 235
1861340 234
1861350 234
1861360 234
1861370 234
1861380 234
1861390 233
1861400 233
1861410 233
1861420 232
1861430 232
1861440 232
1861450 231
1861460 231
1861470 230
1861480 230
1861490 230
1861500 230
1861510 230
1861520 230
1861530 230
1861540 230
1861550 231
1861560 231
1861570 231
1861580 231
1861590 231
1861600 231
1861610 232
1861620 232
1861630 232
1861640 233
1861650 234
1861660 234
1861670 235
1861680 235
1861690 235
1861700 236
1861710 236
1861720 236
1861730 236
1861740 237
1861750 237
1861760 237
1861770 237
1861780 237
1861790 238
1861800 238
1861810 238
1861820 239
1861830 239
1861840 239
1861850 239
1861860 240
1861870 240
1861880 240
1861890 241
1861900 241
1861910 241
1861920 242
1861930 242
1861940 242
1861950 242
1861960 242
1861970 243
1861980 243
1861990 243
1862000 244
1862010 244
1862020 244
1862030 244
1862040 245
1862050 245
1862060 245
1862070 246
1862080 246
1862090 247
1862100 247
1862110 247
1862120 247
1862130 248
1862140 248
1862150 248
1862160 250
1862170 250
1862180 252
1862190 252
1862200 252
1862210 251
1862220 252
1862230 252
1862240 255
1862250 256
1862260 256
1862270 256
1862280 255
1862290 255
1862300 255
1862310 255
1862320 255
1862330 255
1862340 255
1862350 255
1862360 255
1862370 255
1862380 255
1862390 256
1862400 256
1862410 256
1862420 257
1862430 258
1862440 258
1862450 259
1862460 261
1862470 261
1862480 262
1862490 263
1862500 263
1862510 264
1862520 264
1862530 264
1862540 264
1862550 264
1862560 264
1862570 264
1862580 264
1862590 264
1862600 264
1862610 264
1862620 264
1862630 264
1862640 264
1862650 265
1862660 265
1862670 265
1862680 265
1862690 265
1862700 265
1862710 265
1862720 265
1862730 265
1862740 265
1862750 265
1862760 265
1862770 265
1862780 265
1862790 265
1862800 265
1862810 265
1862820 265
1862830 264
1862840 264
1862850 264
1862860 264
1862870 263
1862880 263
1862890 263
1862900 263
1862910 263
1862920 263
1862930 263
1862940 263
1862950 262
1862960 262
1862970 262
1862980 263
1862990 263
1863000 263
1863010 263
1863020 263
1863030 263
1863040 264
1863050 264
1863060 264
1863070 264
1863080 264
1863090 264
1863100 265
1863110 265
1863120 265
1863130 265
1863140 265
1863150 265
1863160 266
1863170 266
1863180 266
1863190 266
1863200 266
1863210 266
1863220 266
1863230 266
1863240 266
1863250 266
1863260 266
1863270 267
1863280 267
1863290 267
1863300 267
1863310 268
1863320 268
1863330 268
1863340 269
1863350 269
1863360 269
1863370 269
1863380 269
1863390 269
1863400 269
1863410 269
1863420 268
1863430 268
1863440 268
1863450 268
1863460 267
1863470 267
1863480 267
1863490 266
1863500 266
1863510 265
1863520 264
1863530 264
1863540 263
1863550 262
1863560 262
1863570 260
1863580 259
1863590 259
1863600 256
1863610 254
1863620 254
1863630 253
1863640 253
1863650 252
1863660 252
1863670 251
1863680 250
1863690 250
1863700 249
1863710 248
1863720 248
1863730 247
1863740 246
1863750 246
1863760 245
1863770 244
1863780 244
1863790 243
1863800 242
1863810 242
1863820 241
1863830 240
1863840 240
1863850 239
1863860 238
1863870 238
1863880 237
1863890 236
1863900 236
1863910 235
1863920 235
1863930 235
1863940 233
1863950 233
1863960 233
1863970 232
1863980 231
1863990 231
1864000 230
1864010 229
1864020 229
1864030 228
1864040 227
1864050 227
1864060 226
1864070 225
1864080 225
1864090 224
1864100 222
1864110 222
1864120 222
1864130 221
1864140 221
1864150 220
1864160 219
1864170 219
1864180 218
1864190 218
1864200 218
1864210 217
1864220 217
1864230 218
1864240 217
1864250 217
1864260 217
1864270 217
1864280 216
1864290 216
1864300 216
1864310 216
1864320 216
1864330 215
1864340 215
1864350 215
1864360 214
1864370 214
1864380 214
1864390 213
1864400 213
1864410 213
1864420 212
1864430 212
1864440 212
1864450 211
1864460 211
1864470 211
1864480 210
1864490 210
1864500 210
1864510 210
1864520 209
1864530 209
1864540 209
1864550 208
1864560 208
1864570 208
1864580 208
1864590 208
1864600 208
1864610 207
1864620 207
1864630 207
1864640 207
1864650 207
1864660 207
1864670 206
1864680 206
1864690 206
1864700 206
1864710 206
1864720 206
1864730 206
1864740 205
1864750 205
1864760 205
1864770 205
1864780 205
1864790 204
1864800 204
1864810 204
1864820 204
1864830 204
1864840 204
1864850 204
1864860 204
1864870 204
1864880 204
1864890 205
1864900 205
1864910 205
1864920 205
1864930 205
1864940 205
1864950 206
1864960 206
1864970 206
1864980 206
1864990 206
1865000 207
1865010 207
1865020 207
1865030 207
1865040 208
1865050 208
1865060 209
1865070 211
1865080 211
1865090 212
1865100 210
1865110 210
1865120 210
1865130 211
1865140 211
1865150 211
1865160 211
1865170 211
1865180 210
1865190 210
1865200 210
1865210 210
1865220 209
1865230 209
1865240 208
1865250 208
1865260 208
1865270 205
1865280 203
1865290 203
1865300 204
1865310 206
1865320 206
1865330 207
1865340 211
1865350 211
1865360 211
1865370 209
1865380 209
1865390 208
1865400 209
1865410 209
1865420 212
1865430 215
1865440 215
1865450 216
1865460 216
1865470 216
1865480 216
1865490 215
1865500 215
1865510 215
1865520 215
1865530 215
1865540 216
1865550 215
1865560 215
1865570 217
1865580 221
1865590 218
1865600 221
1865610 222
1865620 222
1865630 222
1865640 225
1865650 225
1865660 227
1865670 229
1865680 229
1865690 232
1865700 234
1865710 234
1865720 233
1865730 233
1865740 233
1865750 233
1865760 234
1865770 234
1865780 234
1865790 235
1865800 235
1865810 235
1865820 235
1865830 236
1865840 236
1865850 236
1865860 236
1865870 236
1865880 237
1865890 237
1865900 237
1865910 237
1865920 238
1865930 238
1865940 238
1865950 238
1865960 238
1865970 239
1865980 239
1865990 239
1866000 239
1866010 239
1866020 239
1866030 239
1866040 239
1866050 239
1866060 239
1866070 239
1866080 239
1866090 239
1866100 239
1866110 239
1866120 239
1866130 239
1866140 239
1866150 239
1866160 239
1866170 239
1866180 239
1866190 239
1866200 239
1866210 238
1866220 237
1866230 237
1866240 237
1866250 236
1866260 236
1866270 235
1866280 235
1866290 235
1866300 235
1866310 235
1866320 235
1866330 235
1866340 236
1866350 236
1866360 237
1866370 238
1866380 238
1866390 239
1866400 239
1866410 239
1866420 240
1866430 240
1866440 240
1866450 241
1866460 241
1866470 241
1866480 242
1866490 242
1866500 242
1866510 242
1866520 243
1866530 243
1866540 243
1866550 244
1866560 244
1866570 244
1866580 244
1866590 244
1866600 245
1866610 245
1866620 245
1866630 245
1866640 246
1866650 246
1866660 246
1866670 246
1866680 246
1866690 246
1866700 246
1866710 246
1866720 246
1866730 247
1866740 247
1866750 247
1866760 247
1866770 247
1866780 247
1866790 246
1866800 246
1866810 246
1866820 246
1866830 246
1866840 246
1866850 246
1866860 246
1866870 246
1866880 246
1866890 246
1866900 246
1866910 247
1866920 247
1866930 247
1866940 248
1866950 248
1866960 248
1866970 249
1866980 249
1866990 249
1867000 249
1867010 250
1867020 250
1867030 250
1867040 250
1867050 250
1867060 251
1867070 251
1867080 251
1867090 252
1867100 252
1867110 252
1867120 253
1867130 253
1867140 253
1867150 254
1867160 254
1867170 254
1867180 254
1867190 254
1867200 254
1867210 254
1867220 254
1867230 254
1867240 255
1867250 255
1867260 255
1867270 255
1867280 255
1867290 255
1867300 256
1867310 257
1867320 257
1867330 257
1867340 259
1867350 259
1867360 259
1867370 260
1867380 260
1867390 260
1867400 261
1867410 261
1867420 263
1867430 264
1867440 264
1867450 265
1867460 265
1867470 265
1867480 265
1867490 265
1867500 265
1867510 265
1867520 265
1867530 265
1867540 265
1867550 265
1867560 265
1867570 265
1867580 265
1867590 265
1867600 264
1867610 263
1867620 262
1867630 262
1867640 261
1867650 261
1867660 260
1867670 260
1867680 260
1867690 259
1867700 259
1867710 259
1867720 258
1867730 258
1867740 258
1867750 257
1867760 256
1867770 256
1867780 255
1867790 253
1867800 253
1867810 251
1867820 248
1867830 248
1867840 247
1867850 245
1867860 245
1867870 243
1867880 241
1867890 241
1867900 240
1867910 239
1867920 239
1867930 238
1867940 236
1867950 233
1867960 232
1867970 230
1867980 230
1867990 229
1868000 229
1868010 229
1868020 229
1868030 229
1868040 230
1868050 230
1868060 230
1868070 229
1868080 229
1868090 228
1868100 228
1868110 228
1868120 227
1868130 227
1868140 227
1868150 226
1868160 226
1868170 226
1868180 226
1868190 225
1868200 225
1868210 224
1868220 224
1868230 224
1868240 224
1868250 223
1868260 223
1868270 222
1868280 222
1868290 222
1868300 221
1868310 221
1868320 221
1868330 220
1868340 220
1868350 220
1868360 220
1868370 220
1868380 220
1868390 220
1868400 220
1868410 220
1868420 220
1868430 221
1868440 221
1868450 221
1868460 221
1868470 221
1868480 221
1868490 221
1868500 221
1868510 222
1868520 222
1868530 222
1868540 222
1868550 222
1868560 222
1868570 222
1868580 222
1868590 222
1868600 222
1868610 222
1868620 222
1868630 222
1868640 221
1868650 221
1868660 221
1868670 221
1868680 221
1868690 221
1868700 221
1868710 221
1868720 221
1868730 220
1868740 220
1868750 220
1868760 220
1868770 220
1868780 220
1868790 220
1868800 220
1868810 220
1868820 220
1868830 220
1868840 220
1868850 220
1868860 220
1868870 219
1868880 219
1868890 219
1868900 219
1868910 219
1868920 219
1868930 219
1868940 219
1868950 219
1868960 219
1868970 219
1868980 219
1868990 218
1869000 218
1869010 218
1869020 218
1869030 218
1869040 218
1869050 217
1869060 217
1869070 217
1869080 217
1869090 216
1869100 216
1869110 216
1869120 216
1869130 216
1869140 216
1869150 216
1869160 216
1869170 216
1869180 216
1869190 216
1869200 216
1869210 216
1869220 216
1869230 216
1869240 216
1869250 216
1869260 216
1869270 216
1869280 216
1869290 216
1869300 217
1869310 217
1869320 217
1869330 218
1869340 218
1869350 218
1869360 218
1869370 218
1869380 218
1869390 219
1869400 219
1869410 219
1869420 220
1869430 220
1869440 220
1869450 220
1869460 220
1869470 220
1869480 221
1869490 221
1869500 221
1869510 221
1869520 222
1869530 222
1869540 223
1869550 223
1869560 223
1869570 223
1869580 223
1869590 223
1869600 225
1869610 226
1869620 226
1869630 226
1869640 226
1869650 226
1869660 226
1869670 226
1869680 226
1869690 226
1869700 226
1869710 226
1869720 225
1869730 224
1869740 224
1869750 223
1869760 222
1869770 222
1869780 221
1869790 220
1869800 220
1869810 218
1869820 216
1869830 216
1869840 214
1869850 211
1869860 211
1869870 208
1869880 204
1869890 204
1869900 202
1869910 200
1869920 200
1869930 198
1869940 197
1869950 197
1869960 196
1869970 196
1869980 196
1869990 194
1870000 193
1870010 193
1870020 192
1870030 191
1870040 191
1870050 189
1870060 188
1870070 188
1870080 188
1870090 187
1870100 187
1870110 186
1870120 185
1870130 185
1870140 184
1870150 184
1870160 184
1870170 183
1870180 182
1870190 181
1870200 181
1870210 181
1870220 180
1870230 180
1870240 180
1870250 179
1870260 179
1870270 179
1870280 178
1870290 178
1870300 178
1870310 178
1870320 178
1870330 177
1870340 177
1870350 177
1870360 177
1870370 177
1870380 177
1870390 177
1870400 177
1870410 177
1870420 177
1870430 178
1870440 178
1870450 178
1870460 179
1870470 179
1870480 180
1870490 181
1870500 181
1870510 183
1870520 186
1870530 186
1870540 189
1870550 191
1870560 191
1870570 192
1870580 194
1870590 194
1870600 195
1870610 196
1870620 196
1870630 196
1870640 199
1870650 199
1870660 199
1870670 200
1870680 200
1870690 200
1870700 201
1870710 201
1870720 202
1870730 202
1870740 202
1870750 203
1870760 203
1870770 203
1870780 203
1870790 202
1870800 202
1870810 201
1870820 201
1870830 201
1870840 200
1870850 199
1870860 199
1870870 198
1870880 198
1870890 198
1870900 197
1870910 196
1870920 196
1870930 195
1870940 194
1870950 194
1870960 192
1870970 190
1870980 190
1870990 189
1871000 189
1871010 189
1871020 188
1871030 188
1871040 188
1871050 187
1871060 186
1871070 186
1871080 185
1871090 185
1871100 185
1871110 186
1871120 187
1871130 187
1871140 188
1871150 190
1871160 190
1871170 191
1871180 193
1871190 193
1871200 194
1871210 196
1871220 196
1871230 199
1871240 200
1871250 200
1871260 202
1871270 203
1871280 204
1871290 204
1871300 205
1871310 205
1871320 205
1871330 204
1871340 204
1871350 204
1871360 204
1871370 204
1871380 204
1871390 204
1871400 204
1871410 204
1871420 204
1871430 204
1871440 204
1871450 204
1871460 203
1871470 203
1871480 203
1871490 202
1871500 202
1871510 201
1871520 199
1871530 199
1871540 198
1871550 196
1871560 196
1871570 194
1871580 193
1871590 193
1871600 192
1871610 191
1871620 191
1871630 190
1871640 189
1871650 189
1871660 189
1871670 189
1871680 189
1871690 189
1871700 190
1871710 190
1871720 191
1871730 193
1871740 193
1871750 194
1871760 194
1871770 194
1871780 194
1871790 194
1871800 194
1871810 194
1871820 193
1871830 193
1871840 193
1871850 193
1871860 193
1871870 193
1871880 193
1871890 193
1871900 192
1871910 192
1871920 192
1871930 192
1871940 193
1871950 193
1871960 194
1871970 195
1871980 195
1871990 196
1872000 196
1872010 196
1872020 196
1872030 196
1872040 196
1872050 196
1872060 196
1872070 196
1872080 196
1872090 196
1872100 196
1872110 196
1872120 196
1872130 196
1872140 196
1872150 196
1872160 196
1872170 196
1872180 196
1872190 196
1872200 196
1872210 196
1872220 196
1872230 196
1872240 196
1872250 196
1872260 196
1872270 196
1872280 196
1872290 196
1872300 196
1872310 196
1872320 196
1872330 196
1872340 196
1872350 196
1872360 195
1872370 195
1872380 195
1872390 196
1872400 196
1872410 196
1872420 196
1872430 196
1872440 196
1872450 197
1872460 197
1872470 197
1872480 197
1872490 198
1872500 198
1872510 198
1872520 199
1872530 199
1872540 200
1872550 200
1872560 200
1872570 200
1872580 200
1872590 200
1872600 201
1872610 200
1872620 200
1872630 200
1872640 198
1872650 198
1872660 197
1872670 196
1872680 196
1872690 195
1872700 192
1872710 192
1872720 192
1872730 190
1872740 190
1872750 189
1872760 188
1872770 188
1872780 187
1872790 185
1872800 185
1872810 184
1872820 183
1872830 183
1872840 182
1872850 181
1872860 181
1872870 181
1872880 180
1872890 180
1872900 180
1872910 181
1872920 181
1872930 181
1872940 181
1872950 181
1872960 181
1872970 183
1872980 183
1872990 183
1873000 183
1873010 183
1873020 183
1873030 182
1873040 182
1873050 182
1873060 181
1873070 181
1873080 181
1873090 180
1873100 180
1873110 180
1873120 180
1873130 180
1873140 180
1873150 179
1873160 179
1873170 179
1873180 179
1873190 179
1873200 178
1873210 178
1873220 178
1873230 178
1873240 177
1873250 177
1873260 177
1873270 177
1873280 177
1873290 177
1873300 176
1873310 176
1873320 176
1873330 176
1873340 176
1873350 175
1873360 175
1873370 175
1873380 175
1873390 174
1873400 174
1873410 174
1873420 174
1873430 174
1873440 174
1873450 174
1873460 174
1873470 174
1873480 173
1873490 173
1873500 173
1873510 173
1873520 172
1873530 172
1873540 172
1873550 172
1873560 172
1873570 171
1873580 171
1873590 171
1873600 171
1873610 170
1873620 170
1873630 170
1873640 169
1873650 169
1873660 169
1873670 169
1873680 169
1873690 168
1873700 168
1873710 168
1873720 168
1873730 168
1873740 168
1873750 168
1873760 168
1873770 168
1873780 168
1873790 168
1873800 168
1873810 168
1873820 168
1873830 168
1873840 167
1873850 167
1873860 167
1873870 166
1873880 166
1873890 166
1873900 165
1873910 165
1873920 165
1873930 164
1873940 164
1873950 164
1873960 164
1873970 163
1873980 163
1873990 163
1874000 163
1874010 163
1874020 163
1874030 163
1874040 163
1874050 163
1874060 163
1874070 163
1874080 163
1874090 162
1874100 162
1874110 162
1874120 161
1874130 161
1874140 160
1874150 160
1874160 160
1874170 160
1874180 160
1874190 160
1874200 160
1874210 164
1874220 164
1874230 166
1874240 166
1874250 166
1874260 166
1874270 163
1874280 163
1874290 160
1874300 159
1874310 159
1874320 159
1874330 159
1874340 159
1874350 159
1874360 159
1874370 159
1874380 159
1874390 159
1874400 159
1874410 159
1874420 159
1874430 159
1874440 159
1874450 159
1874460 159
1874470 159
1874480 159
1874490 159
1874500 158
1874510 159
1874520 159
1874530 159
1874540 159
1874550 159
1874560 159
1874570 159
1874580 159
1874590 159
1874600 160
1874610 160
1874620 160
1874630 160
1874640 160
1874650 160
1874660 161
1874670 161
1874680 161
1874690 161
1874700 162
1874710 162
1874720 162
1874730 162
1874740 162
1874750 163
1874760 163
1874770 163
1874780 164
1874790 164
1874800 164
1874810 165
1874820 165
1874830 165
1874840 165
1874850 165
1874860 165
1874870 166
1874880 166
1874890 166
1874900 166
1874910 167
1874920 167
1874930 166
1874940 167
1874950 167
1874960 167
1874970 167
1874980 167
1874990 167
1875000 168
1875010 168
1875020 168
1875030 169
1875040 169
1875050 170
1875060 171
1875070 171
1875080 172
1875090 173
1875100 173
1875110 174
1875120 174
1875130 174
1875140 175
1875150 175
1875160 175
1875170 176
1875180 176
1875190 176
1875200 176
1875210 177
1875220 177
1875230 177
1875240 178
1875250 178
1875260 178
1875270 178
1875280 178
1875290 179
1875300 179
1875310 179
1875320 179
1875330 179
1875340 179
1875350 179
1875360 179
1875370 179
1875380 179
1875390 179
1875400 179
1875410 180
1875420 180
1875430 180
1875440 180
1875450 180
1875460 180
1875470 180
1875480 180
1875490 180
1875500 180
1875510 180
1875520 180
1875530 180
1875540 180
1875550 180
1875560 180
1875570 180
1875580 180
1875590 180
1875600 180
1875610 180
1875620 180
1875630 180
1875640 180
1875650 181
1875660 181
1875670 181
1875680 181
1875690 181
1875700 182
1875710 182
1875720 182
1875730 181
1875740 181
1875750 180
1875760 180
1875770 180
1875780 180
1875790 181
1875800 181
1875810 181
1875820 181
1875830 181
1875840 181
1875850 181
1875860 181
1875870 181
1875880 181
1875890 181
1875900 181
1875910 181
1875920 181
1875930 181
1875940 181
1875950 181
1875960 181
1875970 181
1875980 181
1875990 181
1876000 181
1876010 181
1876020 181
1876030 181
1876040 181
1876050 181
1876060 180
1876070 180
1876080 181
1876090 181
1876100 181
1876110 181
1876120 181
1876130 181
1876140 181
1876150 181
1876160 181
1876170 181
1876180 180
1876190 180
1876200 180
1876210 180
1876220 180
1876230 180
1876240 180
1876250 180
1876260 180
1876270 180
1876280 180
1876290 180
1876300 180
1876310 180
1876320 180
1876330 180
1876340 180
1876350 181
1876480 180
1876490 180
1876500 180
1876510 179
1876520 179
1876530 179
1876540 179
1876550 179
1876560 179
1876570 179
1876580 179
1876590 179
1876600 179
1876610 179
1876620 179
1876630 179
1876640 179
1876650 178
1876660 178
1876670 178
1876680 178
1876690 178
1876700 178
1876710 178
1876720 178
1876730 178
1876740 178
1876750 178
1876760 178
1876770 178
1876780 178
1876790 178
1876800 178
1876810 178
1876820 178
1876830 178
1876840 178
1876850 178
1876860 178
1876870 178
1876880 178
1876890 178
1876900 178
1876910 178
1876920 178
1876930 178
1876940 179
1876950 179
1876960 179
1876970 179
1876980 179
1876990 179
1877000 179
1877010 179
1877020 179
1877030 179
1877040 179
1877050 179
1877060 179
1877070 179
1877080 179
1877090 179
1877100 179
1877110 179
1877120 179
1877130 179
1877140 180
1877150 180
1877160 180
1877170 180
1877180 180
1877190 180
1877200 180
1877210 180
1877220 180
1877230 180
1877240 180
1877250 180
1877260 180
1877270 180
1877280 180
1877290 180
1877300 180
1877310 180
1877320 180
1877330 180
1877340 180
1877350 180
1877360 180
1877370 180
1877380 180
1877390 180
1877400 180
1877410 180
1877420 180
1877430 180
1877440 180
1877450 180
1877460 180
1877470 180
1877480 180
1877490 180
1877500 180
1877510 180
1877520 180
1877530 180
1877540 180
1877550 180
1877560 180
1877570 180
1877580 180
1877590 180
1877600 180
1877610 180
1877620 180
1877630 180
1877640 180
1877650 179
1877660 179
1877670 179
1877680 179
1877690 179
1877700 179
1877710 179
1877720 179
1877730 179
1877740 179
1877750 179
1877760 179
1877770 179
1877780 179
1877790 179
1877800 179
1877810 179
1877820 179
1877830 179
1877840 179
1877850 179
1877860 179
1877870 179
1877880 179
1877890 180
1877900 179
1877910 179
1877920 179
1877930 179
1877940 179
1877950 179
1877960 179
1877970 179
1877980 179
1877990 179
1878000 179
1878010 179
1878020 179
1878030 179
1878040 179
1878050 179
1878060 179
1878070 179
1878080 179
1878090 179
1878100 179
1878110 179
1878120 179
1878130 179
1878140 179
1878150 179
1878160 179
1878170 179
1878180 179
1878190 179
1878200 179
1878210 179
1878220 179
1878230 179
1878240 179
1878250 179
1878260 179
1878270 179
1878280 179
1878290 179
1878300 179
1878310 179
1878320 179
1878330 179
1878340 179
1878350 179
1878360 179
1878370 179
1878380 179
1878390 179
1878400 179
1878410 179
1878420 178
1878430 178
1878440 179
1878450 179
1878460 179
1878470 179
1878480 179
1878490 179
1878500 179
1878510 179
1878520 179
1878530 179
1878540 178
1878550 178
1878560 178
1878570 178
1878580 178
1878590 178
1878600 179
1878610 179
1878620 179
1878630 179
1878640 179
1878650 179
1878660 179
1878670 179
1878680 179
1878690 179
1878700 179
1878710 179
1878720 179
1878730 179
1878740 179
1878750 179
1878760 179
1878770 179
1878780 179
1878790 179
1878800 179
1878810 179
1878820 179
1878830 179
1878840 179
1878850 179
1878860 179
1878870 179
1878880 179
1878890 179
1878900 179
1878910 179
1878920 179
1878930 179
1878940 179
1878950 179
1878960 179
1878970 179
1878980 179
1878990 179
1879000 178
1879010 178
1879020 178
1879030 178
1879040 178
1879050 178
1879060 178
1879070 178
1879080 178
1879090 178
1879100 178
1879110 178
1879120 178
1879130 178
1879140 178
1879150 178
1879160 178
1879170 178
1879180 178
1879190 178
1879200 178
1879210 178
1879220 178
1879230 178
1879240 178
1879250 178
1879260 178
1879270 178
1879280 178
1879290 178
1879300 178
1879310 178
1879320 178
1879330 178
1879340 178
1879350 178
1879360 178
1879370 178
1879380 178
1879390 178
1879400 178
1879410 178
1879420 178
1879430 178
1879440 178
1879450 178
1879460 178
1879470 178
1879480 178
1879490 178
1879500 178
1879510 178
1879520 178
1879530 178
1879540 178
1879550 178
1879560 178
1879570 178
1879580 178
1879590 178
1879600 178
1879610 178
1879620 178
1879630 178
1879640 178
1879650 178
1879660 178
1879670 178
1879680 178
1879690 178
1879700 178
1879710 178
1879720 178
1879730 178
1879740 178
1879750 178
1879760 178
1879770 178
1879780 178
1879790 178
1879800 178
1879810 178
1879820 178
1879830 178
1879840 178
1879850 178
1879860 178
1879870 178
1879880 178
1879890 178
1879900 178
1879910 178
1879920 178
1879930 178
1879940 178
1879950 177
1879960 177
1879970 177
1879980 177
1879990 177
