1860000 165
1860010 165
1860020 165
1860030 165
1860040 165
1860050 165
1860060 165
1860070 165
1860080 165
1860090 165
1860100 164
1860110 164
1860120 164
1860130 164
1860140 164
1860150 164
1860160 164
1860170 164
1860180 164
1860190 164
1860200 164
1860210 163
1860220 163
1860230 163
1860240 163
1860250 163
1860260 163
1860270 163
1860280 163
1860290 163
1860300 163
1860310 163
1860320 163
1860330 163
1860340 163
1860350 163
1860360 163
1860370 163
1860380 163
1860390 163
1860400 163
1860410 163
1860420 163
1860430 162
1860440 162
1860450 162
1860460 162
1860470 162
1860480 162
1860490 162
1860500 162
1860510 162
1860520 162
1860530 162
1860540 162
1860550 162
1860560 162
1860570 162
1860580 162
1860590 162
1860600 161
1860610 161
1860620 161
1860630 161
1860640 161
1860650 161
1860660 161
1860670 160
1860680 160
1860690 160
1860700 160
1860710 160
1860720 160
1860730 159
1860740 159
1860750 160
1860760 159
1860770 159
1860780 159
1860790 159
1860800 159
1860810 159
1860820 159
1860830 159
1860840 159
1860850 158
1860860 158
1860870 158
1860880 158
1860890 158
1860900 158
1860910 158
1860920 158
1860930 158
1860940 158
1860950 158
1860960 158
1860970 158
1860980 158
1860990 158
1861000 158
1861010 158
1861020 158
1861030 158
1861040 158
1861050 158
1861060 159
1861070 159
1861080 159
1861090 159
1861100 159
1861110 159
1861120 159
1861130 159
1861140 159
1861150 159
1861160 159
1861170 159
1861180 159
1861190 159
1861200 159
1861210 159
1861220 159
1861230 159
1861240 160
1861250 160
1861260 160
1861270 161
1861280 161
1861290 161
1861300 161
1861310 161
1861320 161
1861330 161
1861340 161
1861350 161
1861360 161
1861370 161
1861380 161
1861390 161
1861400 161
1861410 161
1861420 162
1861430 162
1861440 162
1861450 162
1861460 162
1861470 162
1861480 162
1861490 162
1861500 162
1861510 162
1861520 162
1861530 162
1861540 162
1861550 162
1861560 162
1861570 162
1861580 162
1861590 162
1861600 162
1861610 162
1861620 162
1861630 162
1861640 162
1861650 162
1861660 162
1861670 162
1861680 162
1861690 162
1861700 162
1861710 162
1861720 163
1861730 163
1861740 163
1861750 163
1861760 163
1861770 163
1861780 163
1861790 163
1861800 163
1861810 163
1861820 163
1861830 163
1861840 163
1861850 163
1861860 163
1861870 163
1861880 163
1861890 163
1861900 164
1861910 164
1861920 164
1861930 164
1861940 164
1861950 164
1861960 164
1861970 164
1861980 164
1861990 164
1862000 163
1862010 163
1862020 164
1862030 164
1862040 164
1862050 164
1862060 164
1862070 164
1862080 164
1862090 164
1862100 164
1862110 164
1862120 164
1862130 164
1862140 164
1862150 164
1862160 164
1862170 164
1862180 164
1862190 164
1862200 164
1862210 165
1862220 165
1862230 165
1862240 165
1862250 165
1862260 165
1862270 165
1862280 165
1862290 165
1862300 164
1862310 164
1862320 164
1862330 164
1862340 164
1862350 164
1862360 164
1862370 164
1862380 164
1862390 164
1862400 164
1862410 164
1862420 164
1862430 164
1862440 164
1862450 164
1862460 164
1862470 164
1862480 164
1862490 164
1862500 164
1862510 164
1862520 164
1862530 164
1862540 165
1862550 165
1862560 165
1862570 166
1862580 166
1862590 166
1862600 166
1862610 167
1862620 167
1862630 167
1862640 168
1862650 168
1862660 168
1862670 168
1862680 168
1862690 168
1862700 168
1862710 168
1862720 168
1862730 169
1862740 169
1862750 169
1862760 169
1862770 169
1862780 169
1862790 169
1862800 169
1862810 169
1862820 169
1862830 169
1862840 169
1862850 169
1862860 169
1862870 169
1862880 169
1862890 169
1862900 168
1862910 168
1862920 168
1862930 168
1862940 168
1862950 168
1862960 168
1862970 168
1862980 168
1862990 168
1863000 168
1863010 168
1863020 168
1863030 168
1863040 168
1863050 168
1863060 168
1863070 168
1863080 168
1863090 168
1863100 168
1863110 169
1863120 169
1863130 169
1863140 169
1863150 169
1863160 169
1863170 169
1863180 170
1863190 170
1863200 170
1863210 170
1863220 170
1863230 170
1863240 171
1863250 171
1863260 171
1863270 171
1863280 172
1863290 172
1863300 172
1863310 172
1863320 172
1863330 172
1863340 172
1863350 172
1863360 172
1863370 172
1863380 172
1863390 172
1863400 172
1863410 172
1863420 171
1863430 171
1863440 171
1863450 171
1863460 172
1863470 172
1863480 172
1863490 172
1863500 172
1863510 172
1863520 173
1863530 173
1863540 173
1863550 174
1863560 174
1863570 174
1863580 175
1863590 175
1863600 175
1863610 176
1863620 176
1863630 177
1863640 177
1863650 177
1863660 178
1863670 178
1863680 178
1863690 179
1863700 180
1863710 179
1863720 179
1863730 180
1863740 180
1863750 180
1863760 180
1863770 180
1863780 181
1863790 181
1863800 181
1863810 181
1863820 182
1863830 182
1863840 182
1863850 183
1863860 183
1863870 183
1863880 184
1863890 184
1863900 184
1863910 184
1863920 184
1863930 184
1863940 185
1863950 185
1863960 185
1863970 185
1863980 185
1863990 185
1864000 185
1864010 185
1864020 185
1864030 185
1864040 185
1864050 184
1864060 184
1864070 184
1864080 184
1864090 184
1864100 184
1864110 184
1864120 184
1864130 184
1864140 184
1864150 184
1864160 184
1864170 184
1864180 184
1864190 184
1864200 185
1864210 185
1864220 185
1864230 185
1864240 185
1864250 185
1864260 185
1864270 185
1864280 185
1864290 186
1864300 186
1864310 186
1864320 186
1864330 186
1864340 186
1864350 186
1864360 187
1864370 187
1864380 187
1864390 186
1864400 186
1864410 186
1864420 186
1864430 186
1864440 186
1864450 186
1864460 186
1864470 186
1864480 186
1864490 186
1864500 186
1864510 186
1864520 186
1864530 186
1864540 186
1864550 186
1864560 186
1864570 186
1864580 185
1864590 185
1864600 185
1864610 185
1864620 185
1864630 184
1864640 184
1864650 184
1864660 184
1864670 184
1864680 184
1864690 184
1864700 184
1864710 184
1864720 184
1864730 183
1864740 183
1864750 183
1864760 182
1864770 182
1864780 182
1864790 182
1864800 182
1864810 182
1864820 182
1864830 182
1864840 182
1864850 183
1864860 183
1864870 184
1864880 185
1864890 185
1864900 186
1864910 187
1864920 187
1864930 189
1864940 190
1864950 190
1864960 191
1864970 193
1864980 193
1864990 194
1865000 195
1865010 195
1865020 195
1865030 196
1865040 196
1865050 197
1865060 197
1865070 197
1865080 197
1865090 197
1865100 197
1865110 198
1865120 198
1865130 198
1865140 199
1865150 199
1865160 199
1865170 200
1865180 200
1865190 200
1865200 200
1865210 201
1865220 201
1865230 201
1865240 202
1865250 202
1865260 202
1865270 202
1865280 202
1865290 202
1865300 202
1865310 202
1865320 202
1865330 202
1865340 202
1865350 201
1865360 201
1865370 201
1865380 201
1865390 202
1865400 202
1865410 202
1865420 200
1865430 200
1865440 197
1865450 195
1865460 195
1865470 197
1865480 200
1865490 200
1865500 200
1865510 200
1865520 201
1865530 201
1865540 204
1865550 206
1865560 206
1865570 206
1865580 207
1865590 207
1865600 207
1865610 208
1865620 208
1865630 208
1865640 208
1865650 208
1865660 209
1865670 209
1865680 209
1865690 209
1865700 209
1865710 209
1865720 209
1865730 209
1865740 209
1865750 209
1865760 210
1865770 210
1865780 210
1865790 210
1865800 210
1865810 210
1865820 210
1865830 210
1865840 210
1865850 210
1865860 210
1865870 210
1865880 210
1865890 210
1865900 210
1865910 210
1865920 210
1865930 210
1865940 210
1865950 210
1865960 211
1865970 211
1865980 211
1865990 211
1866000 211
1866010 211
1866020 212
1866030 212
1866040 212
1866050 212
1866060 212
1866070 212
1866080 213
1866090 213
1866100 213
1866110 214
1866120 214
1866130 214
1866140 214
1866150 215
1866160 215
1866170 216
1866180 217
1866190 217
1866200 218
1866210 218
1866220 218
1866230 219
1866240 220
1866250 220
1866260 221
1866270 221
1866280 221
1866290 221
1866300 222
1866310 222
1866320 222
1866330 223
1866340 223
1866350 223
1866360 223
1866370 223
1866380 224
1866390 225
1866400 225
1866410 225
1866420 225
1866430 225
1866440 225
1866450 226
1866460 226
1866470 226
1866480 226
1866490 226
1866500 226
1866510 227
1866520 227
1866530 227
1866540 227
1866550 227
1866560 227
1866570 227
1866580 227
1866590 227
1866600 227
1866610 227
1866620 227
1866630 227
1866640 227
1866650 227
1866660 227
1866670 227
1866680 227
1866690 227
1866700 227
1866710 227
1866720 227
1866730 227
1866740 227
1866750 227
1866760 228
1866770 228
1866780 228
1866790 228
1866800 228
1866810 228
1866820 228
1866830 228
1866840 228
1866850 228
1866860 228
1866870 228
1866880 228
1866890 228
1866900 229
1866910 229
1866920 229
1866930 229
1866940 230
1866950 230
1866960 230
1866970 230
1866980 230
1866990 231
1867000 231
1867010 231
1867020 232
1867030 232
1867040 232
1867050 233
1867060 234
1867070 234
1867080 234
1867090 235
1867100 235
1867110 236
1867120 237
1867130 237
1867140 238
1867150 239
1867160 239
1867170 239
1867180 240
1867190 240
1867200 240
1867210 240
1867220 240
1867230 240
1867240 241
1867250 241
1867260 242
1867270 242
1867280 242
1867290 243
1867300 243
1867310 243
1867320 243
1867330 244
1867340 244
1867350 244
1867360 244
1867370 244
1867380 244
1867390 245
1867400 245
1867410 245
1867420 245
1867430 245
1867440 245
1867450 245
1867460 245
1867470 245
1867480 246
1867490 246
1867500 246
1867510 246
1867520 246
1867530 246
1867540 246
1867550 246
1867560 246
1867570 246
1867580 246
1867590 245
1867600 245
1867610 245
1867620 244
1867630 244
1867640 244
1867650 243
1867660 243
1867670 243
1867680 243
1867690 242
1867700 242
1867710 242
1867720 241
1867730 241
1867740 241
1867750 241
1867760 241
1867770 241
1867780 241
1867790 241
1867800 241
1867810 240
1867820 240
1867830 240
1867840 240
1867850 239
1867860 239
1867870 239
1867880 239
1867890 239
1867900 238
1867910 238
1867920 238
1867930 238
1867940 237
1867950 237
1867960 237
1867970 237
1867980 237
1867990 237
1868000 237
1868010 237
1868020 236
1868030 236
1868040 236
1868050 236
1868060 236
1868070 236
1868080 237
1868090 237
1868100 237
1868110 239
1868120 239
1868130 239
1868140 240
1868150 241
1868160 241
1868170 241
1868180 242
1868190 242
1868200 242
1868210 243
1868220 243
1868230 244
1868240 244
1868250 244
1868260 245
1868270 245
1868280 245
1868290 245
1868300 246
1868310 246
1868320 246
1868330 246
1868340 246
1868350 246
1868360 245
1868370 245
1868380 246
1868390 246
1868400 246
1868410 246
1868420 247
1868430 247
1868440 247
1868450 248
1868460 248
1868470 248
1868480 248
1868490 248
1868500 249
1868510 249
1868520 249
1868530 249
1868540 249
1868550 249
1868560 250
1868570 250
1868580 250
1868590 250
1868600 250
1868610 250
1868620 250
1868630 250
1868640 250
1868650 250
1868660 250
1868670 250
1868680 250
1868690 250
1868700 250
1868710 250
1868720 250
1868730 250
1868740 250
1868750 250
1868760 250
1868770 250
1868780 249
1868790 249
1868800 249
1868810 249
1868820 249
1868830 249
1868840 249
1868850 249
1868860 249
1868870 249
1868880 249
1868890 249
1868900 250
1868910 250
1868920 250
1868930 249
1868940 249
1868950 248
1868960 247
1868970 247
1868980 247
1868990 247
1869000 246
1869010 246
1869020 246
1869030 246
1869040 246
1869050 246
1869060 246
1869070 246
1869080 246
1869090 246
1869100 246
1869110 246
1869120 246
1869130 246
1869140 245
1869150 244
1869160 244
1869170 243
1869180 242
1869190 242
1869200 241
1869210 241
1869220 241
1869230 240
1869240 240
1869250 240
1869260 240
1869270 240
1869280 240
1869290 240
1869300 240
1869310 240
1869320 240
1869330 240
1869340 240
1869350 240
1869360 240
1869370 240
1869380 240
1869390 239
1869400 239
1869410 239
1869420 239
1869430 239
1869440 239
1869450 239
1869460 239
1869470 238
1869480 238
1869490 238
1869500 238
1869510 238
1869520 238
1869530 237
1869540 237
1869550 237
1869560 237
1869570 236
1869580 236
1869590 236
1869600 236
1869610 236
1869620 235
1869630 235
1869640 235
1869650 235
1869660 234
1869670 234
1869680 234
1869690 234
1869700 234
1869710 234
1869720 233
1869730 233
1869740 233
1869750 232
1869760 232
1869770 232
1869780 232
1869790 231
1869800 231
1869810 231
1869820 231
1869830 230
1869840 230
1869850 230
1869860 229
1869870 229
1869880 229
1869890 229
1869900 229
1869910 229
1869920 229
1869930 229
1869940 229
1869950 229
1869960 229
1869970 229
1869980 229
1869990 229
1870000 229
1870010 229
1870020 229
1870030 229
1870040 229
1870050 229
1870060 229
1870070 229
1870080 229
1870090 229
1870100 229
1870110 229
1870120 229
1870130 228
1870140 228
1870150 228
1870160 228
1870170 228
1870180 228
1870190 228
1870200 227
1870210 227
1870220 227
1870230 227
1870240 227
1870250 227
1870260 227
1870270 226
1870280 226
1870290 225
1870300 225
1870310 225
1870320 224
1870330 223
1870340 223
1870350 223
1870360 223
1870370 223
1870380 223
1870390 223
1870400 223
1870410 222
1870420 222
1870430 222
1870440 221
1870450 219
1870460 218
1870470 216
1870480 215
1870490 215
1870500 213
1870510 211
1870520 211
1870530 210
1870540 208
1870550 208
1870560 207
1870570 206
1870580 206
1870590 205
1870600 204
1870610 204
1870620 204
1870630 204
1870640 204
1870650 204
1870660 204
1870670 204
1870680 204
1870690 205
1870700 205
1870710 205
1870720 207
1870730 207
1870740 209
1870750 211
1870760 211
1870770 212
1870780 213
1870790 212
1870800 212
1870810 212
1870820 212
1870830 213
1870840 214
1870850 214
1870860 215
1870870 217
1870880 217
1870890 219
1870900 221
1870910 221
1870920 224
1870930 227
1870940 227
1870950 229
1870960 231
1870970 231
1870980 232
1870990 232
1871000 232
1871010 232
1871020 232
1871030 232
1871040 233
1871050 233
1871060 233
1871070 234
1871080 234
1871090 234
1871100 234
1871110 232
1871120 232
1871130 231
1871140 230
1871150 230
1871160 229
1871170 229
1871180 229
1871190 229
1871200 229
1871210 229
1871220 228
1871230 226
1871240 226
1871250 225
1871260 224
1871270 224
1871280 222
1871290 221
1871300 220
1871310 220
1871320 219
1871330 218
1871340 218
1871350 217
1871360 216
1871370 216
1871380 214
1871390 212
1871400 212
1871410 209
1871420 207
1871430 207
1871440 205
1871450 205
1871460 204
1871470 204
1871480 204
1871490 204
1871500 204
1871510 206
1871520 206
1871530 211
1871540 214
1871550 214
1871560 215
1871570 215
1871580 215
1871590 214
1871600 214
1871610 214
1871620 214
1871630 215
1871640 215
1871650 217
1871660 217
1871670 217
1871680 217
1871690 216
1871700 216
1871710 215
1871720 213
1871730 213
1871740 212
1871750 211
1871760 211
1871770 211
1871780 209
1871790 208
1871800 207
1871810 206
1871820 206
1871830 205
1871840 205
1871850 205
1871860 205
1871870 208
1871880 208
1871890 210
1871900 212
1871910 212
1871920 213
1871930 213
1871940 213
1871950 213
1871960 213
1871970 213
1871980 212
1871990 211
1872000 211
1872010 211
1872020 209
1872030 209
1872040 208
1872050 208
1872060 208
1872070 207
1872080 207
1872090 207
1872100 206
1872110 206
1872120 206
1872130 205
1872140 206
1872150 206
1872160 206
1872170 207
1872180 207
1872190 207
1872200 207
1872210 207
1872220 206
1872230 206
1872240 206
1872250 205
1872260 204
1872270 204
1872280 204
1872290 203
1872300 203
1872310 203
1872320 202
1872330 202
1872340 202
1872350 201
1872360 201
1872370 200
1872380 200
1872390 200
1872400 199
1872410 199
1872420 199
1872430 198
1872440 198
1872450 197
1872460 197
1872470 196
1872480 196
1872490 196
1872500 196
1872510 195
1872520 195
1872530 194
1872540 194
1872550 194
1872560 194
1872570 193
1872580 193
1872590 193
1872600 194
1872610 194
1872620 194
1872630 194
1872640 194
1872650 195
1872660 195
1872670 195
1872680 196
1872690 196
1872700 196
1872710 197
1872720 198
1872730 198
1872740 197
1872750 197
1872760 197
1872770 197
1872780 197
1872790 196
1872800 196
1872810 196
1872820 196
1872830 195
1872840 195
1872850 195
1872860 196
1872870 196
1872880 196
1872890 197
1872900 197
1872910 197
1872920 198
1872930 198
1872940 198
1872950 198
1872960 199
1872970 199
1872980 200
1872990 200
1873000 200
1873010 201
1873020 201
1873030 201
1873040 201
1873050 201
1873060 201
1873070 201
1873080 200
1873090 200
1873100 199
1873110 197
1873120 197
1873130 196
1873140 195
1873150 195
1873160 193
1873170 191
1873180 191
1873190 190
1873200 189
1873210 189
1873220 188
1873230 187
1873240 187
1873250 186
1873260 186
1873270 186
1873280 184
1873290 184
1873300 184
1873310 183
1873320 182
1873330 182
1873340 182
1873350 181
1873360 181
1873370 181
1873380 180
1873390 180
1873400 180
1873410 180
1873420 180
1873430 179
1873440 179
1873450 179
1873460 179
1873470 179
1873480 179
1873490 179
1873500 179
1873510 179
1873520 179
1873530 179
1873540 179
1873550 178
1873560 178
1873570 178
1873580 178
1873590 178
1873600 178
1873610 178
1873620 179
1873630 179
1873640 179
1873650 178
1873660 178
1873670 178
1873680 178
1873690 178
1873700 178
1873710 177
1873720 175
1873730 175
1873740 169
1873750 165
1873760 165
1873770 165
1873780 165
1873790 164
1873800 164
1873810 167
1873820 167
1873830 169
1873840 171
1873850 171
1873860 170
1873870 170
1873880 170
1873890 169
1873900 168
1873910 168
1873920 168
1873930 167
1873940 167
1873950 167
1873960 166
1873970 166
1873980 166
1873990 166
1874000 166
1874010 165
1874020 165
1874030 165
1874040 165
1874050 164
1874060 164
1874070 164
1874080 164
1874090 164
1874100 164
1874110 164
1874120 163
1874130 163
1874140 163
1874150 163
1874160 163
1874170 163
1874180 163
1874190 163
1874200 163
1874210 163
1874220 162
1874230 162
1874240 162
1874250 162
1874260 162
1874270 162
1874280 162
1874290 162
1874300 162
1874310 162
1874320 162
1874330 162
1874340 162
1874350 162
1874360 162
1874370 162
1874380 162
1874390 162
1874400 163
1874410 163
1874420 163
1874430 163
1874440 163
1874450 163
1874460 163
1874470 164
1874480 164
1874490 165
1874500 165
1874510 165
1874520 165
1874530 166
1874540 166
1874550 166
1874560 166
1874570 166
1874580 166
1874590 166
1874600 166
1874610 167
1874620 167
1874630 167
1874640 167
1874650 167
1874660 167
1874670 167
1874680 168
1874690 168
1874700 168
1874710 168
1874720 168
1874730 168
1874740 168
1874750 168
1874760 168
1874770 168
1874780 168
1874790 168
1874800 167
1874810 167
1874820 167
1874830 167
1874840 168
1874850 168
1874860 168
1874870 168
1874880 168
1874890 169
1874900 169
1874910 169
1874920 169
1874930 169
1874940 169
1874950 169
1874960 169
1874970 169
1874980 169
1874990 169
1875000 169
1875010 169
1875020 169
1875030 169
1875040 169
1875050 169
1875060 169
1875070 169
1875080 169
1875090 169
1875100 169
1875110 169
1875120 169
1875130 169
1875140 168
1875150 168
1875160 168
1875170 168
1875180 168
1875190 169
1875200 169
1875210 169
1875220 169
1875230 169
1875240 169
1875250 169
1875260 169
1875270 169
1875280 169
1875290 169
1875300 169
1875310 170
1875320 170
1875330 170
1875340 170
1875350 170
1875360 170
1875370 170
1875380 170
1875390 170
1875400 170
1875410 170
1875420 170
1875430 169
1875440 170
1875450 170
1875460 169
1875470 169
1875480 169
1875490 170
1875500 170
1875510 170
1875520 170
1875530 170
1875540 170
1875550 170
1875560 170
1875570 170
1875580 170
1875590 170
1875600 170
1875610 170
1875620 170
1875630 170
1875640 170
1875650 170
1875660 170
1875670 170
1875680 170
1875690 170
1875700 170
1875710 170
1875720 170
1875730 169
1875740 169
1875750 169
1875760 169
1875770 169
1875780 169
1875790 169
1875800 169
1875810 169
1875820 169
1875830 169
1875840 169
1875850 169
1875860 169
1875870 169
1875880 168
1875890 168
1875900 168
1875910 168
1875920 169
1875930 169
1875940 169
1875950 169
1875960 169
1875970 169
1875980 169
1875990 169
1876000 169
1876010 169
1876020 169
1876030 169
1876040 169
1876050 170
1876060 170
1876070 170
1876080 170
1876090 170
1876100 170
1876110 170
1876120 170
1876130 170
1876140 170
1876150 170
1876160 171
1876170 171
1876180 171
1876190 171
1876200 171
1876210 171
1876220 171
1876230 172
1876240 172
1876250 172
1876260 172
1876270 172
1876280 172
1876290 173
1876300 173
1876310 173
1876320 174
1876330 174
1876340 174
1876350 175
1876360 175
1876370 175
1876380 175
1876390 175
1876400 176
1876410 175
1876420 175
1876430 176
1876440 176
1876450 176
1876460 177
1876470 177
1876480 177
1876490 177
1876500 177
1876510 177
1876520 177
1876530 177
1876540 177
1876550 177
1876560 178
1876570 178
1876580 178
1876590 178
1876600 178
1876610 178
1876620 178
1876630 178
1876640 179
1876650 179
1876660 179
1876670 179
1876680 179
1876690 179
1876700 179
1876710 180
1876720 180
1876730 180
1876740 180
1876750 180
1876760 180
1876770 180
1876780 180
1876790 180
1876800 180
1876810 180
1876820 180
1876830 179
1876840 179
1876850 179
1876860 179
1876870 179
1876880 179
1876890 179
1876900 179
1876910 179
1876920 179
1876930 179
1876940 179
1876950 179
1876960 179
1876970 179
1876980 179
1876990 179
1877000 181
1877010 181
1877020 181
1877030 181
1877040 181
1877050 181
1877060 181
1877070 181
1877080 181
1877090 181
1877100 181
1877110 181
1877120 181
1877130 181
1877140 181
1877150 181
1877160 182
1877170 182
1877180 182
1877190 182
1877200 182
1877210 182
1877220 182
1877230 181
1877240 181
1877250 181
1877260 181
1877270 181
1877280 181
1877290 181
1877300 181
1877310 181
1877320 181
1877330 181
1877340 181
1877350 181
1877360 181
1877370 182
1877380 182
1877390 182
1877400 182
1877410 181
1877420 181
1877430 181
1877440 181
1877450 181
1877460 181
1877470 181
1877480 181
1877490 181
1877500 181
1877510 181
1877520 181
1877530 181
1877540 181
1877550 181
1877560 181
1877570 181
1877580 181
1877590 182
1877600 182
1877610 181
1877620 181
1877630 181
1877640 181
1877650 181
1877660 181
1877670 181
1877680 181
1877690 181
1877700 181
1877710 181
1877720 181
1877730 180
1877740 180
1877750 181
1877760 181
1877770 181
1877780 181
1877790 181
1877800 181
1877810 181
1877820 181
1877830 180
1877840 180
1877850 180
1877860 180
1877870 180
1877880 180
1877890 180
1877900 180
1877910 181
1877920 181
1877930 181
1877940 181
1877950 181
1877960 181
1877970 181
1877980 181
1877990 181
1878000 181
1878010 181
1878020 181
1878030 181
1878040 181
1878050 181
1878060 181
1878070 181
1878080 181
1878090 181
1878100 181
1878110 181
1878120 181
1878130 181
1878140 181
1878150 181
1878160 181
1878170 181
1878180 181
1878190 181
1878200 181
1878210 181
1878220 181
1878230 181
1878240 181
1878250 181
1878260 181
1878270 181
1878280 181
1878290 181
1878300 181
1878310 181
1878320 181
1878330 181
1878340 181
1878350 181
1878360 181
1878370 181
1878380 181
1878390 181
1878400 181
1878410 181
1878420 181
1878430 181
1878440 181
1878450 181
1878460 181
1878470 181
1878480 181
1878490 181
1878500 181
1878510 181
1878520 180
1878530 180
1878540 180
1878550 180
1878560 180
1878570 180
1878580 180
1878590 180
1878600 180
1878610 180
1878620 180
1878630 180
1878640 180
1878650 180
1878660 180
1878670 180
1878680 180
1878690 180
1878700 180
1878710 180
1878720 180
1878730 180
1878740 180
1878750 180
1878760 180
1878770 180
1878780 180
1878790 180
1878800 180
1878810 180
1878820 180
1878830 180
1878840 180
1878850 180
1878860 180
1878870 180
1878880 180
1878890 180
1878900 180
1878910 180
1878920 180
1878930 180
1878940 180
1878950 180
1878960 180
1878970 180
1878980 180
1878990 180
1879000 180
1879010 179
1879020 179
1879030 179
1879040 179
1879050 179
1879060 180
1879070 179
1879080 179
1879090 179
1879100 179
1879110 179
1879120 179
1879130 179
1879140 179
1879150 179
1879160 179
1879170 179
1879180 179
1879190 180
1879200 180
1879210 180
1879220 179
1879230 179
1879240 179
1879250 180
1879260 180
1879270 180
1879280 180
1879290 180
1879300 180
1879310 180
1879320 180
1879330 180
1879340 180
1879350 180
1879360 180
1879370 180
1879380 180
1879390 180
1879400 179
1879410 179
1879420 179
1879430 179
1879440 179
1879450 179
1879460 179
1879470 179
1879480 179
1879490 179
1879500 178
1879510 178
1879520 178
1879530 179
1879540 179
1879550 179
1879560 179
1879570 179
1879580 179
1879590 179
1879600 179
1879610 179
1879620 180
1879630 180
1879640 180
1879650 180
1879660 180
1879670 180
1879680 180
1879690 180
1879700 180
1879710 180
1879720 180
1879730 180
1879740 180
1879750 180
1879760 180
1879770 180
1879780 180
1879790 180
1879800 180
1879810 180
1879820 179
1879830 180
1879840 180
1879850 179
1879860 179
1879870 179
1879880 180
1879890 180
1879900 180
1879910 180
1879920 179
1879930 179
1879940 179
1879950 179
1879960 179
1879970 179
1879980 179
1879990 179
