1860000 161
1860010 161
1860020 161
1860030 161
1860040 161
1860050 161
1860060 161
1860070 161
1860080 161
1860090 161
1860100 161
1860110 161
1860120 161
1860130 161
1860140 161
1860150 161
1860160 161
1860170 161
1860180 161
1860190 161
1860200 162
1860210 162
1860220 162
1860230 162
1860240 163
1860250 163
1860260 163
1860270 163
1860280 163
1860290 163
1860300 162
1860310 162
1860320 162
1860330 162
1860340 162
1860350 162
1860360 161
1860370 161
1860380 161
1860390 161
1860400 161
1860410 161
1860420 161
1860430 161
1860440 161
1860450 160
1860460 160
1860470 160
1860480 160
1860490 160
1860500 160
1860510 160
1860520 160
1860530 160
1860540 160
1860550 160
1860560 159
1860570 159
1860580 159
1860590 159
1860600 159
1860610 159
1860620 159
1860630 159
1860640 159
1860650 159
1860660 159
1860670 159
1860680 159
1860690 159
1860700 159
1860710 159
1860720 159
1860730 159
1860740 159
1860750 159
1860760 159
1860770 159
1860780 159
1860790 160
1860800 160
1860810 159
1860820 159
1860830 159
1860840 159
1860850 159
1860860 159
1860870 159
1860880 159
1860890 159
1860900 158
1860910 158
1860920 158
1860930 158
1860940 158
1860950 158
1860960 158
1860970 158
1860980 158
1860990 158
1861000 158
1861010 158
1861020 158
1861030 158
1861040 158
1861050 158
1861060 158
1861070 158
1861080 158
1861090 158
1861100 158
1861110 158
1861120 157
1861130 157
1861140 157
1861150 157
1861160 157
1861170 158
1861180 158
1861190 158
1861200 158
1861210 158
1861220 158
1861230 158
1861240 158
1861250 158
1861260 158
1861270 158
1861280 158
1861290 158
1861300 158
1861310 158
1861320 158
1861330 158
1861340 158
1861350 158
1861360 158
1861370 158
1861380 158
1861390 158
1861400 158
1861410 158
1861420 158
1861430 158
1861440 158
1861450 158
1861460 158
1861470 157
1861480 157
1861490 157
1861500 157
1861510 157
1861520 157
1861530 157
1861540 158
1861550 158
1861560 158
1861570 158
1861580 158
1861590 158
1861600 158
1861610 158
1861620 157
1861630 157
1861640 157
1861650 157
1861660 157
1861670 157
1861680 157
1861690 157
1861700 157
1861710 157
1861720 157
1861730 157
1861740 157
1861750 157
1861760 157
1861770 157
1861780 157
1861790 157
1861800 157
1861810 157
1861820 157
1861830 158
1861840 158
1861850 158
1861860 158
1861870 158
1861880 158
1861890 158
1861900 158
1861910 158
1861920 158
1861930 158
1861940 159
1861950 159
1861960 159
1861970 159
1861980 159
1861990 159
1862000 159
1862010 159
1862020 159
1862030 159
1862040 159
1862050 159
1862060 159
1862070 159
1862080 159
1862090 160
1862100 160
1862110 160
1862120 160
1862130 160
1862140 160
1862150 160
1862160 160
1862170 159
1862180 159
1862190 159
1862200 159
1862210 159
1862220 159
1862230 159
1862240 159
1862250 159
1862260 159
1862270 159
1862280 159
1862290 159
1862300 159
1862310 159
1862320 159
1862330 159
1862340 159
1862350 159
1862360 158
1862370 158
1862380 158
1862390 158
1862400 158
1862410 158
1862420 158
1862430 158
1862440 158
1862450 158
1862460 158
1862470 158
1862480 158
1862490 158
1862500 158
1862510 158
1862520 158
1862530 158
1862540 158
1862550 158
1862560 158
1862570 158
1862580 158
1862590 158
1862600 158
1862610 158
1862620 158
1862630 158
1862640 158
1862650 158
1862660 158
1862670 158
1862680 158
1862690 158
1862700 158
1862710 158
1862720 158
1862730 158
1862740 158
1862750 158
1862760 158
1862770 158
1862780 158
1862790 158
1862800 158
1862810 158
1862820 158
1862830 158
1862840 158
1862850 158
1862860 158
1862870 158
1862880 158
1862890 159
1862900 159
1862910 159
1862920 159
1862930 159
1862940 159
1862950 159
1862960 159
1862970 159
1862980 159
1862990 159
1863000 159
1863010 159
1863020 159
1863030 159
1863040 159
1863050 160
1863060 160
1863070 160
1863080 160
1863090 160
1863100 160
1863110 160
1863120 160
1863130 160
1863140 159
1863150 160
1863160 160
1863170 160
1863180 160
1863190 160
1863200 160
1863210 160
1863220 160
1863230 160
1863240 160
1863250 160
1863260 160
1863270 160
1863280 160
1863290 160
1863300 160
1863310 160
1863320 160
1863330 160
1863340 160
1863350 160
1863360 161
1863370 161
1863380 161
1863390 161
1863400 161
1863410 161
1863420 161
1863430 161
1863440 161
1863450 161
1863460 161
1863470 161
1863480 161
1863490 161
1863500 161
1863510 161
1863520 161
1863530 161
1863540 161
1863550 161
1863560 161
1863570 161
1863580 161
1863590 161
1863600 161
1863610 161
1863620 161
1863630 162
1863640 162
1863650 162
1863660 162
1863670 162
1863680 162
1863690 162
1863700 162
1863710 162
1863720 162
1863730 162
1863740 163
1863750 163
1863760 163
1863770 163
1863780 163
1863790 163
1863800 163
1863810 163
1863820 163
1863830 164
1863840 164
1863850 164
1863860 164
1863870 164
1863880 164
1863890 165
1863900 165
1863910 165
1863920 165
1863930 166
1863940 166
1863950 166
1863960 166
1863970 166
1863980 166
1863990 167
1864000 167
1864010 167
1864020 168
1864030 168
1864040 168
1864050 169
1864060 169
1864070 169
1864080 169
1864090 169
1864100 170
1864110 170
1864120 170
1864130 171
1864140 171
1864150 171
1864160 172
1864170 172
1864180 172
1864190 173
1864200 173
1864210 173
1864220 173
1864230 173
1864240 173
1864250 173
1864260 173
1864270 173
1864280 173
1864290 173
1864300 173
1864310 173
1864320 172
1864330 172
1864340 172
1864350 172
1864360 172
1864370 172
1864380 172
1864390 172
1864400 172
1864410 172
1864420 172
1864430 172
1864440 171
1864450 171
1864460 171
1864470 172
1864480 172
1864490 172
1864500 172
1864510 172
1864520 172
1864530 172
1864540 172
1864550 172
1864560 173
1864570 173
1864580 173
1864590 174
1864600 174
1864610 174
1864620 175
1864630 176
1864640 176
1864650 176
1864660 177
1864670 177
1864680 177
1864690 177
1864700 177
1864710 178
1864720 178
1864730 178
1864740 178
1864750 179
1864760 179
1864770 179
1864780 179
1864790 179
1864800 180
1864810 180
1864820 180
1864830 181
1864840 181
1864850 181
1864860 181
1864870 182
1864880 182
1864890 182
1864900 183
1864910 183
1864920 184
1864930 184
1864940 183
1864950 184
1864960 184
1864970 184
1864980 185
1864990 185
1865000 185
1865010 186
1865020 186
1865030 186
1865040 186
1865050 186
1865060 186
1865070 187
1865080 187
1865090 187
1865100 187
1865110 188
1865120 188
1865130 188
1865140 188
1865150 188
1865160 188
1865170 188
1865180 188
1865190 188
1865200 188
1865210 188
1865220 188
1865230 188
1865240 188
1865250 188
1865260 187
1865270 187
1865280 186
1865290 186
1865300 186
1865310 187
1865320 187
1865330 187
1865340 188
1865350 189
1865360 190
1865370 190
1865380 191
1865390 194
1865400 194
1865410 196
1865420 195
1865430 195
1865440 191
1865450 191
1865460 191
1865470 192
1865480 192
1865490 192
1865500 191
1865510 190
1865520 190
1865530 192
1865540 192
1865550 192
1865560 187
1865570 187
1865580 187
1865590 189
1865600 192
1865610 192
1865620 191
1865630 193
1865640 193
1865650 195
1865660 196
1865670 196
1865680 196
1865690 197
1865700 197
1865710 197
1865720 197
1865730 197
1865740 198
1865750 198
1865760 198
1865770 198
1865780 198
1865790 198
1865800 198
1865810 198
1865820 198
1865830 198
1865840 199
1865850 199
1865860 199
1865870 199
1865880 199
1865890 199
1865900 200
1865910 200
1865920 200
1865930 200
1865940 200
1865950 201
1865960 201
1865970 201
1865980 201
1865990 203
1866000 203
1866010 204
1866020 204
1866030 204
1866040 204
1866050 204
1866060 204
1866070 204
1866080 205
1866090 205
1866100 205
1866110 206
1866120 206
1866130 207
1866140 208
1866150 208
1866160 208
1866170 209
1866180 209
1866190 210
1866200 211
1866210 211
1866220 211
1866230 212
1866240 212
1866250 213
1866260 214
1866270 214
1866280 214
1866290 215
1866300 215
1866310 215
1866320 215
1866330 215
1866340 215
1866350 215
1866360 215
1866370 214
1866380 213
1866390 213
1866400 213
1866410 213
1866420 213
1866430 213
1866440 213
1866450 213
1866460 213
1866470 212
1866480 212
1866490 211
1866500 212
1866510 212
1866520 212
1866530 214
1866540 216
1866550 216
1866560 219
1866570 221
1866580 221
1866590 222
1866600 222
1866610 222
1866620 222
1866630 222
1866640 222
1866650 223
1866660 223
1866670 223
1866680 224
1866690 224
1866700 224
1866710 225
1866720 225
1866730 225
1866740 226
1866750 227
1866760 227
1866770 227
1866780 228
1866790 228
1866800 228
1866810 228
1866820 228
1866830 229
1866840 229
1866850 229
1866860 229
1866870 229
1866880 229
1866890 229
1866900 229
1866910 229
1866920 229
1866930 230
1866940 230
1866950 230
1866960 229
1866970 229
1866980 230
1866990 231
1867000 231
1867010 231
1867020 232
1867030 232
1867040 232
1867050 232
1867060 232
1867070 232
1867080 233
1867090 233
1867100 233
1867110 234
1867120 234
1867130 235
1867140 236
1867150 236
1867160 236
1867170 237
1867180 237
1867190 237
1867200 237
1867210 237
1867220 238
1867230 238
1867240 238
1867250 239
1867260 239
1867270 239
1867280 240
1867290 240
1867300 240
1867310 241
1867320 241
1867330 241
1867340 242
1867350 243
1867360 243
1867370 244
1867380 244
1867390 244
1867400 245
1867410 246
1867420 246
1867430 246
1867440 247
1867450 247
1867460 248
1867470 248
1867480 248
1867490 249
1867500 250
1867510 250
1867520 250
1867530 251
1867540 251
1867550 252
1867560 252
1867570 252
1867580 253
1867590 253
1867600 253
1867610 253
1867620 253
1867630 253
1867640 254
1867650 255
1867660 255
1867670 254
1867680 254
1867690 254
1867700 254
1867710 254
1867720 254
1867730 254
1867740 254
1867750 254
1867760 254
1867770 253
1867780 253
1867790 253
1867800 253
1867810 253
1867820 253
1867830 252
1867840 252
1867850 252
1867860 252
1867870 252
1867880 252
1867890 251
1867900 251
1867910 251
1867920 251
1867930 250
1867940 250
1867950 250
1867960 250
1867970 250
1867980 250
1867990 250
1868000 250
1868010 250
1868020 249
1868030 249
1868040 249
1868050 249
1868060 249
1868070 249
1868080 249
1868090 249
1868100 249
1868110 249
1868120 249
1868130 249
1868140 249
1868150 249
1868160 249
1868170 249
1868180 249
1868190 249
1868200 248
1868210 248
1868220 248
1868230 247
1868240 247
1868250 247
1868260 246
1868270 246
1868280 246
1868290 246
1868300 246
1868310 245
1868320 245
1868330 245
1868340 245
1868350 245
1868360 245
1868370 244
1868380 244
1868390 244
1868400 244
1868410 244
1868420 244
1868430 244
1868440 244
1868450 244
1868460 244
1868470 244
1868480 244
1868490 244
1868500 244
1868510 244
1868520 244
1868530 244
1868540 244
1868550 244
1868560 244
1868570 244
1868580 244
1868590 244
1868600 244
1868610 244
1868620 244
1868630 244
1868640 244
1868650 244
1868660 244
1868670 244
1868680 244
1868690 244
1868700 243
1868710 243
1868720 243
1868730 243
1868740 243
1868750 243
1868760 243
1868770 243
1868780 243
1868790 243
1868800 243
1868810 243
1868820 243
1868830 243
1868840 243
1868850 244
1868860 244
1868870 244
1868880 244
1868890 244
1868900 244
1868910 244
1868920 245
1868930 245
1868940 245
1868950 246
1868960 246
1868970 246
1868980 246
1868990 246
1869000 246
1869010 247
1869020 247
1869030 247
1869040 247
1869050 247
1869060 247
1869070 247
1869080 246
1869090 246
1869100 246
1869110 246
1869120 246
1869130 245
1869140 245
1869150 245
1869160 244
1869170 244
1869180 244
1869190 243
1869200 243
1869210 243
1869220 242
1869230 241
1869240 241
1869250 241
1869260 240
1869270 240
1869280 240
1869290 239
1869300 239
1869310 239
1869320 238
1869330 238
1869340 238
1869350 238
1869360 238
1869370 239
1869380 240
1869390 240
1869400 241
1869410 241
1869420 241
1869430 240
1869440 241
1869450 241
1869460 241
1869470 240
1869480 240
1869490 239
1869500 239
1869510 239
1869520 238
1869530 237
1869540 237
1869550 236
1869560 236
1869570 236
1869580 235
1869590 235
1869600 235
1869610 234
1869620 233
1869630 233
1869640 233
1869650 232
1869660 232
1869670 232
1869680 231
1869690 231
1869700 230
1869710 229
1869720 229
1869730 228
1869740 227
1869750 227
1869760 226
1869770 225
1869780 225
1869790 225
1869800 224
1869810 224
1869820 224
1869830 223
1869840 223
1869850 222
1869860 222
1869870 222
1869880 221
1869890 220
1869900 220
1869910 219
1869920 219
1869930 219
1869940 218
1869950 217
1869960 217
1869970 216
1869980 215
1869990 215
1870000 214
1870010 212
1870020 212
1870030 211
1870040 210
1870050 209
1870060 209
1870070 208
1870080 207
1870090 207
1870100 206
1870110 205
1870120 205
1870130 204
1870140 203
1870150 203
1870160 202
1870170 201
1870180 201
1870190 200
1870200 200
1870210 200
1870220 199
1870230 198
1870240 198
1870250 197
1870260 197
1870270 197
1870280 196
1870290 195
1870300 195
1870310 195
1870320 195
1870330 194
1870340 194
1870350 193
1870360 193
1870370 193
1870380 193
1870390 193
1870400 192
1870410 192
1870420 192
1870430 192
1870440 192
1870450 192
1870460 193
1870470 193
1870480 193
1870490 193
1870500 192
1870510 192
1870520 192
1870530 192
1870540 192
1870550 192
1870560 192
1870570 192
1870580 191
1870590 191
1870600 191
1870610 191
1870620 191
1870630 191
1870640 191
1870650 192
1870660 192
1870670 192
1870680 192
1870690 192
1870700 192
1870710 192
1870720 192
1870730 193
1870740 193
1870750 193
1870760 194
1870770 194
1870780 194
1870790 194
1870800 195
1870810 195
1870820 195
1870830 196
1870840 196
1870850 196
1870860 196
1870870 196
1870880 197
1870890 197
1870900 197
1870910 198
1870920 199
1870930 199
1870940 200
1870950 202
1870960 202
1870970 203
1870980 205
1870990 205
1871000 205
1871010 206
1871020 206
1871030 207
1871040 207
1871050 207
1871060 208
1871070 208
1871080 208
1871090 209
1871100 210
1871110 210
1871120 211
1871130 211
1871140 211
1871150 212
1871160 212
1871170 212
1871180 211
1871190 209
1871200 209
1871210 208
1871220 207
1871230 206
1871240 206
1871250 205
1871260 204
1871270 204
1871280 203
1871290 202
1871300 202
1871310 201
1871320 201
1871330 201
1871340 200
1871350 200
1871360 200
1871370 200
1871380 200
1871390 200
1871400 200
1871410 200
1871420 200
1871430 200
1871440 201
1871450 201
1871460 201
1871470 201
1871480 201
1871490 201
1871500 200
1871510 200
1871520 199
1871530 199
1871540 199
1871550 198
1871560 197
1871570 197
1871580 196
1871590 195
1871600 195
1871610 194
1871620 193
1871630 193
1871640 192
1871650 191
1871660 191
1871670 190
1871680 189
1871690 189
1871700 189
1871710 189
1871720 189
1871730 189
1871740 189
1871750 189
1871760 188
1871770 188
1871780 188
1871790 188
1871800 188
1871810 188
1871820 188
1871830 188
1871840 188
1871850 188
1871860 189
1871870 189
1871880 189
1871890 189
1871900 189
1871910 190
1871920 190
1871930 190
1871940 191
1871950 191
1871960 191
1871970 192
1871980 192
1871990 192
1872000 192
1872010 192
1872020 192
1872030 191
1872040 191
1872050 191
1872060 190
1872070 190
1872080 190
1872090 190
1872100 189
1872110 189
1872120 189
1872130 188
1872140 188
1872150 188
1872160 187
1872170 187
1872180 187
1872190 187
1872200 187
1872210 186
1872220 186
1872230 186
1872240 186
1872250 186
1872260 186
1872270 185
1872280 185
1872290 185
1872300 185
1872310 184
1872320 184
1872330 184
1872340 184
1872350 184
1872360 183
1872370 183
1872380 183
1872390 183
1872400 183
1872410 182
1872420 182
1872430 182
1872440 182
1872450 182
1872460 182
1872470 181
1872480 181
1872490 181
1872500 181
1872510 181
1872520 181
1872530 181
1872540 181
1872550 180
1872560 180
1872570 180
1872580 180
1872590 180
1872600 180
1872610 179
1872620 179
1872630 179
1872640 179
1872650 179
1872660 179
1872670 179
1872680 179
1872690 179
1872700 179
1872710 179
1872720 179
1872730 180
1872740 180
1872750 180
1872760 180
1872770 180
1872780 180
1872790 180
1872800 180
1872810 180
1872820 180
1872830 180
1872840 180
1872850 180
1872860 181
1872870 181
1872880 181
1872890 181
1872900 181
1872910 181
1872920 182
1872930 182
1872940 182
1872950 182
1872960 182
1872970 182
1872980 182
1872990 182
1873000 182
1873010 182
1873020 182
1873030 182
1873040 182
1873050 182
1873060 182
1873070 182
1873080 182
1873090 182
1873100 181
1873110 181
1873120 181
1873130 181
1873140 181
1873150 181
1873160 180
1873170 180
1873180 180
1873190 181
1873200 181
1873210 180
1873220 179
1873230 179
1873240 178
1873250 178
1873260 178
1873270 178
1873280 178
1873290 178
1873300 177
1873310 177
1873320 177
1873330 177
1873340 177
1873350 177
1873360 177
1873370 177
1873380 177
1873390 176
1873400 176
1873410 176
1873420 176
1873430 177
1873440 177
1873450 177
1873460 177
1873470 177
1873480 177
1873490 177
1873500 177
1873510 177
1873520 177
1873530 177
1873540 177
1873550 177
1873560 177
1873570 177
1873580 177
1873590 176
1873600 176
1873610 175
1873620 175
1873630 175
1873640 174
1873650 174
1873660 174
1873670 173
1873680 173
1873690 173
1873700 173
1873710 172
1873720 172
1873730 171
1873740 171
1873750 171
1873760 170
1873770 169
1873780 169
1873790 165
1873800 161
1873810 161
1873820 160
1873830 160
1873840 160
1873850 160
1873860 160
1873870 160
1873880 161
1873890 161
1873900 161
1873910 162
1873920 162
1873930 162
1873940 163
1873950 164
1873960 164
1873970 166
1873980 166
1873990 166
1874000 163
1874010 162
1874020 162
1874030 162
1874040 161
1874050 161
1874060 161
1874070 161
1874080 161
1874090 161
1874100 161
1874110 161
1874120 161
1874130 161
1874140 161
1874150 160
1874160 160
1874170 160
1874180 160
1874190 160
1874200 160
1874210 160
1874220 159
1874230 159
1874240 159
1874250 159
1874260 159
1874270 159
1874280 159
1874290 159
1874300 159
1874310 159
1874320 159
1874330 159
1874340 159
1874350 159
1874360 159
1874370 159
1874380 159
1874390 159
1874400 159
1874410 159
1874420 159
1874430 159
1874440 159
1874450 159
1874460 159
1874470 159
1874480 160
1874490 160
1874500 160
1874510 160
1874520 160
1874530 160
1874540 160
1874550 160
1874560 160
1874570 160
1874580 161
1874590 161
1874600 161
1874610 161
1874620 161
1874630 162
1874640 162
1874650 162
1874660 163
1874670 163
1874680 163
1874690 163
1874700 164
1874710 164
1874720 164
1874730 165
1874740 165
1874750 165
1874760 165
1874770 166
1874780 166
1874790 166
1874800 166
1874810 166
1874820 166
1874830 166
1874840 166
1874850 166
1874860 167
1874870 167
1874880 167
1874890 167
1874900 167
1874910 168
1874920 168
1874930 168
1874940 169
1874950 169
1874960 169
1874970 170
1874980 170
1874990 170
1875000 171
1875010 172
1875020 172
1875030 173
1875040 174
1875050 174
1875060 174
1875070 175
1875080 175
1875090 175
1875100 175
1875110 175
1875120 175
1875130 176
1875140 176
1875150 176
1875160 176
1875170 176
1875180 176
1875190 176
1875200 176
1875210 176
1875220 176
1875230 176
1875240 176
1875250 176
1875260 176
1875270 175
1875280 175
1875290 175
1875300 175
1875310 175
1875320 175
1875330 174
1875340 174
1875350 174
1875360 174
1875370 173
1875380 173
1875390 173
1875400 173
1875410 173
1875420 172
1875430 172
1875440 172
1875450 172
1875460 172
1875470 172
1875480 172
1875490 172
1875500 172
1875510 171
1875520 171
1875530 171
1875540 171
1875550 171
1875560 171
1875570 172
1875580 172
1875590 172
1875600 171
1875610 171
1875620 171
1875630 171
1875640 171
1875650 171
1875660 170
1875670 170
1875680 170
1875690 169
1875700 168
1875710 168
1875720 168
1875730 168
1875740 168
1875750 167
1875760 167
1875770 167
1875780 167
1875790 167
1875800 167
1875810 167
1875820 166
1875830 166
1875840 167
1875850 167
1875860 167
1875870 168
1875880 169
1875890 169
1875900 169
1875910 169
1875920 169
1875930 169
1875940 170
1875950 170
1875960 170
1875970 170
1875980 170
1875990 170
1876000 171
1876010 171
1876020 171
1876030 171
1876040 171
1876050 171
1876060 171
1876070 171
1876080 171
1876090 171
1876100 171
1876110 171
1876120 171
1876130 171
1876140 171
1876150 171
1876160 171
1876170 171
1876180 171
1876190 171
1876200 171
1876210 171
1876220 171
1876230 171
1876240 171
1876250 172
1876260 172
1876270 172
1876280 172
1876290 172
1876300 172
1876310 172
1876320 172
1876330 173
1876340 173
1876350 173
1876360 173
1876370 173
1876380 173
1876390 173
1876400 174
1876410 174
1876420 174
1876430 174
1876440 174
1876450 174
1876460 174
1876470 174
1876480 174
1876490 175
1876500 175
1876510 175
1876520 175
1876530 175
1876540 176
1876550 176
1876560 176
1876570 176
1876580 177
1876590 177
1876600 177
1876610 177
1876620 177
1876630 177
1876640 177
1876650 177
1876660 178
1876670 178
1876680 178
1876690 178
1876700 178
1876710 178
1876720 178
1876730 179
1876740 179
1876750 179
1876760 179
1876770 179
1876780 179
1876790 180
1876800 180
1876810 180
1876820 180
1876830 180
1876840 180
1876850 180
1876860 180
1876870 180
1876880 180
1876890 180
1876900 180
1876910 181
1876920 181
1876930 181
1876940 181
1876950 181
1876960 181
1876970 181
1876980 181
1876990 181
1877000 181
1877010 181
1877020 181
1877030 181
1877040 181
1877050 181
1877060 181
1877070 181
1877080 181
1877090 181
1877100 181
1877110 181
1877120 181
1877130 181
1877140 181
1877150 181
1877160 181
1877170 181
1877180 181
1877190 181
1877200 181
1877210 181
1877220 181
1877230 181
1877240 181
1877250 181
1877260 181
1877270 181
1877280 181
1877290 181
1877300 182
1877310 182
1877320 182
1877330 182
1877340 182
1877350 182
1877360 182
1877370 182
1877380 182
1877390 182
1877400 182
1877410 182
1877420 182
1877430 182
1877440 182
1877450 182
1877460 182
1877470 182
1877480 182
1877490 182
1877500 182
1877510 182
1877520 182
1877530 182
1877540 182
1877550 182
1877560 182
1877570 182
1877580 181
1877590 181
1877600 181
1877610 181
1877620 181
1877630 182
1877640 182
1877650 182
1877660 182
1877670 182
1877680 182
1877690 182
1877700 182
1877710 182
1877720 182
1877730 182
1877740 182
1877750 182
1877760 182
1877770 182
1877780 182
1877790 182
1877800 182
1877810 182
1877820 182
1877830 182
1877840 182
1877850 182
1877860 182
1877870 182
1877880 181
1877890 181
1877900 181
1877910 182
1877920 182
1877930 182
1877940 182
1877950 182
1877960 182
1877970 182
1877980 182
1877990 182
1878000 181
1878010 181
1878020 181
1878030 181
1878040 181
1878050 181
1878060 182
1878070 182
1878080 182
1878090 181
1878100 181
1878110 181
1878120 181
1878130 181
1878140 181
1878150 182
1878160 182
1878170 182
1878180 182
1878190 182
1878200 182
1878210 182
1878220 182
1878230 181
1878240 181
1878250 181
1878260 181
1878270 181
1878280 181
1878290 181
1878300 181
1878310 181
1878320 181
1878330 181
1878340 181
1878350 181
1878360 181
1878370 181
1878380 181
1878390 181
1878400 181
1878410 181
1878420 181
1878430 181
1878440 181
1878450 181
1878460 182
1878470 182
1878480 181
1878490 180
1878500 180
1878510 181
1878520 181
1878530 181
1878540 181
1878550 181
1878560 181
1878570 181
1878580 181
1878590 181
1878600 181
1878610 181
1878620 181
1878630 181
1878640 180
1878650 180
1878660 180
1878670 180
1878680 180
1878690 180
1878700 180
1878710 180
1878720 180
1878730 180
1878740 180
1878750 180
1878760 180
1878770 180
1878780 180
1878790 178
1878800 178
1878810 178
1878820 177
1878830 177
1878840 177
1878850 177
1878860 177
1878870 177
1878880 177
1878890 177
1878900 177
1878910 177
1878920 177
1878930 177
1878940 177
1878950 177
1878960 177
1878970 177
1878980 177
1878990 177
1879000 180
1879010 180
1879020 180
1879030 180
1879040 180
1879050 180
1879060 180
1879070 180
1879080 180
1879090 180
1879100 180
1879110 180
1879120 180
1879130 180
1879140 180
1879150 180
1879160 180
1879170 180
1879180 180
1879190 180
1879200 180
1879210 180
1879220 180
1879230 180
1879240 180
1879250 180
1879260 180
1879270 180
1879280 180
1879290 180
1879300 179
1879310 179
1879320 178
1879330 178
1879340 178
1879350 178
1879360 178
1879370 178
1879380 177
1879390 177
1879400 177
1879410 177
1879420 177
1879430 177
1879440 179
1879450 181
1879460 181
1879470 181
1879480 181
1879490 181
1879500 181
1879510 181
1879520 181
1879530 181
1879540 178
1879550 177
1879560 177
1879570 178
1879580 177
1879590 177
1879600 177
1879610 177
1879620 177
1879630 177
1879640 177
1879650 177
1879660 177
1879670 177
1879680 177
1879690 177
1879700 177
1879710 177
1879720 177
1879730 177
1879740 177
1879750 177
1879760 177
1879770 177
1879780 177
1879790 177
1879800 177
1879810 177
1879820 178
1879830 178
1879840 178
1879850 178
1879860 178
1879870 178
1879880 178
1879890 178
1879900 180
1879910 180
1879920 180
1879930 180
1879940 180
1879950 180
1879960 180
1879970 180
1879980 180
1879990 180
