1860000 174
1860010 175
1860020 175
1860030 175
1860040 176
1860050 177
1860060 177
1860070 178
1860080 179
1860090 179
1860100 180
1860110 180
1860120 180
1860130 181
1860140 181
1860150 181
1860160 181
1860170 181
1860180 181
1860190 180
1860200 180
1860210 180
1860220 180
1860230 179
1860240 179
1860250 179
1860260 178
1860270 178
1860280 178
1860290 177
1860300 177
1860310 177
1860320 177
1860330 177
1860340 176
1860350 176
1860360 176
1860370 175
1860380 175
1860390 175
1860400 174
1860410 171
1860420 171
1860430 169
1860440 167
1860450 167
1860460 165
1860470 165
1860480 165
1860490 165
1860500 165
1860510 165
1860520 165
1860530 167
1860540 167
1860550 168
1860560 168
1860570 168
1860580 168
1860590 167
1860600 167
1860610 167
1860620 167
1860630 167
1860640 167
1860650 167
1860660 167
1860670 167
1860680 167
1860690 167
1860700 167
1860710 167
1860720 167
1860730 167
1860740 167
1860750 167
1860760 167
1860770 168
1860780 168
1860790 168
1860800 168
1860810 168
1860820 168
1860830 168
1860840 168
1860850 168
1860860 168
1860870 168
1860880 168
1860890 168
1860900 168
1860910 168
1860920 168
1860930 168
1860940 169
1860950 169
1860960 169
1860970 170
1860980 170
1860990 170
1861000 171
1861010 172
1861020 172
1861030 173
1861040 174
1861050 174
1861060 175
1861070 176
1861080 176
1861090 177
1861100 178
1861110 178
1861120 179
1861130 180
1861140 181
1861150 181
1861160 182
1861170 183
1861180 183
1861190 184
1861200 185
1861210 185
1861220 186
1861230 186
1861240 186
1861250 187
1861260 187
1861270 187
1861280 188
1861290 189
1861300 189
1861310 189
1861320 189
1861330 189
1861340 190
1861350 190
1861360 190
1861370 190
1861380 190
1861390 190
1861400 191
1861410 191
1861420 191
1861430 191
1861440 191
1861450 191
1861460 191
1861470 192
1861480 192
1861490 192
1861500 192
1861510 192
1861520 193
1861530 193
1861540 193
1861550 193
1861560 193
1861570 193
1861580 194
1861590 194
1861600 194
1861610 194
1861620 194
1861630 195
1861640 195
1861650 195
1861660 195
1861670 196
1861680 196
1861690 196
1861700 196
1861710 196
1861720 196
1861730 196
1861740 196
1861750 196
1861760 197
1861770 197
1861780 197
1861790 197
1861800 197
1861810 197
1861820 197
1861830 197
1861840 197
1861850 198
1861860 198
1861870 198
1861880 198
1861890 198
1861900 198
1861910 198
1861920 198
1861930 198
1861940 198
1861950 198
1861960 198
1861970 198
1861980 198
1861990 198
1862000 198
1862010 198
1862020 198
1862030 197
1862040 197
1862050 197
1862060 197
1862070 197
1862080 197
1862090 197
1862100 197
1862110 197
1862120 197
1862130 197
1862140 197
1862150 197
1862160 197
1862170 197
1862180 197
1862190 197
1862200 197
1862210 196
1862220 196
1862230 196
1862240 196
1862250 196
1862260 196
1862270 196
1862280 195
1862290 195
1862300 195
1862310 195
1862320 195
1862330 194
1862340 194
1862350 194
1862360 194
1862370 193
1862380 193
1862390 193
1862400 193
1862410 193
1862420 194
1862430 194
1862440 194
1862450 193
1862460 193
1862470 193
1862480 193
1862490 193
1862500 193
1862510 192
1862520 192
1862530 191
1862540 191
1862550 191
1862560 191
1862570 191
1862580 191
1862590 191
1862600 191
1862610 191
1862620 191
1862630 191
1862640 190
1862650 190
1862660 190
1862670 190
1862680 190
1862690 190
1862700 190
1862710 190
1862720 190
1862730 190
1862740 189
1862750 189
1862760 189
1862770 189
1862780 189
1862790 189
1862800 189
1862810 189
1862820 189
1862830 189
1862840 189
1862850 189
1862860 189
1862870 189
1862880 188
1862890 188
1862900 188
1862910 188
1862920 188
1862930 188
1862940 187
1862950 187
1862960 187
1862970 187
1862980 187
1862990 187
1863000 187
1863010 186
1863020 186
1863030 185
1863040 185
1863050 185
1863060 185
1863070 184
1863080 184
1863090 184
1863100 184
1863110 184
1863120 184
1863130 183
1863140 183
1863150 183
1863160 183
1863170 183
1863180 183
1863190 183
1863200 183
1863210 183
1863220 183
1863230 183
1863240 183
1863250 183
1863260 183
1863270 183
1863280 183
1863290 183
1863300 183
1863310 183
1863320 183
1863330 183
1863340 183
1863350 183
1863360 183
1863370 183
1863380 183
1863390 182
1863400 182
1863410 182
1863420 182
1863430 181
1863440 181
1863450 181
1863460 181
1863470 181
1863480 180
1863490 180
1863500 180
1863510 180
1863520 179
1863530 179
1863540 179
1863550 178
1863560 178
1863570 178
1863580 177
1863590 177
1863600 177
1863610 177
1863620 177
1863630 176
1863640 176
1863650 176
1863660 176
1863670 175
1863680 175
1863690 175
1863700 175
1863710 175
1863720 174
1863730 174
1863740 174
1863750 174
1863760 174
1863770 174
1863780 173
1863790 173
1863800 173
1863810 174
1863820 174
1863830 174
1863840 173
1863850 173
1863860 173
1863870 173
1863880 174
1863890 174
1863900 174
1863910 174
1863920 174
1863930 174
1863940 175
1863950 175
1863960 175
1863970 175
1863980 175
1863990 175
1864000 175
1864010 175
1864020 175
1864030 175
1864040 175
1864050 175
1864060 175
1864070 175
1864080 175
1864090 175
1864100 175
1864110 175
1864120 175
1864130 175
1864140 175
1864150 175
1864160 175
1864170 175
1864180 175
1864190 175
1864200 175
1864210 175
1864220 175
1864230 175
1864240 175
1864250 175
1864260 175
1864270 175
1864280 175
1864290 175
1864300 175
1864310 174
1864320 174
1864330 174
1864340 174
1864350 174
1864360 174
1864370 174
1864380 174
1864390 174
1864400 174
1864410 174
1864420 174
1864430 173
1864440 173
1864450 173
1864460 172
1864470 172
1864480 172
1864490 172
1864500 172
1864510 171
1864520 171
1864530 171
1864540 171
1864550 171
1864560 171
1864570 170
1864580 170
1864590 170
1864600 170
1864610 169
1864620 169
1864630 169
1864640 169
1864650 169
1864660 169
1864670 168
1864680 168
1864690 168
1864700 168
1864710 167
1864720 167
1864730 167
1864740 167
1864750 167
1864760 166
1864770 166
1864780 166
1864790 166
1864800 166
1864810 166
1864820 165
1864830 165
1864840 165
1864850 165
1864860 165
1864870 165
1864880 164
1864890 164
1864900 164
1864910 164
1864920 164
1864930 164
1864940 164
1864950 164
1864960 164
1864970 163
1864980 163
1864990 163
1865000 163
1865010 163
1865020 163
1865030 163
1865040 163
1865050 163
1865060 163
1865070 163
1865080 163
1865090 163
1865100 163
1865110 162
1865120 162
1865130 162
1865140 162
1865150 162
1865160 162
1865170 162
1865180 162
1865190 162
1865200 161
1865210 161
1865220 161
1865230 161
1865240 161
1865250 160
1865260 160
1865270 160
1865280 160
1865290 160
1865300 160
1865310 160
1865320 160
1865330 159
1865340 159
1865350 159
1865360 159
1865370 159
1865380 159
1865390 159
1865400 159
1865410 159
1865420 159
1865430 158
1865440 158
1865450 158
1865460 158
1865470 158
1865480 158
1865490 158
1865500 158
1865510 158
1865520 158
1865530 158
1865540 158
1865550 158
1865560 158
1865570 158
1865580 158
1865590 158
1865600 158
1865610 158
1865620 158
1865630 158
1865640 158
1865650 158
1865660 158
1865670 158
1865680 158
1865690 158
1865700 158
1865710 158
1865720 158
1865730 158
1865740 158
1865750 158
1865760 158
1865770 158
1865780 158
1865790 158
1865800 158
1865810 158
1865820 159
1865830 159
1865840 159
1865850 159
1865860 159
1865870 159
1865880 159
1865890 159
1865900 159
1865910 159
1865920 159
1865930 159
1865940 159
1865950 159
1865960 159
1865970 159
1865980 159
1865990 159
1866000 159
1866010 159
1866020 159
1866030 159
1866040 159
1866050 160
1866060 160
1866070 160
1866080 160
1866090 160
1866100 160
1866110 160
1866120 160
1866130 160
1866140 160
1866150 160
1866160 160
1866170 160
1866180 159
1866190 159
1866200 159
1866210 159
1866220 159
1866230 158
1866240 158
1866250 158
1866260 158
1866270 158
1866280 158
1866290 158
1866300 158
1866310 158
1866320 158
1866330 158
1866340 158
1866350 157
1866360 157
1866370 157
1866380 157
1866390 157
1866400 157
1866410 157
1866420 157
1866430 157
1866440 157
1866450 157
1866460 157
1866470 157
1866480 157
1866490 157
1866500 157
1866510 157
1866520 157
1866530 157
1866540 157
1866550 157
1866560 157
1866570 158
1866580 158
1866590 160
1866600 160
1866610 160
1866620 160
1866630 160
1866640 159
1866650 159
1866660 159
1866670 158
1866680 158
1866690 158
1866700 158
1866710 158
1866720 158
1866730 157
1866740 157
1866750 157
1866760 157
1866770 157
1866780 157
1866790 157
1866800 157
1866810 157
1866820 157
1866830 157
1866840 157
1866850 157
1866860 157
1866870 157
1866880 156
1866890 156
1866900 156
1866910 156
1866920 156
1866930 156
1866940 156
1866950 156
1866960 156
1866970 156
1866980 156
1866990 155
1867000 155
1867010 155
1867020 155
1867030 155
1867040 155
1867050 155
1867060 155
1867070 155
1867080 154
1867090 154
1867100 154
1867110 154
1867120 154
1867130 154
1867140 154
1867150 154
1867160 154
1867170 154
1867180 154
1867190 154
1867200 154
1867210 154
1867220 154
1867230 154
1867240 154
1867250 154
1867260 154
1867270 154
1867280 154
1867290 154
1867300 154
1867310 154
1867320 154
1867330 154
1867340 154
1867350 154
1867360 154
1867370 154
1867380 153
1867390 154
1867400 154
1867410 154
1867420 153
1867430 153
1867440 153
1867450 153
1867460 153
1867470 153
1867480 153
1867490 153
1867500 153
1867510 153
1867520 153
1867530 153
1867540 153
1867550 153
1867560 153
1867570 153
1867580 153
1867590 153
1867600 153
1867610 153
1867620 153
1867630 153
1867640 153
1867650 152
1867660 152
1867670 152
1867680 153
1867690 153
1867700 153
1867710 153
1867720 153
1867730 153
1867740 153
1867750 154
1867760 154
1867770 154
1867780 154
1867790 154
1867800 154
1867810 154
1867820 154
1867830 153
1867840 153
1867850 153
1867860 153
1867870 153
1867880 153
1867890 153
1867900 153
1867910 153
1867920 153
1867930 153
1867940 153
1867950 153
1867960 153
1867970 153
1867980 153
1867990 153
1868000 153
1868010 153
1868020 153
1868030 153
1868040 153
1868050 153
1868060 153
1868070 153
1868080 153
1868090 153
1868100 153
1868110 153
1868120 153
1868130 153
1868140 153
1868150 153
1868160 153
1868170 153
1868180 153
1868190 153
1868200 153
1868210 153
1868220 153
1868230 153
1868240 153
1868250 153
1868260 153
1868270 153
1868280 153
1868290 153
1868300 153
1868310 153
1868320 153
1868330 153
1868340 153
1868350 153
1868360 153
1868370 153
1868380 153
1868390 153
1868400 153
1868410 153
1868420 153
1868430 153
1868440 153
1868450 153
1868460 153
1868470 153
1868480 153
1868490 153
1868500 153
1868510 153
1868520 153
1868530 153
1868540 153
1868550 153
1868560 153
1868570 153
1868580 153
1868590 153
1868600 153
1868610 153
1868620 153
1868630 153
1868640 153
1868650 153
1868660 153
1868670 153
1868680 153
1868690 153
1868700 153
1868710 153
1868720 153
1868730 153
1868740 153
1868750 153
1868760 153
1868770 153
1868780 153
1868790 153
1868800 153
1868810 153
1868820 153
1868830 153
1868840 152
1868850 152
1868860 152
1868870 153
1868880 153
1868890 153
1868900 153
1868910 153
1868920 153
1868930 153
1868940 153
1868950 153
1868960 153
1868970 153
1868980 153
1868990 153
1869000 153
1869010 153
1869020 153
1869030 153
1869040 153
1869050 153
1869060 153
1869070 153
1869080 153
1869090 153
1869100 153
1869110 153
1869120 153
1869130 153
1869140 153
1869150 153
1869160 153
1869170 153
1869180 153
1869190 153
1869200 153
1869210 153
1869220 153
1869230 153
1869240 153
1869250 153
1869260 153
1869270 153
1869280 153
1869290 153
1869300 153
1869310 153
1869320 153
1869330 153
1869340 153
1869350 153
1869360 153
1869370 153
1869380 153
1869390 153
1869400 153
1869410 153
1869420 153
1869430 153
1869440 153
1869450 153
1869460 153
1869470 153
1869480 153
1869490 153
1869500 153
1869510 153
1869520 153
1869530 153
1869540 153
1869550 153
1869560 153
1869570 153
1869580 153
1869590 153
1869600 153
1869610 153
1869620 153
1869630 152
1869640 152
1869650 152
1869660 152
1869670 152
1869680 152
1869690 152
1869700 152
1869710 152
1869720 152
1869730 152
1869740 152
1869750 152
1869760 152
1869770 152
1869780 152
1869790 152
1869800 152
1869810 152
1869820 152
1869830 152
1869840 152
1869850 152
1869860 152
1869870 152
1869880 152
1869890 152
1869900 152
1869910 152
1869920 152
1869930 152
1869940 152
1869950 152
1869960 153
1869970 153
1869980 153
1869990 153
1870000 153
1870010 153
1870020 152
1870030 152
1870040 153
1870050 154
1870060 154
1870070 153
1870080 153
1870090 153
1870100 153
1870110 153
1870120 153
1870130 153
1870140 153
1870150 153
1870160 152
1870170 152
1870180 152
1870190 152
1870200 152
1870210 152
1870220 152
1870230 152
1870240 152
1870250 152
1870260 152
1870270 152
1870280 152
1870290 152
1870300 152
1870310 151
1870320 152
1870330 152
1870340 152
1870350 152
1870360 152
1870370 152
1870380 152
1870390 152
1870400 152
1870410 152
1870420 152
1870430 152
1870440 152
1870450 152
1870460 152
1870470 152
1870480 152
1870490 152
1870500 152
1870510 152
1870520 152
1870530 152
1870540 152
1870550 152
1870560 152
1870570 152
1870580 152
1870590 152
1870600 152
1870610 153
1870620 153
1870630 153
1870640 152
1870650 152
1870660 152
1870670 152
1870680 152
1870690 152
1870700 152
1870710 152
1870720 152
1870730 151
1870740 151
1870750 151
1870760 151
1870770 152
1870780 152
1870790 152
1870800 152
1870810 152
1870820 152
1870830 152
1870840 152
1870850 152
1870860 152
1870870 152
1870880 152
1870890 152
1870900 152
1870910 152
1870920 152
1870930 152
1870940 152
1870950 152
1870960 152
1870970 152
1870980 152
1870990 152
1871000 152
1871010 153
1871020 153
1871030 153
1871040 153
1871050 153
1871060 153
1871070 152
1871080 152
1871090 152
1871100 152
1871110 153
1871120 153
1871130 152
1871140 153
1871150 153
1871160 153
1871170 153
1871180 153
1871190 153
1871200 153
1871210 153
1871220 153
1871230 153
1871240 153
1871250 153
1871260 153
1871270 153
1871280 153
1871290 153
1871300 153
1871310 153
1871320 153
1871330 153
1871340 153
1871350 153
1871360 153
1871370 153
1871380 153
1871390 153
1871400 153
1871410 153
1871420 153
1871430 154
1871440 154
1871450 154
1871460 154
1871470 154
1871480 154
1871490 154
1871500 154
1871510 154
1871520 154
1871530 154
1871540 154
1871550 154
1871560 154
1871570 154
1871580 154
1871590 154
1871600 154
1871610 154
1871620 154
1871630 154
1871640 154
1871650 154
1871660 154
1871670 154
1871680 154
1871690 154
1871700 154
1871710 154
1871720 154
1871730 154
1871740 154
1871750 154
1871760 154
1871770 154
1871780 154
1871790 154
1871800 154
1871810 154
1871820 154
1871830 154
1871840 154
1871850 154
1871860 154
1871870 154
1871880 154
1871890 154
1871900 154
1871910 154
1871920 154
1871930 154
1871940 154
1871950 154
1871960 154
1871970 154
1871980 154
1871990 154
1872000 154
1872010 155
1872020 155
1872030 155
1872040 155
1872050 155
1872060 155
1872070 155
1872080 155
1872090 155
1872100 155
1872110 155
1872120 155
1872130 155
1872140 155
1872150 155
1872160 155
1872170 155
1872180 155
1872190 155
1872200 155
1872210 155
1872220 155
1872230 155
1872240 155
1872250 155
1872260 155
1872270 155
1872280 155
1872290 155
1872300 155
1872310 155
1872320 155
1872330 155
1872340 155
1872350 154
1872360 154
1872370 154
1872380 154
1872390 154
1872400 154
1872410 154
1872420 154
1872430 154
1872440 154
1872450 154
1872460 154
1872470 154
1872480 154
1872490 154
1872500 153
1872510 153
1872520 153
1872530 153
1872540 153
1872550 153
1872560 153
1872570 153
1872580 153
1872590 153
1872600 153
1872610 153
1872620 153
1872630 153
1872640 153
1872650 152
1872660 152
1872670 152
1872680 153
1872690 153
1872700 154
1872710 155
1872720 155
1872730 156
1872740 156
1872750 156
1872760 156
1872770 156
1872780 155
1872790 154
1872800 153
1872810 153
1872820 153
1872830 152
1872840 152
1872850 152
1872860 152
1872870 152
1872880 152
1872890 152
1872900 152
1872910 152
1872920 154
1872930 154
1872940 152
1872950 152
1872960 152
1872970 152
1872980 152
1872990 152
1873000 152
1873010 152
1873020 152
1873030 152
1873040 153
1873050 153
1873060 153
1873070 153
1873080 153
1873090 152
1873100 153
1873110 153
1873120 153
1873130 153
1873140 153
1873150 153
1873160 153
1873170 153
1873180 154
1873190 154
1873200 154
1873210 154
1873220 153
1873230 153
1873240 153
1873250 154
1873260 154
1873270 154
1873280 154
1873290 154
1873300 154
1873310 154
1873320 154
1873330 154
1873340 154
1873350 154
1873360 153
1873370 153
1873380 153
1873390 153
1873400 153
1873410 153
1873420 153
1873430 153
1873440 153
1873450 153
1873460 152
1873470 152
1873480 151
1873490 151
1873500 151
1873510 152
1873520 152
1873530 152
1873540 151
1873550 150
1873560 149
1873570 149
1873580 148
1873590 147
1873600 147
1873610 148
1873620 150
1873630 150
1873640 150
1873650 150
1873660 150
1873670 149
1873680 149
1873690 149
1873700 151
1873710 149
1873720 149
1873730 149
1873740 149
1873750 149
1873760 149
1873770 149
1873780 149
1873790 149
1873800 149
1873810 149
1873820 150
1873830 150
1873840 150
1873850 150
1873860 151
1873870 151
1873880 151
1873890 152
1873900 152
1873910 152
1873920 153
1873930 153
1873940 153
1873950 153
1873960 153
1873970 152
1873980 152
1873990 152
1874000 151
1874010 151
1874020 151
1874030 151
1874040 150
1874050 150
1874060 150
1874070 150
1874080 150
1874090 149
1874100 149
1874110 148
1874120 148
1874130 148
1874140 148
1874150 149
1874160 149
1874170 149
1874180 149
1874190 149
1874200 149
1874210 149
1874220 149
1874230 149
1874240 149
1874250 149
1874260 149
1874270 147
1874280 147
1874290 147
1874300 147
1874310 148
1874320 148
1874330 149
1874340 149
1874350 149
1874360 149
1874370 149
1874380 149
1874390 149
1874400 149
1874410 149
1874420 149
1874430 149
1874440 149
1874450 149
1874460 149
1874470 149
1874480 149
1874490 149
1874500 149
1874510 149
1874520 149
1874530 149
1874540 149
1874550 149
1874560 149
1874570 149
1874580 149
1874590 149
1874600 149
1874610 149
1874620 149
1874630 149
1874640 148
1874650 148
1874660 148
1874670 148
1874680 148
1874690 148
1874700 148
1874710 148
1874720 148
1874730 148
1874740 148
1874750 148
1874760 148
1874770 148
1874780 148
1874790 148
1874800 148
1874810 148
1874820 148
1874830 148
1874840 148
1874850 148
1874860 148
1874870 148
1874880 148
1874890 148
1874900 148
1874910 148
1874920 148
1874930 148
1874940 147
1874950 148
1874960 148
1874970 148
1874980 148
1874990 148
1875000 148
1875010 148
1875020 148
1875030 148
1875040 148
1875050 148
1875060 149
1875070 149
1875080 149
1875090 149
1875100 148
1875110 148
1875120 148
1875130 148
1875140 148
1875150 148
1875160 148
1875170 148
1875180 148
1875190 148
1875200 148
1875210 148
1875220 148
1875230 148
1875240 148
1875250 147
1875260 147
1875270 147
1875280 147
1875290 147
1875300 147
1875310 147
1875320 147
1875330 147
1875340 147
1875350 147
1875360 147
1875370 147
1875380 147
1875390 147
1875400 147
1875410 147
1875420 147
1875430 147
1875440 147
1875450 147
1875460 147
1875470 147
1875480 147
1875490 147
1875500 147
1875510 147
1875520 147
1875530 147
1875540 147
1875550 147
1875560 147
1875570 147
1875580 147
1875590 147
1875600 147
1875610 147
1875620 147
1875630 147
1875640 147
1875650 147
1875660 147
1875670 147
1875680 147
1875690 147
1875700 147
1875710 147
1875720 147
1875730 147
1875740 147
1875750 147
1875760 147
1875770 147
1875780 147
1875790 147
1875800 147
1875810 147
1875820 147
1875830 147
1875840 147
1875850 147
1875860 147
1875870 147
1875880 147
1875890 147
1875900 147
1875910 147
1875920 147
1875930 148
1875940 148
1875950 148
1875960 149
1875970 151
1875980 151
1875990 152
1876000 152
1876010 152
1876020 154
1876030 154
1876040 154
1876050 154
1876060 155
1876070 155
1876080 154
1876090 154
1876100 154
1876110 154
1876120 154
1876130 154
1876140 154
1876150 154
1876160 154
1876170 154
1876180 154
1876190 154
1876200 154
1876210 154
1876220 154
1876230 154
1876240 154
1876250 154
1876260 153
1876270 153
1876280 153
1876290 153
1876300 154
1876310 154
1876320 154
1876330 154
1876340 154
1876350 154
1876360 154
1876370 154
1876380 154
1876390 154
1876400 154
1876410 154
1876420 154
1876430 154
1876440 154
1876450 154
1876460 154
1876470 154
1876480 154
1876490 154
1876500 154
1876510 154
1876520 154
1876530 154
1876540 154
1876550 154
1876560 154
1876570 154
1876580 154
1876590 154
1876600 154
1876610 154
1876620 154
1876630 154
1876640 154
1876650 154
1876660 154
1876670 154
1876680 154
1876690 154
1876700 154
1876710 154
1876720 155
1876730 155
1876740 155
1876750 155
1876760 155
1876770 155
1876780 155
1876790 155
1876800 155
1876810 155
1876820 156
1876830 156
1876840 156
1876850 156
1876860 156
1876870 156
1876880 156
1876890 156
1876900 156
1876910 156
1876920 156
1876930 156
1876940 156
1876950 156
1876960 156
1876970 156
1876980 156
1876990 156
1877000 156
1877010 156
1877020 156
1877030 156
1877040 156
1877050 156
1877060 157
1877070 157
1877080 157
1877090 157
1877100 157
1877110 157
1877120 157
1877130 157
1877140 157
1877150 157
1877160 157
1877170 157
1877180 157
1877190 157
1877200 157
1877210 157
1877220 157
1877230 157
1877240 157
1877250 157
1877260 157
1877270 157
1877280 157
1877290 158
1877300 158
1877310 158
1877320 158
1877330 158
1877340 158
1877350 158
1877360 158
1877370 158
1877380 158
1877390 158
1877400 158
1877410 158
1877420 158
1877430 158
1877440 158
1877450 158
1877460 158
1877470 158
1877480 159
1877490 159
1877500 159
1877510 159
1877520 159
1877530 159
1877540 159
1877550 159
1877560 159
1877570 159
1877580 159
1877590 159
1877600 159
1877610 159
1877620 160
1877630 160
1877640 160
1877650 160
1877660 159
1877670 159
1877680 159
1877690 159
1877700 159
1877710 160
1877720 160
1877730 160
1877740 160
1877750 160
1877760 160
1877770 160
1877780 160
1877790 160
1877800 160
1877810 160
1877820 160
1877830 160
1877840 161
1877850 161
1877860 161
1877870 161
1877880 161
1877890 161
1877900 161
1877910 161
1877920 161
1877930 161
1877940 161
1877950 161
1877960 162
1877970 162
1877980 162
1877990 162
1878000 162
1878010 162
1878020 163
1878030 163
1878040 163
1878050 163
1878060 163
1878070 163
1878080 163
1878090 163
1878100 163
1878110 163
1878120 164
1878130 164
1878140 164
1878150 164
1878160 164
1878170 164
1878180 164
1878190 164
1878200 164
1878210 164
1878220 164
1878230 164
1878240 165
1878250 165
1878260 165
1878270 165
1878280 165
1878290 166
1878300 166
1878310 166
1878320 166
1878330 166
1878340 166
1878350 166
1878360 166
1878370 166
1878380 166
1878390 166
1878400 166
1878410 166
1878420 166
1878430 166
1878440 166
1878450 167
1878460 167
1878470 167
1878480 167
1878490 167
1878500 167
1878510 167
1878520 167
1878530 168
1878540 168
1878550 168
1878560 168
1878570 168
1878580 168
1878590 168
1878600 168
1878610 168
1878620 169
1878630 169
1878640 169
1878650 169
1878660 169
1878670 169
1878680 169
1878690 169
1878700 169
1878710 170
1878720 169
1878730 169
1878740 169
1878750 170
1878760 170
1878770 170
1878780 170
1878790 170
1878800 171
1878810 171
1878820 171
1878830 171
1878840 172
1878850 172
1878860 172
1878870 173
1878880 173
1878890 173
1878900 174
1878910 174
1878920 174
1878930 175
1878940 175
1878950 175
1878960 175
1878970 175
1878980 176
1878990 176
1879000 176
1879010 176
1879020 176
1879030 176
1879040 176
1879050 176
1879060 176
1879070 176
1879080 176
1879090 176
1879100 176
1879110 176
1879120 176
1879130 176
1879140 177
1879150 177
1879160 177
1879170 178
1879180 178
1879190 178
1879200 179
1879210 180
1879220 180
1879230 180
1879240 181
1879250 181
1879260 181
1879270 181
1879280 181
1879290 181
1879300 182
1879310 182
1879320 182
1879330 183
1879340 183
1879350 183
1879360 183
1879370 183
1879380 183
1879390 184
1879400 184
1879410 184
1879420 184
1879430 184
1879440 184
1879450 184
1879460 184
1879470 183
1879480 184
1879490 184
1879500 184
1879510 184
1879520 184
1879530 184
1879540 184
1879550 184
1879560 184
1879570 184
1879580 184
1879590 184
1879600 184
1879610 184
1879620 185
1879630 186
1879640 186
1879650 187
1879660 187
1879670 187
1879680 187
1879690 187
1879700 187
1879710 187
1879720 186
1879730 186
1879740 185
1879750 185
1879760 185
1879770 185
1879780 185
1879790 185
1879800 185
1879810 185
1879820 185
1879830 185
1879840 185
1879850 185
1879860 185
1879870 185
1879880 185
1879890 184
1879900 185
1879910 185
1879920 185
1879930 185
1879940 185
1879950 185
1879960 185
1879970 185
1879980 185
1879990 185
