1860000 172
1860010 172
1860020 173
1860030 173
1860040 173
1860050 173
1860060 173
1860070 173
1860080 173
1860090 173
1860100 173
1860110 173
1860120 173
1860130 173
1860140 173
1860150 173
1860160 173
1860170 173
1860180 173
1860190 173
1860200 173
1860210 173
1860220 173
1860230 173
1860240 173
1860250 173
1860260 173
1860270 173
1860280 173
1860290 173
1860300 173
1860310 173
1860320 173
1860330 173
1860340 173
1860350 173
1860360 173
1860370 173
1860380 173
1860390 173
1860400 173
1860410 173
1860420 173
1860430 173
1860440 173
1860450 173
1860460 173
1860470 173
1860480 173
1860490 173
1860500 173
1860510 173
1860520 173
1860530 173
1860540 173
1860550 173
1860560 174
1860570 174
1860580 174
1860590 174
1860600 174
1860610 174
1860620 174
1860630 174
1860640 174
1860650 174
1860660 174
1860670 174
1860680 174
1860690 174
1860700 174
1860710 174
1860720 174
1860730 174
1860740 174
1860750 174
1860760 174
1860770 174
1860780 174
1860790 174
1860800 174
1860810 174
1860820 174
1860830 175
1860840 175
1860850 175
1860860 175
1860870 175
1860880 175
1860890 175
1860900 175
1860910 175
1860920 175
1860930 175
1860940 175
1860950 175
1860960 176
1860970 176
1860980 176
1860990 176
1861000 176
1861010 176
1861020 176
1861030 176
1861040 177
1861050 176
1861060 176
1861070 176
1861080 177
1861090 177
1861100 177
1861110 177
1861120 177
1861130 177
1861140 178
1861150 178
1861160 178
1861170 179
1861180 179
1861190 180
1861200 182
1861210 182
1861220 183
1861230 184
1861240 184
1861250 185
1861260 185
1861270 185
1861280 186
1861290 187
1861300 187
1861310 187
1861320 187
1861330 187
1861340 188
1861350 188
1861360 188
1861370 188
1861380 188
1861390 188
1861400 188
1861410 189
1861420 189
1861430 189
1861440 189
1861450 189
1861460 189
1861470 189
1861480 189
1861490 189
1861500 189
1861510 189
1861520 189
1861530 189
1861540 189
1861550 189
1861560 189
1861570 189
1861580 188
1861590 188
1861600 188
1861610 188
1861620 187
1861630 187
1861640 187
1861650 187
1861660 187
1861670 186
1861680 186
1861690 186
1861700 186
1861710 186
1861720 186
1861730 185
1861740 185
1861750 185
1861760 185
1861770 184
1861780 184
1861790 184
1861800 184
1861810 184
1861820 183
1861830 183
1861840 183
1861850 182
1861860 182
1861870 182
1861880 181
1861890 180
1861900 180
1861910 180
1861920 180
1861930 180
1861940 179
1861950 179
1861960 179
1861970 179
1861980 179
1861990 179
1862000 179
1862010 179
1862020 179
1862030 180
1862040 181
1862050 181
1862060 182
1862070 183
1862080 183
1862090 183
1862100 184
1862110 184
1862120 185
1862130 186
1862140 186
1862150 187
1862160 189
1862170 189
1862180 190
1862190 192
1862200 192
1862210 194
1862220 196
1862230 196
1862240 197
1862250 199
1862260 201
1862270 201
1862280 202
1862290 203
1862300 203
1862310 204
1862320 204
1862330 204
1862340 204
1862350 205
1862360 205
1862370 205
1862380 205
1862390 205
1862400 206
1862410 206
1862420 206
1862430 206
1862440 206
1862450 206
1862460 206
1862470 206
1862480 206
1862490 206
1862500 206
1862510 206
1862520 206
1862530 206
1862540 206
1862550 206
1862560 206
1862570 206
1862580 205
1862590 205
1862600 205
1862610 205
1862620 204
1862630 204
1862640 204
1862650 203
1862660 203
1862670 203
1862680 202
1862690 202
1862700 201
1862710 200
1862720 200
1862730 200
1862740 198
1862750 198
1862760 197
1862770 196
1862780 196
1862790 195
1862800 195
1862810 195
1862820 194
1862830 193
1862840 193
1862850 193
1862860 192
1862870 192
1862880 192
1862890 192
1862900 192
1862910 191
1862920 191
1862930 191
1862940 191
1862950 191
1862960 191
1862970 190
1862980 190
1862990 190
1863000 190
1863010 190
1863020 190
1863030 190
1863040 190
1863050 190
1863060 189
1863070 190
1863080 191
1863090 191
1863100 191
1863110 191
1863120 191
1863130 191
1863140 191
1863150 190
1863160 189
1863170 189
1863180 188
1863190 187
1863200 187
1863210 186
1863220 185
1863230 185
1863240 184
1863250 184
1863260 184
1863270 183
1863280 183
1863290 183
1863300 182
1863310 181
1863320 181
1863330 182
1863340 182
1863350 182
1863360 183
1863370 184
1863380 184
1863390 184
1863400 184
1863410 184
1863420 184
1863430 184
1863440 184
1863450 185
1863460 186
1863470 186
1863480 186
1863490 187
1863500 187
1863510 187
1863520 188
1863530 188
1863540 188
1863550 189
1863560 189
1863570 190
1863580 190
1863590 190
1863600 191
1863610 192
1863620 192
1863630 193
1863640 193
1863650 193
1863660 194
1863670 194
1863680 194
1863690 191
1863700 195
1863710 195
1863720 196
1863730 196
1863740 196
1863750 196
1863760 197
1863770 197
1863780 197
1863790 197
1863800 197
1863810 197
1863820 197
1863830 197
1863840 197
1863850 196
1863860 196
1863870 195
1863880 194
1863890 194
1863900 193
1863910 192
1863920 192
1863930 192
1863940 192
1863950 192
1863960 192
1863970 193
1863980 194
1863990 194
1864000 195
1864010 196
1864020 196
1864030 197
1864040 198
1864050 198
1864060 199
1864070 199
1864080 199
1864090 200
1864100 200
1864110 200
1864120 200
1864130 201
1864140 201
1864150 201
1864160 201
1864170 201
1864180 202
1864190 202
1864200 202
1864210 202
1864220 202
1864230 202
1864240 203
1864250 203
1864260 203
1864270 203
1864280 203
1864290 203
1864300 203
1864310 204
1864320 204
1864330 204
1864340 204
1864350 204
1864360 204
1864370 204
1864380 204
1864390 205
1864400 205
1864410 205
1864420 205
1864430 205
1864440 206
1864450 206
1864460 207
1864470 207
1864480 207
1864490 207
1864500 207
1864510 207
1864520 207
1864530 207
1864540 206
1864550 206
1864560 206
1864570 206
1864580 206
1864590 206
1864600 206
1864610 206
1864620 206
1864630 206
1864640 206
1864650 206
1864660 206
1864670 205
1864680 205
1864690 205
1864700 206
1864710 206
1864720 206
1864730 206
1864740 206
1864750 207
1864760 207
1864770 207
1864780 207
1864790 208
1864800 208
1864810 208
1864820 209
1864830 209
1864840 209
1864850 209
1864860 209
1864870 209
1864880 209
1864890 209
1864900 209
1864910 209
1864920 209
1864930 209
1864940 208
1864950 208
1864960 208
1864970 207
1864980 207
1864990 207
1865000 206
1865010 206
1865020 206
1865030 205
1865040 205
1865050 204
1865060 204
1865070 204
1865080 203
1865090 202
1865100 202
1865110 202
1865120 201
1865130 201
1865140 200
1865150 199
1865160 199
1865170 199
1865180 198
1865190 198
1865200 197
1865210 197
1865220 197
1865230 197
1865240 197
1865250 197
1865260 196
1865270 196
1865280 196
1865290 196
1865300 196
1865310 196
1865320 196
1865330 196
1865340 196
1865350 196
1865360 196
1865370 196
1865380 196
1865390 196
1865400 196
1865410 196
1865420 196
1865430 196
1865440 196
1865450 197
1865460 197
1865470 197
1865480 198
1865490 198
1865500 198
1865510 198
1865520 198
1865530 198
1865540 198
1865550 198
1865560 198
1865570 198
1865580 198
1865590 198
1865600 198
1865610 198
1865620 198
1865630 198
1865640 198
1865650 198
1865660 198
1865670 198
1865680 198
1865690 199
1865700 199
1865710 199
1865720 200
1865730 201
1865740 201
1865750 202
1865760 202
1865770 202
1865780 203
1865790 203
1865800 204
1865810 204
1865820 204
1865830 204
1865840 204
1865850 205
1865860 205
1865870 205
1865880 205
1865890 205
1865900 206
1865910 206
1865920 206
1865930 207
1865940 207
1865950 207
1865960 208
1865970 208
1865980 208
1865990 208
1866000 208
1866010 208
1866020 208
1866030 207
1866040 207
1866050 207
1866060 206
1866070 206
1866080 205
1866090 205
1866100 205
1866110 205
1866120 205
1866130 205
1866140 205
1866150 205
1866160 205
1866170 205
1866180 205
1866190 205
1866200 205
1866210 205
1866220 205
1866230 206
1866240 207
1866250 207
1866260 211
1866270 216
1866280 216
1866290 216
1866300 216
1866310 216
1866320 216
1866330 217
1866340 217
1866350 216
1866360 216
1866370 216
1866380 216
1866390 216
1866400 216
1866410 216
1866420 216
1866430 216
1866440 216
1866450 216
1866460 216
1866470 215
1866480 215
1866490 215
1866500 215
1866510 214
1866520 214
1866530 214
1866540 214
1866550 214
1866560 213
1866570 213
1866580 213
1866590 213
1866600 213
1866610 213
1866620 213
1866630 212
1866640 212
1866650 212
1866660 212
1866670 212
1866680 212
1866690 212
1866700 212
1866710 212
1866720 212
1866730 212
1866740 212
1866750 212
1866760 212
1866770 212
1866780 212
1866790 212
1866800 211
1866810 211
1866820 211
1866830 211
1866840 211
1866850 211
1866860 210
1866870 210
1866880 210
1866890 210
1866900 210
1866910 210
1866920 210
1866930 210
1866940 210
1866950 209
1866960 209
1866970 209
1866980 209
1866990 209
1867000 209
1867010 209
1867020 209
1867030 209
1867040 209
1867050 209
1867060 209
1867070 209
1867080 210
1867090 210
1867100 210
1867110 210
1867120 210
1867130 210
1867140 210
1867150 209
1867160 209
1867170 209
1867180 209
1867190 210
1867200 210
1867210 210
1867220 210
1867230 210
1867240 210
1867250 210
1867260 210
1867270 210
1867280 210
1867290 210
1867300 210
1867310 210
1867320 210
1867330 210
1867340 210
1867350 210
1867360 210
1867370 210
1867380 210
1867390 210
1867400 210
1867410 210
1867420 210
1867430 210
1867440 210
1867450 210
1867460 210
1867470 210
1867480 210
1867490 209
1867500 209
1867510 209
1867520 209
1867530 209
1867540 209
1867550 209
1867560 209
1867570 209
1867580 209
1867590 208
1867600 208
1867610 208
1867620 208
1867630 208
1867640 208
1867650 208
1867660 208
1867670 208
1867680 208
1867690 208
1867700 208
1867710 207
1867720 207
1867730 207
1867740 206
1867750 206
1867760 206
1867770 206
1867780 206
1867790 206
1867800 205
1867810 204
1867820 204
1867830 204
1867840 204
1867850 204
1867860 204
1867870 204
1867880 204
1867890 203
1867900 203
1867910 203
1867920 203
1867930 202
1867940 202
1867950 202
1867960 201
1867970 201
1867980 201
1867990 201
1868000 201
1868010 200
1868020 200
1868030 200
1868040 199
1868050 199
1868060 199
1868070 198
1868080 197
1868090 197
1868100 197
1868110 196
1868120 196
1868130 196
1868140 195
1868150 195
1868160 194
1868170 193
1868180 193
1868190 192
1868200 191
1868210 191
1868220 190
1868230 189
1868240 189
1868250 188
1868260 187
1868270 187
1868280 186
1868290 185
1868300 185
1868310 185
1868320 184
1868330 184
1868340 183
1868350 183
1868360 183
1868370 182
1868380 182
1868390 182
1868400 181
1868410 181
1868420 181
1868430 181
1868440 181
1868450 181
1868460 180
1868470 180
1868480 180
1868490 180
1868500 179
1868510 179
1868520 179
1868530 179
1868540 179
1868550 179
1868560 178
1868570 178
1868580 177
1868590 177
1868600 177
1868610 177
1868620 176
1868630 176
1868640 176
1868650 176
1868660 176
1868670 176
1868680 176
1868690 176
1868700 177
1868710 177
1868720 177
1868730 178
1868740 178
1868750 178
1868760 179
1868770 179
1868780 179
1868790 180
1868800 180
1868810 180
1868820 181
1868830 181
1868840 180
1868850 181
1868860 182
1868870 182
1868880 183
1868890 182
1868900 182
1868910 183
1868920 183
1868930 182
1868940 182
1868950 182
1868960 181
1868970 181
1868980 181
1868990 181
1869000 181
1869010 181
1869020 181
1869030 181
1869040 179
1869050 179
1869060 179
1869070 180
1869080 180
1869090 180
1869100 178
1869110 177
1869120 177
1869130 177
1869140 176
1869150 176
1869160 176
1869170 174
1869180 174
1869190 174
1869200 174
1869210 174
1869220 173
1869230 173
1869240 173
1869250 171
1869260 170
1869270 170
1869280 170
1869290 170
1869300 170
1869310 170
1869320 170
1869330 170
1869340 170
1869350 169
1869360 169
1869370 169
1869380 168
1869390 168
1869400 168
1869410 168
1869420 168
1869430 168
1869440 167
1869450 167
1869460 167
1869470 167
1869480 167
1869490 166
1869500 166
1869510 166
1869520 166
1869530 166
1869540 166
1869550 165
1869560 165
1869570 165
1869580 165
1869590 165
1869600 165
1869610 164
1869620 164
1869630 164
1869640 164
1869650 164
1869660 164
1869670 164
1869680 163
1869690 163
1869700 163
1869710 163
1869720 163
1869730 163
1869740 163
1869750 163
1869760 163
1869770 163
1869780 163
1869790 163
1869800 162
1869810 162
1869820 162
1869830 162
1869840 162
1869850 162
1869860 162
1869870 162
1869880 161
1869890 160
1869900 160
1869910 160
1869920 160
1869930 160
1869940 161
1869950 162
1869960 162
1869970 162
1869980 161
1869990 161
1870000 160
1870010 161
1870020 161
1870030 161
1870040 161
1870050 161
1870060 160
1870070 160
1870080 160
1870090 160
1870100 160
1870110 160
1870120 160
1870130 160
1870140 160
1870150 160
1870160 159
1870170 159
1870180 159
1870190 159
1870200 159
1870210 159
1870220 159
1870230 159
1870240 159
1870250 159
1870260 159
1870270 159
1870280 159
1870290 159
1870300 159
1870310 159
1870320 159
1870330 159
1870340 159
1870350 159
1870360 159
1870370 159
1870380 159
1870390 159
1870400 159
1870410 159
1870420 159
1870430 159
1870440 159
1870450 159
1870460 159
1870470 159
1870480 159
1870490 159
1870500 159
1870510 159
1870520 159
1870530 159
1870540 159
1870550 159
1870560 159
1870570 159
1870580 159
1870590 159
1870600 159
1870610 159
1870620 159
1870630 159
1870640 159
1870650 159
1870660 159
1870670 159
1870680 159
1870690 159
1870700 159
1870710 159
1870720 159
1870730 158
1870740 158
1870750 158
1870760 158
1870770 158
1870780 158
1870790 158
1870800 158
1870810 158
1870820 158
1870830 158
1870840 158
1870850 158
1870860 158
1870870 158
1870880 158
1870890 157
1870900 157
1870910 157
1870920 157
1870930 157
1870940 157
1870950 157
1870960 157
1870970 157
1870980 157
1870990 157
1871000 156
1871010 156
1871020 156
1871030 156
1871040 156
1871050 156
1871060 156
1871070 156
1871080 156
1871090 156
1871100 156
1871110 156
1871120 156
1871130 155
1871140 155
1871150 155
1871160 155
1871170 155
1871180 155
1871190 154
1871200 154
1871210 154
1871220 154
1871230 154
1871240 154
1871250 154
1871260 154
1871270 154
1871280 154
1871290 154
1871300 154
1871310 153
1871320 153
1871330 153
1871340 153
1871350 153
1871360 153
1871370 153
1871380 153
1871390 153
1871400 153
1871410 153
1871420 153
1871430 153
1871440 153
1871450 153
1871460 153
1871470 153
1871480 153
1871490 153
1871500 153
1871510 153
1871520 152
1871530 152
1871540 152
1871550 152
1871560 152
1871570 152
1871580 152
1871590 152
1871600 152
1871610 152
1871620 152
1871630 152
1871640 152
1871650 152
1871660 152
1871670 152
1871680 152
1871690 152
1871700 152
1871710 152
1871720 152
1871730 152
1871740 152
1871750 152
1871760 152
1871770 152
1871780 152
1871790 152
1871800 152
1871810 152
1871820 151
1871830 151
1871840 151
1871850 152
1871860 152
1871870 152
1871880 151
1871890 151
1871900 151
1871910 151
1871920 151
1871930 151
1871940 151
1871950 151
1871960 151
1871970 151
1871980 151
1871990 151
1872000 152
1872010 152
1872020 152
1872030 151
1872040 151
1872050 151
1872060 151
1872070 151
1872080 151
1872090 151
1872100 151
1872110 151
1872120 151
1872130 151
1872140 151
1872150 151
1872160 151
1872170 151
1872180 151
1872190 150
1872200 150
1872210 150
1872220 150
1872230 150
1872240 150
1872250 150
1872260 150
1872270 150
1872280 150
1872290 150
1872300 150
1872310 150
1872320 150
1872330 150
1872340 150
1872350 150
1872360 150
1872370 150
1872380 150
1872390 150
1872400 150
1872410 150
1872420 150
1872430 150
1872440 150
1872450 150
1872460 150
1872470 150
1872480 150
1872490 150
1872500 150
1872510 150
1872520 150
1872530 150
1872540 150
1872550 151
1872560 151
1872570 151
1872580 151
1872590 151
1872600 151
1872610 151
1872620 151
1872630 151
1872640 150
1872650 150
1872660 150
1872670 150
1872680 150
1872690 150
1872700 150
1872710 150
1872720 150
1872730 150
1872740 150
1872750 151
1872760 151
1872770 151
1872780 150
1872790 150
1872800 150
1872810 150
1872820 150
1872830 150
1872840 150
1872850 150
1872860 150
1872870 150
1872880 150
1872890 150
1872900 150
1872910 150
1872920 150
1872930 150
1872940 150
1872950 150
1872960 150
1872970 150
1872980 150
1872990 150
1873000 150
1873010 150
1873020 150
1873030 150
1873040 150
1873050 150
1873060 150
1873070 150
1873080 150
1873090 150
1873100 150
1873110 150
1873120 150
1873130 150
1873140 150
1873150 150
1873160 150
1873170 150
1873180 150
1873190 150
1873200 150
1873210 150
1873220 150
1873230 150
1873240 150
1873250 150
1873260 150
1873270 150
1873280 150
1873290 150
1873300 150
1873310 150
1873320 150
1873330 150
1873340 150
1873350 150
1873360 150
1873370 150
1873380 150
1873390 150
1873400 150
1873410 150
1873420 150
1873430 150
1873440 150
1873450 150
1873460 150
1873470 150
1873480 150
1873490 150
1873500 150
1873510 149
1873520 149
1873530 149
1873540 149
1873550 149
1873560 150
1873570 150
1873580 150
1873590 150
1873600 150
1873610 150
1873620 149
1873630 149
1873640 149
1873650 149
1873660 149
1873670 149
1873680 149
1873690 149
1873700 149
1873710 149
1873720 149
1873730 149
1873740 149
1873750 149
1873760 149
1873770 149
1873780 149
1873790 149
1873800 149
1873810 149
1873820 149
1873830 149
1873840 149
1873850 149
1873860 149
1873870 149
1873880 149
1873890 149
1873900 149
1873910 149
1873920 149
1873930 149
1873940 149
1873950 149
1873960 149
1873970 149
1873980 149
1873990 149
1874000 149
1874010 149
1874020 149
1874030 149
1874040 149
1874050 149
1874060 149
1874070 149
1874080 149
1874090 149
1874100 149
1874110 149
1874120 149
1874130 149
1874140 149
1874150 149
1874160 149
1874170 149
1874180 149
1874190 149
1874200 149
1874210 149
1874220 149
1874230 149
1874240 149
1874250 149
1874260 149
1874270 148
1874280 148
1874290 148
1874300 148
1874310 148
1874320 148
1874330 148
1874340 148
1874350 148
1874360 148
1874370 148
1874380 148
1874390 148
1874400 148
1874410 148
1874420 148
1874430 148
1874440 148
1874450 148
1874460 148
1874470 148
1874480 148
1874490 148
1874500 148
1874510 148
1874520 148
1874530 148
1874540 148
1874550 148
1874560 148
1874570 148
1874580 148
1874590 148
1874600 148
1874610 148
1874620 148
1874630 148
1874640 148
1874650 148
1874660 148
1874670 148
1874680 148
1874690 148
1874700 148
1874710 148
1874720 148
1874730 148
1874740 148
1874750 148
1874760 148
1874770 148
1874780 148
1874790 148
1874800 148
1874810 148
1874820 148
1874830 148
1874840 148
1874850 148
1874860 148
1874870 148
1874880 148
1874890 147
1874900 147
1874910 147
1874920 147
1874930 148
1874940 148
1874950 148
1874960 148
1874970 148
1874980 148
1874990 148
1875000 148
1875010 148
1875020 148
1875030 148
1875040 148
1875050 147
1875060 147
1875070 147
1875080 147
1875090 147
1875100 147
1875110 147
1875120 147
1875130 147
1875140 147
1875150 147
1875160 147
1875170 147
1875180 147
1875190 147
1875200 147
1875210 147
1875220 147
1875230 147
1875240 147
1875250 147
1875260 147
1875270 147
1875280 147
1875290 147
1875300 147
1875310 147
1875320 147
1875330 147
1875340 147
1875350 147
1875360 147
1875370 147
1875380 147
1875390 147
1875400 147
1875410 147
1875420 147
1875430 147
1875440 147
1875450 147
1875460 147
1875470 147
1875480 147
1875490 147
1875500 147
1875510 147
1875520 147
1875530 147
1875540 147
1875550 147
1875560 147
1875570 147
1875580 147
1875590 147
1875600 147
1875610 147
1875620 147
1875630 147
1875640 147
1875650 148
1875660 148
1875670 148
1875680 148
1875690 147
1875700 147
1875710 147
1875720 147
1875730 147
1875740 148
1875750 147
1875760 147
1875770 147
1875780 147
1875790 147
1875800 147
1875810 147
1875820 147
1875830 147
1875840 148
1875850 148
1875860 148
1875870 148
1875880 148
1875890 148
1875900 148
1875910 148
1875920 148
1875930 148
1875940 148
1875950 148
1875960 148
1875970 148
1875980 148
1875990 148
1876000 148
1876010 148
1876020 148
1876030 148
1876040 148
1876050 148
1876060 148
1876070 148
1876080 148
1876090 148
1876100 148
1876110 148
1876120 148
1876130 148
1876140 148
1876150 148
1876160 147
1876170 147
1876180 147
1876190 147
1876200 147
1876210 147
1876220 147
1876230 147
1876240 147
1876250 146
1876260 146
1876270 146
1876280 146
1876290 146
1876300 146
1876310 146
1876320 147
1876330 147
1876340 147
1876350 147
1876360 147
1876370 147
1876380 147
1876390 147
1876400 147
1876410 147
1876420 147
1876430 147
1876440 147
1876450 147
1876460 147
1876470 147
1876480 147
1876490 147
1876500 147
1876510 147
1876520 147
1876530 148
1876540 148
1876550 148
1876560 148
1876570 148
1876580 148
1876590 148
1876600 148
1876610 147
1876620 148
1876630 148
1876640 147
1876650 147
1876660 147
1876670 147
1876680 147
1876690 147
1876700 147
1876710 147
1876720 147
1876730 146
1876740 146
1876750 146
1876760 146
1876770 146
1876780 146
1876790 146
1876800 146
1876810 146
1876820 146
1876830 146
1876840 146
1876850 146
1876860 146
1876870 146
1876880 146
1876890 146
1876900 146
1876910 146
1876920 146
1876930 146
1876940 146
1876950 146
1876960 146
1876970 146
1876980 146
1876990 146
1877000 145
1877010 145
1877020 145
1877030 145
1877040 145
1877050 145
1877060 145
1877070 145
1877080 145
1877090 145
1877100 145
1877110 145
1877120 145
1877130 145
1877140 145
1877150 145
1877160 145
1877170 145
1877180 145
1877190 145
1877200 145
1877210 145
1877220 144
1877230 144
1877240 145
1877250 145
1877260 145
1877270 145
1877280 145
1877290 145
1877300 144
1877310 146
1877320 148
1877330 148
1877340 147
1877350 145
1877360 145
1877370 145
1877380 146
1877390 146
1877400 146
1877410 146
1877420 146
1877430 144
1877440 144
1877450 144
1877460 145
1877470 146
1877480 146
1877490 146
1877500 146
1877510 146
1877520 146
1877530 146
1877540 146
1877550 145
1877560 146
1877570 146
1877580 146
1877590 145
1877600 145
1877610 145
1877620 146
1877630 146
1877640 146
1877650 145
1877660 145
1877670 147
1877680 147
1877690 147
1877700 148
1877710 148
1877720 148
1877730 149
1877740 149
1877750 149
1877760 150
1877770 149
1877780 149
1877790 149
1877800 149
1877810 149
1877820 148
1877830 150
1877840 150
1877850 151
1877860 151
1877870 151
1877880 151
1877890 151
1877900 151
1877910 151
1877920 151
1877930 151
1877940 151
1877950 151
1877960 151
1877970 151
1877980 151
1877990 151
1878000 151
1878010 151
1878020 151
1878030 151
1878040 151
1878050 151
1878060 151
1878070 151
1878080 151
1878090 151
1878100 151
1878110 151
1878120 151
1878130 151
1878140 151
1878150 151
1878160 151
1878170 151
1878180 151
1878190 150
1878200 150
1878210 150
1878220 150
1878230 150
1878240 150
1878250 150
1878260 150
1878270 150
1878280 150
1878290 150
1878300 150
1878310 150
1878320 150
1878330 150
1878340 150
1878350 150
1878360 150
1878370 150
1878380 150
1878390 150
1878400 150
1878410 150
1878420 150
1878430 150
1878440 150
1878450 150
1878460 150
1878470 150
1878480 150
1878490 150
1878500 150
1878510 150
1878520 150
1878530 150
1878540 150
1878550 150
1878560 150
1878570 149
1878580 150
1878590 150
1878600 150
1878610 149
1878620 149
1878630 149
1878640 149
1878650 149
1878660 149
1878670 149
1878680 149
1878690 149
1878700 149
1878710 149
1878720 149
1878730 149
1878740 149
1878750 149
1878760 149
1878770 149
1878780 150
1878790 150
1878800 150
1878810 150
1878820 150
1878830 150
1878840 150
1878850 151
1878860 151
1878870 151
1878880 151
1878890 151
1878900 151
1878910 151
1878920 151
1878930 151
1878940 151
1878950 151
1878960 151
1878970 151
1878980 151
1878990 151
1879000 151
1879010 151
1879020 151
1879030 151
1879040 152
1879050 152
1879060 151
1879070 151
1879080 151
1879090 151
1879100 151
1879110 151
1879120 151
1879130 151
1879140 151
1879150 151
1879160 151
1879170 151
1879180 151
1879190 151
1879200 151
1879210 151
1879220 151
1879230 151
1879240 151
1879250 151
1879260 151
1879270 151
1879280 151
1879290 151
1879300 151
1879310 151
1879320 151
1879330 151
1879340 151
1879350 151
1879360 151
1879370 151
1879380 151
1879390 151
1879400 151
1879410 151
1879420 151
1879430 151
1879440 151
1879450 151
1879460 151
1879470 151
1879480 151
1879490 151
1879500 151
1879510 151
1879520 151
1879530 151
1879540 151
1879550 151
1879560 151
1879570 151
1879580 152
1879590 152
1879600 152
1879610 152
1879620 152
1879630 152
1879640 152
1879650 152
1879660 152
1879670 152
1879680 152
1879690 152
1879700 152
1879710 152
1879720 152
1879730 152
1879740 152
1879750 152
1879760 152
1879770 152
1879780 152
1879790 152
1879800 152
1879810 152
1879820 152
1879830 152
1879840 152
1879850 152
1879860 152
1879870 152
1879880 152
1879890 152
1879900 152
1879910 152
1879920 152
1879930 152
1879940 152
1879950 152
1879960 152
1879970 152
1879980 152
1879990 152
