1860000 170
1860010 170
1860020 170
1860030 171
1860040 171
1860050 171
1860060 170
1860070 170
1860080 170
1860090 170
1860100 170
1860110 170
1860120 169
1860130 169
1860140 168
1860150 168
1860160 168
1860170 168
1860180 168
1860190 168
1860200 168
1860210 168
1860220 168
1860230 168
1860240 168
1860250 168
1860260 168
1860270 168
1860280 168
1860290 168
1860300 168
1860310 168
1860320 168
1860330 168
1860340 167
1860350 167
1860360 168
1860370 168
1860380 168
1860390 168
1860400 168
1860410 168
1860420 168
1860430 168
1860440 168
1860450 168
1860460 168
1860470 168
1860480 168
1860490 168
1860500 168
1860510 168
1860520 168
1860530 168
1860540 168
1860550 168
1860560 168
1860570 168
1860580 168
1860590 167
1860600 167
1860610 167
1860620 167
1860630 167
1860640 167
1860650 167
1860660 166
1860670 166
1860680 166
1860690 165
1860700 165
1860710 165
1860720 166
1860730 166
1860740 166
1860750 166
1860760 166
1860770 165
1860780 165
1860790 165
1860800 165
1860810 165
1860820 165
1860830 165
1860840 165
1860850 165
1860860 165
1860870 165
1860880 165
1860890 166
1860900 166
1860910 166
1860920 165
1860930 165
1860940 165
1860950 165
1860960 165
1860970 165
1860980 165
1860990 165
1861000 165
1861010 165
1861020 165
1861030 165
1861040 165
1861050 165
1861060 165
1861070 165
1861080 165
1861090 165
1861100 165
1861110 165
1861120 165
1861130 165
1861140 165
1861150 165
1861160 165
1861170 165
1861180 165
1861190 165
1861200 166
1861210 166
1861220 166
1861230 166
1861240 166
1861250 166
1861260 167
1861270 167
1861280 167
1861290 167
1861300 167
1861310 167
1861320 167
1861330 167
1861340 167
1861350 168
1861360 168
1861370 168
1861380 168
1861390 169
1861400 169
1861410 169
1861420 169
1861430 169
1861440 169
1861450 170
1861460 170
1861470 170
1861480 171
1861490 171
1861500 171
1861510 171
1861520 171
1861530 171
1861540 171
1861550 171
1861560 172
1861570 172
1861580 172
1861590 172
1861600 172
1861610 172
1861620 172
1861630 172
1861640 172
1861650 172
1861660 172
1861670 172
1861680 172
1861690 172
1861700 172
1861710 172
1861720 172
1861730 172
1861740 172
1861750 171
1861760 171
1861770 171
1861780 170
1861790 170
1861800 170
1861810 170
1861820 170
1861830 169
1861840 169
1861850 169
1861860 169
1861870 170
1861880 170
1861890 171
1861900 172
1861910 172
1861920 173
1861930 174
1861940 174
1861950 175
1861960 176
1861970 176
1861980 177
1861990 177
1862000 177
1862010 178
1862020 178
1862030 178
1862040 178
1862050 179
1862060 179
1862070 180
1862080 180
1862090 180
1862100 181
1862110 181
1862120 181
1862130 182
1862140 182
1862150 182
1862160 182
1862170 183
1862180 183
1862190 183
1862200 184
1862210 184
1862220 184
1862230 185
1862240 185
1862250 185
1862260 186
1862270 186
1862280 186
1862290 186
1862300 186
1862310 187
1862320 187
1862330 187
1862340 188
1862350 188
1862360 188
1862370 188
1862380 188
1862390 189
1862400 189
1862410 189
1862420 189
1862430 190
1862440 190
1862450 190
1862460 191
1862470 191
1862480 191
1862490 191
1862500 192
1862510 192
1862520 192
1862530 192
1862540 192
1862550 192
1862560 192
1862570 192
1862580 192
1862590 192
1862600 192
1862610 192
1862620 192
1862630 192
1862640 192
1862650 192
1862660 192
1862670 192
1862680 193
1862690 193
1862700 193
1862710 193
1862720 193
1862730 194
1862740 194
1862750 194
1862760 194
1862770 194
1862780 194
1862790 194
1862800 193
1862810 193
1862820 193
1862830 193
1862840 193
1862850 192
1862860 192
1862870 192
1862880 191
1862890 190
1862900 190
1862910 190
1862920 189
1862930 189
1862940 188
1862950 187
1862960 187
1862970 187
1862980 186
1862990 185
1863000 185
1863010 185
1863020 185
1863030 185
1863040 185
1863050 183
1863060 183
1863070 183
1863080 182
1863090 182
1863100 182
1863110 181
1863120 181
1863130 179
1863140 179
1863150 179
1863160 178
1863170 178
1863180 178
1863190 177
1863200 177
1863210 177
1863220 176
1863230 176
1863240 176
1863250 176
1863260 176
1863270 176
1863280 175
1863290 174
1863300 174
1863310 173
1863320 174
1863330 174
1863340 174
1863350 174
1863360 174
1863370 175
1863380 176
1863390 176
1863400 177
1863410 180
1863420 179
1863430 181
1863440 182
1863450 182
1863460 183
1863470 185
1863480 185
1863490 186
1863500 186
1863510 186
1863520 186
1863530 187
1863540 187
1863550 187
1863560 187
1863570 187
1863580 187
1863590 187
1863600 187
1863610 188
1863620 188
1863630 188
1863640 188
1863650 188
1863660 188
1863670 188
1863680 189
1863690 189
1863700 189
1863710 189
1863720 189
1863730 189
1863740 189
1863750 189
1863760 190
1863770 190
1863780 190
1863790 190
1863800 189
1863810 189
1863820 189
1863830 189
1863840 189
1863850 189
1863860 189
1863870 189
1863880 188
1863890 188
1863900 188
1863910 188
1863920 188
1863930 188
1863940 188
1863950 188
1863960 188
1863970 188
1863980 187
1863990 187
1864000 187
1864010 187
1864020 187
1864030 187
1864040 187
1864050 187
1864060 187
1864070 187
1864080 187
1864090 187
1864100 187
1864110 187
1864120 187
1864130 187
1864140 187
1864150 187
1864160 187
1864170 187
1864180 187
1864190 187
1864200 187
1864210 187
1864220 188
1864230 188
1864240 187
1864250 187
1864260 187
1864270 187
1864280 187
1864290 187
1864300 187
1864310 187
1864320 187
1864330 188
1864340 188
1864350 188
1864360 188
1864370 189
1864380 189
1864390 189
1864400 189
1864410 189
1864420 190
1864430 190
1864440 191
1864450 192
1864460 192
1864470 192
1864480 192
1864490 192
1864500 192
1864510 193
1864520 193
1864530 193
1864540 193
1864550 193
1864560 193
1864570 194
1864580 194
1864590 194
1864600 194
1864610 194
1864620 194
1864630 194
1864640 194
1864650 195
1864660 195
1864670 195
1864680 195
1864690 195
1864700 195
1864710 195
1864720 195
1864730 194
1864740 194
1864750 194
1864760 193
1864770 192
1864780 192
1864790 191
1864800 191
1864810 191
1864820 190
1864830 190
1864840 190
1864850 190
1864860 190
1864870 190
1864880 191
1864890 191
1864900 191
1864910 192
1864920 192
1864930 192
1864940 193
1864950 194
1864960 194
1864970 194
1864980 195
1864990 195
1865000 196
1865010 197
1865020 197
1865030 198
1865040 198
1865050 198
1865060 199
1865070 200
1865080 200
1865090 200
1865100 201
1865110 201
1865120 201
1865130 201
1865140 201
1865150 201
1865160 201
1865170 201
1865180 201
1865190 201
1865200 201
1865210 200
1865220 200
1865230 200
1865240 200
1865250 200
1865260 200
1865270 200
1865280 200
1865290 200
1865300 200
1865310 200
1865320 200
1865330 200
1865340 200
1865350 200
1865360 200
1865370 199
1865380 199
1865390 199
1865400 199
1865410 199
1865420 199
1865430 198
1865440 198
1865450 198
1865460 198
1865470 198
1865480 197
1865490 197
1865500 197
1865510 196
1865520 195
1865530 195
1865540 195
1865550 194
1865560 194
1865570 193
1865580 192
1865590 192
1865600 191
1865610 190
1865620 190
1865630 189
1865640 189
1865650 189
1865660 188
1865670 187
1865680 187
1865690 187
1865700 186
1865710 186
1865720 185
1865730 185
1865740 185
1865750 184
1865760 183
1865770 183
1865780 182
1865790 182
1865800 181
1865810 181
1865820 180
1865830 180
1865840 180
1865850 179
1865860 179
1865870 179
1865880 179
1865890 179
1865900 179
1865910 179
1865920 179
1865930 179
1865940 178
1865950 178
1865960 178
1865970 178
1865980 178
1865990 178
1866000 178
1866010 178
1866020 177
1866030 177
1866040 177
1866050 177
1866060 177
1866070 177
1866080 177
1866090 177
1866100 177
1866110 177
1866120 177
1866130 177
1866140 177
1866150 177
1866160 177
1866170 178
1866180 180
1866190 180
1866200 181
1866210 182
1866220 184
1866230 184
1866240 185
1866250 187
1866260 187
1866270 188
1866280 190
1866290 190
1866300 192
1866310 194
1866320 194
1866330 195
1866340 197
1866350 197
1866360 199
1866370 201
1866380 201
1866390 203
1866400 204
1866410 204
1866420 205
1866430 206
1866440 206
1866450 207
1866460 207
1866470 207
1866480 207
1866490 207
1866500 207
1866510 208
1866520 208
1866530 208
1866540 208
1866550 208
1866560 208
1866570 208
1866580 208
1866590 208
1866600 208
1866610 209
1866620 209
1866630 209
1866640 209
1866650 209
1866660 209
1866670 209
1866680 209
1866690 209
1866700 208
1866710 208
1866720 208
1866730 208
1866740 208
1866750 208
1866760 208
1866770 208
1866780 208
1866790 208
1866800 208
1866810 208
1866820 208
1866830 208
1866840 209
1866850 209
1866860 209
1866870 209
1866880 209
1866890 209
1866900 209
1866910 209
1866920 209
1866930 209
1866940 209
1866950 209
1866960 209
1866970 208
1866980 208
1866990 208
1867000 208
1867010 208
1867020 208
1867030 208
1867040 208
1867050 207
1867060 207
1867070 207
1867080 207
1867090 206
1867100 206
1867110 206
1867120 206
1867130 206
1867140 206
1867150 206
1867160 206
1867170 205
1867180 205
1867190 205
1867200 205
1867210 205
1867220 205
1867230 204
1867240 204
1867250 204
1867260 204
1867270 203
1867280 203
1867290 202
1867300 202
1867310 202
1867320 202
1867330 201
1867340 201
1867350 201
1867360 200
1867370 200
1867380 200
1867390 199
1867400 199
1867410 199
1867420 198
1867430 198
1867440 198
1867450 197
1867460 197
1867470 197
1867480 196
1867490 196
1867500 196
1867510 196
1867520 196
1867530 196
1867540 196
1867550 196
1867560 196
1867570 196
1867580 196
1867590 196
1867600 196
1867610 196
1867620 196
1867630 196
1867640 196
1867650 197
1867660 197
1867670 197
1867680 197
1867690 198
1867700 198
1867710 198
1867720 198
1867730 198
1867740 198
1867750 198
1867760 198
1867770 198
1867780 198
1867790 198
1867800 198
1867810 199
1867820 199
1867830 199
1867840 200
1867850 200
1867860 200
1867870 200
1867880 200
1867890 200
1867900 200
1867910 201
1867920 201
1867930 201
1867940 201
1867950 201
1867960 201
1867970 201
1867980 201
1867990 201
1868000 201
1868010 201
1868020 201
1868030 201
1868040 201
1868050 202
1868060 202
1868070 202
1868080 202
1868090 202
1868100 202
1868110 202
1868120 202
1868130 202
1868140 202
1868150 202
1868160 202
1868170 202
1868180 202
1868190 202
1868200 202
1868210 202
1868220 202
1868230 202
1868240 202
1868250 202
1868260 202
1868270 202
1868280 202
1868290 202
1868300 202
1868310 202
1868320 202
1868330 202
1868340 202
1868350 202
1868360 203
1868370 203
1868380 202
1868390 202
1868400 202
1868410 202
1868420 202
1868430 202
1868440 202
1868450 202
1868460 202
1868470 202
1868480 202
1868490 202
1868500 201
1868510 201
1868520 201
1868530 201
1868540 200
1868550 200
1868560 200
1868570 199
1868580 199
1868590 199
1868600 198
1868610 198
1868620 198
1868630 197
1868640 197
1868650 197
1868660 196
1868670 196
1868680 196
1868690 195
1868700 195
1868710 194
1868720 194
1868730 194
1868740 193
1868750 193
1868760 193
1868770 192
1868780 191
1868790 191
1868800 190
1868810 190
1868820 190
1868830 189
1868840 188
1868850 188
1868860 187
1868870 186
1868880 186
1868890 186
1868900 186
1868910 186
1868920 185
1868930 184
1868940 184
1868950 184
1868960 182
1868970 182
1868980 181
1868990 181
1869000 181
1869010 180
1869020 180
1869030 180
1869040 179
1869050 179
1869060 179
1869070 179
1869080 178
1869090 178
1869100 178
1869110 178
1869120 178
1869130 178
1869140 177
1869150 177
1869160 177
1869170 177
1869180 177
1869190 177
1869200 177
1869210 177
1869220 176
1869230 176
1869240 176
1869250 176
1869260 176
1869270 176
1869280 176
1869290 176
1869300 176
1869310 176
1869320 176
1869330 176
1869340 176
1869350 177
1869360 177
1869370 177
1869380 177
1869390 177
1869400 177
1869410 177
1869420 177
1869430 177
1869440 177
1869450 177
1869460 177
1869470 177
1869480 177
1869490 177
1869500 177
1869510 177
1869520 177
1869530 177
1869540 178
1869550 178
1869560 177
1869570 177
1869580 177
1869590 177
1869600 177
1869610 177
1869620 177
1869630 177
1869640 177
1869650 177
1869660 177
1869670 177
1869680 177
1869690 177
1869700 177
1869710 177
1869720 177
1869730 177
1869740 177
1869750 176
1869760 176
1869770 176
1869780 175
1869790 175
1869800 174
1869810 174
1869820 174
1869830 173
1869840 173
1869850 172
1869860 172
1869870 171
1869880 171
1869890 171
1869900 170
1869910 170
1869920 170
1869930 169
1869940 169
1869950 169
1869960 168
1869970 168
1869980 167
1869990 167
1870000 167
1870010 166
1870020 166
1870030 166
1870040 165
1870050 165
1870060 165
1870070 164
1870080 163
1870090 163
1870100 163
1870110 162
1870120 162
1870130 162
1870140 162
1870150 162
1870160 161
1870170 161
1870180 161
1870190 161
1870200 161
1870210 161
1870220 160
1870230 160
1870240 160
1870250 160
1870260 160
1870270 160
1870280 160
1870290 160
1870300 160
1870310 159
1870320 159
1870330 159
1870340 159
1870350 159
1870360 159
1870370 159
1870380 159
1870390 159
1870400 159
1870410 159
1870420 159
1870430 159
1870440 159
1870450 159
1870460 159
1870470 158
1870480 158
1870490 158
1870500 158
1870510 158
1870520 158
1870530 158
1870540 158
1870550 158
1870560 158
1870570 158
1870580 158
1870590 158
1870600 158
1870610 158
1870620 158
1870630 158
1870640 158
1870650 158
1870660 158
1870670 158
1870680 158
1870690 158
1870700 158
1870710 157
1870720 157
1870730 157
1870740 157
1870750 157
1870760 157
1870770 157
1870780 157
1870790 157
1870800 157
1870810 157
1870820 156
1870830 156
1870840 156
1870850 156
1870860 156
1870870 156
1870880 156
1870890 155
1870900 155
1870910 155
1870920 155
1870930 155
1870940 155
1870950 155
1870960 155
1870970 155
1870980 155
1870990 155
1871000 155
1871010 156
1871020 156
1871030 156
1871040 156
1871050 156
1871060 156
1871070 156
1871080 155
1871090 155
1871100 155
1871110 156
1871120 156
1871130 155
1871140 155
1871150 155
1871160 155
1871170 155
1871180 155
1871190 155
1871200 155
1871210 155
1871220 155
1871230 155
1871240 155
1871250 155
1871260 156
1871270 156
1871280 156
1871290 156
1871300 156
1871310 156
1871320 156
1871330 156
1871340 156
1871350 156
1871360 156
1871370 156
1871380 156
1871390 156
1871400 156
1871410 156
1871420 156
1871430 156
1871440 156
1871450 156
1871460 156
1871470 156
1871480 156
1871490 156
1871500 156
1871510 156
1871520 156
1871530 156
1871540 156
1871550 155
1871560 155
1871570 155
1871580 155
1871590 155
1871600 155
1871610 155
1871620 155
1871630 155
1871640 155
1871650 155
1871660 155
1871670 155
1871680 155
1871690 155
1871700 155
1871710 155
1871720 155
1871730 155
1871740 155
1871750 155
1871760 155
1871770 155
1871780 155
1871790 154
1871800 154
1871810 154
1871820 154
1871830 154
1871840 154
1871850 154
1871860 154
1871870 154
1871880 154
1871890 154
1871900 154
1871910 154
1871920 154
1871930 154
1871940 154
1871950 153
1871960 153
1871970 153
1871980 153
1871990 153
1872000 153
1872010 153
1872020 153
1872030 152
1872040 152
1872050 152
1872060 152
1872070 152
1872080 152
1872090 152
1872100 152
1872110 152
1872120 152
1872130 151
1872140 151
1872150 151
1872160 151
1872170 151
1872180 151
1872190 151
1872200 151
1872210 151
1872220 151
1872230 151
1872240 151
1872250 151
1872260 151
1872270 151
1872280 151
1872290 151
1872300 151
1872310 150
1872320 150
1872330 150
1872340 150
1872350 150
1872360 150
1872370 150
1872380 150
1872390 150
1872400 150
1872410 150
1872420 150
1872430 150
1872440 150
1872450 150
1872460 150
1872470 150
1872480 150
1872490 150
1872500 150
1872510 150
1872520 150
1872530 150
1872540 150
1872550 150
1872560 150
1872570 150
1872580 150
1872590 150
1872600 150
1872610 150
1872620 150
1872630 150
1872640 150
1872650 150
1872660 149
1872670 149
1872680 149
1872690 149
1872700 149
1872710 149
1872720 149
1872730 149
1872740 149
1872750 149
1872760 149
1872770 149
1872780 149
1872790 149
1872800 149
1872810 149
1872820 149
1872830 149
1872840 149
1872850 149
1872860 150
1872870 150
1872880 150
1872890 150
1872900 150
1872910 149
1872920 149
1872930 149
1872940 149
1872950 149
1872960 149
1872970 149
1872980 149
1872990 149
1873000 149
1873010 149
1873020 149
1873030 149
1873040 149
1873050 149
1873060 149
1873070 149
1873080 149
1873090 149
1873100 149
1873110 149
1873120 149
1873130 149
1873140 149
1873150 149
1873160 149
1873170 149
1873180 149
1873190 149
1873200 149
1873210 149
1873220 149
1873230 149
1873240 149
1873250 149
1873260 149
1873270 149
1873280 149
1873290 149
1873300 149
1873310 149
1873320 149
1873330 149
1873340 149
1873350 149
1873360 149
1873370 149
1873380 149
1873390 149
1873400 149
1873410 149
1873420 149
1873430 149
1873440 149
1873450 149
1873460 149
1873470 149
1873480 149
1873490 149
1873500 149
1873510 149
1873520 149
1873530 149
1873540 149
1873550 149
1873560 149
1873570 149
1873580 149
1873590 149
1873600 149
1873610 149
1873620 149
1873630 149
1873640 150
1873650 150
1873660 150
1873670 150
1873680 150
1873690 150
1873700 150
1873710 150
1873720 150
1873730 150
1873740 150
1873750 150
1873760 149
1873770 149
1873780 149
1873790 149
1873800 149
1873810 149
1873820 149
1873830 149
1873840 149
1873850 149
1873860 149
1873870 149
1873880 149
1873890 149
1873900 148
1873910 148
1873920 148
1873930 148
1873940 148
1873950 148
1873960 148
1873970 148
1873980 148
1873990 148
1874000 148
1874010 148
1874020 148
1874030 148
1874040 148
1874050 148
1874060 148
1874070 148
1874080 148
1874090 148
1874100 148
1874110 148
1874120 148
1874130 148
1874140 147
1874150 147
1874160 147
1874170 147
1874180 147
1874190 147
1874200 147
1874210 147
1874220 147
1874230 147
1874240 148
1874250 148
1874260 148
1874270 148
1874280 148
1874290 148
1874300 149
1874310 149
1874320 149
1874330 149
1874340 149
1874350 149
1874360 148
1874370 148
1874380 148
1874390 148
1874400 148
1874410 148
1874420 148
1874430 148
1874440 148
1874450 148
1874460 148
1874470 148
1874480 148
1874490 148
1874500 148
1874510 148
1874520 148
1874530 148
1874540 148
1874550 148
1874560 148
1874570 148
1874580 148
1874590 148
1874600 148
1874610 148
1874620 148
1874630 148
1874640 148
1874650 148
1874660 148
1874670 148
1874680 148
1874690 148
1874700 148
1874710 148
1874720 148
1874730 148
1874740 148
1874750 148
1874760 148
1874770 148
1874780 148
1874790 148
1874800 148
1874810 148
1874820 148
1874830 148
1874840 148
1874850 148
1874860 148
1874870 148
1874880 148
1874890 148
1874900 148
1874910 148
1874920 148
1874930 148
1874940 148
1874950 148
1874960 148
1874970 148
1874980 148
1874990 148
1875000 147
1875010 147
1875020 147
1875030 147
1875040 147
1875050 147
1875060 147
1875070 147
1875080 146
1875090 147
1875100 147
1875110 147
1875120 147
1875130 147
1875140 146
1875150 147
1875160 147
1875170 147
1875180 147
1875190 147
1875200 147
1875210 148
1875220 148
1875230 148
1875240 147
1875250 147
1875260 147
1875270 147
1875280 147
1875290 147
1875300 147
1875310 147
1875320 147
1875330 147
1875340 147
1875350 147
1875360 147
1875370 147
1875380 147
1875390 147
1875400 147
1875410 147
1875420 147
1875430 147
1875440 147
1875450 147
1875460 147
1875470 148
1875480 148
1875490 148
1875500 148
1875510 148
1875520 148
1875530 148
1875540 147
1875550 147
1875560 147
1875570 146
1875580 146
1875590 146
1875600 145
1875610 145
1875620 145
1875630 144
1875640 144
1875650 144
1875660 145
1875670 145
1875680 145
1875690 145
1875700 145
1875710 145
1875720 144
1875730 144
1875740 144
1875750 144
1875760 144
1875770 144
1875780 144
1875790 144
1875800 145
1875810 145
1875820 145
1875830 145
1875840 145
1875850 145
1875860 145
1875870 145
1875880 145
1875890 145
1875900 146
1875910 146
1875920 146
1875930 147
1875940 147
1875950 147
1875960 147
1875970 147
1875980 146
1875990 145
1876000 145
1876010 145
1876020 146
1876030 146
1876040 146
1876050 145
1876060 145
1876070 145
1876080 145
1876090 145
1876100 145
1876110 146
1876120 148
1876130 148
1876140 145
1876150 145
1876160 145
1876170 145
1876180 145
1876190 145
1876200 145
1876210 145
1876220 145
1876230 145
1876240 145
1876250 145
1876260 145
1876270 145
1876280 145
1876290 145
1876300 145
1876310 145
1876320 145
1876330 145
1876340 145
1876350 145
1876360 145
1876370 145
1876380 145
1876390 145
1876400 145
1876410 145
1876420 145
1876430 145
1876440 145
1876450 145
1876460 145
1876470 145
1876480 145
1876490 145
1876500 146
1876510 146
1876520 146
1876530 146
1876540 145
1876550 145
1876560 145
1876570 145
1876580 145
1876590 145
1876600 144
1876610 144
1876620 144
1876630 144
1876640 144
1876650 144
1876660 145
1876670 145
1876680 145
1876690 144
1876700 144
1876710 146
1876720 146
1876730 146
1876740 146
1876750 146
1876760 146
1876770 146
1876780 146
1876790 146
1876800 146
1876810 146
1876820 146
1876830 145
1876840 145
1876850 145
1876860 145
1876870 145
1876880 145
1876890 145
1876900 145
1876910 145
1876920 146
1876930 145
1876940 145
1876950 145
1876960 145
1876970 145
1876980 146
1876990 146
1877000 146
1877010 145
1877020 145
1877030 145
1877040 145
1877050 146
1877060 146
1877070 146
1877080 146
1877090 146
1877100 145
1877110 146
1877120 146
1877130 147
1877140 149
1877150 149
1877160 150
1877170 151
1877180 151
1877190 151
1877200 152
1877210 152
1877220 152
1877230 152
1877240 152
1877250 152
1877260 152
1877270 152
1877280 152
1877290 152
1877300 152
1877310 152
1877320 152
1877330 152
1877340 152
1877350 152
1877360 152
1877370 152
1877380 152
1877390 152
1877400 152
1877410 152
1877420 152
1877430 152
1877440 152
1877450 152
1877460 152
1877470 152
1877480 152
1877490 152
1877500 152
1877510 152
1877520 152
1877530 152
1877540 152
1877550 152
1877560 152
1877570 152
1877580 152
1877590 152
1877600 152
1877610 152
1877620 152
1877630 152
1877640 152
1877650 152
1877660 152
1877670 152
1877680 152
1877690 152
1877700 152
1877710 152
1877720 152
1877730 152
1877740 152
1877750 152
1877760 152
1877770 152
1877780 152
1877790 152
1877800 152
1877810 152
1877820 152
1877830 152
1877840 152
1877850 152
1877860 152
1877870 152
1877880 152
1877890 152
1877900 152
1877910 152
1877920 152
1877930 152
1877940 152
1877950 152
1877960 152
1877970 152
1877980 152
1877990 152
1878000 152
1878010 151
1878020 152
1878030 152
1878040 152
1878050 152
1878060 152
1878070 152
1878080 152
1878090 152
1878100 152
1878110 152
1878120 152
1878130 151
1878140 152
1878150 152
1878160 151
1878170 151
1878180 151
1878190 151
1878200 151
1878210 151
1878220 151
1878230 151
1878240 151
1878250 151
1878260 151
1878270 151
1878280 151
1878290 151
1878300 151
1878310 151
1878320 151
1878330 151
1878340 151
1878350 151
1878360 151
1878370 151
1878380 151
1878390 151
1878400 151
1878410 151
1878420 151
1878430 151
1878440 151
1878450 151
1878460 151
1878470 152
1878480 152
1878490 152
1878500 152
1878510 152
1878520 152
1878530 152
1878540 152
1878550 152
1878560 152
1878570 152
1878580 152
1878590 152
1878600 152
1878610 152
1878620 152
1878630 152
1878640 152
1878650 152
1878660 152
1878670 152
1878680 152
1878690 152
1878700 152
1878710 152
1878720 152
1878730 152
1878740 152
1878750 152
1878760 152
1878770 152
1878780 152
1878790 152
1878800 152
1878810 152
1878820 152
1878830 152
1878840 152
1878850 152
1878860 152
1878870 152
1878880 152
1878890 152
1878900 152
1878910 152
1878920 152
1878930 152
1878940 152
1878950 152
1878960 152
1878970 152
1878980 152
1878990 152
1879000 152
1879010 152
1879020 152
1879030 152
1879040 152
1879050 152
1879060 152
1879070 152
1879080 152
1879090 152
1879100 152
1879110 152
1879120 152
1879130 152
1879140 152
1879150 152
1879160 152
1879170 152
1879180 152
1879190 152
1879200 152
1879210 152
1879220 152
1879230 152
1879240 152
1879250 152
1879260 152
1879270 152
1879280 152
1879290 152
1879300 152
1879310 152
1879320 152
1879330 152
1879340 152
1879350 152
1879360 152
1879370 152
1879380 152
1879390 152
1879400 152
1879410 152
1879420 152
1879430 152
1879440 151
1879450 151
1879460 151
1879470 151
1879480 151
1879490 151
1879500 151
1879510 151
1879520 151
1879530 151
1879540 151
1879550 151
1879560 151
1879570 151
1879580 152
1879590 151
1879600 151
1879610 151
1879620 151
1879630 151
1879640 151
1879650 152
1879660 152
1879670 152
1879680 152
1879690 152
1879700 152
1879710 152
1879720 152
1879730 152
1879740 152
1879750 152
1879760 152
1879770 152
1879780 152
1879790 152
1879800 152
1879810 152
1879820 152
1879830 152
1879840 152
1879850 152
1879860 152
1879870 152
1879880 153
1879890 153
1879900 153
1879910 153
1879920 153
1879930 153
1879940 153
1879950 153
1879960 153
1879970 153
1879980 153
1879990 153
