1860000 182
1860010 182
1860020 181
1860030 181
1860040 181
1860050 181
1860060 181
1860070 181
1860080 181
1860090 181
1860100 181
1860110 181
1860120 181
1860130 181
1860140 181
1860150 181
1860160 181
1860170 181
1860180 181
1860190 181
1860200 181
1860210 181
1860220 182
1860230 182
1860240 182
1860250 182
1860260 182
1860270 182
1860280 182
1860290 182
1860300 182
1860310 182
1860320 182
1860330 183
1860340 183
1860350 183
1860360 184
1860370 184
1860380 185
1860390 186
1860400 186
1860410 187
1860420 189
1860430 189
1860440 190
1860450 191
1860460 191
1860470 192
1860480 193
1860490 193
1860500 193
1860510 194
1860520 194
1860530 194
1860540 194
1860550 194
1860560 195
1860570 195
1860580 195
1860590 195
1860600 195
1860610 195
1860620 195
1860630 195
1860640 195
1860650 195
1860660 195
1860670 195
1860680 195
1860690 195
1860700 195
1860710 195
1860720 195
1860730 195
1860740 195
1860750 195
1860760 195
1860770 195
1860780 195
1860790 195
1860800 195
1860810 195
1860820 194
1860830 194
1860840 194
1860850 194
1860860 194
1860870 194
1860880 194
1860890 194
1860900 194
1860910 194
1860920 194
1860930 194
1860940 194
1860950 194
1860960 193
1860970 193
1860980 193
1860990 193
1861000 193
1861010 193
1861020 193
1861030 193
1861040 193
1861050 193
1861060 193
1861070 193
1861080 193
1861090 193
1861100 193
1861110 193
1861120 192
1861130 192
1861140 192
1861150 191
1861160 191
1861170 191
1861180 191
1861190 191
1861200 191
1861210 191
1861220 191
1861230 191
1861240 191
1861250 191
1861260 191
1861270 191
1861280 191
1861290 192
1861300 192
1861310 192
1861320 192
1861330 192
1861340 192
1861350 193
1861360 193
1861370 193
1861380 194
1861390 194
1861400 194
1861410 195
1861420 195
1861430 195
1861440 196
1861450 197
1861460 197
1861470 197
1861480 198
1861490 198
1861500 198
1861510 198
1861520 198
1861530 199
1861540 199
1861550 199
1861560 200
1861570 200
1861580 200
1861590 201
1861600 201
1861610 201
1861620 202
1861630 202
1861640 202
1861650 202
1861660 203
1861670 203
1861680 203
1861690 203
1861700 203
1861710 203
1861720 203
1861730 203
1861740 203
1861750 203
1861760 203
1861770 203
1861780 203
1861790 203
1861800 202
1861810 202
1861820 202
1861830 201
1861840 201
1861850 201
1861860 200
1861870 199
1861880 199
1861890 198
1861900 198
1861910 198
1861920 197
1861930 197
1861940 197
1861950 197
1861960 198
1861970 198
1861980 198
1861990 199
1862000 199
1862010 199
1862020 200
1862030 200
1862040 201
1862050 202
1862060 202
1862070 203
1862080 203
1862090 203
1862100 204
1862110 205
1862120 205
1862130 205
1862140 205
1862150 205
1862160 205
1862170 205
1862180 205
1862190 206
1862200 206
1862210 206
1862220 206
1862230 206
1862240 206
1862250 206
1862260 206
1862270 206
1862280 206
1862290 206
1862300 206
1862310 206
1862320 205
1862330 205
1862340 205
1862350 205
1862360 205
1862370 205
1862380 205
1862390 205
1862400 204
1862410 204
1862420 204
1862430 204
1862440 203
1862450 203
1862460 203
1862470 203
1862480 203
1862490 203
1862500 203
1862510 203
1862520 202
1862530 202
1862540 202
1862550 202
1862560 202
1862570 202
1862580 202
1862590 202
1862600 202
1862610 202
1862620 201
1862630 201
1862640 201
1862650 201
1862660 201
1862670 201
1862680 200
1862690 200
1862700 200
1862710 200
1862720 199
1862730 199
1862740 199
1862750 198
1862760 198
1862770 198
1862780 197
1862790 197
1862800 196
1862810 196
1862820 196
1862830 195
1862840 194
1862850 194
1862860 193
1862870 192
1862880 192
1862890 192
1862900 191
1862910 191
1862920 190
1862930 190
1862940 190
1862950 190
1862960 189
1862970 189
1862980 189
1862990 189
1863000 189
1863010 189
1863020 189
1863030 189
1863040 189
1863050 189
1863060 189
1863070 190
1863080 190
1863090 190
1863100 191
1863110 192
1863120 192
1863130 193
1863140 193
1863150 193
1863160 193
1863170 193
1863180 193
1863190 193
1863200 193
1863210 193
1863220 193
1863230 193
1863240 193
1863250 194
1863260 194
1863270 194
1863280 195
1863290 195
1863300 195
1863310 196
1863320 196
1863330 196
1863340 197
1863350 198
1863360 198
1863370 198
1863380 199
1863390 199
1863400 199
1863410 199
1863420 199
1863430 199
1863440 199
1863450 199
1863460 199
1863470 200
1863480 200
1863490 200
1863500 200
1863510 200
1863520 200
1863530 201
1863540 201
1863550 201
1863560 201
1863570 201
1863580 201
1863590 202
1863600 202
1863610 202
1863620 203
1863630 203
1863640 204
1863650 205
1863660 205
1863670 205
1863680 205
1863690 205
1863700 205
1863710 205
1863720 205
1863730 205
1863740 205
1863750 205
1863760 205
1863770 205
1863780 205
1863790 205
1863800 205
1863810 205
1863820 206
1863830 206
1863840 206
1863850 206
1863860 206
1863870 206
1863880 206
1863890 206
1863900 206
1863910 206
1863920 206
1863930 206
1863940 206
1863950 206
1863960 206
1863970 206
1863980 205
1863990 206
1864000 206
1864010 205
1864020 205
1864030 205
1864040 205
1864050 205
1864060 205
1864070 205
1864080 205
1864090 205
1864100 206
1864110 206
1864120 207
1864130 208
1864140 208
1864150 209
1864160 211
1864170 211
1864180 212
1864190 213
1864200 213
1864210 214
1864220 215
1864230 216
1864240 216
1864250 217
1864260 217
1864270 217
1864280 218
1864290 219
1864300 219
1864310 220
1864320 220
1864330 222
1864340 223
1864350 223
1864360 223
1864370 224
1864380 224
1864390 224
1864400 225
1864410 225
1864420 225
1864430 225
1864440 225
1864450 225
1864460 226
1864470 226
1864480 226
1864490 226
1864500 226
1864510 226
1864520 226
1864530 226
1864540 226
1864550 225
1864560 225
1864570 225
1864580 224
1864590 224
1864600 224
1864610 223
1864620 222
1864630 222
1864640 221
1864650 220
1864660 220
1864670 219
1864680 218
1864690 218
1864700 218
1864710 217
1864720 217
1864730 216
1864740 216
1864750 216
1864760 215
1864770 215
1864780 215
1864790 215
1864800 215
1864810 215
1864820 215
1864830 215
1864840 215
1864850 215
1864860 215
1864870 215
1864880 215
1864890 215
1864900 215
1864910 215
1864920 215
1864930 215
1864940 215
1864950 214
1864960 214
1864970 214
1864980 213
1864990 213
1865000 212
1865010 213
1865020 213
1865030 213
1865040 214
1865050 214
1865060 214
1865070 214
1865080 214
1865090 215
1865100 216
1865110 216
1865120 217
1865130 218
1865140 218
1865150 220
1865160 221
1865170 221
1865180 222
1865190 223
1865200 223
1865210 224
1865220 225
1865230 225
1865240 226
1865250 226
1865260 226
1865270 227
1865280 227
1865290 227
1865300 228
1865310 228
1865320 228
1865330 228
1865340 228
1865350 229
1865360 229
1865370 229
1865380 229
1865390 229
1865400 228
1865410 228
1865420 229
1865430 229
1865440 229
1865450 229
1865460 229
1865470 229
1865480 229
1865490 229
1865500 229
1865510 230
1865520 230
1865530 230
1865540 230
1865550 230
1865560 230
1865570 230
1865580 230
1865590 230
1865600 229
1865610 229
1865620 229
1865630 229
1865640 229
1865650 229
1865660 228
1865670 228
1865680 228
1865690 227
1865700 227
1865710 227
1865720 227
1865730 226
1865740 226
1865750 226
1865760 225
1865770 225
1865780 224
1865790 223
1865800 223
1865810 223
1865820 222
1865830 222
1865840 221
1865850 220
1865860 220
1865870 219
1865880 218
1865890 218
1865900 217
1865910 216
1865920 216
1865930 215
1865940 214
1865950 214
1865960 214
1865970 213
1865980 212
1865990 212
1866000 212
1866010 211
1866020 211
1866030 212
1866040 212
1866050 212
1866060 212
1866070 212
1866080 212
1866090 211
1866100 211
1866110 211
1866120 211
1866130 210
1866140 210
1866150 210
1866160 210
1866170 210
1866180 211
1866190 212
1866200 212
1866210 212
1866220 212
1866230 212
1866240 212
1866250 211
1866260 211
1866270 211
1866280 211
1866290 211
1866300 211
1866310 211
1866320 211
1866330 212
1866340 212
1866350 212
1866360 213
1866370 213
1866380 213
1866390 213
1866400 213
1866410 213
1866420 213
1866430 213
1866440 213
1866450 213
1866460 212
1866470 212
1866480 212
1866490 211
1866500 211
1866510 211
1866520 211
1866530 211
1866540 211
1866550 211
1866560 211
1866570 211
1866580 211
1866590 211
1866600 211
1866610 211
1866620 211
1866630 210
1866640 210
1866650 210
1866660 209
1866670 209
1866680 209
1866690 208
1866700 207
1866710 207
1866720 206
1866730 204
1866740 204
1866750 203
1866760 202
1866770 202
1866780 201
1866790 201
1866800 201
1866810 201
1866820 201
1866830 201
1866840 201
1866850 201
1866860 201
1866870 201
1866880 202
1866890 202
1866900 202
1866910 202
1866920 202
1866930 201
1866940 201
1866950 201
1866960 200
1866970 199
1866980 199
1866990 199
1867000 198
1867010 198
1867020 196
1867030 195
1867040 196
1867050 196
1867060 195
1867070 195
1867080 195
1867090 194
1867100 194
1867110 194
1867120 194
1867130 194
1867140 193
1867150 193
1867160 193
1867170 192
1867180 191
1867190 191
1867200 190
1867210 189
1867220 189
1867230 188
1867240 187
1867250 187
1867260 186
1867270 186
1867280 186
1867290 186
1867300 185
1867310 185
1867320 185
1867330 185
1867340 185
1867350 185
1867360 184
1867370 184
1867380 184
1867390 184
1867400 184
1867410 184
1867420 184
1867430 184
1867440 183
1867450 183
1867460 183
1867470 183
1867480 184
1867490 184
1867500 184
1867510 183
1867520 183
1867530 184
1867540 184
1867550 184
1867560 184
1867570 184
1867580 184
1867590 184
1867600 184
1867610 184
1867620 184
1867630 186
1867640 186
1867650 186
1867660 186
1867670 186
1867680 186
1867690 186
1867700 186
1867710 186
1867720 185
1867730 184
1867740 184
1867750 184
1867760 184
1867770 184
1867780 183
1867790 183
1867800 183
1867810 183
1867820 182
1867830 182
1867840 182
1867850 182
1867860 182
1867870 183
1867880 182
1867890 182
1867900 181
1867910 181
1867920 181
1867930 181
1867940 180
1867950 180
1867960 180
1867970 180
1867980 180
1867990 180
1868000 180
1868010 180
1868020 180
1868030 179
1868040 179
1868050 179
1868060 179
1868070 179
1868080 179
1868090 178
1868100 178
1868110 178
1868120 178
1868130 178
1868140 177
1868150 177
1868160 177
1868170 177
1868180 177
1868190 177
1868200 176
1868210 176
1868220 176
1868230 176
1868240 176
1868250 176
1868260 175
1868270 175
1868280 175
1868290 175
1868300 174
1868310 174
1868320 174
1868330 174
1868340 174
1868350 174
1868360 174
1868370 174
1868380 174
1868390 174
1868400 174
1868410 174
1868420 173
1868430 173
1868440 173
1868450 173
1868460 173
1868470 173
1868480 173
1868490 173
1868500 173
1868510 173
1868520 173
1868530 173
1868540 173
1868550 173
1868560 174
1868570 174
1868580 174
1868590 174
1868600 174
1868610 174
1868620 174
1868630 174
1868640 174
1868650 174
1868660 174
1868670 174
1868680 174
1868690 174
1868700 174
1868710 173
1868720 173
1868730 173
1868740 172
1868750 172
1868760 172
1868770 171
1868780 171
1868790 171
1868800 171
1868810 170
1868820 170
1868830 170
1868840 169
1868850 169
1868860 169
1868870 169
1868880 169
1868890 169
1868900 169
1868910 169
1868920 169
1868930 169
1868940 169
1868950 168
1868960 169
1868970 169
1868980 168
1868990 168
1869000 168
1869010 168
1869020 168
1869030 168
1869040 168
1869050 168
1869060 168
1869070 168
1869080 168
1869090 168
1869100 168
1869110 168
1869120 168
1869130 168
1869140 168
1869150 168
1869160 168
1869170 167
1869180 167
1869190 166
1869200 166
1869210 166
1869220 166
1869230 166
1869240 166
1869250 166
1869260 166
1869270 166
1869280 166
1869290 165
1869300 165
1869310 165
1869320 165
1869330 165
1869340 165
1869350 166
1869360 165
1869370 165
1869380 165
1869390 165
1869400 165
1869410 165
1869420 165
1869430 165
1869440 165
1869450 165
1869460 165
1869470 165
1869480 165
1869490 165
1869500 165
1869510 164
1869520 164
1869530 164
1869540 164
1869550 164
1869560 164
1869570 164
1869580 164
1869590 164
1869600 164
1869610 164
1869620 164
1869630 164
1869640 164
1869650 163
1869660 163
1869670 163
1869680 163
1869690 163
1869700 163
1869710 162
1869720 162
1869730 162
1869740 162
1869750 162
1869760 162
1869770 162
1869780 162
1869790 162
1869800 162
1869810 162
1869820 162
1869830 162
1869840 162
1869850 162
1869860 161
1869870 161
1869880 161
1869890 161
1869900 161
1869910 161
1869920 161
1869930 161
1869940 161
1869950 160
1869960 160
1869970 160
1869980 160
1869990 160
1870000 160
1870010 160
1870020 160
1870030 160
1870040 160
1870050 160
1870060 160
1870070 160
1870080 160
1870090 160
1870100 160
1870110 160
1870120 160
1870130 160
1870140 160
1870150 160
1870160 160
1870170 160
1870180 160
1870190 160
1870200 160
1870210 160
1870220 159
1870230 159
1870240 159
1870250 159
1870260 159
1870270 159
1870280 158
1870290 158
1870300 158
1870310 158
1870320 158
1870330 158
1870340 157
1870350 157
1870360 157
1870370 157
1870380 157
1870390 157
1870400 157
1870410 157
1870420 157
1870430 157
1870440 156
1870450 156
1870460 156
1870470 156
1870480 156
1870490 156
1870500 156
1870510 156
1870520 156
1870530 156
1870540 156
1870550 156
1870560 156
1870570 156
1870580 156
1870590 156
1870600 156
1870610 156
1870620 156
1870630 156
1870640 156
1870650 156
1870660 156
1870670 156
1870680 156
1870690 156
1870700 156
1870710 156
1870720 156
1870730 156
1870740 155
1870750 155
1870760 156
1870770 155
1870780 155
1870790 155
1870800 155
1870810 155
1870820 155
1870830 155
1870840 155
1870850 155
1870860 155
1870870 155
1870880 155
1870890 155
1870900 155
1870910 155
1870920 155
1870930 155
1870940 155
1870950 155
1870960 155
1870970 155
1870980 155
1870990 155
1871000 155
1871010 155
1871020 155
1871030 155
1871040 155
1871050 155
1871060 155
1871070 155
1871080 155
1871090 155
1871100 155
1871110 155
1871120 155
1871130 155
1871140 155
1871150 155
1871160 155
1871170 156
1871180 156
1871190 156
1871200 156
1871210 156
1871220 156
1871230 156
1871240 156
1871250 156
1871260 156
1871270 156
1871280 156
1871290 156
1871300 156
1871310 156
1871320 156
1871330 156
1871340 156
1871350 156
1871360 156
1871370 157
1871380 157
1871390 157
1871400 157
1871410 157
1871420 157
1871430 157
1871440 157
1871450 157
1871460 157
1871470 157
1871480 157
1871490 157
1871500 157
1871510 157
1871520 157
1871530 156
1871540 156
1871550 156
1871560 156
1871570 156
1871580 156
1871590 156
1871600 156
1871610 156
1871620 156
1871630 156
1871640 156
1871650 156
1871660 156
1871670 156
1871680 156
1871690 156
1871700 156
1871710 156
1871720 156
1871730 156
1871740 156
1871750 156
1871760 156
1871770 156
1871780 156
1871790 156
1871800 156
1871810 156
1871820 156
1871830 155
1871840 155
1871850 155
1871860 155
1871870 155
1871880 155
1871890 155
1871900 155
1871910 155
1871920 155
1871930 155
1871940 154
1871950 154
1871960 154
1871970 154
1871980 154
1871990 154
1872000 154
1872010 154
1872020 154
1872030 154
1872040 154
1872050 154
1872060 154
1872070 154
1872080 154
1872090 154
1872100 154
1872110 154
1872120 153
1872130 153
1872140 153
1872150 153
1872160 153
1872170 153
1872180 153
1872190 153
1872200 153
1872210 153
1872220 153
1872230 153
1872240 153
1872250 153
1872260 153
1872270 153
1872280 153
1872290 153
1872300 153
1872310 153
1872320 153
1872330 153
1872340 153
1872350 153
1872360 153
1872370 153
1872380 153
1872390 153
1872400 153
1872410 153
1872420 153
1872430 153
1872440 153
1872450 153
1872460 153
1872470 153
1872480 153
1872490 153
1872500 153
1872510 153
1872520 153
1872530 153
1872540 153
1872550 153
1872560 153
1872570 153
1872580 153
1872590 153
1872600 153
1872610 153
1872620 153
1872630 153
1872640 152
1872650 152
1872660 152
1872670 152
1872680 152
1872690 152
1872700 152
1872710 152
1872720 152
1872730 152
1872740 152
1872750 151
1872760 151
1872770 151
1872780 151
1872790 151
1872800 151
1872810 151
1872820 151
1872830 151
1872840 151
1872850 151
1872860 151
1872870 151
1872880 150
1872890 150
1872900 150
1872910 150
1872920 150
1872930 150
1872940 150
1872950 150
1872960 150
1872970 151
1872980 150
1872990 150
1873000 150
1873010 151
1873020 151
1873030 150
1873040 150
1873050 150
1873060 151
1873070 151
1873080 151
1873090 151
1873100 150
1873110 150
1873120 151
1873130 151
1873140 151
1873150 151
1873160 151
1873170 151
1873180 150
1873190 150
1873200 150
1873210 150
1873220 151
1873230 151
1873240 151
1873250 151
1873260 151
1873270 151
1873280 151
1873290 151
1873300 151
1873310 151
1873320 151
1873330 151
1873340 151
1873350 151
1873360 151
1873370 151
1873380 151
1873390 151
1873400 151
1873410 151
1873420 151
1873430 151
1873440 151
1873450 151
1873460 151
1873470 151
1873480 151
1873490 151
1873500 151
1873510 150
1873520 150
1873530 150
1873540 150
1873550 150
1873560 150
1873570 150
1873580 150
1873590 150
1873600 150
1873610 150
1873620 150
1873630 150
1873640 150
1873650 150
1873660 150
1873670 149
1873680 149
1873690 149
1873700 149
1873710 149
1873720 149
1873730 149
1873740 149
1873750 149
1873760 149
1873770 149
1873780 149
1873790 149
1873800 149
1873810 149
1873820 149
1873830 149
1873840 149
1873850 149
1873860 149
1873870 149
1873880 149
1873890 149
1873900 149
1873910 149
1873920 149
1873930 149
1873940 149
1873950 149
1873960 149
1873970 149
1873980 149
1873990 149
1874000 149
1874010 149
1874020 149
1874030 149
1874040 149
1874050 149
1874060 149
1874070 149
1874080 149
1874090 149
1874100 149
1874110 149
1874120 149
1874130 149
1874140 149
1874150 149
1874160 149
1874170 149
1874180 149
1874190 149
1874200 149
1874210 149
1874220 149
1874230 148
1874240 148
1874250 148
1874260 148
1874270 148
1874280 148
1874290 148
1874300 148
1874310 148
1874320 148
1874330 148
1874340 148
1874350 148
1874360 148
1874370 148
1874380 148
1874390 148
1874400 148
1874410 148
1874420 148
1874430 148
1874440 148
1874450 148
1874460 148
1874470 148
1874480 148
1874490 148
1874500 148
1874510 148
1874520 148
1874530 148
1874540 148
1874550 148
1874560 148
1874570 148
1874580 148
1874590 148
1874600 148
1874610 148
1874620 148
1874630 148
1874640 148
1874650 148
1874660 148
1874670 148
1874680 148
1874690 148
1874700 148
1874710 148
1874720 148
1874730 148
1874740 148
1874750 148
1874760 148
1874770 148
1874780 148
1874790 148
1874800 148
1874810 148
1874820 148
1874830 148
1874840 148
1874850 148
1874860 148
1874870 148
1874880 148
1874890 148
1874900 148
1874910 147
1874920 147
1874930 148
1874940 148
1874950 148
1874960 148
1874970 148
1874980 148
1874990 148
1875000 148
1875010 148
1875020 148
1875030 148
1875040 148
1875050 148
1875060 148
1875070 148
1875080 148
1875090 148
1875100 148
1875110 148
1875120 148
1875130 148
1875140 148
1875150 148
1875160 148
1875170 148
1875180 148
1875190 148
1875200 148
1875210 148
1875220 148
1875230 148
1875240 148
1875250 148
1875260 148
1875270 148
1875280 148
1875290 148
1875300 148
1875310 148
1875320 148
1875330 148
1875340 148
1875350 148
1875360 148
1875370 148
1875380 148
1875390 148
1875400 148
1875410 148
1875420 148
1875430 148
1875440 148
1875450 147
1875460 147
1875470 147
1875480 147
1875490 147
1875500 147
1875510 147
1875520 147
1875530 147
1875540 147
1875550 147
1875560 147
1875570 147
1875580 147
1875590 147
1875600 147
1875610 147
1875620 147
1875630 147
1875640 147
1875650 147
1875660 147
1875670 147
1875680 147
1875690 147
1875700 147
1875710 147
1875720 147
1875730 147
1875740 147
1875750 147
1875760 147
1875770 147
1875780 147
1875790 147
1875800 147
1875810 147
1875820 147
1875830 147
1875840 148
1875850 148
1875860 147
1875870 147
1875880 147
1875890 147
1875900 147
1875910 147
1875920 147
1875930 147
1875940 147
1875950 147
1875960 147
1875970 147
1875980 147
1875990 147
1876000 147
1876010 147
1876020 147
1876030 147
1876040 147
1876050 147
1876060 147
1876070 147
1876080 147
1876090 147
1876100 147
1876110 147
1876120 147
1876130 147
1876140 147
1876150 147
1876160 147
1876170 148
1876180 148
1876190 147
1876200 146
1876210 147
1876220 147
1876230 148
1876240 148
1876250 148
1876260 147
1876270 147
1876280 147
1876290 147
1876300 147
1876310 147
1876320 147
1876330 147
1876340 147
1876350 147
1876360 147
1876370 147
1876380 147
1876390 147
1876400 147
1876410 147
1876420 147
1876430 147
1876440 147
1876450 147
1876460 147
1876470 147
1876480 147
1876490 147
1876500 147
1876510 147
1876520 147
1876530 147
1876540 147
1876550 147
1876560 147
1876570 147
1876580 147
1876590 147
1876600 147
1876610 147
1876620 147
1876630 147
1876640 147
1876650 147
1876660 147
1876670 147
1876680 147
1876690 147
1876700 147
1876710 147
1876720 147
1876730 147
1876740 147
1876750 147
1876760 147
1876770 147
1876780 147
1876790 147
1876800 147
1876810 147
1876820 147
1876830 147
1876840 147
1876850 147
1876860 147
1876870 148
1876880 148
1876890 147
1876900 147
1876910 147
1876920 147
1876930 147
1876940 147
1876950 148
1876960 148
1876970 148
1876980 147
1876990 147
1877000 147
1877010 147
1877020 147
1877030 147
1877040 147
1877050 147
1877060 147
1877070 147
1877080 147
1877090 147
1877100 147
1877110 147
1877120 147
1877130 146
1877140 146
1877150 146
1877160 146
1877170 146
1877180 146
1877190 146
1877200 146
1877210 146
1877220 146
1877230 146
1877240 146
1877250 146
1877260 146
1877270 146
1877280 146
1877290 146
1877300 146
1877310 147
1877320 146
1877330 146
1877340 146
1877350 146
1877360 146
1877370 147
1877380 145
1877390 145
1877400 146
1877410 146
1877420 146
1877430 146
1877440 145
1877450 145
1877460 145
1877470 145
1877480 145
1877490 145
1877500 145
1877510 145
1877520 145
1877530 145
1877540 145
1877550 145
1877560 145
1877570 145
1877580 145
1877590 145
1877600 145
1877610 145
1877620 145
1877630 145
1877640 145
1877650 145
1877660 145
1877670 145
1877680 145
1877690 145
1877700 145
1877710 145
1877720 145
1877730 145
1877740 145
1877750 145
1877760 145
1877770 145
1877780 145
1877790 145
1877800 146
1877810 146
1877820 146
1877830 145
1877840 145
1877850 146
1877860 146
1877870 146
1877880 146
1877890 146
1877900 146
1877910 146
1877920 146
1877930 146
1877940 145
1877950 144
1877960 144
1877970 144
1877980 145
1877990 146
1878000 146
1878010 146
1878020 146
1878030 146
1878040 145
1878050 145
1878060 145
1878070 145
1878080 145
1878090 145
1878100 145
1878110 145
1878120 145
1878130 145
1878140 145
1878150 145
1878160 145
1878170 145
1878180 145
1878190 145
1878200 145
1878210 145
1878220 145
1878230 145
1878240 145
1878250 146
1878260 146
1878270 146
1878280 146
1878290 146
1878300 146
1878310 147
1878320 147
1878330 147
1878340 147
1878350 147
1878360 147
1878370 146
1878380 146
1878390 146
1878400 146
1878410 146
1878420 146
1878430 145
1878440 145
1878450 145
1878460 144
1878470 144
1878480 144
1878490 144
1878500 144
1878510 144
1878520 144
1878530 144
1878540 144
1878550 144
1878560 144
1878570 144
1878580 144
1878590 144
1878600 144
1878610 144
1878620 144
1878630 144
1878640 144
1878650 144
1878660 144
1878670 144
1878680 144
1878690 144
1878700 144
1878710 145
1878720 145
1878730 145
1878740 145
1878750 145
1878760 145
1878770 145
1878780 145
1878790 145
1878800 145
1878810 145
1878820 145
1878830 145
1878840 145
1878850 145
1878860 144
1878870 144
1878880 144
1878890 145
1878900 145
1878910 146
1878920 146
1878930 146
1878940 145
1878950 145
1878960 145
1878970 145
1878980 145
1878990 145
1879000 145
1879010 145
1879020 145
1879030 145
1879040 145
1879050 145
1879060 145
1879070 144
1879080 144
1879090 144
1879100 144
1879110 144
1879120 144
1879130 145
1879140 145
1879150 145
1879160 145
1879170 145
1879180 145
1879190 144
1879200 144
1879210 144
1879220 144
1879230 144
1879240 144
1879250 144
1879260 144
1879270 144
1879280 144
1879290 144
1879300 144
1879310 144
1879320 144
1879330 144
1879340 144
1879350 144
1879360 144
1879370 144
1879380 144
1879390 144
1879400 145
1879410 145
1879420 145
1879430 145
1879440 145
1879450 145
1879460 145
1879470 145
1879480 145
1879490 145
1879500 145
1879510 145
1879520 145
1879530 145
1879540 144
1879550 144
1879560 144
1879570 145
1879580 145
1879590 145
1879600 144
1879610 145
1879620 145
1879630 145
1879640 145
1879650 145
1879660 145
1879670 144
1879680 144
1879690 144
1879700 144
1879710 144
1879720 144
1879730 144
1879740 144
1879750 144
1879760 144
1879770 144
1879780 144
1879790 144
1879800 145
1879810 145
1879820 147
1879830 148
1879840 148
1879850 150
1879860 150
1879870 150
1879880 150
1879890 150
1879900 150
1879910 150
1879920 150
1879930 150
1879940 151
1879950 151
1879960 151
1879970 151
1879980 151
1879990 151
