1860000 188
1860010 188
1860020 188
1860030 188
1860040 188
1860050 188
1860060 188
1860070 188
1860080 188
1860090 189
1860100 189
1860110 189
1860120 190
1860130 190
1860140 190
1860150 190
1860160 190
1860170 190
1860180 190
1860190 190
1860200 189
1860210 189
1860220 189
1860230 189
1860240 190
1860250 190
1860260 190
1860270 190
1860280 190
1860290 191
1860300 192
1860310 192
1860320 192
1860330 193
1860340 193
1860350 194
1860360 195
1860370 195
1860380 196
1860390 197
1860400 197
1860410 198
1860420 199
1860430 199
1860440 199
1860450 200
1860460 200
1860470 200
1860480 200
1860490 200
1860500 200
1860510 201
1860520 201
1860530 201
1860540 201
1860550 201
1860560 201
1860570 201
1860580 201
1860590 201
1860600 201
1860610 202
1860620 202
1860630 202
1860640 202
1860650 202
1860660 202
1860670 202
1860680 202
1860690 202
1860700 202
1860710 202
1860720 202
1860730 202
1860740 202
1860750 202
1860760 202
1860770 202
1860780 202
1860790 203
1860800 203
1860810 203
1860820 204
1860830 204
1860840 204
1860850 203
1860860 203
1860870 203
1860880 203
1860890 203
1860900 203
1860910 203
1860920 203
1860930 203
1860940 202
1860950 202
1860960 202
1860970 202
1860980 202
1860990 202
1861000 201
1861010 201
1861020 200
1861030 199
1861040 199
1861050 199
1861060 198
1861070 198
1861080 197
1861090 196
1861100 196
1861110 195
1861120 195
1861130 195
1861140 195
1861150 194
1861160 194
1861170 194
1861180 194
1861190 194
1861200 194
1861210 195
1861220 195
1861230 196
1861240 197
1861250 197
1861260 198
1861270 199
1861280 199
1861290 200
1861300 200
1861310 200
1861320 201
1861330 202
1861340 202
1861350 203
1861360 204
1861370 204
1861380 204
1861390 205
1861400 205
1861410 205
1861420 205
1861430 205
1861440 206
1861450 206
1861460 206
1861470 206
1861480 207
1861490 207
1861500 207
1861510 208
1861520 208
1861530 208
1861540 208
1861550 208
1861560 208
1861570 208
1861580 208
1861590 208
1861600 208
1861610 208
1861620 208
1861630 208
1861640 208
1861650 208
1861660 208
1861670 208
1861680 208
1861690 208
1861700 208
1861710 208
1861720 208
1861730 208
1861740 208
1861750 208
1861760 208
1861770 208
1861780 208
1861790 208
1861800 208
1861810 208
1861820 208
1861830 208
1861840 208
1861850 208
1861860 209
1861870 209
1861880 209
1861890 209
1861900 209
1861910 209
1861920 209
1861930 209
1861940 209
1861950 209
1861960 209
1861970 209
1861980 209
1861990 209
1862000 209
1862010 210
1862020 210
1862030 210
1862040 211
1862050 211
1862060 211
1862070 211
1862080 211
1862090 211
1862100 211
1862110 211
1862120 211
1862130 211
1862140 210
1862150 210
1862160 210
1862170 210
1862180 210
1862190 210
1862200 210
1862210 209
1862220 209
1862230 209
1862240 208
1862250 208
1862260 208
1862270 207
1862280 207
1862290 207
1862300 207
1862310 207
1862320 206
1862330 206
1862340 206
1862350 205
1862360 205
1862370 205
1862380 205
1862390 205
1862400 205
1862410 204
1862420 204
1862430 204
1862440 204
1862450 204
1862460 204
1862470 204
1862480 204
1862490 204
1862500 204
1862510 204
1862520 204
1862530 204
1862540 204
1862550 204
1862560 204
1862570 203
1862580 203
1862590 203
1862600 203
1862610 203
1862620 202
1862630 202
1862640 202
1862650 201
1862660 201
1862670 201
1862680 200
1862690 199
1862700 199
1862710 198
1862720 198
1862730 198
1862740 197
1862750 196
1862760 196
1862770 196
1862780 195
1862790 195
1862800 195
1862810 194
1862820 194
1862830 194
1862840 194
1862850 195
1862860 194
1862870 194
1862880 194
1862890 193
1862900 191
1862910 191
1862920 191
1862930 191
1862940 191
1862950 195
1862960 196
1862970 196
1862980 197
1862990 197
1863000 197
1863010 198
1863020 198
1863030 198
1863040 199
1863050 199
1863060 199
1863070 200
1863080 200
1863090 200
1863100 200
1863110 201
1863120 201
1863130 201
1863140 201
1863150 201
1863160 202
1863170 202
1863180 202
1863190 203
1863200 203
1863210 203
1863220 204
1863230 204
1863240 204
1863250 204
1863260 205
1863270 205
1863280 205
1863290 205
1863300 205
1863310 205
1863320 205
1863330 205
1863340 205
1863350 205
1863360 205
1863370 205
1863380 205
1863390 205
1863400 205
1863410 205
1863420 205
1863430 205
1863440 205
1863450 205
1863460 206
1863470 206
1863480 206
1863490 207
1863500 208
1863510 208
1863520 208
1863530 209
1863540 209
1863550 210
1863560 211
1863570 211
1863580 211
1863590 211
1863600 211
1863610 212
1863620 212
1863630 212
1863640 212
1863650 213
1863660 213
1863670 213
1863680 213
1863690 213
1863700 213
1863710 213
1863720 213
1863730 213
1863740 213
1863750 213
1863760 213
1863770 214
1863780 214
1863790 214
1863800 214
1863810 214
1863820 214
1863830 214
1863840 214
1863850 214
1863860 214
1863870 214
1863880 215
1863890 215
1863900 215
1863910 215
1863920 215
1863930 215
1863940 215
1863950 215
1863960 215
1863970 215
1863980 215
1863990 215
1864000 215
1864010 215
1864020 215
1864030 215
1864040 215
1864050 215
1864060 215
1864070 215
1864080 215
1864090 215
1864100 216
1864110 216
1864120 216
1864130 216
1864140 217
1864150 217
1864160 217
1864170 216
1864180 216
1864190 216
1864200 215
1864210 216
1864220 216
1864230 215
1864240 215
1864250 215
1864260 214
1864270 214
1864280 214
1864290 214
1864300 214
1864310 214
1864320 215
1864330 215
1864340 215
1864350 216
1864360 216
1864370 218
1864380 219
1864390 219
1864400 221
1864410 224
1864420 224
1864430 226
1864440 227
1864450 227
1864460 228
1864470 228
1864480 228
1864490 229
1864500 229
1864510 229
1864520 230
1864530 230
1864540 230
1864550 230
1864560 231
1864570 231
1864580 231
1864590 230
1864600 230
1864610 230
1864620 230
1864630 230
1864640 230
1864650 230
1864660 230
1864670 231
1864680 230
1864690 230
1864700 230
1864710 230
1864720 230
1864730 230
1864740 230
1864750 230
1864760 229
1864770 229
1864780 229
1864790 228
1864800 227
1864810 227
1864820 227
1864830 226
1864840 226
1864850 226
1864860 225
1864870 225
1864880 225
1864890 225
1864900 226
1864910 226
1864920 227
1864930 227
1864940 227
1864950 226
1864960 226
1864970 226
1864980 226
1864990 226
1865000 226
1865010 227
1865020 227
1865030 228
1865040 231
1865050 231
1865060 233
1865070 236
1865080 236
1865090 237
1865100 239
1865110 239
1865120 239
1865130 239
1865140 239
1865150 239
1865160 239
1865170 239
1865180 238
1865190 238
1865200 238
1865210 238
1865220 238
1865230 238
1865240 238
1865250 238
1865260 238
1865270 237
1865280 237
1865290 237
1865300 237
1865310 236
1865320 236
1865330 236
1865340 236
1865350 236
1865360 235
1865370 235
1865380 235
1865390 234
1865400 233
1865410 233
1865420 231
1865430 230
1865440 230
1865450 230
1865460 229
1865470 229
1865480 228
1865490 228
1865500 228
1865510 228
1865520 227
1865530 227
1865540 227
1865550 227
1865560 227
1865570 227
1865580 227
1865590 227
1865600 227
1865610 227
1865620 227
1865630 227
1865640 227
1865650 227
1865660 227
1865670 227
1865680 228
1865690 228
1865700 228
1865710 229
1865720 229
1865730 229
1865740 229
1865750 229
1865760 229
1865770 229
1865780 229
1865790 229
1865800 229
1865810 229
1865820 229
1865830 229
1865840 229
1865850 228
1865860 228
1865870 228
1865880 228
1865890 227
1865900 227
1865910 228
1865920 228
1865930 228
1865940 228
1865950 228
1865960 228
1865970 227
1865980 227
1865990 227
1866000 228
1866010 228
1866020 228
1866030 228
1866040 228
1866050 228
1866060 228
1866070 228
1866080 228
1866090 227
1866100 227
1866110 227
1866120 227
1866130 226
1866140 226
1866150 226
1866160 226
1866170 226
1866180 225
1866190 225
1866200 225
1866210 224
1866220 224
1866230 224
1866240 224
1866250 223
1866260 223
1866270 223
1866280 222
1866290 222
1866300 222
1866310 221
1866320 221
1866330 221
1866340 220
1866350 220
1866360 220
1866370 219
1866380 219
1866390 219
1866400 218
1866410 218
1866420 218
1866430 217
1866440 217
1866450 217
1866460 217
1866470 217
1866480 216
1866490 216
1866500 216
1866510 216
1866520 215
1866530 215
1866540 215
1866550 215
1866560 215
1866570 214
1866580 214
1866590 214
1866600 213
1866610 213
1866620 213
1866630 213
1866640 212
1866650 212
1866660 212
1866670 211
1866680 211
1866690 211
1866700 210
1866710 210
1866720 209
1866730 209
1866740 209
1866750 208
1866760 207
1866770 207
1866780 207
1866790 206
1866800 206
1866810 205
1866820 205
1866830 205
1866840 205
1866850 204
1866860 204
1866870 204
1866880 203
1866890 203
1866900 203
1866910 203
1866920 203
1866930 201
1866940 201
1866950 201
1866960 200
1866970 200
1866980 200
1866990 199
1867000 198
1867010 198
1867020 198
1867030 197
1867040 197
1867050 196
1867060 195
1867070 195
1867080 195
1867090 194
1867100 194
1867110 193
1867120 193
1867130 193
1867140 192
1867150 192
1867160 192
1867170 191
1867180 191
1867190 191
1867200 190
1867210 190
1867220 190
1867230 189
1867240 189
1867250 189
1867260 188
1867270 187
1867280 187
1867290 187
1867300 187
1867310 187
1867320 186
1867330 186
1867340 186
1867350 185
1867360 185
1867370 185
1867380 185
1867390 184
1867400 184
1867410 184
1867420 184
1867430 183
1867440 183
1867450 183
1867460 183
1867470 183
1867480 183
1867490 182
1867500 182
1867510 182
1867520 182
1867530 182
1867540 181
1867550 181
1867560 181
1867570 181
1867580 180
1867590 180
1867600 180
1867610 180
1867620 180
1867630 180
1867640 179
1867650 179
1867660 179
1867670 179
1867680 179
1867690 179
1867700 179
1867710 179
1867720 179
1867730 178
1867740 178
1867750 178
1867760 178
1867770 178
1867780 177
1867790 177
1867800 177
1867810 177
1867820 177
1867830 177
1867840 176
1867850 176
1867860 176
1867870 176
1867880 176
1867890 176
1867900 176
1867910 175
1867920 175
1867930 175
1867940 175
1867950 175
1867960 175
1867970 175
1867980 175
1867990 175
1868000 174
1868010 174
1868020 174
1868030 174
1868040 174
1868050 174
1868060 174
1868070 174
1868080 174
1868090 174
1868100 174
1868110 174
1868120 174
1868130 174
1868140 173
1868150 173
1868160 173
1868170 174
1868180 173
1868190 173
1868200 173
1868210 173
1868220 173
1868230 173
1868240 173
1868250 173
1868260 173
1868270 173
1868280 173
1868290 173
1868300 173
1868310 173
1868320 173
1868330 173
1868340 173
1868350 172
1868360 172
1868370 172
1868380 172
1868390 173
1868400 173
1868410 173
1868420 172
1868430 172
1868440 172
1868450 172
1868460 172
1868470 172
1868480 172
1868490 172
1868500 171
1868510 171
1868520 171
1868530 171
1868540 171
1868550 171
1868560 171
1868570 171
1868580 171
1868590 171
1868600 171
1868610 171
1868620 171
1868630 170
1868640 170
1868650 170
1868660 170
1868670 170
1868680 170
1868690 170
1868700 170
1868710 169
1868720 169
1868730 169
1868740 169
1868750 169
1868760 169
1868770 169
1868780 169
1868790 169
1868800 168
1868810 168
1868820 168
1868830 168
1868840 168
1868850 168
1868860 168
1868870 168
1868880 168
1868890 168
1868900 167
1868910 167
1868920 167
1868930 167
1868940 167
1868950 167
1868960 167
1868970 167
1868980 167
1868990 167
1869000 167
1869010 167
1869020 166
1869030 166
1869040 166
1869050 166
1869060 166
1869070 166
1869080 166
1869090 166
1869100 166
1869110 166
1869120 165
1869130 165
1869140 165
1869150 165
1869160 165
1869170 165
1869180 165
1869190 165
1869200 165
1869210 164
1869220 164
1869230 164
1869240 164
1869250 164
1869260 164
1869270 165
1869280 165
1869290 164
1869300 164
1869310 164
1869320 164
1869330 164
1869340 164
1869350 164
1869360 164
1869370 164
1869380 164
1869390 164
1869400 164
1869410 164
1869420 164
1869430 164
1869440 164
1869450 164
1869460 164
1869470 163
1869480 163
1869490 163
1869500 163
1869510 163
1869520 163
1869530 163
1869540 163
1869550 163
1869560 163
1869570 162
1869580 162
1869590 162
1869600 162
1869610 162
1869620 161
1869630 161
1869640 161
1869650 161
1869660 161
1869670 161
1869680 161
1869690 161
1869700 161
1869710 161
1869720 161
1869730 161
1869740 160
1869750 160
1869760 160
1869770 160
1869780 160
1869790 160
1869800 160
1869810 160
1869820 160
1869830 160
1869840 160
1869850 160
1869860 159
1869870 159
1869880 159
1869890 159
1869900 159
1869910 159
1869920 159
1869930 159
1869940 159
1869950 159
1869960 159
1869970 159
1869980 159
1869990 159
1870000 159
1870010 159
1870020 158
1870030 158
1870040 158
1870050 158
1870060 158
1870070 158
1870080 158
1870090 158
1870100 158
1870110 158
1870120 158
1870130 158
1870140 158
1870150 158
1870160 158
1870170 158
1870180 158
1870190 158
1870200 158
1870210 158
1870220 157
1870230 157
1870240 157
1870250 158
1870260 157
1870270 157
1870280 157
1870290 157
1870300 157
1870310 157
1870320 157
1870330 157
1870340 157
1870350 157
1870360 157
1870370 157
1870380 157
1870390 157
1870400 157
1870410 157
1870420 157
1870430 157
1870440 157
1870450 157
1870460 157
1870470 157
1870480 157
1870490 157
1870500 157
1870510 157
1870520 157
1870530 157
1870540 157
1870550 157
1870560 157
1870570 157
1870580 157
1870590 157
1870600 157
1870610 157
1870620 157
1870630 157
1870640 157
1870650 157
1870660 157
1870670 157
1870680 157
1870690 157
1870700 157
1870710 157
1870720 157
1870730 157
1870740 158
1870750 158
1870760 158
1870770 158
1870780 158
1870790 158
1870800 158
1870810 159
1870820 159
1870830 159
1870840 159
1870850 159
1870860 159
1870870 159
1870880 159
1870890 159
1870900 160
1870910 160
1870920 159
1870930 159
1870940 159
1870950 159
1870960 159
1870970 159
1870980 159
1870990 159
1871000 159
1871010 159
1871020 159
1871030 159
1871040 159
1871050 158
1871060 158
1871070 158
1871080 158
1871090 158
1871100 158
1871110 158
1871120 158
1871130 158
1871140 158
1871150 158
1871160 158
1871170 158
1871180 158
1871190 158
1871200 158
1871210 158
1871220 158
1871230 158
1871240 158
1871250 158
1871260 158
1871270 158
1871280 158
1871290 158
1871300 158
1871310 158
1871320 158
1871330 158
1871340 158
1871350 158
1871360 158
1871370 158
1871380 158
1871390 158
1871400 158
1871410 158
1871420 158
1871430 158
1871440 158
1871450 158
1871460 158
1871470 158
1871480 158
1871490 157
1871500 157
1871510 157
1871520 157
1871530 157
1871540 157
1871550 157
1871560 157
1871570 157
1871580 157
1871590 156
1871600 156
1871610 156
1871620 156
1871630 156
1871640 156
1871650 156
1871660 156
1871670 156
1871680 156
1871690 156
1871700 156
1871710 156
1871720 156
1871730 156
1871740 156
1871750 156
1871760 156
1871770 156
1871780 156
1871790 156
1871800 156
1871810 156
1871820 156
1871830 156
1871840 156
1871850 156
1871860 156
1871870 156
1871880 156
1871890 156
1871900 156
1871910 155
1871920 155
1871930 155
1871940 156
1871950 156
1871960 156
1871970 156
1871980 156
1871990 156
1872000 156
1872010 156
1872020 156
1872030 156
1872040 156
1872050 156
1872060 156
1872070 155
1872080 155
1872090 155
1872100 155
1872110 155
1872120 155
1872130 155
1872140 155
1872150 155
1872160 155
1872170 155
1872180 155
1872190 155
1872200 155
1872210 155
1872220 154
1872230 154
1872240 154
1872250 154
1872260 154
1872270 154
1872280 154
1872290 154
1872300 154
1872310 154
1872320 154
1872330 154
1872340 154
1872350 154
1872360 154
1872370 154
1872380 154
1872390 154
1872400 154
1872410 154
1872420 154
1872430 154
1872440 154
1872450 154
1872460 153
1872470 153
1872480 153
1872490 153
1872500 153
1872510 153
1872520 153
1872530 153
1872540 153
1872550 153
1872560 153
1872570 153
1872580 153
1872590 152
1872600 152
1872610 152
1872620 152
1872630 152
1872640 152
1872650 152
1872660 152
1872670 152
1872680 152
1872690 152
1872700 152
1872710 152
1872720 152
1872730 151
1872740 151
1872750 151
1872760 151
1872770 151
1872780 151
1872790 151
1872800 151
1872810 151
1872820 151
1872830 151
1872840 151
1872850 151
1872860 151
1872870 151
1872880 151
1872890 151
1872900 151
1872910 151
1872920 151
1872930 151
1872940 151
1872950 151
1872960 151
1872970 152
1872980 152
1872990 152
1873000 152
1873010 152
1873020 152
1873030 152
1873040 152
1873050 152
1873060 152
1873070 152
1873080 152
1873090 152
1873100 152
1873110 152
1873120 152
1873130 151
1873140 151
1873150 151
1873160 151
1873170 151
1873180 151
1873190 151
1873200 151
1873210 151
1873220 151
1873230 151
1873240 151
1873250 151
1873260 151
1873270 151
1873280 151
1873290 151
1873300 151
1873310 151
1873320 151
1873330 150
1873340 150
1873350 150
1873360 150
1873370 150
1873380 150
1873390 150
1873400 150
1873410 150
1873420 150
1873430 150
1873440 150
1873450 150
1873460 150
1873470 150
1873480 150
1873490 150
1873500 150
1873510 150
1873520 151
1873530 151
1873540 151
1873550 150
1873560 150
1873570 150
1873580 150
1873590 150
1873600 150
1873610 150
1873620 150
1873630 150
1873640 150
1873650 150
1873660 150
1873670 150
1873680 150
1873690 150
1873700 150
1873710 150
1873720 150
1873730 150
1873740 150
1873750 150
1873760 150
1873770 150
1873780 150
1873790 150
1873800 150
1873810 150
1873820 149
1873830 149
1873840 149
1873850 149
1873860 149
1873870 149
1873880 149
1873890 149
1873900 149
1873910 149
1873920 149
1873930 149
1873940 149
1873950 149
1873960 149
1873970 148
1873980 148
1873990 148
1874000 148
1874010 148
1874020 148
1874030 148
1874040 148
1874050 148
1874060 148
1874070 148
1874080 148
1874090 148
1874100 148
1874110 148
1874120 148
1874130 148
1874140 148
1874150 148
1874160 148
1874170 148
1874180 148
1874190 148
1874200 148
1874210 148
1874220 148
1874230 148
1874240 148
1874250 148
1874260 148
1874270 148
1874280 148
1874290 148
1874300 148
1874310 148
1874320 148
1874330 148
1874340 148
1874350 148
1874360 148
1874370 148
1874380 148
1874390 148
1874400 148
1874410 148
1874420 148
1874430 148
1874440 148
1874450 148
1874460 148
1874470 148
1874480 148
1874490 148
1874500 148
1874510 148
1874520 148
1874530 148
1874540 149
1874550 149
1874560 149
1874570 149
1874580 148
1874590 148
1874600 148
1874610 148
1874620 148
1874630 148
1874640 148
1874650 148
1874660 148
1874670 148
1874680 148
1874690 148
1874700 148
1874710 148
1874720 148
1874730 148
1874740 148
1874750 148
1874760 148
1874770 148
1874780 148
1874790 148
1874800 148
1874810 148
1874820 148
1874830 148
1874840 148
1874850 148
1874860 148
1874870 148
1874880 148
1874890 148
1874900 148
1874910 148
1874920 148
1874930 148
1874940 148
1874950 148
1874960 148
1874970 148
1874980 148
1874990 148
1875000 148
1875010 148
1875020 148
1875030 148
1875040 148
1875050 148
1875060 148
1875070 148
1875080 148
1875090 148
1875100 148
1875110 148
1875120 148
1875130 148
1875140 148
1875150 148
1875160 148
1875170 148
1875180 148
1875190 148
1875200 148
1875210 148
1875220 148
1875230 148
1875240 148
1875250 148
1875260 148
1875270 148
1875280 148
1875290 149
1875300 149
1875310 149
1875320 148
1875330 148
1875340 148
1875350 149
1875360 149
1875370 149
1875380 149
1875390 149
1875400 149
1875410 149
1875420 149
1875430 149
1875440 149
1875450 149
1875460 149
1875470 149
1875480 149
1875490 149
1875500 149
1875510 149
1875520 149
1875530 148
1875540 148
1875550 148
1875560 148
1875570 148
1875580 148
1875590 148
1875600 148
1875610 148
1875620 148
1875630 148
1875640 148
1875650 148
1875660 148
1875670 148
1875680 148
1875690 148
1875700 148
1875710 148
1875720 148
1875730 148
1875740 148
1875750 148
1875760 148
1875770 148
1875780 148
1875790 148
1875800 148
1875810 148
1875820 148
1875830 148
1875840 148
1875850 148
1875860 148
1875870 148
1875880 148
1875890 148
1875900 148
1875910 148
1875920 148
1875930 148
1875940 148
1875950 148
1875960 147
1875970 147
1875980 147
1875990 147
1876000 147
1876010 147
1876020 147
1876030 147
1876040 147
1876050 147
1876060 147
1876070 147
1876080 147
1876090 147
1876100 147
1876110 147
1876120 147
1876130 147
1876140 147
1876150 147
1876160 147
1876170 147
1876180 147
1876190 147
1876200 147
1876210 147
1876220 147
1876230 147
1876240 147
1876250 147
1876260 147
1876270 147
1876280 147
1876290 147
1876300 147
1876310 147
1876320 147
1876330 147
1876340 147
1876350 147
1876360 147
1876370 147
1876380 147
1876390 147
1876400 147
1876410 147
1876420 147
1876430 147
1876440 147
1876450 147
1876460 147
1876470 147
1876480 147
1876490 147
1876500 147
1876510 147
1876520 147
1876530 148
1876540 147
1876550 147
1876560 147
1876570 147
1876580 147
1876590 147
1876600 147
1876610 147
1876620 147
1876630 147
1876640 147
1876650 147
1876660 147
1876670 147
1876680 147
1876690 147
1876700 147
1876710 147
1876720 147
1876730 147
1876740 146
1876750 146
1876760 146
1876770 145
1876780 145
1876790 145
1876800 145
1876810 146
1876820 146
1876830 146
1876840 146
1876850 146
1876860 147
1876870 147
1876880 147
1876890 147
1876900 147
1876910 147
1876920 147
1876930 147
1876940 146
1876950 147
1876960 147
1876970 147
1876980 147
1876990 146
1877000 146
1877010 145
1877020 146
1877030 146
1877040 147
1877050 147
1877060 147
1877070 147
1877080 147
1877090 147
1877100 147
1877110 147
1877120 147
1877130 147
1877140 147
1877150 147
1877160 147
1877170 147
1877180 147
1877190 147
1877200 147
1877210 147
1877220 147
1877230 147
1877240 147
1877250 147
1877260 147
1877270 147
1877280 147
1877290 147
1877300 147
1877310 146
1877320 146
1877330 146
1877340 146
1877350 146
1877360 146
1877370 146
1877380 146
1877390 146
1877400 145
1877410 146
1877420 146
1877430 146
1877440 145
1877450 145
1877460 145
1877470 145
1877480 145
1877490 145
1877500 145
1877510 145
1877520 145
1877530 145
1877540 145
1877550 145
1877560 145
1877570 145
1877580 145
1877590 145
1877600 145
1877610 145
1877620 145
1877630 145
1877640 145
1877650 145
1877660 145
1877670 145
1877680 145
1877690 145
1877700 145
1877710 145
1877720 145
1877730 145
1877740 145
1877750 145
1877760 145
1877770 145
1877780 145
1877790 145
1877800 145
1877810 145
1877820 145
1877830 145
1877840 145
1877850 145
1877860 145
1877870 145
1877880 145
1877890 145
1877900 145
1877910 145
1877920 145
1877930 145
1877940 145
1877950 145
1877960 145
1877970 145
1877980 145
1877990 145
1878000 145
1878010 145
1878020 146
1878030 146
1878040 146
1878050 145
1878060 145
1878070 145
1878080 145
1878090 145
1878100 145
1878110 145
1878120 145
1878130 145
1878140 145
1878150 145
1878160 145
1878170 145
1878180 145
1878190 145
1878200 146
1878210 146
1878220 146
1878230 146
1878240 146
1878250 146
1878260 146
1878270 146
1878280 146
1878290 146
1878300 146
1878310 146
1878320 146
1878330 146
1878340 146
1878350 146
1878360 146
1878370 146
1878380 146
1878390 146
1878400 145
1878410 145
1878420 145
1878430 145
1878440 146
1878450 146
1878460 146
1878470 146
1878480 146
1878490 145
1878500 145
1878510 145
1878520 145
1878530 145
1878540 145
1878550 145
1878560 145
1878570 145
1878580 145
1878590 145
1878600 145
1878610 145
1878620 145
1878630 145
1878640 145
1878650 145
1878660 145
1878670 145
1878680 145
1878690 145
1878700 145
1878710 145
1878720 145
1878730 145
1878740 145
1878750 145
1878760 145
1878770 145
1878780 145
1878790 145
1878800 144
1878810 144
1878820 144
1878830 144
1878840 144
1878850 145
1878860 145
1878870 145
1878880 145
1878890 145
1878900 145
1878910 144
1878920 144
1878930 144
1878940 144
1878950 144
1878960 144
1878970 144
1878980 144
1878990 144
1879000 144
1879010 144
1879020 144
1879030 144
1879040 144
1879050 144
1879060 144
1879070 144
1879080 144
1879090 144
1879100 144
1879110 144
1879120 144
1879130 144
1879140 144
1879150 144
1879160 144
1879170 144
1879180 144
1879190 144
1879200 144
1879210 144
1879220 144
1879230 144
1879240 144
1879250 144
1879260 144
1879270 144
1879280 144
1879290 144
1879300 144
1879310 144
1879320 144
1879330 144
1879340 144
1879350 144
1879360 144
1879370 144
1879380 144
1879390 144
1879400 144
1879410 144
1879420 144
1879430 144
1879440 144
1879450 144
1879460 144
1879470 144
1879480 144
1879490 144
1879500 144
1879510 144
1879520 144
1879530 144
1879540 144
1879550 144
1879560 144
1879570 144
1879580 144
1879590 144
1879600 144
1879610 144
1879620 144
1879630 144
1879640 144
1879650 144
1879660 144
1879670 144
1879680 144
1879690 144
1879700 144
1879710 144
1879720 144
1879730 144
1879740 144
1879750 144
1879760 144
1879770 144
1879780 144
1879790 144
1879800 144
1879810 144
1879820 144
1879830 144
1879840 144
1879850 144
1879860 144
1879870 144
1879880 144
1879890 144
1879900 144
1879910 145
1879920 145
1879930 145
1879940 145
1879950 145
1879960 145
1879970 144
1879980 144
1879990 144
