1860000 205
1860010 205
1860020 205
1860030 205
1860040 205
1860050 205
1860060 205
1860070 205
1860080 205
1860090 205
1860100 205
1860110 205
1860120 205
1860130 205
1860140 205
1860150 205
1860160 205
1860170 205
1860180 205
1860190 205
1860200 205
1860210 205
1860220 206
1860230 206
1860240 206
1860250 207
1860260 207
1860270 207
1860280 208
1860290 208
1860300 208
1860310 208
1860320 208
1860330 208
1860340 208
1860350 208
1860360 208
1860370 208
1860380 208
1860390 208
1860400 208
1860410 208
1860420 208
1860430 208
1860440 208
1860450 208
1860460 208
1860470 208
1860480 208
1860490 208
1860500 208
1860510 209
1860520 209
1860530 210
1860540 210
1860550 210
1860560 211
1860570 212
1860580 212
1860590 213
1860600 213
1860610 213
1860620 214
1860630 214
1860640 214
1860650 214
1860660 214
1860670 214
1860680 214
1860690 214
1860700 214
1860710 214
1860720 214
1860730 214
1860740 214
1860750 214
1860760 214
1860770 214
1860780 213
1860790 213
1860800 213
1860810 213
1860820 213
1860830 213
1860840 213
1860850 213
1860860 213
1860870 212
1860880 212
1860890 212
1860900 212
1860910 212
1860920 212
1860930 211
1860940 211
1860950 211
1860960 211
1860970 211
1860980 210
1860990 210
1861000 210
1861010 210
1861020 210
1861030 210
1861040 210
1861050 209
1861060 209
1861070 209
1861080 209
1861090 209
1861100 208
1861110 207
1861120 207
1861130 207
1861140 206
1861150 206
1861160 205
1861170 205
1861180 205
1861190 204
1861200 204
1861210 204
1861220 204
1861230 204
1861240 204
1861250 206
1861260 208
1861270 208
1861280 211
1861290 215
1861300 215
1861310 217
1861320 218
1861330 218
1861340 219
1861350 219
1861360 219
1861370 219
1861380 220
1861390 220
1861400 220
1861410 220
1861420 220
1861430 219
1861440 219
1861450 219
1861460 219
1861470 219
1861480 219
1861490 218
1861500 218
1861510 218
1861520 218
1861530 218
1861540 218
1861550 218
1861560 218
1861570 218
1861580 218
1861590 219
1861600 220
1861610 220
1861620 220
1861630 220
1861640 221
1861650 221
1861660 221
1861670 221
1861680 221
1861690 221
1861700 221
1861710 221
1861720 221
1861730 221
1861740 221
1861750 221
1861760 222
1861770 221
1861780 221
1861790 221
1861800 221
1861810 221
1861820 221
1861830 220
1861840 220
1861850 220
1861860 219
1861870 219
1861880 219
1861890 219
1861900 219
1861910 219
1861920 220
1861930 220
1861940 221
1861950 222
1861960 222
1861970 222
1861980 222
1861990 222
1862000 221
1862010 221
1862020 221
1862030 221
1862040 221
1862050 221
1862060 221
1862070 221
1862080 221
1862090 221
1862100 221
1862110 221
1862120 221
1862130 221
1862140 221
1862150 221
1862160 221
1862170 221
1862180 221
1862190 220
1862200 220
1862210 220
1862220 220
1862230 219
1862240 219
1862250 218
1862260 218
1862270 218
1862280 217
1862290 217
1862300 217
1862310 217
1862320 216
1862330 216
1862340 215
1862350 214
1862360 214
1862370 214
1862380 213
1862390 213
1862400 213
1862410 213
1862420 213
1862430 213
1862440 213
1862450 213
1862460 213
1862470 213
1862480 213
1862490 213
1862500 213
1862510 213
1862520 213
1862530 212
1862540 212
1862550 212
1862560 211
1862570 211
1862580 211
1862590 210
1862600 210
1862610 210
1862620 210
1862630 210
1862640 208
1862650 206
1862660 206
1862670 206
1862680 206
1862690 206
1862700 206
1862710 205
1862720 205
1862730 204
1862740 204
1862750 204
1862760 204
1862770 204
1862780 204
1862790 204
1862800 204
1862810 204
1862820 204
1862830 205
1862840 205
1862850 206
1862860 207
1862870 207
1862880 208
1862890 209
1862900 209
1862910 210
1862920 211
1862930 211
1862940 211
1862950 212
1862960 212
1862970 213
1862980 213
1862990 213
1863000 213
1863010 213
1863020 213
1863030 213
1863040 212
1863050 212
1863060 212
1863070 213
1863080 213
1863090 214
1863100 214
1863110 214
1863120 215
1863130 215
1863140 215
1863150 216
1863160 217
1863170 217
1863180 218
1863190 218
1863200 218
1863210 219
1863220 219
1863230 219
1863240 220
1863250 220
1863260 220
1863270 220
1863280 221
1863290 221
1863300 221
1863310 223
1863320 223
1863330 223
1863340 223
1863350 223
1863360 223
1863370 223
1863380 223
1863390 223
1863400 223
1863410 223
1863420 223
1863430 223
1863440 223
1863450 223
1863460 224
1863470 224
1863480 224
1863490 225
1863500 225
1863510 226
1863520 227
1863530 227
1863540 227
1863550 228
1863560 228
1863570 229
1863580 230
1863590 230
1863600 230
1863610 230
1863620 230
1863630 230
1863640 230
1863650 232
1863660 231
1863670 231
1863680 231
1863690 231
1863700 231
1863710 231
1863720 232
1863730 232
1863740 232
1863750 232
1863760 233
1863770 233
1863780 234
1863790 234
1863800 234
1863810 235
1863820 235
1863830 235
1863840 235
1863850 236
1863860 236
1863870 236
1863880 237
1863890 237
1863900 238
1863910 239
1863920 239
1863930 240
1863940 241
1863950 241
1863960 241
1863970 241
1863980 242
1863990 243
1864000 243
1864010 244
1864020 244
1864030 245
1864040 245
1864050 245
1864060 244
1864070 243
1864080 243
1864090 243
1864100 242
1864110 242
1864120 241
1864130 241
1864140 241
1864150 240
1864160 239
1864170 239
1864180 239
1864190 238
1864200 238
1864210 239
1864220 240
1864230 240
1864240 241
1864250 243
1864260 243
1864270 244
1864280 245
1864290 245
1864300 246
1864310 246
1864320 246
1864330 248
1864340 248
1864350 248
1864360 247
1864370 246
1864380 246
1864390 245
1864400 244
1864410 244
1864420 243
1864430 243
1864440 243
1864450 241
1864460 240
1864470 240
1864480 239
1864490 237
1864500 237
1864510 237
1864520 236
1864530 236
1864540 236
1864550 237
1864560 237
1864570 240
1864580 243
1864590 243
1864600 247
1864610 250
1864620 250
1864630 252
1864640 254
1864650 254
1864660 255
1864670 257
1864680 257
1864690 258
1864700 259
1864710 259
1864720 259
1864730 259
1864740 259
1864750 259
1864760 260
1864770 260
1864780 260
1864790 260
1864800 260
1864810 261
1864820 261
1864830 261
1864840 261
1864850 261
1864860 261
1864870 261
1864880 262
1864890 262
1864900 262
1864910 261
1864920 261
1864930 262
1864940 262
1864950 262
1864960 261
1864970 261
1864980 261
1864990 261
1865000 261
1865010 262
1865020 262
1865030 262
1865040 262
1865050 261
1865060 261
1865070 261
1865080 261
1865090 261
1865100 261
1865110 261
1865120 261
1865130 261
1865140 260
1865150 259
1865160 259
1865170 257
1865180 256
1865190 256
1865200 255
1865210 254
1865220 254
1865230 254
1865240 254
1865250 254
1865260 255
1865270 255
1865280 255
1865290 255
1865300 255
1865310 255
1865320 255
1865330 255
1865340 255
1865350 256
1865360 255
1865370 255
1865380 255
1865390 254
1865400 254
1865410 253
1865420 252
1865430 252
1865440 252
1865450 251
1865460 251
1865470 249
1865480 248
1865490 248
1865500 246
1865510 245
1865520 245
1865530 244
1865540 242
1865550 242
1865560 241
1865570 240
1865580 240
1865590 238
1865600 236
1865610 236
1865620 233
1865630 232
1865640 232
1865650 230
1865660 228
1865670 228
1865680 227
1865690 224
1865700 224
1865710 223
1865720 221
1865730 220
1865740 220
1865750 218
1865760 217
1865770 217
1865780 215
1865790 214
1865800 214
1865810 213
1865820 212
1865830 212
1865840 211
1865850 211
1865860 211
1865870 210
1865880 210
1865890 210
1865900 209
1865910 209
1865920 209
1865930 208
1865940 208
1865950 208
1865960 208
1865970 207
1865980 207
1865990 207
1866000 207
1866010 207
1866020 207
1866030 206
1866040 206
1866050 206
1866060 205
1866070 205
1866080 205
1866090 205
1866100 205
1866110 204
1866120 204
1866130 204
1866140 204
1866150 204
1866160 204
1866170 203
1866180 203
1866190 203
1866200 203
1866210 203
1866220 203
1866230 202
1866240 202
1866250 202
1866260 202
1866270 201
1866280 201
1866290 201
1866300 201
1866310 201
1866320 201
1866330 200
1866340 200
1866350 200
1866360 200
1866370 199
1866380 199
1866390 199
1866400 199
1866410 198
1866420 198
1866430 198
1866440 198
1866450 198
1866460 198
1866470 198
1866480 197
1866490 197
1866500 197
1866510 197
1866520 197
1866530 196
1866540 196
1866550 196
1866560 196
1866570 195
1866580 195
1866590 195
1866600 195
1866610 195
1866620 195
1866630 194
1866640 194
1866650 194
1866660 194
1866670 194
1866680 194
1866690 194
1866700 193
1866710 193
1866720 193
1866730 193
1866740 192
1866750 192
1866760 192
1866770 192
1866780 192
1866790 192
1866800 191
1866810 191
1866820 191
1866830 190
1866840 190
1866850 190
1866860 190
1866870 190
1866880 190
1866890 189
1866900 189
1866910 189
1866920 189
1866930 189
1866940 189
1866950 189
1866960 189
1866970 189
1866980 188
1866990 188
1867000 188
1867010 188
1867020 188
1867030 188
1867040 188
1867050 188
1867060 188
1867070 187
1867080 187
1867090 187
1867100 187
1867110 187
1867120 187
1867130 187
1867140 187
1867150 187
1867160 187
1867170 186
1867180 186
1867190 186
1867200 186
1867210 186
1867220 186
1867230 186
1867240 186
1867250 186
1867260 186
1867270 186
1867280 186
1867290 186
1867300 186
1867310 186
1867320 186
1867330 186
1867340 186
1867350 186
1867360 186
1867370 186
1867380 186
1867390 186
1867400 186
1867410 186
1867420 186
1867430 186
1867440 186
1867450 186
1867460 185
1867470 185
1867480 185
1867490 185
1867500 185
1867510 184
1867520 184
1867530 184
1867540 184
1867550 184
1867560 184
1867570 184
1867580 184
1867590 184
1867600 183
1867610 183
1867620 183
1867630 183
1867640 183
1867650 183
1867660 182
1867670 182
1867680 182
1867690 182
1867700 182
1867710 182
1867720 181
1867730 181
1867740 181
1867750 181
1867760 181
1867770 181
1867780 180
1867790 180
1867800 180
1867810 180
1867820 180
1867830 180
1867840 180
1867850 180
1867860 179
1867870 179
1867880 179
1867890 179
1867900 179
1867910 179
1867920 179
1867930 178
1867940 178
1867950 178
1867960 178
1867970 178
1867980 178
1867990 178
1868000 178
1868010 178
1868020 178
1868030 178
1868040 178
1868050 177
1868060 177
1868070 177
1868080 177
1868090 177
1868100 177
1868110 177
1868120 177
1868130 177
1868140 177
1868150 177
1868160 177
1868170 177
1868180 177
1868190 176
1868200 176
1868210 176
1868220 175
1868230 175
1868240 175
1868250 175
1868260 175
1868270 175
1868280 175
1868290 174
1868300 174
1868310 174
1868320 174
1868330 174
1868340 174
1868350 174
1868360 174
1868370 174
1868380 173
1868390 173
1868400 173
1868410 173
1868420 173
1868430 172
1868440 172
1868450 172
1868460 172
1868470 171
1868480 171
1868490 171
1868500 171
1868510 171
1868520 171
1868530 170
1868540 170
1868550 170
1868560 170
1868570 170
1868580 170
1868590 170
1868600 170
1868610 169
1868620 169
1868630 169
1868640 169
1868650 169
1868660 169
1868670 169
1868680 169
1868690 169
1868700 169
1868710 169
1868720 169
1868730 169
1868740 168
1868750 168
1868760 168
1868770 168
1868780 168
1868790 168
1868800 168
1868810 168
1868820 168
1868830 168
1868840 168
1868850 168
1868860 168
1868870 168
1868880 168
1868890 168
1868900 168
1868910 168
1868920 168
1868930 168
1868940 168
1868950 168
1868960 168
1868970 168
1868980 168
1868990 168
1869000 168
1869010 168
1869020 168
1869030 168
1869040 168
1869050 168
1869060 168
1869070 167
1869080 167
1869090 167
1869100 167
1869110 167
1869120 167
1869130 166
1869140 166
1869150 166
1869160 166
1869170 166
1869180 165
1869190 165
1869200 165
1869210 165
1869220 165
1869230 165
1869240 164
1869250 164
1869260 164
1869270 164
1869280 164
1869290 164
1869300 164
1869310 164
1869320 163
1869330 163
1869340 163
1869350 163
1869360 163
1869370 163
1869380 163
1869390 163
1869400 163
1869410 163
1869420 163
1869430 163
1869440 163
1869450 163
1869460 163
1869470 162
1869480 162
1869490 162
1869500 162
1869510 162
1869520 162
1869530 162
1869540 162
1869550 162
1869560 162
1869570 162
1869580 162
1869590 162
1869600 162
1869610 162
1869620 162
1869630 162
1869640 162
1869650 162
1869660 162
1869670 162
1869680 162
1869690 162
1869700 161
1869710 161
1869720 161
1869730 161
1869740 162
1869750 162
1869760 162
1869770 162
1869780 162
1869790 162
1869800 162
1869810 162
1869820 162
1869830 162
1869840 162
1869850 162
1869860 162
1869870 162
1869880 162
1869890 162
1869900 162
1869910 162
1869920 162
1869930 162
1869940 162
1869950 162
1869960 162
1869970 162
1869980 162
1869990 162
1870000 162
1870010 162
1870020 162
1870030 162
1870040 162
1870050 162
1870060 162
1870070 163
1870080 163
1870090 163
1870100 163
1870110 163
1870120 163
1870130 163
1870140 163
1870150 163
1870160 163
1870170 163
1870180 163
1870190 163
1870200 163
1870210 163
1870220 163
1870230 163
1870240 163
1870250 163
1870260 163
1870270 163
1870280 163
1870290 163
1870300 163
1870310 163
1870320 163
1870330 163
1870340 163
1870350 163
1870360 163
1870370 163
1870380 163
1870390 163
1870400 163
1870410 163
1870420 163
1870430 162
1870440 162
1870450 162
1870460 162
1870470 162
1870480 162
1870490 162
1870500 162
1870510 162
1870520 162
1870530 162
1870540 162
1870550 162
1870560 162
1870570 162
1870580 162
1870590 162
1870600 162
1870610 162
1870620 162
1870630 162
1870640 162
1870650 162
1870660 162
1870670 162
1870680 162
1870690 161
1870700 161
1870710 161
1870720 161
1870730 161
1870740 161
1870750 161
1870760 161
1870770 161
1870780 161
1870790 161
1870800 161
1870810 161
1870820 160
1870830 160
1870840 160
1870850 160
1870860 160
1870870 160
1870880 160
1870890 160
1870900 160
1870910 160
1870920 160
1870930 161
1870940 161
1870950 161
1870960 161
1870970 161
1870980 161
1870990 161
1871000 161
1871010 160
1871020 160
1871030 160
1871040 160
1871050 160
1871060 160
1871070 160
1871080 160
1871090 159
1871100 159
1871110 159
1871120 159
1871130 159
1871140 159
1871150 158
1871160 158
1871170 158
1871180 158
1871190 158
1871200 158
1871210 158
1871220 158
1871230 158
1871240 158
1871250 158
1871260 158
1871270 158
1871280 158
1871290 158
1871300 158
1871310 158
1871320 158
1871330 158
1871340 158
1871350 158
1871360 158
1871370 158
1871380 158
1871390 158
1871400 158
1871410 158
1871420 158
1871430 158
1871440 158
1871450 159
1871460 159
1871470 159
1871480 159
1871490 159
1871500 159
1871510 159
1871520 159
1871530 159
1871540 159
1871550 159
1871560 159
1871570 159
1871580 159
1871590 159
1871600 158
1871610 158
1871620 158
1871630 158
1871640 158
1871650 158
1871660 158
1871670 158
1871680 158
1871690 158
1871700 158
1871710 158
1871720 158
1871730 158
1871740 158
1871750 157
1871760 157
1871770 157
1871780 157
1871790 157
1871800 157
1871810 156
1871820 156
1871830 156
1871840 156
1871850 156
1871860 156
1871870 156
1871880 155
1871890 155
1871900 155
1871910 155
1871920 155
1871930 155
1871940 155
1871950 155
1871960 155
1871970 155
1871980 155
1871990 155
1872000 155
1872010 155
1872020 155
1872030 155
1872040 155
1872050 154
1872060 154
1872070 154
1872080 155
1872090 155
1872100 155
1872110 155
1872120 155
1872130 155
1872140 155
1872150 155
1872160 155
1872170 155
1872180 155
1872190 155
1872200 155
1872210 155
1872220 155
1872230 155
1872240 155
1872250 155
1872260 155
1872270 155
1872280 155
1872290 155
1872300 155
1872310 155
1872320 155
1872330 155
1872340 155
1872350 155
1872360 154
1872370 154
1872380 154
1872390 154
1872400 154
1872410 154
1872420 154
1872430 154
1872440 154
1872450 154
1872460 154
1872470 154
1872480 154
1872490 154
1872500 154
1872510 153
1872520 153
1872530 153
1872540 153
1872550 153
1872560 153
1872570 153
1872580 153
1872590 153
1872600 153
1872610 153
1872620 153
1872630 153
1872640 153
1872650 152
1872660 152
1872670 152
1872680 152
1872690 152
1872700 152
1872710 152
1872720 152
1872730 152
1872740 152
1872750 152
1872760 152
1872770 152
1872780 152
1872790 153
1872800 153
1872810 153
1872820 153
1872830 153
1872840 153
1872850 153
1872860 153
1872870 153
1872880 153
1872890 153
1872900 153
1872910 153
1872920 153
1872930 153
1872940 152
1872950 152
1872960 152
1872970 152
1872980 152
1872990 152
1873000 152
1873010 152
1873020 152
1873030 152
1873040 152
1873050 152
1873060 152
1873070 152
1873080 152
1873090 151
1873100 151
1873110 151
1873120 152
1873130 152
1873140 152
1873150 151
1873160 151
1873170 151
1873180 151
1873190 151
1873200 151
1873210 151
1873220 151
1873230 151
1873240 151
1873250 151
1873260 151
1873270 151
1873280 151
1873290 151
1873300 151
1873310 151
1873320 151
1873330 151
1873340 151
1873350 150
1873360 150
1873370 150
1873380 150
1873390 150
1873400 150
1873410 150
1873420 150
1873430 150
1873440 150
1873450 150
1873460 150
1873470 150
1873480 150
1873490 150
1873500 150
1873510 150
1873520 150
1873530 150
1873540 150
1873550 150
1873560 150
1873570 150
1873580 150
1873590 150
1873600 150
1873610 150
1873620 150
1873630 150
1873640 150
1873650 150
1873660 150
1873670 150
1873680 150
1873690 150
1873700 150
1873710 150
1873720 150
1873730 150
1873740 150
1873750 150
1873760 150
1873770 150
1873780 150
1873790 150
1873800 150
1873810 150
1873820 150
1873830 150
1873840 150
1873850 150
1873860 150
1873870 150
1873880 150
1873890 149
1873900 150
1873910 150
1873920 149
1873930 149
1873940 149
1873950 149
1873960 149
1873970 149
1873980 149
1873990 149
1874000 149
1874010 149
1874020 149
1874030 149
1874040 149
1874050 149
1874060 149
1874070 149
1874080 149
1874090 149
1874100 149
1874110 149
1874120 149
1874130 149
1874140 149
1874150 149
1874160 149
1874170 149
1874180 149
1874190 149
1874200 149
1874210 149
1874220 149
1874230 149
1874240 149
1874250 149
1874260 149
1874270 149
1874280 149
1874290 149
1874300 149
1874310 149
1874320 149
1874330 149
1874340 149
1874350 149
1874360 149
1874370 149
1874380 149
1874390 149
1874400 149
1874410 149
1874420 149
1874430 149
1874440 149
1874450 149
1874460 149
1874470 149
1874480 149
1874490 149
1874500 149
1874510 149
1874520 149
1874530 149
1874540 149
1874550 149
1874560 149
1874570 149
1874580 149
1874590 149
1874600 149
1874610 149
1874620 149
1874630 149
1874640 149
1874650 149
1874660 149
1874670 149
1874680 150
1874690 150
1874700 150
1874710 150
1874720 150
1874730 150
1874740 150
1874750 150
1874760 150
1874770 150
1874780 150
1874790 150
1874800 150
1874810 150
1874820 150
1874830 150
1874840 150
1874850 150
1874860 150
1874870 150
1874880 150
1874890 150
1874900 150
1874910 150
1874920 150
1874930 150
1874940 150
1874950 150
1874960 150
1874970 150
1874980 150
1874990 150
1875000 150
1875010 150
1875020 150
1875030 150
1875040 150
1875050 150
1875060 150
1875070 150
1875080 150
1875090 150
1875100 150
1875110 150
1875120 150
1875130 150
1875140 150
1875150 150
1875160 150
1875170 150
1875180 150
1875190 150
1875200 150
1875210 150
1875220 150
1875230 150
1875240 150
1875250 150
1875260 150
1875270 150
1875280 150
1875290 150
1875300 150
1875310 150
1875320 150
1875330 150
1875340 150
1875350 150
1875360 150
1875370 149
1875380 149
1875390 149
1875400 149
1875410 150
1875420 150
1875430 150
1875440 150
1875450 150
1875460 150
1875470 150
1875480 150
1875490 150
1875500 150
1875510 150
1875520 149
1875530 149
1875540 149
1875550 149
1875560 149
1875570 149
1875580 149
1875590 149
1875600 149
1875610 149
1875620 149
1875630 149
1875640 149
1875650 149
1875660 149
1875670 149
1875680 149
1875690 149
1875700 149
1875710 149
1875720 149
1875730 149
1875740 149
1875750 149
1875760 149
1875770 149
1875780 149
1875790 149
1875800 149
1875810 149
1875820 149
1875830 149
1875840 149
1875850 149
1875860 149
1875870 149
1875880 149
1875890 149
1875900 149
1875910 149
1875920 149
1875930 149
1875940 149
1875950 149
1875960 149
1875970 149
1875980 149
1875990 149
1876000 149
1876010 149
1876020 149
1876030 149
1876040 149
1876050 149
1876060 149
1876070 149
1876080 149
1876090 149
1876100 149
1876110 149
1876120 149
1876130 149
1876140 149
1876150 149
1876160 149
1876170 149
1876180 149
1876190 149
1876200 149
1876210 149
1876220 149
1876230 149
1876240 148
1876250 148
1876260 148
1876270 148
1876280 148
1876290 148
1876300 148
1876310 148
1876320 148
1876330 148
1876340 148
1876350 148
1876360 148
1876370 148
1876380 148
1876390 148
1876400 148
1876410 148
1876420 148
1876430 148
1876440 148
1876450 148
1876460 148
1876470 148
1876480 148
1876490 148
1876500 148
1876510 148
1876520 148
1876530 148
1876540 148
1876550 148
1876560 148
1876570 148
1876580 148
1876590 148
1876600 148
1876610 148
1876620 148
1876630 148
1876640 148
1876650 148
1876660 148
1876670 148
1876680 148
1876690 148
1876700 148
1876710 148
1876720 148
1876730 148
1876740 148
1876750 148
1876760 148
1876770 148
1876780 148
1876790 148
1876800 148
1876810 148
1876820 148
1876830 149
1876840 149
1876850 149
1876860 148
1876870 148
1876880 148
1876890 148
1876900 148
1876910 148
1876920 149
1876930 149
1876940 149
1876950 148
1876960 148
1876970 148
1876980 148
1876990 148
1877000 148
1877010 148
1877020 148
1877030 148
1877040 148
1877050 148
1877060 148
1877070 148
1877080 148
1877090 148
1877100 148
1877110 148
1877120 148
1877130 148
1877140 148
1877150 148
1877160 148
1877170 148
1877180 148
1877190 148
1877200 148
1877210 148
1877220 148
1877230 148
1877240 148
1877250 148
1877260 148
1877270 148
1877280 148
1877290 148
1877300 148
1877310 148
1877320 148
1877330 148
1877340 148
1877350 148
1877360 148
1877370 148
1877380 148
1877390 148
1877400 148
1877410 148
1877420 148
1877430 148
1877440 148
1877450 148
1877460 148
1877470 148
1877480 148
1877490 148
1877500 148
1877510 148
1877520 148
1877530 148
1877540 148
1877550 148
1877560 148
1877570 148
1877580 148
1877590 148
1877600 148
1877610 148
1877620 148
1877630 148
1877640 148
1877650 148
1877660 148
1877670 148
1877680 148
1877690 148
1877700 147
1877710 147
1877720 147
1877730 147
1877740 147
1877750 147
1877760 147
1877770 147
1877780 147
1877790 147
1877800 147
1877810 146
1877820 146
1877830 146
1877840 146
1877850 146
1877860 146
1877870 146
1877880 146
1877890 146
1877900 146
1877910 146
1877920 146
1877930 146
1877940 146
1877950 146
1877960 146
1877970 146
1877980 146
1877990 146
1878000 147
1878010 147
1878020 147
1878030 146
1878040 147
1878050 147
1878060 146
1878070 146
1878080 146
1878090 146
1878100 146
1878110 146
1878120 146
1878130 146
1878140 146
1878150 146
1878160 146
1878170 146
1878180 146
1878190 146
1878200 146
1878210 146
1878220 146
1878230 146
1878240 146
1878250 146
1878260 146
1878270 146
1878280 146
1878290 146
1878300 146
1878310 146
1878320 146
1878330 146
1878340 146
1878350 146
1878360 146
1878370 146
1878380 146
1878390 146
1878400 146
1878410 146
1878420 147
1878430 146
1878440 146
1878450 146
1878460 145
1878470 145
1878480 144
1878490 144
1878500 144
1878510 145
1878520 144
1878530 144
1878540 144
1878550 144
1878560 144
1878570 144
1878580 144
1878590 144
1878600 144
1878610 145
1878620 145
1878630 145
1878640 145
1878650 145
1878660 145
1878670 145
1878680 145
1878690 146
1878700 146
1878710 146
1878720 146
1878730 146
1878740 146
1878750 146
1878760 146
1878770 146
1878780 146
1878790 146
1878800 146
1878810 146
1878820 146
1878830 146
1878840 146
1878850 146
1878860 146
1878870 146
1878880 146
1878890 146
1878900 146
1878910 146
1878920 146
1878930 146
1878940 146
1878950 146
1878960 146
1878970 146
1878980 146
1878990 146
1879000 146
1879010 146
1879020 146
1879030 146
1879040 146
1879050 146
1879060 146
1879070 146
1879080 146
1879090 146
1879100 146
1879110 146
1879120 146
1879130 146
1879140 146
1879150 146
1879160 146
1879170 146
1879180 146
1879190 146
1879200 147
1879210 147
1879220 147
1879230 146
1879240 146
1879250 146
1879260 146
1879270 146
1879280 146
1879290 146
1879300 146
1879310 146
1879320 146
1879330 146
1879340 146
1879350 146
1879360 146
1879370 146
1879380 146
1879390 146
1879400 146
1879410 146
1879420 146
1879430 146
1879440 146
1879450 146
1879460 146
1879470 146
1879480 146
1879490 146
1879500 146
1879510 146
1879520 146
1879530 146
1879540 146
1879550 146
1879560 146
1879570 146
1879580 146
1879590 146
1879600 146
1879610 146
1879620 146
1879630 146
1879640 146
1879650 146
1879660 146
1879670 146
1879680 146
1879690 146
1879700 146
1879710 146
1879720 146
1879730 146
1879740 146
1879750 146
1879760 146
1879770 146
1879780 145
1879790 145
1879800 145
1879810 145
1879820 145
1879830 144
1879840 144
1879850 144
1879860 144
1879870 144
1879880 144
1879890 144
1879900 144
1879910 144
1879920 144
1879930 144
1879940 144
1879950 144
1879960 144
1879970 144
1879980 144
1879990 144
