1860000 267
1860010 267
1860020 267
1860030 267
1860040 267
1860050 267
1860060 267
1860070 267
1860080 267
1860090 267
1860100 267
1860110 267
1860120 267
1860130 267
1860140 266
1860150 266
1860160 266
1860170 266
1860180 266
1860190 266
1860200 266
1860210 266
1860220 266
1860230 266
1860240 266
1860250 266
1860260 266
1860270 266
1860280 266
1860290 265
1860300 265
1860310 265
1860320 265
1860330 265
1860340 265
1860350 265
1860360 265
1860370 265
1860380 265
1860390 265
1860400 265
1860410 265
1860420 265
1860430 265
1860440 265
1860450 265
1860460 265
1860470 265
1860480 265
1860490 265
1860500 264
1860510 264
1860520 264
1860530 264
1860540 264
1860550 264
1860560 264
1860570 264
1860580 263
1860590 263
1860600 263
1860610 263
1860620 262
1860630 262
1860640 262
1860650 261
1860660 261
1860670 261
1860680 261
1860690 261
1860700 260
1860710 260
1860720 260
1860730 259
1860740 259
1860750 259
1860760 258
1860770 258
1860780 258
1860790 257
1860800 257
1860810 257
1860820 256
1860830 256
1860840 256
1860850 255
1860860 255
1860870 255
1860880 255
1860890 254
1860900 254
1860910 254
1860920 254
1860930 254
1860940 254
1860950 254
1860960 254
1860970 254
1860980 254
1860990 254
1861000 254
1861010 255
1861020 255
1861030 255
1861040 256
1861050 256
1861060 256
1861070 257
1861080 257
1861090 258
1861100 258
1861110 258
1861120 259
1861130 260
1861140 260
1861150 261
1861160 262
1861170 262
1861180 262
1861190 263
1861200 263
1861210 263
1861220 264
1861230 264
1861240 264
1861250 265
1861260 265
1861270 265
1861280 266
1861290 266
1861300 267
1861310 268
1861320 268
1861330 269
1861340 270
1861350 270
1861360 271
1861370 272
1861380 272
1861390 273
1861400 275
1861410 275
1861420 275
1861430 275
1861440 275
1861450 275
1861460 275
1861470 275
1861480 275
1861490 274
1861500 274
1861510 274
1861520 274
1861530 273
1861540 273
1861550 273
1861560 272
1861570 272
1861580 273
1861590 272
1861600 272
1861610 271
1861620 271
1861630 271
1861640 271
1861650 271
1861660 271
1861670 271
1861680 270
1861690 270
1861700 269
1861710 269
1861720 269
1861730 269
1861740 268
1861750 268
1861760 268
1861770 268
1861780 268
1861790 268
1861800 268
1861810 268
1861820 268
1861830 269
1861840 269
1861850 269
1861860 269
1861870 269
1861880 270
1861890 270
1861900 270
1861910 271
1861920 271
1861930 271
1861940 270
1861950 270
1861960 270
1861970 270
1861980 270
1861990 270
1862000 270
1862010 270
1862020 270
1862030 270
1862040 270
1862050 270
1862060 270
1862070 270
1862080 270
1862090 269
1862100 269
1862110 269
1862120 269
1862130 267
1862140 267
1862150 264
1862160 259
1862170 263
1862180 257
1862190 255
1862200 255
1862210 254
1862220 253
1862230 253
1862240 252
1862250 252
1862260 252
1862270 253
1862280 254
1862290 254
1862300 258
1862310 257
1862320 257
1862330 255
1862340 256
1862350 256
1862360 257
1862370 258
1862380 258
1862390 257
1862400 256
1862410 256
1862420 256
1862430 256
1862440 256
1862450 254
1862460 254
1862470 254
1862480 254
1862490 253
1862500 253
1862510 252
1862520 254
1862530 254
1862540 255
1862550 253
1862560 253
1862570 253
1862580 256
1862590 256
1862600 257
1862610 258
1862620 258
1862630 258
1862640 259
1862650 259
1862660 257
1862670 258
1862680 258
1862690 257
1862700 258
1862710 258
1862720 258
1862730 259
1862740 259
1862750 258
1862760 258
1862770 258
1862780 258
1862790 258
1862800 258
1862810 258
1862820 257
1862830 257
1862840 257
1862850 257
1862860 257
1862870 256
1862880 256
1862890 256
1862900 255
1862910 255
1862920 255
1862930 255
1862940 254
1862950 254
1862960 254
1862970 254
1862980 254
1862990 255
1863000 256
1863010 256
1863020 256
1863030 257
1863040 257
1863050 257
1863060 258
1863070 258
1863080 259
1863090 260
1863100 260
1863110 261
1863120 263
1863130 263
1863140 264
1863150 265
1863160 265
1863170 266
1863180 266
1863190 266
1863200 267
1863210 267
1863220 267
1863230 268
1863240 269
1863250 269
1863260 269
1863270 270
1863280 270
1863290 271
1863300 271
1863310 271
1863320 272
1863330 274
1863340 277
1863350 277
1863360 278
1863370 279
1863380 279
1863390 279
1863400 279
1863410 279
1863420 279
1863430 279
1863440 279
1863450 278
1863460 279
1863470 279
1863480 279
1863490 279
1863500 279
1863510 279
1863520 279
1863530 279
1863540 279
1863550 279
1863560 279
1863570 279
1863580 279
1863590 279
1863600 279
1863610 279
1863620 279
1863630 279
1863640 279
1863650 279
1863660 279
1863670 279
1863680 279
1863690 279
1863700 278
1863710 278
1863720 277
1863730 276
1863740 276
1863750 276
1863760 275
1863770 275
1863780 275
1863790 274
1863800 274
1863810 274
1863820 273
1863830 273
1863840 273
1863850 273
1863860 273
1863870 273
1863880 273
1863890 273
1863900 273
1863910 274
1863920 274
1863930 273
1863940 274
1863950 274
1863960 274
1863970 274
1863980 274
1863990 275
1864000 274
1864010 274
1864020 274
1864030 274
1864040 274
1864050 274
1864060 273
1864070 273
1864080 273
1864090 273
1864100 273
1864110 273
1864120 273
1864130 273
1864140 272
1864150 272
1864160 272
1864170 272
1864180 271
1864190 271
1864200 271
1864210 271
1864220 271
1864230 270
1864240 270
1864250 270
1864260 269
1864270 269
1864280 269
1864290 268
1864300 267
1864310 267
1864320 266
1864330 265
1864340 265
1864350 264
1864360 264
1864370 264
1864380 264
1864390 263
1864400 263
1864410 263
1864420 262
1864430 262
1864440 260
1864450 254
1864460 254
1864470 252
1864480 252
1864490 252
1864500 252
1864510 253
1864520 253
1864530 253
1864540 253
1864550 253
1864560 251
1864570 249
1864580 249
1864590 248
1864600 247
1864610 247
1864620 246
1864630 246
1864640 246
1864650 245
1864660 244
1864670 244
1864680 243
1864690 242
1864700 242
1864710 241
1864720 240
1864730 240
1864740 239
1864750 239
1864760 239
1864770 238
1864780 238
1864790 238
1864800 237
1864810 237
1864820 237
1864830 237
1864840 236
1864850 236
1864860 236
1864870 236
1864880 236
1864890 236
1864900 236
1864910 236
1864920 237
1864930 237
1864940 237
1864950 238
1864960 238
1864970 238
1864980 238
1864990 238
1865000 238
1865010 239
1865020 239
1865030 239
1865040 239
1865050 239
1865060 239
1865070 239
1865080 239
1865090 239
1865100 240
1865110 240
1865120 240
1865130 240
1865140 240
1865150 240
1865160 241
1865170 241
1865180 242
1865190 242
1865200 242
1865210 242
1865220 242
1865230 242
1865240 243
1865250 243
1865260 243
1865270 243
1865280 243
1865290 243
1865300 242
1865310 242
1865320 242
1865330 241
1865340 241
1865350 241
1865360 240
1865370 240
1865380 240
1865390 239
1865400 239
1865410 239
1865420 238
1865430 238
1865440 237
1865450 236
1865460 236
1865470 235
1865480 234
1865490 234
1865500 234
1865510 233
1865520 233
1865530 233
1865540 232
1865550 232
1865560 232
1865570 231
1865580 231
1865590 230
1865600 230
1865610 230
1865620 229
1865630 228
1865640 228
1865650 227
1865660 227
1865670 227
1865680 226
1865690 225
1865700 225
1865710 225
1865720 224
1865730 224
1865740 223
1865750 223
1865760 223
1865770 222
1865780 221
1865790 221
1865800 221
1865810 220
1865820 220
1865830 219
1865840 219
1865850 219
1865860 218
1865870 218
1865880 218
1865890 217
1865900 216
1865910 216
1865920 216
1865930 215
1865940 215
1865950 215
1865960 215
1865970 215
1865980 215
1865990 215
1866000 215
1866010 215
1866020 215
1866030 215
1866040 214
1866050 214
1866060 214
1866070 214
1866080 214
1866090 214
1866100 214
1866110 214
1866120 214
1866130 214
1866140 214
1866150 214
1866160 214
1866170 215
1866180 215
1866190 215
1866200 216
1866210 216
1866220 216
1866230 216
1866240 216
1866250 216
1866260 216
1866270 216
1866280 215
1866290 215
1866300 215
1866310 214
1866320 214
1866330 214
1866340 213
1866350 212
1866360 212
1866370 212
1866380 211
1866390 211
1866400 211
1866410 210
1866420 210
1866430 210
1866440 209
1866450 209
1866460 209
1866470 209
1866480 209
1866490 208
1866500 208
1866510 208
1866520 207
1866530 207
1866540 207
1866550 207
1866560 206
1866570 206
1866580 206
1866590 206
1866600 205
1866610 205
1866620 205
1866630 205
1866640 205
1866650 205
1866660 205
1866670 205
1866680 204
1866690 204
1866700 204
1866710 204
1866720 204
1866730 204
1866740 204
1866750 204
1866760 204
1866770 204
1866780 204
1866790 204
1866800 204
1866810 204
1866820 204
1866830 204
1866840 204
1866850 203
1866860 203
1866870 203
1866880 203
1866890 202
1866900 202
1866910 202
1866920 202
1866930 202
1866940 201
1866950 201
1866960 201
1866970 201
1866980 200
1866990 200
1867000 200
1867010 199
1867020 198
1867030 198
1867040 197
1867050 197
1867060 197
1867070 196
1867080 195
1867090 195
1867100 194
1867110 194
1867120 194
1867130 193
1867140 193
1867150 193
1867160 193
1867170 193
1867180 193
1867190 193
1867200 192
1867210 192
1867220 191
1867230 190
1867240 190
1867250 190
1867260 189
1867270 189
1867280 189
1867290 188
1867300 188
1867310 188
1867320 188
1867330 188
1867340 188
1867350 187
1867360 187
1867370 187
1867380 187
1867390 187
1867400 187
1867410 186
1867420 186
1867430 186
1867440 186
1867450 186
1867460 186
1867470 185
1867480 185
1867490 185
1867500 185
1867510 185
1867520 185
1867530 185
1867540 185
1867550 184
1867560 184
1867570 184
1867580 184
1867590 183
1867600 183
1867610 183
1867620 183
1867630 183
1867640 183
1867650 183
1867660 183
1867670 183
1867680 182
1867690 182
1867700 182
1867710 182
1867720 182
1867730 182
1867740 182
1867750 182
1867760 182
1867770 181
1867780 181
1867790 181
1867800 181
1867810 181
1867820 181
1867830 181
1867840 181
1867850 181
1867860 181
1867870 181
1867880 181
1867890 181
1867900 181
1867910 181
1867920 181
1867930 181
1867940 181
1867950 181
1867960 181
1867970 181
1867980 181
1867990 181
1868000 181
1868010 181
1868020 181
1868030 181
1868040 181
1868050 181
1868060 181
1868070 181
1868080 181
1868090 181
1868100 181
1868110 181
1868120 181
1868130 182
1868140 182
1868150 182
1868160 182
1868170 182
1868180 182
1868190 182
1868200 182
1868210 182
1868220 182
1868230 182
1868240 182
1868250 182
1868260 182
1868270 182
1868280 182
1868290 183
1868300 182
1868310 182
1868320 182
1868330 182
1868340 182
1868350 182
1868360 182
1868370 182
1868380 182
1868390 182
1868400 181
1868410 181
1868420 181
1868430 181
1868440 181
1868450 181
1868460 181
1868470 181
1868480 181
1868490 180
1868500 180
1868510 180
1868520 180
1868530 180
1868540 179
1868550 179
1868560 179
1868570 179
1868580 179
1868590 179
1868600 179
1868610 178
1868620 179
1868630 179
1868640 178
1868650 178
1868660 178
1868670 178
1868680 178
1868690 178
1868700 178
1868710 178
1868720 178
1868730 178
1868740 178
1868750 178
1868760 178
1868770 178
1868780 178
1868790 179
1868800 179
1868810 179
1868820 179
1868830 179
1868840 180
1868850 180
1868860 181
1868870 181
1868880 181
1868890 181
1868900 181
1868910 182
1868920 182
1868930 182
1868940 182
1868950 183
1868960 183
1868970 183
1868980 183
1868990 183
1869000 184
1869010 184
1869020 184
1869030 184
1869040 184
1869050 184
1869060 184
1869070 184
1869080 184
1869090 184
1869100 184
1869110 184
1869120 184
1869130 184
1869140 184
1869150 184
1869160 183
1869170 183
1869180 183
1869190 183
1869200 183
1869210 183
1869220 183
1869230 183
1869240 183
1869250 183
1869260 183
1869270 183
1869280 183
1869290 183
1869300 183
1869310 183
1869320 183
1869330 183
1869340 183
1869350 183
1869360 183
1869370 183
1869380 183
1869390 182
1869400 182
1869410 182
1869420 182
1869430 182
1869440 182
1869450 181
1869460 181
1869470 181
1869480 181
1869490 180
1869500 180
1869510 180
1869520 180
1869530 180
1869540 179
1869550 179
1869560 179
1869570 179
1869580 178
1869590 178
1869600 178
1869610 178
1869620 178
1869630 177
1869640 177
1869650 177
1869660 177
1869670 176
1869680 176
1869690 175
1869700 175
1869710 175
1869720 175
1869730 174
1869740 174
1869750 174
1869760 173
1869770 173
1869780 173
1869790 172
1869800 172
1869810 172
1869820 171
1869830 171
1869840 171
1869850 170
1869860 170
1869870 170
1869880 170
1869890 170
1869900 169
1869910 169
1869920 169
1869930 169
1869940 168
1869950 168
1869960 168
1869970 168
1869980 168
1869990 167
1870000 167
1870010 167
1870020 167
1870030 167
1870040 167
1870050 167
1870060 166
1870070 166
1870080 166
1870090 166
1870100 166
1870110 166
1870120 166
1870130 166
1870140 166
1870150 166
1870160 166
1870170 166
1870180 166
1870190 166
1870200 166
1870210 166
1870220 166
1870230 166
1870240 166
1870250 166
1870260 167
1870270 167
1870280 167
1870290 167
1870300 166
1870310 166
1870320 166
1870330 166
1870340 166
1870350 165
1870360 165
1870370 165
1870380 165
1870390 165
1870400 165
1870410 164
1870420 164
1870430 164
1870440 164
1870450 163
1870460 163
1870470 163
1870480 163
1870490 163
1870500 163
1870510 163
1870520 163
1870530 163
1870540 162
1870550 162
1870560 162
1870570 162
1870580 162
1870590 162
1870600 162
1870610 162
1870620 162
1870630 162
1870640 163
1870650 162
1870660 162
1870670 162
1870680 162
1870690 162
1870700 162
1870710 162
1870720 162
1870730 162
1870740 162
1870750 162
1870760 162
1870770 162
1870780 162
1870790 162
1870800 162
1870810 162
1870820 162
1870830 162
1870840 162
1870850 162
1870860 162
1870870 162
1870880 162
1870890 162
1870900 162
1870910 161
1870920 161
1870930 161
1870940 161
1870950 161
1870960 161
1870970 161
1870980 161
1870990 160
1871000 160
1871010 160
1871020 160
1871030 160
1871040 160
1871050 160
1871060 160
1871070 160
1871080 160
1871090 160
1871100 160
1871110 160
1871120 160
1871130 160
1871140 160
1871150 160
1871160 160
1871170 160
1871180 160
1871190 160
1871200 160
1871210 160
1871220 160
1871230 160
1871240 159
1871250 159
1871260 159
1871270 159
1871280 159
1871290 159
1871300 159
1871310 159
1871320 159
1871330 158
1871340 158
1871350 158
1871360 158
1871370 158
1871380 158
1871390 158
1871400 158
1871410 158
1871420 158
1871430 158
1871440 157
1871450 157
1871460 157
1871470 157
1871480 157
1871490 157
1871500 157
1871510 157
1871520 157
1871530 157
1871540 157
1871550 157
1871560 157
1871570 157
1871580 157
1871590 156
1871600 156
1871610 156
1871620 156
1871630 156
1871640 156
1871650 156
1871660 156
1871670 156
1871680 156
1871690 156
1871700 156
1871710 156
1871720 156
1871730 156
1871740 155
1871750 155
1871760 155
1871770 155
1871780 155
1871790 155
1871800 155
1871810 155
1871820 155
1871830 155
1871840 155
1871850 155
1871860 155
1871870 155
1871880 155
1871890 155
1871900 155
1871910 155
1871920 155
1871930 155
1871940 155
1871950 155
1871960 156
1871970 156
1871980 156
1871990 157
1872000 157
1872010 157
1872020 157
1872030 157
1872040 157
1872050 157
1872060 157
1872070 157
1872080 157
1872090 157
1872100 157
1872110 157
1872120 157
1872130 157
1872140 157
1872150 157
1872160 156
1872170 156
1872180 156
1872190 156
1872200 156
1872210 156
1872220 156
1872230 156
1872240 156
1872250 156
1872260 155
1872270 155
1872280 155
1872290 155
1872300 155
1872310 155
1872320 155
1872330 155
1872340 155
1872350 155
1872360 155
1872370 155
1872380 155
1872390 155
1872400 155
1872410 155
1872420 155
1872430 155
1872440 155
1872450 155
1872460 155
1872470 155
1872480 155
1872490 155
1872500 155
1872510 155
1872520 156
1872530 156
1872540 156
1872550 156
1872560 157
1872570 157
1872580 157
1872590 157
1872600 158
1872610 158
1872620 158
1872630 158
1872640 158
1872650 159
1872660 158
1872670 158
1872680 158
1872690 158
1872700 158
1872710 158
1872720 158
1872730 158
1872740 157
1872750 157
1872760 157
1872770 157
1872780 157
1872790 157
1872800 157
1872810 157
1872820 157
1872830 157
1872840 157
1872850 157
1872860 156
1872870 156
1872880 156
1872890 156
1872900 156
1872910 156
1872920 155
1872930 155
1872940 155
1872950 155
1872960 155
1872970 155
1872980 155
1872990 155
1873000 155
1873010 155
1873020 155
1873030 155
1873040 155
1873050 155
1873060 155
1873070 155
1873080 155
1873090 155
1873100 155
1873110 155
1873120 155
1873130 155
1873140 155
1873150 155
1873160 155
1873170 155
1873180 155
1873190 155
1873200 155
1873210 155
1873220 155
1873230 155
1873240 155
1873250 155
1873260 156
1873270 156
1873280 156
1873290 156
1873300 156
1873310 156
1873320 157
1873330 157
1873340 157
1873350 157
1873360 157
1873370 157
1873380 157
1873390 157
1873400 157
1873410 157
1873420 157
1873430 157
1873440 157
1873450 157
1873460 157
1873470 157
1873480 157
1873490 157
1873500 157
1873510 157
1873520 157
1873530 157
1873540 157
1873550 157
1873560 157
1873570 157
1873580 157
1873590 157
1873600 157
1873610 157
1873620 157
1873630 157
1873640 157
1873650 157
1873660 157
1873670 157
1873680 157
1873690 157
1873700 157
1873710 157
1873720 157
1873730 156
1873740 156
1873750 156
1873760 156
1873770 156
1873780 156
1873790 156
1873800 155
1873810 155
1873820 155
1873830 155
1873840 155
1873850 155
1873860 155
1873870 155
1873880 155
1873890 156
1873900 156
1873910 156
1873920 156
1873930 156
1873940 156
1873950 155
1873960 155
1873970 156
1873980 155
1873990 155
1874000 155
1874010 155
1874020 155
1874030 155
1874040 155
1874050 155
1874060 155
1874070 155
1874080 155
1874090 155
1874100 155
1874110 155
1874120 155
1874130 155
1874140 155
1874150 154
1874160 154
1874170 154
1874180 155
1874190 155
1874200 155
1874210 155
1874220 155
1874230 155
1874240 155
1874250 155
1874260 155
1874270 155
1874280 156
1874290 156
1874300 156
1874310 156
1874320 156
1874330 156
1874340 156
1874350 156
1874360 156
1874370 156
1874380 156
1874390 156
1874400 156
1874410 156
1874420 156
1874430 156
1874440 156
1874450 156
1874460 156
1874470 156
1874480 156
1874490 156
1874500 156
1874510 156
1874520 156
1874530 156
1874540 156
1874550 156
1874560 156
1874570 156
1874580 156
1874590 156
1874600 156
1874610 155
1874620 155
1874630 155
1874640 155
1874650 155
1874660 155
1874670 155
1874680 155
1874690 155
1874700 155
1874710 155
1874720 155
1874730 155
1874740 155
1874750 155
1874760 156
1874770 156
1874780 156
1874790 156
1874800 156
1874810 156
1874820 156
1874830 156
1874840 156
1874850 156
1874860 156
1874870 156
1874880 155
1874890 155
1874900 155
1874910 155
1874920 155
1874930 155
1874940 155
1874950 155
1874960 155
1874970 155
1874980 155
1874990 155
1875000 155
1875010 155
1875020 155
1875030 155
1875040 155
1875050 155
1875060 155
1875070 155
1875080 155
1875090 155
1875100 155
1875110 155
1875120 155
1875130 155
1875140 155
1875150 155
1875160 155
1875170 155
1875180 155
1875190 155
1875200 155
1875210 155
1875220 155
1875230 155
1875240 155
1875250 155
1875260 155
1875270 154
1875280 154
1875290 154
1875300 154
1875310 154
1875320 154
1875330 154
1875340 154
1875350 154
1875360 154
1875370 154
1875380 154
1875390 154
1875400 154
1875410 154
1875420 154
1875430 154
1875440 154
1875450 154
1875460 154
1875470 154
1875480 154
1875490 154
1875500 154
1875510 154
1875520 154
1875530 154
1875540 154
1875550 154
1875560 154
1875570 154
1875580 154
1875590 154
1875600 154
1875610 154
1875620 154
1875630 154
1875640 154
1875650 154
1875660 154
1875670 154
1875680 154
1875690 154
1875700 154
1875710 154
1875720 154
1875730 154
1875740 154
1875750 154
1875760 154
1875770 154
1875780 154
1875790 154
1875800 154
1875810 154
1875820 154
1875830 154
1875840 154
1875850 153
1875860 153
1875870 153
1875880 153
1875890 153
1875900 153
1875910 153
1875920 153
1875930 153
1875940 153
1875950 153
1875960 153
1875970 153
1875980 153
1875990 153
1876000 153
1876010 153
1876020 153
1876030 152
1876040 152
1876050 152
1876060 152
1876070 152
1876080 152
1876090 152
1876100 152
1876110 152
1876120 152
1876130 152
1876140 152
1876150 152
1876160 152
1876170 152
1876180 152
1876190 152
1876200 152
1876210 152
1876220 152
1876230 152
1876240 152
1876250 152
1876260 152
1876270 152
1876280 152
1876290 153
1876300 153
1876310 153
1876320 153
1876330 153
1876340 152
1876350 152
1876360 152
1876370 152
1876380 152
1876390 152
1876400 152
1876410 152
1876420 152
1876430 152
1876440 152
1876450 151
1876460 151
1876470 151
1876480 151
1876490 151
1876500 151
1876510 151
1876520 151
1876530 151
1876540 151
1876550 151
1876560 151
1876570 150
1876580 150
1876590 150
1876600 150
1876610 150
1876620 150
1876630 150
1876640 150
1876650 150
1876660 150
1876670 150
1876680 150
1876690 150
1876700 150
1876710 150
1876720 150
1876730 150
1876740 150
1876750 150
1876760 150
1876770 150
1876780 150
1876790 150
1876800 150
1876810 150
1876820 150
1876830 150
1876840 150
1876850 150
1876860 150
1876870 150
1876880 150
1876890 150
1876900 150
1876910 150
1876920 150
1876930 150
1876940 151
1876950 151
1876960 151
1876970 151
1876980 151
1876990 151
1877000 151
1877010 151
1877020 151
1877030 150
1877040 150
1877050 150
1877060 150
1877070 150
1877080 150
1877090 150
1877100 150
1877110 150
1877120 151
1877130 151
1877140 150
1877150 150
1877160 150
1877170 150
1877180 150
1877190 150
1877200 151
1877210 150
1877220 150
1877230 150
1877240 151
1877250 151
1877260 151
1877270 151
1877280 151
1877290 151
1877300 151
1877310 151
1877320 151
1877330 151
1877340 151
1877350 151
1877360 151
1877370 151
1877380 151
1877390 151
1877400 151
1877410 150
1877420 150
1877430 150
1877440 150
1877450 150
1877460 150
1877470 150
1877480 150
1877490 150
1877500 150
1877510 150
1877520 150
1877530 150
1877540 150
1877550 150
1877560 150
1877570 150
1877580 150
1877590 150
1877600 150
1877610 150
1877620 150
1877630 150
1877640 150
1877650 150
1877660 150
1877670 150
1877680 150
1877690 150
1877700 150
1877710 150
1877720 150
1877730 150
1877740 150
1877750 150
1877760 150
1877770 150
1877780 150
1877790 150
1877800 150
1877810 150
1877820 150
1877830 150
1877840 150
1877850 150
1877860 150
1877870 150
1877880 150
1877890 150
1877900 150
1877910 150
1877920 150
1877930 150
1877940 150
1877950 150
1877960 150
1877970 150
1877980 150
1877990 150
1878000 150
1878010 150
1878020 150
1878030 150
1878040 150
1878050 150
1878060 150
1878070 150
1878080 150
1878090 150
1878100 150
1878110 150
1878120 150
1878130 150
1878140 150
1878150 149
1878160 149
1878170 149
1878180 149
1878190 149
1878200 149
1878210 149
1878220 149
1878230 149
1878240 149
1878250 149
1878260 149
1878270 149
1878280 149
1878290 149
1878300 149
1878310 149
1878320 149
1878330 149
1878340 149
1878350 149
1878360 149
1878370 149
1878380 149
1878390 149
1878400 149
1878410 149
1878420 149
1878430 149
1878440 149
1878450 149
1878460 149
1878470 148
1878480 148
1878490 148
1878500 148
1878510 148
1878520 148
1878530 148
1878540 148
1878550 148
1878560 148
1878570 148
1878580 148
1878590 148
1878600 148
1878610 148
1878620 148
1878630 148
1878640 148
1878650 149
1878660 149
1878670 149
1878680 149
1878690 149
1878700 149
1878710 149
1878720 149
1878730 149
1878740 150
1878750 150
1878760 150
1878770 150
1878780 150
1878790 150
1878800 150
1878810 151
1878820 151
1878830 151
1878840 151
1878850 151
1878860 151
1878870 151
1878880 151
1878890 151
1878900 151
1878910 151
1878920 151
1878930 152
1878940 152
1878950 152
1878960 152
1878970 152
1878980 152
1878990 151
1879000 151
1879010 151
1879020 151
1879030 151
1879040 151
1879050 151
1879060 151
1879070 151
1879080 151
1879090 151
1879100 151
1879110 151
1879120 151
1879130 151
1879140 151
1879150 151
1879160 151
1879170 151
1879180 151
1879190 151
1879200 151
1879210 151
1879220 151
1879230 151
1879240 151
1879250 151
1879260 151
1879270 151
1879280 151
1879290 150
1879300 150
1879310 150
1879320 150
1879330 150
1879340 150
1879350 150
1879360 150
1879370 150
1879380 150
1879390 150
1879400 149
1879410 149
1879420 149
1879430 149
1879440 149
1879450 149
1879460 149
1879470 149
1879480 149
1879490 149
1879500 149
1879510 149
1879520 149
1879530 149
1879540 149
1879550 149
1879560 149
1879570 149
1879580 149
1879590 149
1879600 149
1879610 149
1879620 149
1879630 149
1879640 149
1879650 149
1879660 149
1879670 149
1879680 149
1879690 149
1879700 149
1879710 149
1879720 149
1879730 149
1879740 149
1879750 149
1879760 149
1879770 149
1879780 149
1879790 149
1879800 149
1879810 149
1879820 149
1879830 149
1879840 149
1879850 149
1879860 149
1879870 149
1879880 150
1879890 150
1879900 150
1879910 150
1879920 150
1879930 150
1879940 150
1879950 151
1879960 151
1879970 151
1879980 151
1879990 151
