1860000 261
1860010 261
1860020 261
1860030 260
1860040 259
1860050 259
1860060 259
1860070 260
1860080 260
1860090 261
1860100 260
1860110 260
1860120 258
1860130 255
1860140 255
1860150 254
1860160 253
1860170 253
1860180 253
1860190 255
1860200 255
1860210 259
1860220 261
1860230 261
1860240 261
1860250 261
1860260 261
1860270 263
1860280 263
1860290 263
1860300 263
1860310 263
1860320 263
1860330 263
1860340 263
1860350 263
1860360 263
1860370 263
1860380 263
1860390 263
1860400 263
1860410 263
1860420 263
1860430 263
1860440 263
1860450 262
1860460 262
1860470 262
1860480 261
1860490 259
1860500 259
1860510 260
1860520 261
1860530 261
1860540 261
1860550 261
1860560 261
1860570 261
1860580 261
1860590 261
1860600 261
1860610 261
1860620 261
1860630 261
1860640 261
1860650 261
1860660 261
1860670 260
1860680 260
1860690 260
1860700 260
1860710 260
1860720 259
1860730 259
1860740 259
1860750 258
1860760 257
1860770 257
1860780 256
1860790 255
1860800 255
1860810 254
1860820 253
1860830 253
1860840 252
1860850 251
1860860 251
1860870 250
1860880 249
1860890 249
1860900 248
1860910 247
1860920 247
1860930 246
1860940 245
1860950 245
1860960 244
1860970 241
1860980 241
1860990 238
1861000 236
1861010 236
1861020 235
1861030 235
1861040 235
1861050 235
1861060 235
1861070 235
1861080 235
1861090 235
1861100 235
1861110 235
1861120 234
1861130 234
1861140 234
1861150 234
1861160 234
1861170 233
1861180 233
1861190 232
1861200 232
1861210 232
1861220 232
1861230 232
1861240 233
1861250 233
1861260 233
1861270 234
1861280 235
1861290 235
1861300 237
1861310 240
1861320 240
1861330 243
1861340 246
1861350 246
1861360 249
1861370 252
1861380 252
1861390 255
1861400 257
1861410 257
1861420 259
1861430 262
1861440 262
1861450 266
1861460 270
1861470 270
1861480 272
1861490 273
1861500 273
1861510 272
1861520 272
1861530 272
1861540 272
1861550 272
1861560 272
1861570 271
1861580 271
1861590 271
1861600 271
1861610 271
1861620 271
1861630 271
1861640 271
1861650 271
1861660 270
1861670 270
1861680 270
1861690 270
1861700 270
1861710 270
1861720 270
1861730 270
1861740 270
1861750 270
1861760 270
1861770 270
1861780 269
1861790 269
1861800 269
1861810 267
1861820 266
1861830 266
1861840 265
1861850 266
1861860 266
1861870 266
1861880 266
1861890 266
1861900 265
1861910 265
1861920 265
1861930 263
1861940 262
1861950 262
1861960 259
1861970 256
1861980 256
1861990 254
1862000 252
1862010 252
1862020 251
1862030 250
1862040 250
1862050 249
1862060 249
1862070 249
1862080 248
1862090 247
1862100 247
1862110 246
1862120 245
1862130 245
1862140 244
1862150 244
1862160 244
1862170 243
1862180 242
1862190 242
1862200 241
1862210 240
1862220 240
1862230 239
1862240 239
1862250 239
1862260 238
1862270 238
1862280 238
1862290 237
1862300 238
1862310 238
1862320 241
1862330 242
1862340 242
1862350 244
1862360 246
1862370 246
1862380 247
1862390 247
1862400 248
1862410 248
1862420 248
1862430 248
1862440 247
1862450 247
1862460 247
1862470 246
1862480 246
1862490 246
1862500 245
1862510 245
1862520 245
1862530 244
1862540 244
1862550 244
1862560 244
1862570 244
1862580 244
1862590 243
1862600 242
1862610 242
1862620 241
1862630 240
1862640 240
1862650 241
1862660 243
1862670 243
1862680 244
1862690 244
1862700 244
1862710 240
1862720 237
1862730 237
1862740 238
1862750 238
1862760 238
1862770 238
1862780 238
1862790 238
1862800 240
1862810 240
1862820 240
1862830 241
1862840 245
1862850 245
1862860 249
1862870 251
1862880 251
1862890 254
1862900 255
1862910 255
1862920 257
1862930 258
1862940 258
1862950 261
1862960 264
1862970 266
1862980 266
1862990 266
1863000 266
1863010 266
1863020 266
1863030 267
1863040 267
1863050 267
1863060 267
1863070 267
1863080 267
1863090 268
1863100 268
1863110 268
1863120 269
1863130 269
1863140 269
1863150 270
1863160 270
1863170 270
1863180 271
1863190 271
1863200 272
1863210 272
1863220 272
1863230 272
1863240 273
1863250 273
1863260 275
1863270 277
1863280 277
1863290 279
1863300 280
1863310 280
1863320 281
1863330 281
1863340 281
1863350 282
1863360 282
1863370 282
1863380 282
1863390 282
1863400 282
1863410 283
1863420 283
1863430 282
1863440 282
1863450 282
1863460 282
1863470 282
1863480 282
1863490 282
1863500 282
1863510 282
1863520 282
1863530 282
1863540 281
1863550 281
1863560 281
1863570 280
1863580 280
1863590 279
1863600 279
1863610 279
1863620 279
1863630 278
1863640 278
1863650 277
1863660 277
1863670 277
1863680 276
1863690 275
1863700 275
1863710 275
1863720 274
1863730 274
1863740 274
1863750 273
1863760 273
1863770 273
1863780 273
1863790 273
1863800 272
1863810 272
1863820 272
1863830 271
1863840 271
1863850 271
1863860 271
1863870 270
1863880 270
1863890 270
1863900 269
1863910 269
1863920 269
1863930 268
1863940 268
1863950 268
1863960 267
1863970 267
1863980 267
1863990 266
1864000 266
1864010 266
1864020 265
1864030 265
1864040 265
1864050 264
1864060 264
1864070 264
1864080 264
1864090 264
1864100 263
1864110 263
1864120 263
1864130 263
1864140 263
1864150 263
1864160 262
1864170 262
1864180 262
1864190 261
1864200 260
1864210 260
1864220 260
1864230 259
1864240 259
1864250 258
1864260 258
1864270 258
1864280 257
1864290 256
1864300 256
1864310 255
1864320 255
1864330 255
1864340 254
1864350 253
1864360 253
1864370 252
1864380 251
1864390 251
1864400 250
1864410 250
1864420 250
1864430 249
1864440 249
1864450 249
1864460 248
1864470 247
1864480 247
1864490 246
1864500 246
1864510 246
1864520 246
1864530 246
1864540 246
1864550 246
1864560 246
1864570 246
1864580 246
1864590 245
1864600 245
1864610 245
1864620 245
1864630 245
1864640 245
1864650 244
1864660 244
1864670 244
1864680 244
1864690 244
1864700 243
1864710 243
1864720 243
1864730 242
1864740 242
1864750 242
1864760 241
1864770 240
1864780 240
1864790 237
1864800 235
1864810 235
1864820 235
1864830 234
1864840 234
1864850 234
1864860 233
1864870 233
1864880 233
1864890 232
1864900 231
1864910 231
1864920 231
1864930 230
1864940 230
1864950 230
1864960 229
1864970 229
1864980 229
1864990 228
1865000 228
1865010 227
1865020 227
1865030 227
1865040 226
1865050 226
1865060 226
1865070 225
1865080 225
1865090 225
1865100 225
1865110 224
1865120 224
1865130 224
1865140 224
1865150 224
1865160 224
1865170 224
1865180 224
1865190 224
1865200 224
1865210 224
1865220 223
1865230 223
1865240 223
1865250 223
1865260 223
1865270 223
1865280 223
1865290 223
1865300 223
1865310 223
1865320 223
1865330 223
1865340 223
1865350 223
1865360 223
1865370 224
1865380 225
1865390 225
1865400 226
1865410 227
1865420 227
1865430 227
1865440 227
1865450 227
1865460 227
1865470 228
1865480 228
1865490 227
1865500 227
1865510 227
1865520 226
1865530 226
1865540 226
1865550 225
1865560 225
1865570 225
1865580 224
1865590 224
1865600 224
1865610 223
1865620 223
1865630 223
1865640 223
1865650 223
1865660 223
1865670 224
1865680 224
1865690 224
1865700 224
1865710 223
1865720 223
1865730 223
1865740 223
1865750 223
1865760 222
1865770 222
1865780 222
1865790 222
1865800 221
1865810 221
1865820 221
1865830 220
1865840 220
1865850 220
1865860 220
1865870 220
1865880 219
1865890 219
1865900 219
1865910 219
1865920 218
1865930 218
1865940 218
1865950 218
1865960 218
1865970 217
1865980 217
1865990 217
1866000 216
1866010 216
1866020 216
1866030 215
1866040 215
1866050 215
1866060 214
1866070 214
1866080 214
1866090 214
1866100 213
1866110 213
1866120 213
1866130 212
1866140 212
1866150 211
1866160 210
1866170 210
1866180 210
1866190 209
1866200 209
1866210 209
1866220 208
1866230 208
1866240 208
1866250 207
1866260 207
1866270 207
1866280 207
1866290 207
1866300 207
1866310 207
1866320 207
1866330 207
1866340 207
1866350 207
1866360 208
1866370 208
1866380 208
1866390 208
1866400 208
1866410 208
1866420 209
1866430 209
1866440 209
1866450 209
1866460 209
1866470 209
1866480 210
1866490 210
1866500 210
1866510 210
1866520 209
1866530 209
1866540 209
1866550 209
1866560 209
1866570 209
1866580 209
1866590 209
1866600 208
1866610 208
1866620 208
1866630 208
1866640 207
1866650 207
1866660 207
1866670 207
1866680 207
1866690 207
1866700 206
1866710 206
1866720 206
1866730 206
1866740 206
1866750 206
1866760 205
1866770 205
1866780 205
1866790 205
1866800 205
1866810 205
1866820 204
1866830 204
1866840 204
1866850 204
1866860 203
1866870 203
1866880 203
1866890 202
1866900 202
1866910 202
1866920 201
1866930 201
1866940 201
1866950 200
1866960 200
1866970 199
1866980 199
1866990 199
1867000 198
1867010 198
1867020 198
1867030 197
1867040 196
1867050 196
1867060 196
1867070 195
1867080 195
1867090 195
1867100 194
1867110 194
1867120 193
1867130 193
1867140 193
1867150 192
1867160 192
1867170 192
1867180 191
1867190 191
1867200 191
1867210 191
1867220 190
1867230 190
1867240 190
1867250 189
1867260 189
1867270 189
1867280 189
1867290 189
1867300 188
1867310 188
1867320 188
1867330 188
1867340 188
1867350 188
1867360 187
1867370 187
1867380 187
1867390 187
1867400 187
1867410 187
1867420 186
1867430 186
1867440 186
1867450 186
1867460 185
1867470 185
1867480 185
1867490 185
1867500 185
1867510 185
1867520 185
1867530 185
1867540 184
1867550 184
1867560 184
1867570 184
1867580 184
1867590 184
1867600 183
1867610 183
1867620 183
1867630 183
1867640 183
1867650 183
1867660 183
1867670 182
1867680 182
1867690 182
1867700 182
1867710 182
1867720 182
1867730 181
1867740 181
1867750 181
1867760 181
1867770 181
1867780 181
1867790 180
1867800 180
1867810 180
1867820 180
1867830 180
1867840 180
1867850 179
1867860 179
1867870 179
1867880 179
1867890 179
1867900 179
1867910 179
1867920 179
1867930 178
1867940 178
1867950 178
1867960 178
1867970 178
1867980 178
1867990 178
1868000 178
1868010 178
1868020 177
1868030 177
1868040 177
1868050 177
1868060 176
1868070 176
1868080 176
1868090 176
1868100 176
1868110 176
1868120 176
1868130 176
1868140 176
1868150 176
1868160 176
1868170 177
1868180 177
1868190 177
1868200 177
1868210 178
1868220 178
1868230 178
1868240 178
1868250 178
1868260 178
1868270 177
1868280 177
1868290 177
1868300 177
1868310 177
1868320 177
1868330 177
1868340 177
1868350 177
1868360 176
1868370 176
1868380 176
1868390 176
1868400 176
1868410 176
1868420 176
1868430 176
1868440 176
1868450 176
1868460 176
1868470 176
1868480 176
1868490 176
1868500 176
1868510 176
1868520 176
1868530 176
1868540 176
1868550 176
1868560 176
1868570 176
1868580 176
1868590 176
1868600 176
1868610 176
1868620 176
1868630 176
1868640 176
1868650 176
1868660 175
1868670 175
1868680 175
1868690 175
1868700 175
1868710 175
1868720 175
1868730 175
1868740 175
1868750 175
1868760 175
1868770 175
1868780 174
1868790 174
1868800 174
1868810 174
1868820 174
1868830 174
1868840 174
1868850 175
1868860 175
1868870 175
1868880 175
1868890 175
1868900 175
1868910 175
1868920 175
1868930 175
1868940 175
1868950 175
1868960 175
1868970 175
1868980 175
1868990 175
1869000 176
1869010 176
1869020 176
1869030 176
1869040 176
1869050 176
1869060 176
1869070 176
1869080 176
1869090 176
1869100 176
1869110 176
1869120 176
1869130 176
1869140 176
1869150 176
1869160 176
1869170 176
1869180 176
1869190 176
1869200 176
1869210 176
1869220 176
1869230 176
1869240 176
1869250 176
1869260 176
1869270 177
1869280 177
1869290 177
1869300 176
1869310 176
1869320 176
1869330 176
1869340 176
1869350 176
1869360 176
1869370 176
1869380 176
1869390 176
1869400 176
1869410 176
1869420 176
1869430 176
1869440 176
1869450 176
1869460 176
1869470 176
1869480 175
1869490 175
1869500 175
1869510 175
1869520 175
1869530 175
1869540 174
1869550 174
1869560 174
1869570 174
1869580 174
1869590 173
1869600 173
1869610 173
1869620 173
1869630 173
1869640 173
1869650 172
1869660 172
1869670 172
1869680 171
1869690 171
1869700 171
1869710 171
1869720 170
1869730 170
1869740 170
1869750 170
1869760 170
1869770 170
1869780 169
1869790 169
1869800 169
1869810 169
1869820 169
1869830 169
1869840 168
1869850 168
1869860 168
1869870 168
1869880 168
1869890 168
1869900 167
1869910 167
1869920 167
1869930 167
1869940 167
1869950 167
1869960 167
1869970 167
1869980 166
1869990 166
1870000 166
1870010 166
1870020 166
1870030 166
1870040 166
1870050 166
1870060 166
1870070 166
1870080 166
1870090 166
1870100 166
1870110 166
1870120 166
1870130 166
1870140 166
1870150 166
1870160 165
1870170 165
1870180 165
1870190 165
1870200 165
1870210 165
1870220 164
1870230 164
1870240 164
1870250 164
1870260 164
1870270 164
1870280 164
1870290 164
1870300 164
1870310 164
1870320 163
1870330 163
1870340 163
1870350 163
1870360 163
1870370 163
1870380 163
1870390 163
1870400 163
1870410 163
1870420 163
1870430 163
1870440 162
1870450 162
1870460 162
1870470 162
1870480 162
1870490 162
1870500 162
1870510 162
1870520 162
1870530 162
1870540 162
1870550 162
1870560 162
1870570 161
1870580 161
1870590 161
1870600 161
1870610 161
1870620 161
1870630 161
1870640 161
1870650 161
1870660 161
1870670 161
1870680 161
1870690 161
1870700 161
1870710 161
1870720 161
1870730 161
1870740 160
1870750 160
1870760 160
1870770 160
1870780 160
1870790 160
1870800 160
1870810 160
1870820 160
1870830 160
1870840 160
1870850 160
1870860 160
1870870 160
1870880 160
1870890 160
1870900 160
1870910 160
1870920 160
1870930 160
1870940 160
1870950 160
1870960 160
1870970 160
1870980 160
1870990 160
1871000 160
1871010 160
1871020 160
1871030 160
1871040 160
1871050 160
1871060 160
1871070 160
1871080 160
1871090 160
1871100 160
1871110 160
1871120 160
1871130 160
1871140 160
1871150 160
1871160 160
1871170 160
1871180 160
1871190 160
1871200 160
1871210 160
1871220 161
1871230 161
1871240 161
1871250 161
1871260 161
1871270 161
1871280 161
1871290 161
1871300 161
1871310 161
1871320 161
1871330 161
1871340 161
1871350 161
1871360 161
1871370 161
1871380 161
1871390 161
1871400 160
1871410 160
1871420 160
1871430 160
1871440 160
1871450 160
1871460 160
1871470 160
1871480 160
1871490 159
1871500 159
1871510 159
1871520 159
1871530 158
1871540 158
1871550 158
1871560 158
1871570 158
1871580 158
1871590 157
1871600 157
1871610 157
1871620 157
1871630 157
1871640 157
1871650 157
1871660 157
1871670 156
1871680 156
1871690 156
1871700 156
1871710 156
1871720 156
1871730 156
1871740 156
1871750 156
1871760 156
1871770 156
1871780 156
1871790 155
1871800 155
1871810 155
1871820 155
1871830 155
1871840 155
1871850 155
1871860 155
1871870 155
1871880 155
1871890 155
1871900 155
1871910 154
1871920 154
1871930 154
1871940 154
1871950 154
1871960 154
1871970 154
1871980 154
1871990 154
1872000 154
1872010 154
1872020 154
1872030 154
1872040 154
1872050 154
1872060 154
1872070 154
1872080 154
1872090 154
1872100 154
1872110 154
1872120 154
1872130 154
1872140 155
1872150 155
1872160 155
1872170 155
1872180 155
1872190 155
1872200 155
1872210 155
1872220 155
1872230 155
1872240 155
1872250 155
1872260 155
1872270 155
1872280 155
1872290 155
1872300 155
1872310 155
1872320 155
1872330 155
1872340 155
1872350 155
1872360 155
1872370 155
1872380 154
1872390 154
1872400 154
1872410 154
1872420 154
1872430 154
1872440 154
1872450 154
1872460 154
1872470 154
1872480 154
1872490 154
1872500 154
1872510 154
1872520 154
1872530 154
1872540 154
1872550 154
1872560 154
1872570 154
1872580 154
1872590 154
1872600 154
1872610 154
1872620 154
1872630 154
1872640 154
1872650 154
1872660 154
1872670 154
1872680 154
1872690 154
1872700 154
1872710 155
1872720 155
1872730 155
1872740 155
1872750 155
1872760 155
1872770 155
1872780 155
1872790 155
1872800 155
1872810 155
1872820 155
1872830 155
1872840 155
1872850 155
1872860 155
1872870 155
1872880 156
1872890 156
1872900 156
1872910 156
1872920 156
1872930 156
1872940 156
1872950 157
1872960 157
1872970 156
1872980 156
1872990 156
1873000 156
1873010 156
1873020 156
1873030 156
1873040 156
1873050 156
1873060 156
1873070 156
1873080 156
1873090 156
1873100 156
1873110 156
1873120 156
1873130 155
1873140 155
1873150 155
1873160 155
1873170 155
1873180 155
1873190 155
1873200 155
1873210 155
1873220 155
1873230 155
1873240 155
1873250 155
1873260 155
1873270 155
1873280 155
1873290 155
1873300 154
1873310 154
1873320 154
1873330 154
1873340 154
1873350 154
1873360 153
1873370 153
1873380 153
1873390 153
1873400 153
1873410 153
1873420 153
1873430 153
1873440 153
1873450 153
1873460 153
1873470 153
1873480 153
1873490 153
1873500 153
1873510 153
1873520 153
1873530 153
1873540 153
1873550 153
1873560 153
1873570 153
1873580 153
1873590 153
1873600 153
1873610 153
1873620 153
1873630 153
1873640 153
1873650 153
1873660 153
1873670 153
1873680 153
1873690 153
1873700 153
1873710 153
1873720 153
1873730 153
1873740 153
1873750 153
1873760 153
1873770 153
1873780 153
1873790 153
1873800 153
1873810 153
1873820 153
1873830 153
1873840 153
1873850 153
1873860 153
1873870 153
1873880 153
1873890 153
1873900 153
1873910 153
1873920 153
1873930 153
1873940 153
1873950 153
1873960 153
1873970 154
1873980 154
1873990 154
1874000 154
1874010 154
1874020 154
1874030 154
1874040 154
1874050 154
1874060 154
1874070 154
1874080 154
1874090 154
1874100 153
1874110 153
1874120 153
1874130 153
1874140 153
1874150 153
1874160 153
1874170 153
1874180 153
1874190 153
1874200 153
1874210 153
1874220 153
1874230 153
1874240 153
1874250 153
1874260 153
1874270 153
1874280 153
1874290 153
1874300 153
1874310 153
1874320 153
1874330 153
1874340 153
1874350 153
1874360 153
1874370 153
1874380 153
1874390 153
1874400 153
1874410 153
1874420 153
1874430 153
1874440 153
1874450 153
1874460 153
1874470 153
1874480 154
1874490 154
1874500 154
1874510 154
1874520 154
1874530 154
1874540 154
1874550 154
1874560 154
1874570 154
1874580 154
1874590 154
1874600 154
1874610 154
1874620 154
1874630 155
1874640 155
1874650 155
1874660 155
1874670 155
1874680 155
1874690 154
1874700 154
1874710 154
1874720 154
1874730 154
1874740 154
1874750 154
1874760 154
1874770 154
1874780 154
1874790 154
1874800 154
1874810 154
1874820 154
1874830 154
1874840 154
1874850 154
1874860 154
1874870 154
1874880 153
1874890 153
1874900 153
1874910 153
1874920 153
1874930 153
1874940 153
1874950 153
1874960 153
1874970 153
1874980 153
1874990 153
1875000 153
1875010 153
1875020 153
1875030 153
1875040 153
1875050 153
1875060 153
1875070 153
1875080 153
1875090 152
1875100 152
1875110 152
1875120 152
1875130 152
1875140 152
1875150 152
1875160 152
1875170 152
1875180 152
1875190 152
1875200 152
1875210 152
1875220 152
1875230 152
1875240 152
1875250 152
1875260 152
1875270 152
1875280 152
1875290 152
1875300 152
1875310 152
1875320 152
1875330 152
1875340 152
1875350 152
1875360 152
1875370 152
1875380 152
1875390 152
1875400 152
1875410 152
1875420 152
1875430 152
1875440 152
1875450 152
1875460 152
1875470 152
1875480 152
1875490 152
1875500 152
1875510 152
1875520 152
1875530 152
1875540 152
1875550 152
1875560 152
1875570 152
1875580 152
1875590 152
1875600 152
1875610 152
1875620 152
1875630 152
1875640 152
1875650 152
1875660 152
1875670 152
1875680 151
1875690 151
1875700 151
1875710 152
1875720 152
1875730 152
1875740 152
1875750 152
1875760 152
1875770 152
1875780 152
1875790 152
1875800 152
1875810 152
1875820 152
1875830 152
1875840 152
1875850 152
1875860 152
1875870 152
1875880 152
1875890 152
1875900 152
1875910 152
1875920 152
1875930 152
1875940 152
1875950 152
1875960 153
1875970 152
1875980 152
1875990 152
1876000 152
1876010 152
1876020 152
1876030 152
1876040 152
1876050 152
1876060 152
1876070 152
1876080 152
1876090 152
1876100 152
1876110 152
1876120 152
1876130 152
1876140 152
1876150 152
1876160 152
1876170 152
1876180 152
1876190 152
1876200 152
1876210 152
1876220 152
1876230 152
1876240 152
1876250 152
1876260 152
1876270 152
1876280 152
1876290 152
1876300 152
1876310 152
1876320 152
1876330 152
1876340 152
1876350 152
1876360 152
1876370 152
1876380 152
1876390 152
1876400 152
1876410 152
1876420 152
1876430 152
1876440 152
1876450 152
1876460 152
1876470 152
1876480 152
1876490 152
1876500 152
1876510 152
1876520 152
1876530 152
1876540 151
1876550 151
1876560 151
1876570 151
1876580 151
1876590 151
1876600 151
1876610 151
1876620 151
1876630 151
1876640 151
1876650 151
1876660 151
1876670 151
1876680 151
1876690 151
1876700 151
1876710 150
1876720 150
1876730 150
1876740 150
1876750 150
1876760 150
1876770 150
1876780 150
1876790 150
1876800 150
1876810 150
1876820 150
1876830 150
1876840 149
1876850 149
1876860 149
1876870 149
1876880 149
1876890 149
1876900 149
1876910 149
1876920 149
1876930 149
1876940 149
1876950 149
1876960 149
1876970 149
1876980 149
1876990 149
1877000 149
1877010 149
1877020 149
1877030 149
1877040 149
1877050 150
1877060 150
1877070 150
1877080 149
1877090 149
1877100 149
1877110 149
1877120 149
1877130 150
1877140 149
1877150 149
1877160 149
1877170 149
1877180 149
1877190 149
1877200 149
1877210 149
1877220 149
1877230 149
1877240 149
1877250 149
1877260 149
1877270 149
1877280 149
1877290 149
1877300 149
1877310 149
1877320 149
1877330 149
1877340 149
1877350 150
1877360 150
1877370 150
1877380 150
1877390 150
1877400 150
1877410 150
1877420 150
1877430 150
1877440 150
1877450 150
1877460 150
1877470 150
1877480 150
1877490 150
1877500 150
1877510 150
1877520 150
1877530 150
1877540 150
1877550 150
1877560 150
1877570 150
1877580 150
1877590 150
1877600 150
1877610 150
1877620 150
1877630 150
1877640 150
1877650 150
1877660 150
1877670 150
1877680 150
1877690 150
1877700 150
1877710 150
1877720 150
1877730 150
1877740 149
1877750 149
1877760 149
1877770 149
1877780 149
1877790 149
1877800 149
1877810 149
1877820 149
1877830 149
1877840 149
1877850 149
1877860 149
1877870 149
1877880 149
1877890 149
1877900 149
1877910 149
1877920 148
1877930 149
1877940 149
1877950 149
1877960 149
1877970 149
1877980 149
1877990 149
1878000 149
1878010 149
1878020 149
1878030 149
1878040 149
1878050 149
1878060 149
1878070 148
1878080 148
1878090 148
1878100 148
1878110 148
1878120 148
1878130 149
1878140 149
1878150 148
1878160 148
1878170 148
1878180 148
1878190 149
1878200 149
1878210 149
1878220 148
1878230 148
1878240 148
1878250 148
1878260 148
1878270 148
1878280 148
1878290 148
1878300 148
1878310 148
1878320 148
1878330 148
1878340 148
1878350 148
1878360 148
1878370 148
1878380 148
1878390 148
1878400 148
1878410 148
1878420 148
1878430 148
1878440 148
1878450 148
1878460 148
1878470 148
1878480 148
1878490 148
1878500 148
1878510 148
1878520 148
1878530 148
1878540 148
1878550 148
1878560 148
1878570 148
1878580 148
1878590 148
1878600 148
1878610 148
1878620 148
1878630 148
1878640 148
1878650 148
1878660 148
1878670 148
1878680 148
1878690 148
1878700 148
1878710 148
1878720 148
1878730 148
1878740 148
1878750 148
1878760 148
1878770 148
1878780 148
1878790 148
1878800 148
1878810 148
1878820 148
1878830 148
1878840 148
1878850 148
1878860 148
1878870 148
1878880 148
1878890 148
1878900 148
1878910 148
1878920 148
1878930 148
1878940 148
1878950 148
1878960 148
1878970 148
1878980 148
1878990 148
1879000 148
1879010 148
1879020 148
1879030 148
1879040 148
1879050 148
1879060 148
1879070 148
1879080 148
1879090 148
1879100 148
1879110 148
1879120 148
1879130 148
1879140 149
1879150 149
1879160 149
1879170 149
1879180 149
1879190 148
1879200 148
1879210 148
1879220 149
1879230 149
1879240 149
1879250 148
1879260 148
1879270 148
1879280 148
1879290 148
1879300 148
1879310 148
1879320 148
1879330 148
1879340 148
1879350 148
1879360 148
1879370 148
1879380 148
1879390 148
1879400 148
1879410 148
1879420 148
1879430 148
1879440 148
1879450 148
1879460 148
1879470 148
1879480 148
1879490 148
1879500 148
1879510 148
1879520 148
1879530 148
1879540 148
1879550 148
1879560 148
1879570 148
1879580 148
1879590 148
1879600 148
1879610 148
1879620 148
1879630 148
1879640 148
1879650 148
1879660 148
1879670 148
1879680 148
1879690 148
1879700 148
1879710 148
1879720 148
1879730 148
1879740 148
1879750 148
1879760 148
1879770 148
1879780 148
1879790 149
1879800 149
1879810 149
1879820 149
1879830 149
1879840 149
1879850 149
1879860 149
1879870 149
1879880 149
1879890 149
1879900 149
1879910 150
1879920 150
1879930 150
1879940 149
1879950 149
1879960 149
1879970 149
1879980 149
1879990 149
