1860000 252
1860010 252
1860020 252
1860030 252
1860040 252
1860050 253
1860060 253
1860070 254
1860080 255
1860090 255
1860100 256
1860110 256
1860120 256
1860130 256
1860140 256
1860150 256
1860160 255
1860170 255
1860180 255
1860190 255
1860200 255
1860210 255
1860220 254
1860230 254
1860240 254
1860250 254
1860260 254
1860270 254
1860280 254
1860290 254
1860300 254
1860310 253
1860320 253
1860330 253
1860340 253
1860350 253
1860360 253
1860370 253
1860380 253
1860390 253
1860400 253
1860410 253
1860420 253
1860430 253
1860440 253
1860450 253
1860460 253
1860470 252
1860480 252
1860490 252
1860500 252
1860510 252
1860520 252
1860530 252
1860540 252
1860550 252
1860560 252
1860570 252
1860580 252
1860590 252
1860600 252
1860610 251
1860620 251
1860630 251
1860640 251
1860650 250
1860660 250
1860670 250
1860680 250
1860690 250
1860700 249
1860710 249
1860720 249
1860730 248
1860740 248
1860750 248
1860760 247
1860770 247
1860780 247
1860790 246
1860800 246
1860810 246
1860820 245
1860830 245
1860840 245
1860850 244
1860860 244
1860870 244
1860880 244
1860890 243
1860900 243
1860910 243
1860920 242
1860930 242
1860940 242
1860950 241
1860960 241
1860970 241
1860980 240
1860990 240
1861000 239
1861010 239
1861020 239
1861030 238
1861040 238
1861050 238
1861060 238
1861070 237
1861080 237
1861090 238
1861100 237
1861110 237
1861120 238
1861130 238
1861140 238
1861150 239
1861160 239
1861170 239
1861180 240
1861190 241
1861200 243
1861210 243
1861220 245
1861230 248
1861240 248
1861250 249
1861260 250
1861270 250
1861280 250
1861290 251
1861300 251
1861310 251
1861320 251
1861330 251
1861340 251
1861350 251
1861360 251
1861370 251
1861380 251
1861390 251
1861400 251
1861410 251
1861420 251
1861430 251
1861440 251
1861450 251
1861460 251
1861470 251
1861480 251
1861490 251
1861500 252
1861510 252
1861520 252
1861530 252
1861540 252
1861550 252
1861560 252
1861570 252
1861580 252
1861590 253
1861600 253
1861610 253
1861620 253
1861630 253
1861640 253
1861650 254
1861660 254
1861670 254
1861680 254
1861690 254
1861700 254
1861710 254
1861720 254
1861730 254
1861740 254
1861750 254
1861760 253
1861770 253
1861780 253
1861790 254
1861800 254
1861810 254
1861820 254
1861830 254
1861840 254
1861850 254
1861860 254
1861870 254
1861880 255
1861890 255
1861900 255
1861910 255
1861920 255
1861930 255
1861940 255
1861950 255
1861960 255
1861970 254
1861980 254
1861990 254
1862000 254
1862010 254
1862020 254
1862030 254
1862040 254
1862050 254
1862060 254
1862070 254
1862080 254
1862090 254
1862100 253
1862110 253
1862120 254
1862130 254
1862140 254
1862150 254
1862160 254
1862170 254
1862180 254
1862190 254
1862200 254
1862210 254
1862220 254
1862230 254
1862240 254
1862250 255
1862260 255
1862270 255
1862280 255
1862290 254
1862300 254
1862310 255
1862320 255
1862330 255
1862340 255
1862350 255
1862360 255
1862370 255
1862380 255
1862390 255
1862400 255
1862410 255
1862420 255
1862430 255
1862440 255
1862450 255
1862460 254
1862470 254
1862480 254
1862490 254
1862500 254
1862510 254
1862520 254
1862530 254
1862540 253
1862550 253
1862560 253
1862570 253
1862580 253
1862590 253
1862600 253
1862610 253
1862620 253
1862630 252
1862640 252
1862650 252
1862660 252
1862670 251
1862680 251
1862690 251
1862700 250
1862710 250
1862720 249
1862730 249
1862740 249
1862750 248
1862760 248
1862770 248
1862780 247
1862790 247
1862800 247
1862810 246
1862820 245
1862830 245
1862840 244
1862850 244
1862860 244
1862870 243
1862880 242
1862890 242
1862900 241
1862910 240
1862920 240
1862930 239
1862940 239
1862950 239
1862960 238
1862970 238
1862980 237
1862990 237
1863000 236
1863010 236
1863020 236
1863030 236
1863040 236
1863050 235
1863060 235
1863070 235
1863080 235
1863090 235
1863100 234
1863110 234
1863120 234
1863130 234
1863140 234
1863150 235
1863160 235
1863170 235
1863180 235
1863190 235
1863200 235
1863210 236
1863220 236
1863230 236
1863240 236
1863250 237
1863260 237
1863270 237
1863280 237
1863290 237
1863300 237
1863310 238
1863320 238
1863330 239
1863340 239
1863350 239
1863360 240
1863370 240
1863380 240
1863390 240
1863400 241
1863410 241
1863420 241
1863430 242
1863440 242
1863450 242
1863460 243
1863470 243
1863480 243
1863490 244
1863500 244
1863510 244
1863520 245
1863530 245
1863540 246
1863550 247
1863560 247
1863570 248
1863580 249
1863590 249
1863600 250
1863610 251
1863620 251
1863630 252
1863640 253
1863650 253
1863660 253
1863670 253
1863680 253
1863690 253
1863700 253
1863710 253
1863720 252
1863730 252
1863740 252
1863750 252
1863760 252
1863770 252
1863780 252
1863790 253
1863800 253
1863810 253
1863820 254
1863830 254
1863840 255
1863850 256
1863860 256
1863870 257
1863880 257
1863890 257
1863900 258
1863910 258
1863920 258
1863930 258
1863940 259
1863950 259
1863960 259
1863970 259
1863980 259
1863990 259
1864000 259
1864010 259
1864020 259
1864030 259
1864040 259
1864050 258
1864060 258
1864070 258
1864080 258
1864090 257
1864100 257
1864110 257
1864120 256
1864130 256
1864140 256
1864150 255
1864160 255
1864170 255
1864180 255
1864190 255
1864200 254
1864210 254
1864220 254
1864230 253
1864240 253
1864250 253
1864260 253
1864270 252
1864280 252
1864290 252
1864300 251
1864310 251
1864320 251
1864330 251
1864340 250
1864350 250
1864360 249
1864370 249
1864380 249
1864390 249
1864400 249
1864410 248
1864420 247
1864430 247
1864440 247
1864450 246
1864460 246
1864470 246
1864480 245
1864490 245
1864500 245
1864510 244
1864520 244
1864530 244
1864540 243
1864550 243
1864560 243
1864570 242
1864580 242
1864590 242
1864600 242
1864610 242
1864620 241
1864630 241
1864640 241
1864650 241
1864660 242
1864670 242
1864680 243
1864690 245
1864700 245
1864710 246
1864720 246
1864730 246
1864740 247
1864750 247
1864760 247
1864770 248
1864780 247
1864790 247
1864800 245
1864810 244
1864820 244
1864830 244
1864840 243
1864850 243
1864860 243
1864870 243
1864880 243
1864890 242
1864900 242
1864910 242
1864920 242
1864930 242
1864940 242
1864950 241
1864960 241
1864970 240
1864980 240
1864990 240
1865000 240
1865010 240
1865020 239
1865030 238
1865040 238
1865050 238
1865060 238
1865070 238
1865080 237
1865090 237
1865100 237
1865110 237
1865120 236
1865130 236
1865140 236
1865150 236
1865160 236
1865170 235
1865180 235
1865190 235
1865200 235
1865210 235
1865220 235
1865230 234
1865240 234
1865250 234
1865260 234
1865270 234
1865280 234
1865290 234
1865300 234
1865310 234
1865320 233
1865330 233
1865340 233
1865350 233
1865360 233
1865370 233
1865380 233
1865390 232
1865400 232
1865410 232
1865420 232
1865430 232
1865440 232
1865450 232
1865460 232
1865470 231
1865480 231
1865490 231
1865500 231
1865510 230
1865520 230
1865530 230
1865540 230
1865550 230
1865560 230
1865570 229
1865580 229
1865590 229
1865600 229
1865610 229
1865620 228
1865630 228
1865640 228
1865650 227
1865660 226
1865670 226
1865680 226
1865690 226
1865700 225
1865710 225
1865720 224
1865730 224
1865740 224
1865750 224
1865760 224
1865770 223
1865780 223
1865790 223
1865800 222
1865810 222
1865820 222
1865830 222
1865840 221
1865850 221
1865860 221
1865870 221
1865880 221
1865890 220
1865900 220
1865910 220
1865920 220
1865930 219
1865940 219
1865950 219
1865960 218
1865970 218
1865980 218
1865990 217
1866000 217
1866010 217
1866020 216
1866030 216
1866040 216
1866050 215
1866060 215
1866070 215
1866080 214
1866090 214
1866100 214
1866110 213
1866120 213
1866130 213
1866140 213
1866150 213
1866160 212
1866170 212
1866180 212
1866190 212
1866200 211
1866210 211
1866220 211
1866230 211
1866240 211
1866250 210
1866260 210
1866270 210
1866280 210
1866290 210
1866300 210
1866310 209
1866320 209
1866330 209
1866340 209
1866350 208
1866360 208
1866370 208
1866380 208
1866390 208
1866400 208
1866410 207
1866420 207
1866430 207
1866440 207
1866450 207
1866460 207
1866470 207
1866480 207
1866490 206
1866500 206
1866510 206
1866520 206
1866530 206
1866540 206
1866550 205
1866560 205
1866570 205
1866580 205
1866590 205
1866600 205
1866610 204
1866620 204
1866630 204
1866640 204
1866650 204
1866660 204
1866670 204
1866680 204
1866690 204
1866700 203
1866710 203
1866720 203
1866730 203
1866740 203
1866750 203
1866760 203
1866770 203
1866780 203
1866790 202
1866800 202
1866810 202
1866820 202
1866830 202
1866840 202
1866850 202
1866860 202
1866870 202
1866880 202
1866890 202
1866900 202
1866910 202
1866920 202
1866930 202
1866940 202
1866950 202
1866960 202
1866970 202
1866980 202
1866990 202
1867000 202
1867010 202
1867020 202
1867030 202
1867040 203
1867050 203
1867060 203
1867070 203
1867080 204
1867090 204
1867100 204
1867110 204
1867120 204
1867130 205
1867140 205
1867150 205
1867160 205
1867170 205
1867180 205
1867190 205
1867200 205
1867210 205
1867220 205
1867230 205
1867240 205
1867250 205
1867260 204
1867270 204
1867280 203
1867290 203
1867300 203
1867310 202
1867320 202
1867330 202
1867340 201
1867350 201
1867360 201
1867370 200
1867380 200
1867390 201
1867400 200
1867410 200
1867420 200
1867430 199
1867440 199
1867450 199
1867460 199
1867470 199
1867480 199
1867490 199
1867500 199
1867510 199
1867520 199
1867530 200
1867540 200
1867550 201
1867560 201
1867570 201
1867580 202
1867590 202
1867600 202
1867610 202
1867620 202
1867630 202
1867640 202
1867650 201
1867660 201
1867670 201
1867680 200
1867690 200
1867700 199
1867710 199
1867720 199
1867730 199
1867740 199
1867750 199
1867760 199
1867770 199
1867780 199
1867790 200
1867800 201
1867810 201
1867820 203
1867830 206
1867840 206
1867850 208
1867860 210
1867870 210
1867880 211
1867890 212
1867900 212
1867910 213
1867920 213
1867930 213
1867940 212
1867950 211
1867960 211
1867970 210
1867980 209
1867990 209
1868000 207
1868010 205
1868020 205
1868030 202
1868040 200
1868050 200
1868060 199
1868070 197
1868080 197
1868090 196
1868100 195
1868110 195
1868120 194
1868130 194
1868140 194
1868150 194
1868160 193
1868170 193
1868180 193
1868190 193
1868200 193
1868210 193
1868220 192
1868230 192
1868240 192
1868250 192
1868260 192
1868270 193
1868280 193
1868290 193
1868300 194
1868310 195
1868320 195
1868330 196
1868340 198
1868350 198
1868360 199
1868370 201
1868380 201
1868390 202
1868400 203
1868410 203
1868420 203
1868430 203
1868440 203
1868450 202
1868460 202
1868470 202
1868480 202
1868490 201
1868500 201
1868510 201
1868520 200
1868530 200
1868540 200
1868550 199
1868560 199
1868570 198
1868580 197
1868590 197
1868600 196
1868610 195
1868620 195
1868630 194
1868640 194
1868650 194
1868660 193
1868670 192
1868680 192
1868690 192
1868700 191
1868710 191
1868720 191
1868730 191
1868740 191
1868750 190
1868760 190
1868770 190
1868780 190
1868790 189
1868800 189
1868810 189
1868820 188
1868830 187
1868840 187
1868850 186
1868860 186
1868870 186
1868880 185
1868890 185
1868900 185
1868910 184
1868920 184
1868930 184
1868940 184
1868950 184
1868960 184
1868970 183
1868980 183
1868990 183
1869000 182
1869010 182
1869020 182
1869030 182
1869040 182
1869050 182
1869060 181
1869070 181
1869080 181
1869090 181
1869100 181
1869110 181
1869120 181
1869130 181
1869140 181
1869150 180
1869160 180
1869170 180
1869180 180
1869190 180
1869200 180
1869210 180
1869220 180
1869230 180
1869240 180
1869250 180
1869260 180
1869270 180
1869280 180
1869290 180
1869300 180
1869310 180
1869320 180
1869330 180
1869340 179
1869350 179
1869360 179
1869370 179
1869380 179
1869390 179
1869400 179
1869410 180
1869420 180
1869430 179
1869440 179
1869450 179
1869460 179
1869470 179
1869480 179
1869490 179
1869500 179
1869510 178
1869520 178
1869530 178
1869540 178
1869550 178
1869560 178
1869570 177
1869580 177
1869590 177
1869600 177
1869610 176
1869620 176
1869630 175
1869640 175
1869650 175
1869660 174
1869670 174
1869680 174
1869690 173
1869700 173
1869710 173
1869720 173
1869730 173
1869740 173
1869750 172
1869760 171
1869770 171
1869780 171
1869790 171
1869800 171
1869810 170
1869820 170
1869830 170
1869840 170
1869850 170
1869860 170
1869870 169
1869880 169
1869890 169
1869900 169
1869910 169
1869920 169
1869930 169
1869940 169
1869950 169
1869960 168
1869970 168
1869980 168
1869990 168
1870000 168
1870010 168
1870020 168
1870030 168
1870040 168
1870050 168
1870060 168
1870070 168
1870080 168
1870090 168
1870100 168
1870110 167
1870120 167
1870130 167
1870140 167
1870150 167
1870160 167
1870170 167
1870180 167
1870190 167
1870200 167
1870210 167
1870220 167
1870230 166
1870240 166
1870250 166
1870260 166
1870270 166
1870280 166
1870290 166
1870300 166
1870310 166
1870320 166
1870330 166
1870340 166
1870350 165
1870360 165
1870370 165
1870380 165
1870390 165
1870400 165
1870410 165
1870420 165
1870430 165
1870440 165
1870450 165
1870460 165
1870470 165
1870480 165
1870490 165
1870500 165
1870510 165
1870520 165
1870530 165
1870540 165
1870550 165
1870560 165
1870570 165
1870580 165
1870590 165
1870600 165
1870610 165
1870620 165
1870630 165
1870640 165
1870650 164
1870660 164
1870670 164
1870680 164
1870690 164
1870700 163
1870710 163
1870720 163
1870730 163
1870740 163
1870750 163
1870760 163
1870770 163
1870780 163
1870790 163
1870800 163
1870810 163
1870820 163
1870830 163
1870840 163
1870850 163
1870860 163
1870870 163
1870880 162
1870890 162
1870900 162
1870910 162
1870920 162
1870930 162
1870940 162
1870950 162
1870960 162
1870970 162
1870980 162
1870990 162
1871000 162
1871010 162
1871020 161
1871030 161
1871040 161
1871050 161
1871060 161
1871070 161
1871080 161
1871090 161
1871100 161
1871110 161
1871120 161
1871130 161
1871140 160
1871150 160
1871160 160
1871170 160
1871180 160
1871190 160
1871200 160
1871210 160
1871220 160
1871230 160
1871240 160
1871250 160
1871260 160
1871270 160
1871280 160
1871290 160
1871300 160
1871310 160
1871320 160
1871330 160
1871340 160
1871350 160
1871360 160
1871370 160
1871380 160
1871390 160
1871400 160
1871410 161
1871420 161
1871430 161
1871440 162
1871450 164
1871460 164
1871470 167
1871480 167
1871490 167
1871500 167
1871510 164
1871520 164
1871530 163
1871540 165
1871550 165
1871560 166
1871570 164
1871580 164
1871590 162
1871600 162
1871610 162
1871620 162
1871630 162
1871640 162
1871650 162
1871660 162
1871670 162
1871680 162
1871690 162
1871700 162
1871710 162
1871720 162
1871730 162
1871740 162
1871750 162
1871760 162
1871770 162
1871780 161
1871790 161
1871800 161
1871810 161
1871820 161
1871830 161
1871840 161
1871850 161
1871860 161
1871870 161
1871880 161
1871890 161
1871900 161
1871910 161
1871920 161
1871930 161
1871940 161
1871950 160
1871960 160
1871970 160
1871980 160
1871990 160
1872000 160
1872010 160
1872020 160
1872030 160
1872040 160
1872050 160
1872060 160
1872070 160
1872080 160
1872090 160
1872100 161
1872110 161
1872120 161
1872130 161
1872140 161
1872150 161
1872160 161
1872170 161
1872180 161
1872190 161
1872200 161
1872210 161
1872220 161
1872230 161
1872240 161
1872250 162
1872260 162
1872270 162
1872280 162
1872290 162
1872300 162
1872310 162
1872320 163
1872330 163
1872340 163
1872350 163
1872360 163
1872370 163
1872380 163
1872390 163
1872400 163
1872410 163
1872420 163
1872430 163
1872440 163
1872450 163
1872460 163
1872470 163
1872480 163
1872490 163
1872500 163
1872510 163
1872520 163
1872530 163
1872540 163
1872550 163
1872560 163
1872570 163
1872580 163
1872590 163
1872600 163
1872610 163
1872620 163
1872630 163
1872640 163
1872650 163
1872660 163
1872670 163
1872680 163
1872690 163
1872700 163
1872710 163
1872720 163
1872730 163
1872740 163
1872750 163
1872760 163
1872770 163
1872780 163
1872790 163
1872800 163
1872810 163
1872820 163
1872830 163
1872840 163
1872850 163
1872860 163
1872870 163
1872880 163
1872890 163
1872900 163
1872910 163
1872920 163
1872930 163
1872940 163
1872950 162
1872960 162
1872970 162
1872980 162
1872990 162
1873000 162
1873010 162
1873020 162
1873030 162
1873040 162
1873050 162
1873060 162
1873070 162
1873080 162
1873090 162
1873100 162
1873110 162
1873120 162
1873130 162
1873140 162
1873150 162
1873160 162
1873170 162
1873180 162
1873190 162
1873200 162
1873210 162
1873220 162
1873230 161
1873240 161
1873250 161
1873260 161
1873270 161
1873280 161
1873290 161
1873300 161
1873310 161
1873320 161
1873330 161
1873340 161
1873350 161
1873360 161
1873370 161
1873380 161
1873390 161
1873400 161
1873410 161
1873420 161
1873430 161
1873440 161
1873450 161
1873460 161
1873470 161
1873480 161
1873490 161
1873500 161
1873510 161
1873520 161
1873530 161
1873540 161
1873550 161
1873560 161
1873570 161
1873580 161
1873590 161
1873600 161
1873610 161
1873620 161
1873630 161
1873640 160
1873650 160
1873660 160
1873670 160
1873680 160
1873690 160
1873700 160
1873710 160
1873720 160
1873730 160
1873740 160
1873750 160
1873760 160
1873770 160
1873780 160
1873790 160
1873800 160
1873810 160
1873820 160
1873830 160
1873840 160
1873850 160
1873860 160
1873870 160
1873880 160
1873890 160
1873900 160
1873910 160
1873920 160
1873930 160
1873940 160
1873950 160
1873960 160
1873970 160
1873980 161
1873990 161
1874000 161
1874010 161
1874020 161
1874030 161
1874040 161
1874050 161
1874060 161
1874070 161
1874080 161
1874090 161
1874100 160
1874110 160
1874120 160
1874130 160
1874140 160
1874150 160
1874160 160
1874170 160
1874180 160
1874190 160
1874200 160
1874210 160
1874220 160
1874230 160
1874240 160
1874250 160
1874260 160
1874270 160
1874280 159
1874290 159
1874300 159
1874310 160
1874320 160
1874330 160
1874340 160
1874350 160
1874360 160
1874370 160
1874380 160
1874390 159
1874400 159
1874410 159
1874420 160
1874430 160
1874440 160
1874450 160
1874460 160
1874470 159
1874480 159
1874490 159
1874500 159
1874510 159
1874520 159
1874530 159
1874540 159
1874550 159
1874560 160
1874570 160
1874580 160
1874590 159
1874600 159
1874610 159
1874620 159
1874630 159
1874640 159
1874650 159
1874660 159
1874670 159
1874680 159
1874690 159
1874700 159
1874710 159
1874720 159
1874730 159
1874740 159
1874750 159
1874760 159
1874770 159
1874780 159
1874790 160
1874800 160
1874810 160
1874820 160
1874830 160
1874840 160
1874850 160
1874860 160
1874870 160
1874880 160
1874890 159
1874900 159
1874910 159
1874920 159
1874930 159
1874940 159
1874950 159
1874960 159
1874970 159
1874980 159
1874990 159
1875000 159
1875010 159
1875020 159
1875030 159
1875040 159
1875050 159
1875060 159
1875070 158
1875080 158
1875090 158
1875100 158
1875110 158
1875120 158
1875130 158
1875140 158
1875150 158
1875160 157
1875170 157
1875180 157
1875190 157
1875200 157
1875210 157
1875220 157
1875230 157
1875240 156
1875250 156
1875260 156
1875270 156
1875280 156
1875290 156
1875300 156
1875310 155
1875320 155
1875330 155
1875340 155
1875350 155
1875360 155
1875370 155
1875380 155
1875390 155
1875400 155
1875410 155
1875420 155
1875430 155
1875440 155
1875450 155
1875460 155
1875470 155
1875480 155
1875490 154
1875500 154
1875510 154
1875520 154
1875530 154
1875540 154
1875550 154
1875560 154
1875570 154
1875580 155
1875590 155
1875600 155
1875610 155
1875620 155
1875630 155
1875640 155
1875650 155
1875660 155
1875670 155
1875680 155
1875690 155
1875700 155
1875710 155
1875720 155
1875730 155
1875740 155
1875750 155
1875760 155
1875770 155
1875780 155
1875790 155
1875800 155
1875810 155
1875820 155
1875830 155
1875840 155
1875850 155
1875860 155
1875870 155
1875880 155
1875890 155
1875900 155
1875910 155
1875920 155
1875930 155
1875940 155
1875950 155
1875960 155
1875970 156
1875980 156
1875990 156
1876000 156
1876010 156
1876020 156
1876030 156
1876040 156
1876050 156
1876060 156
1876070 156
1876080 156
1876090 156
1876100 156
1876110 156
1876120 156
1876130 156
1876140 156
1876150 156
1876160 156
1876170 156
1876180 156
1876190 156
1876200 156
1876210 156
1876220 156
1876230 156
1876240 156
1876250 156
1876260 156
1876270 156
1876280 156
1876290 156
1876300 156
1876310 156
1876320 156
1876330 156
1876340 156
1876350 155
1876360 155
1876370 155
1876380 155
1876390 155
1876400 155
1876410 155
1876420 155
1876430 155
1876440 155
1876450 155
1876460 155
1876470 155
1876480 155
1876490 155
1876500 155
1876510 154
1876520 154
1876530 154
1876540 154
1876550 154
1876560 154
1876570 154
1876580 154
1876590 154
1876600 154
1876610 154
1876620 154
1876630 154
1876640 154
1876650 154
1876660 153
1876670 153
1876680 153
1876690 153
1876700 153
1876710 153
1876720 153
1876730 153
1876740 154
1876750 154
1876760 154
1876770 154
1876780 154
1876790 154
1876800 154
1876810 154
1876820 154
1876830 154
1876840 154
1876850 154
1876860 154
1876870 154
1876880 154
1876890 154
1876900 154
1876910 154
1876920 154
1876930 154
1876940 154
1876950 154
1876960 154
1876970 154
1876980 154
1876990 154
1877000 154
1877010 154
1877020 154
1877030 155
1877040 155
1877050 154
1877060 154
1877070 154
1877080 154
1877090 154
1877100 154
1877110 154
1877120 154
1877130 154
1877140 154
1877150 154
1877160 154
1877170 154
1877180 154
1877190 154
1877200 154
1877210 154
1877220 154
1877230 154
1877240 154
1877250 154
1877260 154
1877270 154
1877280 154
1877290 154
1877300 154
1877310 154
1877320 154
1877330 154
1877340 154
1877350 154
1877360 154
1877370 154
1877380 154
1877390 154
1877400 154
1877410 155
1877420 154
1877430 154
1877440 154
1877450 154
1877460 154
1877470 154
1877480 154
1877490 154
1877500 154
1877510 154
1877520 154
1877530 154
1877540 154
1877550 154
1877560 154
1877570 154
1877580 154
1877590 154
1877600 154
1877610 154
1877620 154
1877630 153
1877640 153
1877650 153
1877660 153
1877670 153
1877680 153
1877690 153
1877700 153
1877710 153
1877720 153
1877730 153
1877740 153
1877750 153
1877760 153
1877770 153
1877780 153
1877790 153
1877800 152
1877810 152
1877820 152
1877830 152
1877840 152
1877850 152
1877860 152
1877870 152
1877880 152
1877890 153
1877900 153
1877910 153
1877920 153
1877930 153
1877940 153
1877950 153
1877960 153
1877970 153
1877980 153
1877990 153
1878000 153
1878010 153
1878020 153
1878030 153
1878040 153
1878050 153
1878060 153
1878070 153
1878080 153
1878090 153
1878100 152
1878110 152
1878120 152
1878130 152
1878140 152
1878150 152
1878160 152
1878170 152
1878180 152
1878190 152
1878200 152
1878210 152
1878220 152
1878230 152
1878240 152
1878250 152
1878260 152
1878270 152
1878280 152
1878290 152
1878300 152
1878310 152
1878320 152
1878330 152
1878340 152
1878350 153
1878360 152
1878370 152
1878380 152
1878390 152
1878400 152
1878410 152
1878420 152
1878430 152
1878440 152
1878450 152
1878460 152
1878470 152
1878480 152
1878490 152
1878500 152
1878510 152
1878520 152
1878530 152
1878540 151
1878550 151
1878560 151
1878570 151
1878580 151
1878590 151
1878600 151
1878610 151
1878620 151
1878630 151
1878640 151
1878650 151
1878660 151
1878670 151
1878680 151
1878690 151
1878700 151
1878710 151
1878720 151
1878730 151
1878740 151
1878750 151
1878760 151
1878770 151
1878780 151
1878790 151
1878800 151
1878810 151
1878820 151
1878830 151
1878840 151
1878850 151
1878860 151
1878870 151
1878880 151
1878890 151
1878900 151
1878910 151
1878920 151
1878930 151
1878940 151
1878950 151
1878960 151
1878970 151
1878980 151
1878990 151
1879000 151
1879010 151
1879020 151
1879030 151
1879040 151
1879050 151
1879060 151
1879070 151
1879080 151
1879090 151
1879100 151
1879110 151
1879120 151
1879130 151
1879140 151
1879150 151
1879160 151
1879170 151
1879180 151
1879190 151
1879200 152
1879210 152
1879220 152
1879230 151
1879240 151
1879250 151
1879260 151
1879270 151
1879280 151
1879290 151
1879300 151
1879310 151
1879320 151
1879330 151
1879340 151
1879350 151
1879360 151
1879370 151
1879380 151
1879390 151
1879400 152
1879410 152
1879420 152
1879430 152
1879440 152
1879450 152
1879460 152
1879470 152
1879480 152
1879490 152
1879500 152
1879510 152
1879520 152
1879530 152
1879540 152
1879550 152
1879560 153
1879570 153
1879580 153
1879590 153
1879600 153
1879610 153
1879620 153
1879630 153
1879640 153
1879650 153
1879660 153
1879670 153
1879680 153
1879690 153
1879700 154
1879710 154
1879720 154
1879730 154
1879740 154
1879750 154
1879760 154
1879770 154
1879780 154
1879790 154
1879800 154
1879810 154
1879820 154
1879830 154
1879840 154
1879850 154
1879860 154
1879870 154
1879880 155
1879890 155
1879900 155
1879910 155
1879920 155
1879930 155
1879940 155
1879950 155
1879960 155
1879970 155
1879980 155
1879990 155
