1860000 262
1860010 262
1860020 262
1860030 262
1860040 262
1860050 262
1860060 261
1860070 261
1860080 261
1860090 261
1860100 261
1860110 261
1860120 260
1860130 260
1860140 260
1860150 259
1860160 258
1860170 258
1860180 257
1860190 256
1860200 256
1860210 256
1860220 257
1860230 258
1860240 258
1860250 259
1860260 259
1860270 259
1860280 260
1860290 260
1860300 261
1860310 262
1860320 262
1860330 263
1860340 263
1860350 263
1860360 263
1860370 263
1860380 263
1860390 263
1860400 263
1860410 263
1860420 263
1860430 263
1860440 263
1860450 263
1860460 263
1860470 263
1860480 263
1860490 263
1860500 263
1860510 263
1860520 263
1860530 263
1860540 263
1860550 263
1860560 263
1860570 263
1860580 262
1860590 262
1860600 262
1860610 262
1860620 262
1860630 262
1860640 261
1860650 261
1860660 261
1860670 261
1860680 261
1860690 261
1860700 260
1860710 260
1860720 260
1860730 259
1860740 259
1860750 259
1860760 258
1860770 258
1860780 257
1860790 256
1860800 256
1860810 255
1860820 255
1860830 255
1860840 253
1860850 252
1860860 252
1860870 251
1860880 250
1860890 250
1860900 249
1860910 249
1860920 249
1860930 249
1860940 248
1860950 248
1860960 247
1860970 246
1860980 246
1860990 243
1861000 242
1861010 242
1861020 240
1861030 239
1861040 239
1861050 239
1861060 238
1861070 238
1861080 238
1861090 238
1861100 238
1861110 237
1861120 238
1861130 238
1861140 238
1861150 238
1861160 238
1861170 238
1861180 238
1861190 238
1861200 237
1861210 237
1861220 237
1861230 236
1861240 237
1861250 237
1861260 238
1861270 239
1861280 239
1861290 240
1861300 241
1861310 241
1861320 245
1861330 249
1861340 249
1861350 253
1861360 257
1861370 257
1861380 259
1861390 262
1861400 262
1861410 264
1861420 266
1861430 266
1861440 268
1861450 269
1861460 269
1861470 271
1861480 273
1861490 273
1861500 273
1861510 273
1861520 273
1861530 273
1861540 273
1861550 273
1861560 272
1861570 272
1861580 272
1861590 272
1861600 273
1861610 273
1861620 272
1861630 272
1861640 272
1861650 272
1861660 272
1861670 272
1861680 272
1861690 272
1861700 272
1861710 271
1861720 271
1861730 271
1861740 271
1861750 271
1861760 271
1861770 270
1861780 270
1861790 270
1861800 270
1861810 269
1861820 269
1861830 269
1861840 268
1861850 268
1861860 268
1861870 267
1861880 267
1861890 266
1861900 266
1861910 266
1861920 265
1861930 264
1861940 264
1861950 262
1861960 259
1861970 256
1861980 256
1861990 254
1862000 253
1862010 253
1862020 252
1862030 252
1862040 252
1862050 251
1862060 251
1862070 251
1862080 250
1862090 249
1862100 249
1862110 248
1862120 247
1862130 247
1862140 246
1862150 245
1862160 245
1862170 244
1862180 243
1862190 243
1862200 242
1862210 242
1862220 242
1862230 241
1862240 241
1862250 241
1862260 240
1862270 240
1862280 240
1862290 241
1862300 244
1862310 244
1862320 245
1862330 247
1862340 247
1862350 247
1862360 246
1862370 246
1862380 246
1862390 248
1862400 248
1862410 249
1862420 251
1862430 251
1862440 251
1862450 251
1862460 251
1862470 251
1862480 250
1862490 250
1862500 249
1862510 248
1862520 248
1862530 246
1862540 246
1862550 246
1862560 247
1862570 249
1862580 249
1862590 248
1862600 247
1862610 247
1862620 246
1862630 248
1862640 248
1862650 248
1862660 247
1862670 247
1862680 246
1862690 246
1862700 246
1862710 247
1862720 244
1862730 244
1862740 243
1862750 240
1862760 240
1862770 240
1862780 240
1862790 240
1862800 240
1862810 241
1862820 241
1862830 242
1862840 243
1862850 243
1862860 247
1862870 249
1862880 249
1862890 251
1862900 253
1862910 253
1862920 255
1862930 257
1862940 257
1862950 258
1862960 260
1862970 259
1862980 261
1862990 264
1863000 264
1863010 264
1863020 264
1863030 264
1863040 264
1863050 265
1863060 265
1863070 265
1863080 266
1863090 266
1863100 266
1863110 267
1863120 267
1863130 268
1863140 268
1863150 268
1863160 269
1863170 269
1863180 269
1863190 270
1863200 271
1863210 271
1863220 271
1863230 272
1863240 272
1863250 272
1863260 273
1863270 273
1863280 274
1863290 275
1863300 275
1863310 275
1863320 277
1863330 277
1863340 278
1863350 280
1863360 280
1863370 281
1863380 281
1863390 281
1863400 281
1863410 281
1863420 281
1863430 281
1863440 281
1863450 281
1863460 281
1863470 281
1863480 281
1863490 281
1863500 280
1863510 280
1863520 280
1863530 280
1863540 280
1863550 279
1863560 279
1863570 279
1863580 279
1863590 279
1863600 279
1863610 278
1863620 278
1863630 278
1863640 277
1863650 278
1863660 278
1863670 277
1863680 277
1863690 277
1863700 276
1863710 276
1863720 276
1863730 275
1863740 275
1863750 275
1863760 274
1863770 274
1863780 273
1863790 273
1863800 272
1863810 272
1863820 272
1863830 272
1863840 271
1863850 271
1863860 271
1863870 271
1863880 271
1863890 270
1863900 270
1863910 270
1863920 270
1863930 270
1863940 270
1863950 270
1863960 269
1863970 269
1863980 269
1863990 270
1864000 270
1864010 270
1864020 269
1864030 269
1864040 269
1864050 268
1864060 268
1864070 268
1864080 267
1864090 267
1864100 266
1864110 265
1864120 265
1864130 265
1864140 265
1864150 265
1864160 264
1864170 264
1864180 264
1864190 264
1864200 263
1864210 263
1864220 263
1864230 262
1864240 262
1864250 262
1864260 261
1864270 261
1864280 259
1864290 258
1864300 258
1864310 258
1864320 257
1864330 258
1864340 256
1864350 256
1864360 256
1864370 255
1864380 254
1864390 254
1864400 253
1864410 252
1864420 252
1864430 251
1864440 250
1864450 250
1864460 249
1864470 248
1864480 248
1864490 247
1864500 246
1864510 246
1864520 245
1864530 244
1864540 244
1864550 244
1864560 243
1864570 243
1864580 242
1864590 241
1864600 241
1864610 240
1864620 239
1864630 239
1864640 238
1864650 237
1864660 237
1864670 238
1864680 237
1864690 237
1864700 237
1864710 236
1864720 236
1864730 235
1864740 234
1864750 234
1864760 234
1864770 233
1864780 233
1864790 233
1864800 232
1864810 232
1864820 233
1864830 231
1864840 231
1864850 230
1864860 230
1864870 230
1864880 229
1864890 229
1864900 229
1864910 229
1864920 229
1864930 229
1864940 227
1864950 227
1864960 227
1864970 227
1864980 227
1864990 227
1865000 227
1865010 227
1865020 227
1865030 227
1865040 227
1865050 227
1865060 226
1865070 226
1865080 226
1865090 226
1865100 226
1865110 226
1865120 226
1865130 226
1865140 226
1865150 225
1865160 225
1865170 225
1865180 225
1865190 225
1865200 225
1865210 225
1865220 226
1865230 226
1865240 225
1865250 225
1865260 225
1865270 225
1865280 225
1865290 225
1865300 225
1865310 225
1865320 225
1865330 225
1865340 226
1865350 227
1865360 229
1865370 230
1865380 230
1865390 231
1865400 231
1865410 231
1865420 232
1865430 231
1865440 231
1865450 231
1865460 230
1865470 230
1865480 230
1865490 229
1865500 229
1865510 228
1865520 228
1865530 228
1865540 227
1865550 226
1865560 226
1865570 226
1865580 226
1865590 226
1865600 225
1865610 225
1865620 225
1865630 225
1865640 225
1865650 225
1865660 225
1865670 225
1865680 225
1865690 225
1865700 224
1865710 224
1865720 224
1865730 223
1865740 223
1865750 223
1865760 222
1865770 222
1865780 222
1865790 221
1865800 221
1865810 221
1865820 221
1865830 220
1865840 220
1865850 220
1865860 219
1865870 219
1865880 219
1865890 218
1865900 218
1865910 218
1865920 217
1865930 217
1865940 217
1865950 216
1865960 216
1865970 216
1865980 215
1865990 215
1866000 215
1866010 214
1866020 214
1866030 213
1866040 213
1866050 213
1866060 212
1866070 212
1866080 212
1866090 211
1866100 211
1866110 211
1866120 210
1866130 210
1866140 210
1866150 210
1866160 209
1866170 209
1866180 209
1866190 209
1866200 209
1866210 208
1866220 208
1866230 208
1866240 208
1866250 208
1866260 208
1866270 209
1866280 209
1866290 209
1866300 209
1866310 209
1866320 209
1866330 210
1866340 210
1866350 210
1866360 210
1866370 211
1866380 211
1866390 211
1866400 211
1866410 211
1866420 211
1866430 211
1866440 211
1866450 211
1866460 210
1866470 210
1866480 210
1866490 210
1866500 210
1866510 210
1866520 210
1866530 210
1866540 210
1866550 209
1866560 209
1866570 209
1866580 209
1866590 209
1866600 208
1866610 208
1866620 208
1866630 208
1866640 208
1866650 208
1866660 208
1866670 207
1866680 207
1866690 207
1866700 207
1866710 207
1866720 206
1866730 206
1866740 206
1866750 206
1866760 206
1866770 206
1866780 206
1866790 205
1866800 205
1866810 205
1866820 205
1866830 205
1866840 204
1866850 204
1866860 204
1866870 203
1866880 203
1866890 203
1866900 202
1866910 202
1866920 202
1866930 201
1866940 201
1866950 201
1866960 200
1866970 200
1866980 200
1866990 199
1867000 199
1867010 199
1867020 198
1867030 197
1867040 197
1867050 197
1867060 196
1867070 196
1867080 195
1867090 195
1867100 195
1867110 194
1867120 194
1867130 194
1867140 193
1867150 193
1867160 193
1867170 192
1867180 192
1867190 192
1867200 191
1867210 191
1867220 191
1867230 190
1867240 190
1867250 190
1867260 190
1867270 189
1867280 189
1867290 189
1867300 189
1867310 189
1867320 188
1867330 188
1867340 188
1867350 188
1867360 187
1867370 187
1867380 187
1867390 187
1867400 187
1867410 187
1867420 186
1867430 186
1867440 186
1867450 186
1867460 186
1867470 186
1867480 185
1867490 185
1867500 185
1867510 185
1867520 185
1867530 185
1867540 185
1867550 185
1867560 185
1867570 184
1867580 184
1867590 184
1867600 184
1867610 183
1867620 183
1867630 183
1867640 183
1867650 183
1867660 183
1867670 182
1867680 182
1867690 182
1867700 182
1867710 182
1867720 182
1867730 181
1867740 181
1867750 181
1867760 181
1867770 181
1867780 181
1867790 180
1867800 180
1867810 180
1867820 180
1867830 180
1867840 179
1867850 179
1867860 179
1867870 179
1867880 179
1867890 179
1867900 179
1867910 178
1867920 178
1867930 178
1867940 178
1867950 178
1867960 178
1867970 177
1867980 177
1867990 178
1868000 177
1868010 177
1868020 177
1868030 177
1868040 177
1868050 177
1868060 177
1868070 177
1868080 177
1868090 177
1868100 177
1868110 177
1868120 177
1868130 177
1868140 177
1868150 177
1868160 177
1868170 178
1868180 178
1868190 178
1868200 178
1868210 178
1868220 178
1868230 178
1868240 178
1868250 178
1868260 178
1868270 178
1868280 178
1868290 178
1868300 178
1868310 178
1868320 178
1868330 177
1868340 177
1868350 177
1868360 177
1868370 177
1868380 177
1868390 177
1868400 177
1868410 177
1868420 177
1868430 177
1868440 177
1868450 177
1868460 177
1868470 177
1868480 177
1868490 177
1868500 177
1868510 177
1868520 177
1868530 177
1868540 177
1868550 177
1868560 177
1868570 177
1868580 177
1868590 177
1868600 177
1868610 177
1868620 176
1868630 176
1868640 176
1868650 176
1868660 176
1868670 176
1868680 176
1868690 176
1868700 176
1868710 176
1868720 175
1868730 176
1868740 175
1868750 175
1868760 175
1868770 175
1868780 175
1868790 175
1868800 175
1868810 175
1868820 175
1868830 175
1868840 175
1868850 175
1868860 175
1868870 175
1868880 175
1868890 176
1868900 176
1868910 176
1868920 176
1868930 176
1868940 176
1868950 176
1868960 176
1868970 176
1868980 177
1868990 177
1869000 177
1869010 177
1869020 177
1869030 177
1869040 177
1869050 177
1869060 177
1869070 178
1869080 178
1869090 178
1869100 178
1869110 177
1869120 177
1869130 178
1869140 178
1869150 178
1869160 178
1869170 178
1869180 178
1869190 178
1869200 178
1869210 178
1869220 178
1869230 178
1869240 178
1869250 177
1869260 177
1869270 177
1869280 177
1869290 177
1869300 177
1869310 177
1869320 177
1869330 177
1869340 177
1869350 177
1869360 177
1869370 177
1869380 177
1869390 177
1869400 177
1869410 178
1869420 177
1869430 177
1869440 177
1869450 177
1869460 177
1869470 177
1869480 176
1869490 176
1869500 176
1869510 176
1869520 176
1869530 175
1869540 175
1869550 175
1869560 175
1869570 174
1869580 174
1869590 174
1869600 174
1869610 174
1869620 173
1869630 173
1869640 173
1869650 173
1869660 172
1869670 172
1869680 172
1869690 172
1869700 172
1869710 171
1869720 171
1869730 171
1869740 171
1869750 171
1869760 171
1869770 170
1869780 170
1869790 170
1869800 170
1869810 169
1869820 169
1869830 169
1869840 169
1869850 169
1869860 169
1869870 168
1869880 168
1869890 168
1869900 168
1869910 168
1869920 167
1869930 167
1869940 167
1869950 167
1869960 167
1869970 167
1869980 167
1869990 166
1870000 166
1870010 166
1870020 166
1870030 166
1870040 166
1870050 166
1870060 166
1870070 165
1870080 165
1870090 165
1870100 165
1870110 165
1870120 165
1870130 165
1870140 165
1870150 165
1870160 165
1870170 165
1870180 165
1870190 165
1870200 165
1870210 165
1870220 165
1870230 165
1870240 165
1870250 165
1870260 165
1870270 165
1870280 165
1870290 165
1870300 165
1870310 164
1870320 164
1870330 164
1870340 164
1870350 164
1870360 164
1870370 164
1870380 163
1870390 163
1870400 163
1870410 163
1870420 163
1870430 163
1870440 163
1870450 163
1870460 163
1870470 163
1870480 163
1870490 163
1870500 163
1870510 163
1870520 162
1870530 162
1870540 162
1870550 162
1870560 162
1870570 162
1870580 162
1870590 162
1870600 162
1870610 162
1870620 161
1870630 161
1870640 161
1870650 161
1870660 161
1870670 161
1870680 161
1870690 161
1870700 161
1870710 161
1870720 161
1870730 161
1870740 161
1870750 161
1870760 161
1870770 161
1870780 161
1870790 161
1870800 161
1870810 161
1870820 161
1870830 161
1870840 161
1870850 161
1870860 161
1870870 161
1870880 161
1870890 161
1870900 161
1870910 161
1870920 161
1870930 161
1870940 161
1870950 161
1870960 161
1870970 161
1870980 160
1870990 160
1871000 160
1871010 160
1871020 160
1871030 160
1871040 160
1871050 160
1871060 160
1871070 160
1871080 160
1871090 160
1871100 160
1871110 160
1871120 160
1871130 160
1871140 160
1871150 160
1871160 160
1871170 161
1871180 161
1871190 161
1871200 161
1871210 161
1871220 161
1871230 161
1871240 161
1871250 161
1871260 161
1871270 161
1871280 161
1871290 161
1871300 161
1871310 161
1871320 161
1871330 161
1871340 160
1871350 160
1871360 160
1871370 160
1871380 160
1871390 160
1871400 160
1871410 160
1871420 159
1871430 159
1871440 159
1871450 159
1871460 159
1871470 158
1871480 158
1871490 158
1871500 158
1871510 158
1871520 158
1871530 157
1871540 157
1871550 157
1871560 157
1871570 157
1871580 157
1871590 157
1871600 157
1871610 157
1871620 156
1871630 156
1871640 156
1871650 156
1871660 156
1871670 156
1871680 156
1871690 156
1871700 156
1871710 156
1871720 156
1871730 156
1871740 156
1871750 156
1871760 156
1871770 156
1871780 156
1871790 155
1871800 155
1871810 155
1871820 155
1871830 155
1871840 155
1871850 155
1871860 155
1871870 155
1871880 155
1871890 154
1871900 154
1871910 154
1871920 154
1871930 154
1871940 154
1871950 154
1871960 154
1871970 154
1871980 154
1871990 154
1872000 154
1872010 154
1872020 154
1872030 154
1872040 154
1872050 154
1872060 154
1872070 155
1872080 155
1872090 155
1872100 155
1872110 155
1872120 155
1872130 155
1872140 155
1872150 155
1872160 155
1872170 155
1872180 156
1872190 156
1872200 156
1872210 156
1872220 156
1872230 156
1872240 156
1872250 155
1872260 155
1872270 155
1872280 155
1872290 155
1872300 155
1872310 155
1872320 155
1872330 155
1872340 155
1872350 155
1872360 155
1872370 154
1872380 154
1872390 154
1872400 154
1872410 154
1872420 154
1872430 154
1872440 154
1872450 154
1872460 154
1872470 154
1872480 154
1872490 154
1872500 154
1872510 154
1872520 154
1872530 154
1872540 154
1872550 154
1872560 154
1872570 154
1872580 154
1872590 154
1872600 154
1872610 154
1872620 154
1872630 154
1872640 154
1872650 154
1872660 155
1872670 155
1872680 155
1872690 155
1872700 155
1872710 155
1872720 155
1872730 155
1872740 155
1872750 156
1872760 156
1872770 156
1872780 156
1872790 156
1872800 156
1872810 156
1872820 156
1872830 156
1872840 156
1872850 156
1872860 156
1872870 156
1872880 156
1872890 156
1872900 157
1872910 156
1872920 156
1872930 156
1872940 156
1872950 156
1872960 156
1872970 157
1872980 157
1872990 157
1873000 157
1873010 156
1873020 156
1873030 156
1873040 156
1873050 156
1873060 156
1873070 156
1873080 156
1873090 156
1873100 156
1873110 156
1873120 156
1873130 156
1873140 156
1873150 155
1873160 155
1873170 155
1873180 155
1873190 155
1873200 155
1873210 155
1873220 155
1873230 155
1873240 155
1873250 155
1873260 155
1873270 155
1873280 154
1873290 154
1873300 154
1873310 154
1873320 154
1873330 154
1873340 153
1873350 153
1873360 153
1873370 153
1873380 153
1873390 153
1873400 153
1873410 153
1873420 153
1873430 153
1873440 153
1873450 153
1873460 153
1873470 153
1873480 153
1873490 153
1873500 153
1873510 153
1873520 153
1873530 153
1873540 154
1873550 153
1873560 153
1873570 153
1873580 153
1873590 153
1873600 153
1873610 153
1873620 153
1873630 153
1873640 154
1873650 154
1873660 154
1873670 154
1873680 154
1873690 154
1873700 154
1873710 154
1873720 154
1873730 154
1873740 154
1873750 154
1873760 154
1873770 154
1873780 154
1873790 154
1873800 154
1873810 154
1873820 154
1873830 154
1873840 154
1873850 154
1873860 154
1873870 154
1873880 153
1873890 153
1873900 153
1873910 153
1873920 153
1873930 153
1873940 154
1873950 154
1873960 154
1873970 154
1873980 154
1873990 154
1874000 154
1874010 154
1874020 154
1874030 154
1874040 154
1874050 154
1874060 154
1874070 154
1874080 154
1874090 154
1874100 154
1874110 153
1874120 153
1874130 153
1874140 153
1874150 153
1874160 153
1874170 153
1874180 153
1874190 153
1874200 153
1874210 153
1874220 153
1874230 153
1874240 153
1874250 153
1874260 153
1874270 153
1874280 153
1874290 153
1874300 153
1874310 153
1874320 153
1874330 153
1874340 153
1874350 153
1874360 153
1874370 153
1874380 153
1874390 153
1874400 153
1874410 154
1874420 154
1874430 154
1874440 154
1874450 154
1874460 154
1874470 154
1874480 154
1874490 154
1874500 154
1874510 154
1874520 154
1874530 154
1874540 154
1874550 154
1874560 155
1874570 155
1874580 155
1874590 155
1874600 155
1874610 155
1874620 155
1874630 155
1874640 155
1874650 155
1874660 155
1874670 155
1874680 155
1874690 155
1874700 155
1874710 155
1874720 155
1874730 155
1874740 154
1874750 155
1874760 154
1874770 154
1874780 154
1874790 154
1874800 154
1874810 154
1874820 154
1874830 154
1874840 154
1874850 154
1874860 154
1874870 154
1874880 154
1874890 154
1874900 154
1874910 153
1874920 153
1874930 153
1874940 153
1874950 153
1874960 153
1874970 153
1874980 153
1874990 153
1875000 153
1875010 153
1875020 153
1875030 153
1875040 153
1875050 153
1875060 153
1875070 153
1875080 153
1875090 153
1875100 153
1875110 153
1875120 153
1875130 153
1875140 153
1875150 153
1875160 153
1875170 153
1875180 153
1875190 153
1875200 153
1875210 152
1875220 152
1875230 152
1875240 152
1875250 152
1875260 152
1875270 152
1875280 152
1875290 152
1875300 152
1875310 152
1875320 152
1875330 152
1875340 152
1875350 152
1875360 152
1875370 152
1875380 152
1875390 152
1875400 152
1875410 152
1875420 152
1875430 152
1875440 152
1875450 152
1875460 152
1875470 153
1875480 152
1875490 152
1875500 152
1875510 152
1875520 152
1875530 152
1875540 152
1875550 152
1875560 152
1875570 152
1875580 152
1875590 152
1875600 152
1875610 152
1875620 152
1875630 152
1875640 152
1875650 152
1875660 152
1875670 152
1875680 152
1875690 152
1875700 152
1875710 152
1875720 152
1875730 152
1875740 152
1875750 152
1875760 152
1875770 153
1875780 153
1875790 153
1875800 152
1875810 153
1875820 153
1875830 153
1875840 153
1875850 153
1875860 153
1875870 153
1875880 153
1875890 153
1875900 153
1875910 153
1875920 153
1875930 153
1875940 153
1875950 153
1875960 153
1875970 153
1875980 153
1875990 152
1876000 152
1876010 153
1876020 153
1876030 153
1876040 153
1876050 152
1876060 152
1876070 152
1876080 153
1876090 153
1876100 152
1876110 152
1876120 152
1876130 152
1876140 152
1876150 152
1876160 152
1876170 152
1876180 152
1876190 152
1876200 152
1876210 152
1876220 152
1876230 152
1876240 152
1876250 152
1876260 152
1876270 152
1876280 152
1876290 152
1876300 152
1876310 152
1876320 152
1876330 152
1876340 152
1876350 152
1876360 152
1876370 152
1876380 152
1876390 152
1876400 152
1876410 152
1876420 152
1876430 152
1876440 152
1876450 152
1876460 152
1876470 152
1876480 152
1876490 152
1876500 152
1876510 152
1876520 152
1876530 152
1876540 152
1876550 151
1876560 151
1876570 151
1876580 151
1876590 151
1876600 151
1876610 151
1876620 151
1876630 151
1876640 151
1876650 151
1876660 151
1876670 151
1876680 151
1876690 150
1876700 150
1876710 150
1876720 150
1876730 150
1876740 150
1876750 150
1876760 150
1876770 150
1876780 150
1876790 150
1876800 150
1876810 150
1876820 150
1876830 149
1876840 149
1876850 149
1876860 149
1876870 149
1876880 149
1876890 149
1876900 149
1876910 149
1876920 149
1876930 149
1876940 149
1876950 149
1876960 149
1876970 149
1876980 149
1876990 149
1877000 149
1877010 149
1877020 149
1877030 149
1877040 149
1877050 149
1877060 149
1877070 150
1877080 149
1877090 149
1877100 149
1877110 149
1877120 149
1877130 150
1877140 150
1877150 150
1877160 149
1877170 149
1877180 149
1877190 149
1877200 149
1877210 149
1877220 149
1877230 149
1877240 149
1877250 149
1877260 149
1877270 149
1877280 149
1877290 150
1877300 150
1877310 150
1877320 150
1877330 150
1877340 150
1877350 150
1877360 150
1877370 150
1877380 150
1877390 150
1877400 150
1877410 150
1877420 150
1877430 150
1877440 150
1877450 150
1877460 150
1877470 150
1877480 150
1877490 150
1877500 150
1877510 150
1877520 150
1877530 150
1877540 150
1877550 150
1877560 150
1877570 150
1877580 150
1877590 150
1877600 150
1877610 150
1877620 150
1877630 150
1877640 150
1877650 150
1877660 150
1877670 150
1877680 149
1877690 149
1877700 149
1877710 149
1877720 149
1877730 149
1877740 149
1877750 149
1877760 149
1877770 149
1877780 149
1877790 149
1877800 149
1877810 149
1877820 149
1877830 149
1877840 149
1877850 149
1877860 149
1877870 149
1877880 149
1877890 149
1877900 149
1877910 149
1877920 149
1877930 149
1877940 149
1877950 149
1877960 149
1877970 149
1877980 149
1877990 149
1878000 149
1878010 149
1878020 149
1878030 149
1878040 149
1878050 149
1878060 149
1878070 149
1878080 149
1878090 149
1878100 149
1878110 149
1878120 149
1878130 149
1878140 149
1878150 149
1878160 149
1878170 149
1878180 149
1878190 149
1878200 149
1878210 149
1878220 149
1878230 149
1878240 149
1878250 149
1878260 149
1878270 148
1878280 148
1878290 148
1878300 148
1878310 148
1878320 148
1878330 148
1878340 148
1878350 148
1878360 148
1878370 148
1878380 148
1878390 148
1878400 148
1878410 148
1878420 148
1878430 148
1878440 148
1878450 148
1878460 148
1878470 148
1878480 148
1878490 148
1878500 148
1878510 148
1878520 148
1878530 148
1878540 148
1878550 148
1878560 148
1878570 148
1878580 148
1878590 148
1878600 148
1878610 148
1878620 148
1878630 148
1878640 148
1878650 148
1878660 148
1878670 148
1878680 148
1878690 148
1878700 148
1878710 148
1878720 148
1878730 148
1878740 148
1878750 148
1878760 148
1878770 148
1878780 148
1878790 148
1878800 148
1878810 148
1878820 148
1878830 148
1878840 148
1878850 148
1878860 148
1878870 148
1878880 149
1878890 149
1878900 149
1878910 149
1878920 149
1878930 149
1878940 149
1878950 149
1878960 149
1878970 149
1878980 149
1878990 149
1879000 149
1879010 149
1879020 149
1879030 149
1879040 149
1879050 149
1879060 149
1879070 149
1879080 149
1879090 149
1879100 149
1879110 149
1879120 149
1879130 149
1879140 149
1879150 149
1879160 149
1879170 149
1879180 149
1879190 149
1879200 149
1879210 149
1879220 149
1879230 149
1879240 149
1879250 149
1879260 149
1879270 149
1879280 149
1879290 149
1879300 149
1879310 149
1879320 149
1879330 149
1879340 149
1879350 149
1879360 149
1879370 149
1879380 149
1879390 149
1879400 148
1879410 148
1879420 148
1879430 148
1879440 148
1879450 148
1879460 148
1879470 148
1879480 148
1879490 148
1879500 148
1879510 148
1879520 148
1879530 148
1879540 148
1879550 148
1879560 148
1879570 148
1879580 148
1879590 148
1879600 148
1879610 148
1879620 148
1879630 148
1879640 148
1879650 148
1879660 148
1879670 148
1879680 148
1879690 148
1879700 148
1879710 148
1879720 148
1879730 148
1879740 148
1879750 149
1879760 149
1879770 149
1879780 149
1879790 149
1879800 149
1879810 149
1879820 149
1879830 149
1879840 149
1879850 150
1879860 150
1879870 150
1879880 150
1879890 150
1879900 150
1879910 150
1879920 150
1879930 150
1879940 150
1879950 150
1879960 150
1879970 150
1879980 150
1879990 149
