1860000 247
1860010 247
1860020 247
1860030 247
1860040 247
1860050 248
1860060 248
1860070 248
1860080 248
1860090 248
1860100 248
1860110 248
1860120 248
1860130 248
1860140 248
1860150 248
1860160 249
1860170 249
1860180 249
1860190 249
1860200 249
1860210 249
1860220 249
1860230 249
1860240 248
1860250 248
1860260 248
1860270 248
1860280 248
1860290 248
1860300 248
1860310 248
1860320 248
1860330 248
1860340 248
1860350 248
1860360 248
1860370 248
1860380 248
1860390 248
1860400 248
1860410 248
1860420 248
1860430 249
1860440 249
1860450 249
1860460 249
1860470 249
1860480 249
1860490 249
1860500 249
1860510 249
1860520 249
1860530 249
1860540 249
1860550 249
1860560 248
1860570 248
1860580 249
1860590 249
1860600 249
1860610 248
1860620 247
1860630 247
1860640 247
1860650 246
1860660 246
1860670 245
1860680 244
1860690 244
1860700 242
1860710 240
1860720 240
1860730 239
1860740 238
1860750 238
1860760 237
1860770 236
1860780 236
1860790 236
1860800 235
1860810 235
1860820 234
1860830 234
1860840 234
1860850 233
1860860 233
1860870 233
1860880 232
1860890 232
1860900 232
1860910 231
1860920 231
1860930 231
1860940 231
1860950 230
1860960 230
1860970 230
1860980 230
1860990 230
1861000 229
1861010 229
1861020 229
1861030 228
1861040 228
1861050 228
1861060 227
1861070 227
1861080 227
1861090 226
1861100 226
1861110 226
1861120 226
1861130 226
1861140 226
1861150 225
1861160 225
1861170 225
1861180 225
1861190 225
1861200 225
1861210 225
1861220 225
1861230 225
1861240 225
1861250 225
1861260 225
1861270 225
1861280 225
1861290 225
1861300 226
1861310 226
1861320 226
1861330 226
1861340 226
1861350 226
1861360 227
1861370 227
1861380 227
1861390 227
1861400 228
1861410 228
1861420 228
1861430 229
1861440 229
1861450 229
1861460 230
1861470 230
1861480 230
1861490 231
1861500 231
1861510 232
1861520 233
1861530 233
1861540 234
1861550 234
1861560 234
1861570 235
1861580 236
1861590 236
1861600 237
1861610 238
1861620 238
1861630 239
1861640 240
1861650 240
1861660 241
1861670 241
1861680 241
1861690 242
1861700 243
1861710 243
1861720 243
1861730 244
1861740 246
1861750 246
1861760 247
1861770 248
1861780 248
1861790 248
1861800 248
1861810 248
1861820 249
1861830 249
1861840 249
1861850 249
1861860 249
1861870 249
1861880 249
1861890 250
1861900 250
1861910 250
1861920 250
1861930 250
1861940 249
1861950 249
1861960 249
1861970 249
1861980 249
1861990 249
1862000 249
1862010 248
1862020 248
1862030 248
1862040 248
1862050 248
1862060 248
1862070 247
1862080 247
1862090 247
1862100 247
1862110 247
1862120 246
1862130 246
1862140 246
1862150 246
1862160 246
1862170 246
1862180 246
1862190 246
1862200 246
1862210 246
1862220 246
1862230 246
1862240 246
1862250 246
1862260 246
1862270 246
1862280 246
1862290 246
1862300 246
1862310 246
1862320 246
1862330 246
1862340 246
1862350 246
1862360 246
1862370 246
1862380 246
1862390 246
1862400 246
1862410 246
1862420 245
1862430 246
1862440 246
1862450 246
1862460 246
1862470 246
1862480 246
1862490 246
1862500 246
1862510 246
1862520 245
1862530 245
1862540 245
1862550 245
1862560 245
1862570 244
1862580 244
1862590 244
1862600 243
1862610 243
1862620 243
1862630 242
1862640 242
1862650 242
1862660 241
1862670 241
1862680 241
1862690 240
1862700 240
1862710 240
1862720 239
1862730 239
1862740 239
1862750 238
1862760 238
1862770 238
1862780 237
1862790 237
1862800 237
1862810 236
1862820 236
1862830 236
1862840 235
1862850 235
1862860 235
1862870 234
1862880 233
1862890 233
1862900 233
1862910 232
1862920 232
1862930 231
1862940 230
1862950 230
1862960 229
1862970 228
1862980 229
1862990 228
1863000 227
1863010 227
1863020 227
1863030 226
1863040 226
1863050 226
1863060 225
1863070 225
1863080 225
1863090 225
1863100 225
1863110 224
1863120 224
1863130 224
1863140 223
1863150 223
1863160 223
1863170 223
1863180 222
1863190 222
1863200 222
1863210 222
1863220 222
1863230 221
1863240 221
1863250 221
1863260 221
1863270 221
1863280 221
1863290 221
1863300 222
1863310 222
1863320 221
1863330 222
1863340 222
1863350 222
1863360 222
1863370 222
1863380 223
1863390 223
1863400 223
1863410 223
1863420 224
1863430 224
1863440 224
1863450 224
1863460 224
1863470 224
1863480 225
1863490 225
1863500 225
1863510 225
1863520 225
1863530 226
1863540 227
1863550 227
1863560 228
1863570 229
1863580 229
1863590 230
1863600 231
1863610 231
1863620 232
1863630 234
1863640 234
1863650 236
1863660 239
1863670 239
1863680 239
1863690 240
1863700 240
1863710 240
1863720 241
1863730 241
1863740 241
1863750 241
1863760 242
1863770 242
1863780 243
1863790 244
1863800 244
1863810 244
1863820 245
1863830 245
1863840 246
1863850 247
1863860 247
1863870 247
1863880 247
1863890 247
1863900 246
1863910 246
1863920 246
1863930 245
1863940 244
1863950 244
1863960 244
1863970 243
1863980 243
1863990 243
1864000 243
1864010 243
1864020 242
1864030 242
1864040 242
1864050 242
1864060 242
1864070 242
1864080 241
1864090 241
1864100 241
1864110 241
1864120 240
1864130 240
1864140 239
1864150 238
1864160 238
1864170 238
1864180 236
1864190 236
1864200 236
1864210 235
1864220 235
1864230 234
1864240 234
1864250 234
1864260 234
1864270 233
1864280 233
1864290 233
1864300 233
1864310 233
1864320 233
1864330 233
1864340 233
1864350 233
1864360 233
1864370 233
1864380 233
1864390 233
1864400 233
1864410 233
1864420 233
1864430 233
1864440 233
1864450 233
1864460 233
1864470 233
1864480 233
1864490 233
1864500 233
1864510 233
1864520 233
1864530 233
1864540 233
1864550 233
1864560 232
1864570 232
1864580 232
1864590 232
1864600 232
1864610 232
1864620 231
1864630 231
1864640 231
1864650 230
1864660 230
1864670 230
1864680 229
1864690 229
1864700 229
1864710 228
1864720 228
1864730 228
1864740 228
1864750 227
1864760 227
1864770 227
1864780 226
1864790 226
1864800 226
1864810 226
1864820 226
1864830 225
1864840 225
1864850 225
1864860 225
1864870 225
1864880 225
1864890 224
1864900 224
1864910 224
1864920 224
1864930 224
1864940 224
1864950 224
1864960 224
1864970 224
1864980 224
1864990 224
1865000 224
1865010 224
1865020 224
1865030 224
1865040 224
1865050 224
1865060 224
1865070 224
1865080 224
1865090 224
1865100 225
1865110 225
1865120 225
1865130 225
1865140 225
1865150 225
1865160 225
1865170 225
1865180 225
1865190 225
1865200 225
1865210 225
1865220 225
1865230 225
1865240 225
1865250 225
1865260 225
1865270 225
1865280 225
1865290 225
1865300 225
1865310 225
1865320 225
1865330 225
1865340 225
1865350 225
1865360 225
1865370 224
1865380 224
1865390 224
1865400 223
1865410 223
1865420 223
1865430 223
1865440 223
1865450 223
1865460 223
1865470 222
1865480 222
1865490 222
1865500 222
1865510 222
1865520 221
1865530 221
1865540 221
1865550 221
1865560 221
1865570 221
1865580 220
1865590 220
1865600 220
1865610 219
1865620 219
1865630 218
1865640 218
1865650 218
1865660 217
1865670 217
1865680 217
1865690 216
1865700 216
1865710 215
1865720 215
1865730 215
1865740 214
1865750 214
1865760 214
1865770 214
1865780 213
1865790 213
1865800 213
1865810 213
1865820 213
1865830 213
1865840 213
1865850 213
1865860 213
1865870 212
1865880 212
1865890 212
1865900 211
1865910 211
1865920 211
1865930 211
1865940 211
1865950 210
1865960 210
1865970 210
1865980 209
1865990 209
1866000 209
1866010 209
1866020 209
1866030 209
1866040 208
1866050 208
1866060 208
1866070 207
1866080 207
1866090 207
1866100 207
1866110 207
1866120 207
1866130 206
1866140 206
1866150 206
1866160 206
1866170 205
1866180 205
1866190 205
1866200 205
1866210 205
1866220 205
1866230 204
1866240 204
1866250 204
1866260 204
1866270 204
1866280 204
1866290 203
1866300 203
1866310 203
1866320 203
1866330 203
1866340 203
1866350 203
1866360 203
1866370 202
1866380 202
1866390 202
1866400 202
1866410 201
1866420 201
1866430 201
1866440 201
1866450 201
1866460 201
1866470 200
1866480 200
1866490 200
1866500 200
1866510 200
1866520 200
1866530 200
1866540 200
1866550 200
1866560 199
1866570 199
1866580 199
1866590 199
1866600 199
1866610 199
1866620 199
1866630 199
1866640 199
1866650 199
1866660 199
1866670 199
1866680 199
1866690 199
1866700 199
1866710 199
1866720 199
1866730 198
1866740 198
1866750 198
1866760 198
1866770 199
1866780 199
1866790 199
1866800 199
1866810 199
1866820 199
1866830 199
1866840 199
1866850 199
1866860 199
1866870 199
1866880 199
1866890 200
1866900 200
1866910 200
1866920 200
1866930 200
1866940 200
1866950 200
1866960 200
1866970 200
1866980 200
1866990 200
1867000 201
1867010 201
1867020 201
1867030 201
1867040 201
1867050 201
1867060 201
1867070 202
1867080 202
1867090 202
1867100 202
1867110 202
1867120 203
1867130 203
1867140 203
1867150 203
1867160 204
1867170 204
1867180 204
1867190 205
1867200 205
1867210 205
1867220 206
1867230 206
1867240 206
1867250 206
1867260 206
1867270 206
1867280 207
1867290 207
1867300 207
1867310 207
1867320 207
1867330 207
1867340 208
1867350 208
1867360 208
1867370 208
1867380 208
1867390 208
1867400 208
1867410 208
1867420 208
1867430 208
1867440 208
1867450 209
1867460 209
1867470 209
1867480 209
1867490 209
1867500 209
1867510 209
1867520 209
1867530 209
1867540 209
1867550 209
1867560 209
1867570 209
1867580 209
1867590 209
1867600 209
1867610 210
1867620 210
1867630 210
1867640 210
1867650 210
1867660 210
1867670 210
1867680 210
1867690 210
1867700 210
1867710 211
1867720 211
1867730 211
1867740 210
1867750 210
1867760 210
1867770 211
1867780 211
1867790 211
1867800 211
1867810 211
1867820 211
1867830 211
1867840 211
1867850 211
1867860 211
1867870 211
1867880 211
1867890 211
1867900 211
1867910 211
1867920 211
1867930 211
1867940 211
1867950 211
1867960 211
1867970 211
1867980 210
1867990 210
1868000 210
1868010 210
1868020 210
1868030 210
1868040 210
1868050 210
1868060 209
1868070 209
1868080 209
1868090 209
1868100 209
1868110 209
1868120 208
1868130 208
1868140 208
1868150 208
1868160 208
1868170 208
1868180 207
1868190 207
1868200 207
1868210 207
1868220 207
1868230 207
1868240 207
1868250 206
1868260 206
1868270 206
1868280 206
1868290 206
1868300 205
1868310 205
1868320 205
1868330 205
1868340 204
1868350 204
1868360 204
1868370 204
1868380 204
1868390 203
1868400 203
1868410 203
1868420 202
1868430 202
1868440 202
1868450 201
1868460 200
1868470 200
1868480 199
1868490 198
1868500 198
1868510 198
1868520 197
1868530 197
1868540 196
1868550 195
1868560 195
1868570 195
1868580 194
1868590 194
1868600 194
1868610 193
1868620 193
1868630 193
1868640 193
1868650 193
1868660 192
1868670 192
1868680 192
1868690 192
1868700 192
1868710 192
1868720 191
1868730 190
1868740 190
1868750 190
1868760 189
1868770 189
1868780 189
1868790 188
1868800 188
1868810 188
1868820 188
1868830 188
1868840 187
1868850 187
1868860 187
1868870 187
1868880 186
1868890 186
1868900 186
1868910 185
1868920 185
1868930 185
1868940 185
1868950 185
1868960 184
1868970 184
1868980 184
1868990 184
1869000 184
1869010 184
1869020 184
1869030 183
1869040 183
1869050 183
1869060 183
1869070 183
1869080 183
1869090 183
1869100 183
1869110 182
1869120 182
1869130 182
1869140 182
1869150 182
1869160 182
1869170 182
1869180 181
1869190 181
1869200 181
1869210 181
1869220 181
1869230 181
1869240 181
1869250 181
1869260 180
1869270 180
1869280 180
1869290 180
1869300 180
1869310 180
1869320 179
1869330 179
1869340 179
1869350 179
1869360 179
1869370 179
1869380 179
1869390 179
1869400 179
1869410 179
1869420 179
1869430 179
1869440 178
1869450 178
1869460 178
1869470 178
1869480 178
1869490 178
1869500 178
1869510 178
1869520 178
1869530 178
1869540 177
1869550 177
1869560 177
1869570 177
1869580 177
1869590 177
1869600 177
1869610 177
1869620 177
1869630 176
1869640 176
1869650 176
1869660 176
1869670 176
1869680 176
1869690 175
1869700 175
1869710 175
1869720 175
1869730 175
1869740 175
1869750 175
1869760 175
1869770 175
1869780 175
1869790 175
1869800 175
1869810 175
1869820 175
1869830 175
1869840 174
1869850 174
1869860 174
1869870 174
1869880 174
1869890 174
1869900 174
1869910 174
1869920 174
1869930 174
1869940 174
1869950 174
1869960 173
1869970 173
1869980 173
1869990 173
1870000 173
1870010 173
1870020 173
1870030 172
1870040 172
1870050 172
1870060 172
1870070 172
1870080 172
1870090 172
1870100 172
1870110 172
1870120 172
1870130 172
1870140 171
1870150 171
1870160 171
1870170 171
1870180 171
1870190 171
1870200 171
1870210 170
1870220 170
1870230 170
1870240 170
1870250 170
1870260 170
1870270 170
1870280 170
1870290 170
1870300 170
1870310 170
1870320 170
1870330 170
1870340 170
1870350 170
1870360 170
1870370 170
1870380 170
1870390 169
1870400 169
1870410 169
1870420 169
1870430 170
1870440 170
1870450 170
1870460 170
1870470 170
1870480 170
1870490 170
1870500 170
1870510 170
1870520 170
1870530 170
1870540 170
1870550 170
1870560 170
1870570 170
1870580 170
1870590 170
1870600 170
1870610 170
1870620 170
1870630 170
1870640 170
1870650 170
1870660 170
1870670 170
1870680 170
1870690 170
1870700 170
1870710 170
1870720 170
1870730 170
1870740 170
1870750 170
1870760 170
1870770 170
1870780 170
1870790 170
1870800 170
1870810 170
1870820 170
1870830 170
1870840 169
1870850 169
1870860 169
1870870 169
1870880 169
1870890 170
1870900 170
1870910 170
1870920 170
1870930 170
1870940 170
1870950 170
1870960 170
1870970 170
1870980 170
1870990 170
1871000 170
1871010 170
1871020 170
1871030 170
1871040 170
1871050 170
1871060 170
1871070 170
1871080 170
1871090 170
1871100 169
1871110 169
1871120 169
1871130 169
1871140 169
1871150 169
1871160 169
1871170 169
1871180 169
1871190 169
1871200 169
1871210 169
1871220 168
1871230 168
1871240 168
1871250 168
1871260 168
1871270 168
1871280 168
1871290 168
1871300 168
1871310 168
1871320 168
1871330 168
1871340 168
1871350 168
1871360 168
1871370 167
1871380 167
1871390 167
1871400 167
1871410 167
1871420 167
1871430 168
1871440 168
1871450 168
1871460 168
1871470 168
1871480 168
1871490 168
1871500 168
1871510 168
1871520 168
1871530 168
1871540 168
1871550 168
1871560 168
1871570 168
1871580 168
1871590 168
1871600 169
1871610 169
1871620 169
1871630 169
1871640 169
1871650 169
1871660 169
1871670 169
1871680 169
1871690 169
1871700 169
1871710 169
1871720 169
1871730 169
1871740 170
1871750 170
1871760 170
1871770 170
1871780 170
1871790 170
1871800 170
1871810 171
1871820 171
1871830 171
1871840 171
1871850 171
1871860 171
1871870 171
1871880 171
1871890 171
1871900 172
1871910 172
1871920 172
1871930 172
1871940 172
1871950 172
1871960 172
1871970 172
1871980 172
1871990 173
1872000 173
1872010 173
1872020 173
1872030 173
1872040 173
1872050 173
1872060 173
1872070 173
1872080 173
1872090 173
1872100 173
1872110 173
1872120 173
1872130 173
1872140 173
1872150 173
1872160 173
1872170 172
1872180 172
1872190 172
1872200 172
1872210 172
1872220 172
1872230 172
1872240 172
1872250 172
1872260 172
1872270 172
1872280 171
1872290 171
1872300 171
1872310 171
1872320 170
1872330 170
1872340 170
1872350 170
1872360 170
1872370 169
1872380 169
1872390 169
1872400 169
1872410 169
1872420 169
1872430 169
1872440 168
1872450 168
1872460 168
1872470 168
1872480 168
1872490 168
1872500 168
1872510 168
1872520 168
1872530 168
1872540 168
1872550 167
1872560 167
1872570 167
1872580 167
1872590 168
1872600 168
1872610 168
1872620 168
1872630 168
1872640 168
1872650 169
1872660 169
1872670 169
1872680 170
1872690 170
1872700 170
1872710 170
1872720 170
1872730 170
1872740 170
1872750 170
1872760 170
1872770 170
1872780 170
1872790 170
1872800 170
1872810 170
1872820 170
1872830 170
1872840 170
1872850 170
1872860 171
1872870 171
1872880 171
1872890 171
1872900 171
1872910 171
1872920 171
1872930 171
1872940 172
1872950 172
1872960 172
1872970 172
1872980 172
1872990 172
1873000 172
1873010 172
1873020 172
1873030 172
1873040 173
1873050 173
1873060 173
1873070 173
1873080 173
1873090 173
1873100 174
1873110 174
1873120 174
1873130 174
1873140 174
1873150 174
1873160 174
1873170 174
1873180 174
1873190 173
1873200 173
1873210 173
1873220 172
1873230 172
1873240 171
1873250 171
1873260 171
1873270 171
1873280 170
1873290 170
1873300 170
1873310 170
1873320 170
1873330 170
1873340 170
1873350 170
1873360 170
1873370 170
1873380 170
1873390 170
1873400 170
1873410 170
1873420 170
1873430 170
1873440 170
1873450 170
1873460 170
1873470 169
1873480 169
1873490 169
1873500 169
1873510 169
1873520 169
1873530 169
1873540 169
1873550 169
1873560 169
1873570 169
1873580 169
1873590 169
1873600 169
1873610 169
1873620 169
1873630 169
1873640 169
1873650 170
1873660 170
1873670 171
1873680 172
1873690 172
1873700 173
1873710 174
1873720 174
1873730 174
1873740 175
1873750 175
1873760 176
1873770 177
1873780 177
1873790 178
1873800 179
1873810 179
1873820 179
1873830 180
1873840 180
1873850 180
1873860 181
1873870 181
1873880 181
1873890 181
1873900 181
1873910 181
1873920 181
1873930 181
1873940 180
1873950 179
1873960 179
1873970 178
1873980 177
1873990 177
1874000 177
1874010 176
1874020 176
1874030 175
1874040 174
1874050 174
1874060 174
1874070 173
1874080 173
1874090 173
1874100 172
1874110 172
1874120 172
1874130 171
1874140 171
1874150 171
1874160 170
1874170 170
1874180 170
1874190 169
1874200 169
1874210 169
1874220 168
1874230 168
1874240 168
1874250 167
1874260 167
1874270 167
1874280 166
1874290 166
1874300 166
1874310 165
1874320 165
1874330 165
1874340 164
1874350 164
1874360 164
1874370 163
1874380 163
1874390 163
1874400 163
1874410 163
1874420 162
1874430 162
1874440 162
1874450 162
1874460 161
1874470 161
1874480 161
1874490 161
1874500 161
1874510 161
1874520 161
1874530 161
1874540 160
1874550 160
1874560 160
1874570 161
1874580 160
1874590 160
1874600 161
1874610 161
1874620 161
1874630 161
1874640 161
1874650 161
1874660 161
1874670 161
1874680 161
1874690 161
1874700 161
1874710 161
1874720 161
1874730 161
1874740 161
1874750 161
1874760 161
1874770 161
1874780 161
1874790 161
1874800 161
1874810 161
1874820 161
1874830 161
1874840 161
1874850 161
1874860 161
1874870 161
1874880 161
1874890 161
1874900 161
1874910 161
1874920 161
1874930 161
1874940 161
1874950 161
1874960 161
1874970 161
1874980 161
1874990 161
1875000 161
1875010 161
1875020 161
1875030 161
1875040 161
1875050 162
1875060 162
1875070 162
1875080 162
1875090 162
1875100 162
1875110 162
1875120 162
1875130 162
1875140 162
1875150 162
1875160 162
1875170 162
1875180 162
1875190 162
1875200 162
1875210 162
1875220 162
1875230 162
1875240 162
1875250 162
1875260 162
1875270 162
1875280 162
1875290 162
1875300 162
1875310 162
1875320 162
1875330 162
1875340 162
1875350 162
1875360 162
1875370 162
1875380 162
1875390 162
1875400 162
1875410 162
1875420 162
1875430 162
1875440 162
1875450 162
1875460 162
1875470 162
1875480 162
1875490 162
1875500 162
1875510 162
1875520 162
1875530 162
1875540 162
1875550 162
1875560 162
1875570 162
1875580 162
1875590 162
1875600 162
1875610 162
1875620 162
1875630 162
1875640 162
1875650 162
1875660 162
1875670 162
1875680 162
1875690 162
1875700 162
1875710 162
1875720 162
1875730 162
1875740 162
1875750 162
1875760 162
1875770 162
1875780 162
1875790 162
1875800 162
1875810 162
1875820 162
1875830 162
1875840 162
1875850 162
1875860 162
1875870 162
1875880 162
1875890 162
1875900 161
1875910 161
1875920 161
1875930 161
1875940 161
1875950 161
1875960 161
1875970 161
1875980 161
1875990 161
1876000 161
1876010 161
1876020 161
1876030 161
1876040 161
1876050 160
1876060 160
1876070 160
1876080 160
1876090 159
1876100 159
1876110 159
1876120 159
1876130 159
1876140 159
1876150 159
1876160 159
1876170 159
1876180 159
1876190 159
1876200 159
1876210 159
1876220 159
1876230 159
1876240 158
1876250 158
1876260 159
1876270 159
1876280 159
1876290 159
1876300 159
1876310 159
1876320 159
1876330 159
1876340 159
1876350 159
1876360 159
1876370 159
1876380 160
1876390 160
1876400 160
1876410 160
1876420 160
1876430 160
1876440 159
1876450 159
1876460 159
1876470 159
1876480 159
1876490 159
1876500 159
1876510 159
1876520 159
1876530 159
1876540 160
1876550 160
1876560 160
1876570 160
1876580 160
1876590 160
1876600 160
1876610 160
1876620 160
1876630 160
1876640 160
1876650 161
1876660 161
1876670 161
1876680 161
1876690 161
1876700 161
1876710 163
1876720 163
1876730 163
1876740 161
1876750 161
1876760 161
1876770 161
1876780 161
1876790 161
1876800 161
1876810 161
1876820 161
1876830 161
1876840 161
1876850 161
1876860 161
1876870 161
1876880 161
1876890 161
1876900 161
1876910 161
1876920 161
1876930 161
1876940 161
1876950 161
1876960 161
1876970 161
1876980 161
1876990 160
1877000 160
1877010 160
1877020 160
1877030 160
1877040 160
1877050 160
1877060 160
1877070 160
1877080 160
1877090 160
1877100 160
1877110 161
1877120 161
1877130 160
1877140 160
1877150 160
1877160 160
1877170 160
1877180 160
1877190 159
1877200 159
1877210 159
1877220 159
1877230 159
1877240 159
1877250 159
1877260 159
1877270 159
1877280 159
1877290 158
1877300 158
1877310 158
1877320 158
1877330 158
1877340 158
1877350 158
1877360 158
1877370 158
1877380 158
1877390 158
1877400 158
1877410 158
1877420 158
1877430 158
1877440 158
1877450 158
1877460 158
1877470 158
1877480 158
1877490 158
1877500 158
1877510 158
1877520 158
1877530 158
1877540 158
1877550 158
1877560 158
1877570 158
1877580 158
1877590 158
1877600 157
1877610 157
1877620 157
1877630 157
1877640 157
1877650 157
1877660 157
1877670 157
1877680 158
1877690 158
1877700 158
1877710 158
1877720 158
1877730 158
1877740 158
1877750 158
1877760 158
1877770 158
1877780 159
1877790 159
1877800 159
1877810 159
1877820 159
1877830 159
1877840 159
1877850 159
1877860 159
1877870 159
1877880 159
1877890 159
1877900 159
1877910 159
1877920 159
1877930 159
1877940 159
1877950 159
1877960 159
1877970 159
1877980 160
1877990 160
1878000 160
1878010 159
1878020 159
1878030 159
1878040 159
1878050 159
1878060 159
1878070 159
1878080 158
1878090 158
1878100 158
1878110 158
1878120 158
1878130 158
1878140 158
1878150 158
1878160 157
1878170 157
1878180 157
1878190 157
1878200 157
1878210 157
1878220 157
1878230 157
1878240 157
1878250 157
1878260 157
1878270 157
1878280 157
1878290 157
1878300 157
1878310 158
1878320 158
1878330 158
1878340 158
1878350 158
1878360 158
1878370 158
1878380 158
1878390 159
1878400 159
1878410 160
1878420 160
1878430 159
1878440 159
1878450 159
1878460 159
1878470 159
1878480 159
1878490 159
1878500 159
1878510 159
1878520 159
1878530 159
1878540 159
1878550 159
1878560 159
1878570 159
1878580 159
1878590 159
1878600 159
1878610 159
1878620 159
1878630 159
1878640 159
1878650 159
1878660 159
1878670 159
1878680 159
1878690 159
1878700 159
1878710 159
1878720 159
1878730 159
1878740 159
1878750 159
1878760 159
1878770 159
1878780 159
1878790 159
1878800 159
1878810 159
1878820 159
1878830 159
1878840 159
1878850 159
1878860 159
1878870 159
1878880 159
1878890 159
1878900 159
1878910 159
1878920 160
1878930 160
1878940 160
1878950 160
1878960 160
1878970 160
1878980 160
1878990 160
1879000 160
1879010 160
1879020 160
1879030 160
1879040 160
1879050 160
1879060 161
1879070 161
1879080 161
1879090 161
1879100 161
1879110 161
1879120 161
1879130 161
1879140 161
1879150 161
1879160 161
1879170 161
1879180 161
1879190 161
1879200 161
1879210 161
1879220 161
1879230 161
1879240 161
1879250 162
1879260 162
1879270 162
1879280 162
1879290 162
1879300 162
1879310 162
1879320 162
1879330 162
1879340 162
1879350 162
1879360 162
1879370 163
1879380 163
1879390 163
1879400 163
1879410 163
1879420 163
1879430 163
1879440 163
1879450 163
1879460 163
1879470 163
1879480 163
1879490 164
1879500 164
1879510 164
1879520 164
1879530 164
1879540 164
1879550 164
1879560 164
1879570 164
1879580 164
1879590 165
1879600 165
1879610 165
1879620 165
1879630 165
1879640 165
1879650 165
1879660 165
1879670 166
1879680 166
1879690 166
1879700 166
1879710 167
1879720 167
1879730 167
1879740 167
1879750 167
1879760 167
1879770 167
1879780 167
1879790 167
1879800 167
1879810 167
1879820 167
1879830 167
1879840 167
1879850 168
1879860 168
1879870 168
1879880 168
1879890 168
1879900 168
1879910 168
1879920 168
1879930 168
1879940 168
1879950 168
1879960 168
1879970 169
1879980 169
1879990 169
