1860000 213
1860010 213
1860020 213
1860030 213
1860040 214
1860050 214
1860060 214
1860070 214
1860080 214
1860090 214
1860100 214
1860110 214
1860120 214
1860130 214
1860140 214
1860150 214
1860160 214
1860170 214
1860180 214
1860190 214
1860200 214
1860210 214
1860220 215
1860230 215
1860240 215
1860250 215
1860260 215
1860270 215
1860280 215
1860290 216
1860300 216
1860310 216
1860320 216
1860330 216
1860340 216
1860350 216
1860360 216
1860370 216
1860380 216
1860390 216
1860400 217
1860410 217
1860420 217
1860430 217
1860440 217
1860450 217
1860460 217
1860470 217
1860480 217
1860490 217
1860500 217
1860510 217
1860520 217
1860530 217
1860540 217
1860550 217
1860560 217
1860570 217
1860580 217
1860590 217
1860600 217
1860610 217
1860620 217
1860630 217
1860640 216
1860650 216
1860660 216
1860670 216
1860680 216
1860690 216
1860700 215
1860710 215
1860720 215
1860730 215
1860740 215
1860750 215
1860760 215
1860770 215
1860780 215
1860790 215
1860800 215
1860810 215
1860820 215
1860830 215
1860840 215
1860850 216
1860860 216
1860870 216
1860880 216
1860890 216
1860900 216
1860910 216
1860920 216
1860930 216
1860940 216
1860950 216
1860960 216
1860970 216
1860980 216
1860990 216
1861000 216
1861010 216
1861020 216
1861030 216
1861040 215
1861050 215
1861060 215
1861070 215
1861080 215
1861090 215
1861100 215
1861110 215
1861120 214
1861130 214
1861140 214
1861150 213
1861160 213
1861170 212
1861180 212
1861190 212
1861200 212
1861210 212
1861220 211
1861230 211
1861240 211
1861250 211
1861260 211
1861270 211
1861280 212
1861290 212
1861300 213
1861310 213
1861320 213
1861330 214
1861340 215
1861350 216
1861360 216
1861370 216
1861380 217
1861390 217
1861400 217
1861410 218
1861420 218
1861430 219
1861440 220
1861450 220
1861460 221
1861470 222
1861480 222
1861490 223
1861500 224
1861510 224
1861520 225
1861530 225
1861540 225
1861550 226
1861560 226
1861570 226
1861580 227
1861590 227
1861600 227
1861610 228
1861620 228
1861630 228
1861640 228
1861650 229
1861660 229
1861670 229
1861680 230
1861690 230
1861700 230
1861710 231
1861720 231
1861730 232
1861740 234
1861750 234
1861760 235
1861770 236
1861780 236
1861790 236
1861800 236
1861810 236
1861820 236
1861830 236
1861840 236
1861850 235
1861860 234
1861870 234
1861880 232
1861890 231
1861900 231
1861910 231
1861920 230
1861930 230
1861940 230
1861950 230
1861960 230
1861970 230
1861980 230
1861990 230
1862000 230
1862010 230
1862020 230
1862030 229
1862040 229
1862050 229
1862060 229
1862070 230
1862080 230
1862090 230
1862100 230
1862110 230
1862120 230
1862130 231
1862140 231
1862150 231
1862160 231
1862170 231
1862180 231
1862190 231
1862200 231
1862210 232
1862220 232
1862230 232
1862240 232
1862250 232
1862260 232
1862270 232
1862280 232
1862290 232
1862300 232
1862310 232
1862320 232
1862330 232
1862340 231
1862350 231
1862360 231
1862370 231
1862380 231
1862390 231
1862400 231
1862410 231
1862420 230
1862430 230
1862440 230
1862450 230
1862460 229
1862470 229
1862480 229
1862490 229
1862500 229
1862510 228
1862520 228
1862530 228
1862540 228
1862550 227
1862560 227
1862570 227
1862580 227
1862590 227
1862600 226
1862610 226
1862620 226
1862630 225
1862640 225
1862650 225
1862660 224
1862670 224
1862680 224
1862690 223
1862700 223
1862710 223
1862720 222
1862730 222
1862740 222
1862750 221
1862760 221
1862770 221
1862780 221
1862790 220
1862800 220
1862810 220
1862820 219
1862830 219
1862840 219
1862850 218
1862860 218
1862870 218
1862880 217
1862890 217
1862900 217
1862910 217
1862920 217
1862930 216
1862940 216
1862950 216
1862960 216
1862970 216
1862980 216
1862990 216
1863000 215
1863010 215
1863020 215
1863030 215
1863040 215
1863050 214
1863060 214
1863070 214
1863080 213
1863090 213
1863100 213
1863110 212
1863120 211
1863130 211
1863140 211
1863150 211
1863160 211
1863170 210
1863180 210
1863190 210
1863200 210
1863210 209
1863220 209
1863230 209
1863240 209
1863250 209
1863260 208
1863270 208
1863280 208
1863290 208
1863300 207
1863310 207
1863320 208
1863330 208
1863340 208
1863350 208
1863360 209
1863370 210
1863380 210
1863390 210
1863400 211
1863410 211
1863420 212
1863430 213
1863440 213
1863450 214
1863460 215
1863470 215
1863480 216
1863490 217
1863500 217
1863510 218
1863520 219
1863530 219
1863540 220
1863550 221
1863560 219
1863570 219
1863580 220
1863590 220
1863600 221
1863610 221
1863620 221
1863630 222
1863640 223
1863650 223
1863660 223
1863670 224
1863680 224
1863690 225
1863700 226
1863710 226
1863720 227
1863730 227
1863740 227
1863750 228
1863760 228
1863770 228
1863780 229
1863790 229
1863800 229
1863810 229
1863820 229
1863830 229
1863840 229
1863850 228
1863860 228
1863870 227
1863880 226
1863890 226
1863900 224
1863910 223
1863920 223
1863930 223
1863940 222
1863950 222
1863960 222
1863970 221
1863980 221
1863990 221
1864000 221
1864010 221
1864020 220
1864030 219
1864040 219
1864050 219
1864060 218
1864070 218
1864080 218
1864090 218
1864100 218
1864110 217
1864120 217
1864130 217
1864140 217
1864150 216
1864160 216
1864170 216
1864180 216
1864190 216
1864200 215
1864210 215
1864220 215
1864230 215
1864240 214
1864250 214
1864260 214
1864270 213
1864280 213
1864290 213
1864300 212
1864310 212
1864320 212
1864330 212
1864340 212
1864350 212
1864360 211
1864370 211
1864380 212
1864390 212
1864400 212
1864410 212
1864420 212
1864430 212
1864440 212
1864450 212
1864460 212
1864470 212
1864480 212
1864490 212
1864500 212
1864510 212
1864520 212
1864530 213
1864540 213
1864550 213
1864560 213
1864570 213
1864580 212
1864590 212
1864600 212
1864610 212
1864620 212
1864630 212
1864640 212
1864650 212
1864660 212
1864670 212
1864680 212
1864690 212
1864700 212
1864710 212
1864720 212
1864730 212
1864740 212
1864750 212
1864760 212
1864770 212
1864780 212
1864790 212
1864800 212
1864810 212
1864820 212
1864830 211
1864840 211
1864850 211
1864860 211
1864870 211
1864880 211
1864890 211
1864900 211
1864910 211
1864920 211
1864930 210
1864940 210
1864950 210
1864960 210
1864970 210
1864980 210
1864990 210
1865000 210
1865010 210
1865020 210
1865030 210
1865040 211
1865050 211
1865060 211
1865070 211
1865080 211
1865090 211
1865100 211
1865110 210
1865120 210
1865130 210
1865140 210
1865150 210
1865160 210
1865170 210
1865180 210
1865190 209
1865200 209
1865210 209
1865220 209
1865230 209
1865240 209
1865250 208
1865260 208
1865270 208
1865280 207
1865290 207
1865300 207
1865310 207
1865320 207
1865330 207
1865340 206
1865350 206
1865360 206
1865370 206
1865380 206
1865390 206
1865400 206
1865410 205
1865420 205
1865430 205
1865440 205
1865450 205
1865460 205
1865470 204
1865480 204
1865490 204
1865500 204
1865510 203
1865520 203
1865530 203
1865540 203
1865550 203
1865560 203
1865570 203
1865580 203
1865590 202
1865600 202
1865610 202
1865620 202
1865630 202
1865640 202
1865650 201
1865660 201
1865670 201
1865680 201
1865690 200
1865700 200
1865710 200
1865720 200
1865730 200
1865740 200
1865750 199
1865760 199
1865770 199
1865780 199
1865790 199
1865800 198
1865810 198
1865820 198
1865830 198
1865840 198
1865850 198
1865860 198
1865870 198
1865880 198
1865890 197
1865900 197
1865910 197
1865920 197
1865930 197
1865940 197
1865950 197
1865960 197
1865970 197
1865980 197
1865990 197
1866000 197
1866010 197
1866020 197
1866030 197
1866040 197
1866050 196
1866060 196
1866070 196
1866080 196
1866090 196
1866100 196
1866110 196
1866120 196
1866130 196
1866140 196
1866150 196
1866160 196
1866170 196
1866180 196
1866190 196
1866200 196
1866210 196
1866220 196
1866230 195
1866240 195
1866250 196
1866260 195
1866270 195
1866280 195
1866290 195
1866300 195
1866310 195
1866320 195
1866330 195
1866340 195
1866350 195
1866360 195
1866370 195
1866380 195
1866390 195
1866400 195
1866410 194
1866420 194
1866430 194
1866440 194
1866450 194
1866460 194
1866470 194
1866480 194
1866490 194
1866500 194
1866510 194
1866520 194
1866530 194
1866540 194
1866550 194
1866560 194
1866570 194
1866580 194
1866590 194
1866600 194
1866610 194
1866620 194
1866630 194
1866640 194
1866650 194
1866660 194
1866670 194
1866680 194
1866690 194
1866700 193
1866710 193
1866720 193
1866730 193
1866740 193
1866750 193
1866760 193
1866770 193
1866780 193
1866790 193
1866800 193
1866810 193
1866820 193
1866830 193
1866840 193
1866850 193
1866860 193
1866870 193
1866880 193
1866890 193
1866900 193
1866910 193
1866920 193
1866930 193
1866940 193
1866950 193
1866960 193
1866970 193
1866980 193
1866990 193
1867000 193
1867010 193
1867020 193
1867030 193
1867040 193
1867050 193
1867060 193
1867070 193
1867080 193
1867090 193
1867100 193
1867110 193
1867120 193
1867130 193
1867140 193
1867150 193
1867160 193
1867170 193
1867180 193
1867190 193
1867200 193
1867210 193
1867220 193
1867230 193
1867240 193
1867250 193
1867260 193
1867270 193
1867280 193
1867290 193
1867300 193
1867310 193
1867320 193
1867330 192
1867340 192
1867350 192
1867360 192
1867370 192
1867380 192
1867390 192
1867400 192
1867410 192
1867420 192
1867430 192
1867440 192
1867450 192
1867460 192
1867470 192
1867480 192
1867490 192
1867500 191
1867510 191
1867520 191
1867530 191
1867540 191
1867550 191
1867560 191
1867570 191
1867580 191
1867590 191
1867600 191
1867610 191
1867620 191
1867630 191
1867640 191
1867650 190
1867660 190
1867670 190
1867680 190
1867690 190
1867700 190
1867710 190
1867720 190
1867730 190
1867740 190
1867750 190
1867760 190
1867770 190
1867780 190
1867790 190
1867800 190
1867810 190
1867820 190
1867830 190
1867840 190
1867850 190
1867860 190
1867870 190
1867880 190
1867890 190
1867900 190
1867910 190
1867920 189
1867930 189
1867940 189
1867950 189
1867960 189
1867970 189
1867980 189
1867990 189
1868000 189
1868010 189
1868020 189
1868030 189
1868040 189
1868050 189
1868060 189
1868070 190
1868080 190
1868090 190
1868100 190
1868110 190
1868120 190
1868130 190
1868140 190
1868150 190
1868160 190
1868170 190
1868180 190
1868190 190
1868200 190
1868210 190
1868220 191
1868230 191
1868240 191
1868250 191
1868260 191
1868270 191
1868280 191
1868290 191
1868300 191
1868310 191
1868320 191
1868330 191
1868340 191
1868350 191
1868360 191
1868370 191
1868380 191
1868390 191
1868400 191
1868410 191
1868420 192
1868430 192
1868440 192
1868450 192
1868460 192
1868470 192
1868480 192
1868490 192
1868500 192
1868510 192
1868520 192
1868530 192
1868540 192
1868550 193
1868560 193
1868570 193
1868580 193
1868590 193
1868600 193
1868610 193
1868620 193
1868630 193
1868640 193
1868650 193
1868660 193
1868670 193
1868680 193
1868690 193
1868700 193
1868710 193
1868720 194
1868730 194
1868740 194
1868750 194
1868760 194
1868770 194
1868780 194
1868790 194
1868800 194
1868810 193
1868820 193
1868830 193
1868840 193
1868850 194
1868860 194
1868870 194
1868880 194
1868890 194
1868900 194
1868910 194
1868920 194
1868930 194
1868940 194
1868950 194
1868960 194
1868970 194
1868980 194
1868990 194
1869000 194
1869010 194
1869020 194
1869030 194
1869040 194
1869050 194
1869060 195
1869070 195
1869080 195
1869090 195
1869100 195
1869110 195
1869120 195
1869130 195
1869140 195
1869150 195
1869160 195
1869170 195
1869180 196
1869190 196
1869200 196
1869210 196
1869220 196
1869230 196
1869240 196
1869250 196
1869260 196
1869270 196
1869280 196
1869290 196
1869300 195
1869310 195
1869320 196
1869330 196
1869340 196
1869350 196
1869360 196
1869370 196
1869380 196
1869390 196
1869400 196
1869410 196
1869420 196
1869430 196
1869440 195
1869450 195
1869460 195
1869470 195
1869480 195
1869490 195
1869500 195
1869510 195
1869520 195
1869530 195
1869540 195
1869550 195
1869560 195
1869570 194
1869580 194
1869590 194
1869600 194
1869610 194
1869620 194
1869630 194
1869640 194
1869650 194
1869660 194
1869670 194
1869680 194
1869690 194
1869700 194
1869710 194
1869720 194
1869730 194
1869740 194
1869750 194
1869760 194
1869770 194
1869780 194
1869790 194
1869800 194
1869810 194
1869820 194
1869830 194
1869840 194
1869850 193
1869860 193
1869870 193
1869880 193
1869890 193
1869900 193
1869910 193
1869920 193
1869930 193
1869940 193
1869950 193
1869960 193
1869970 193
1869980 193
1869990 194
1870000 194
1870010 194
1870020 194
1870030 194
1870040 194
1870050 194
1870060 194
1870070 194
1870080 194
1870090 194
1870100 194
1870110 194
1870120 194
1870130 194
1870140 194
1870150 194
1870160 194
1870170 194
1870180 194
1870190 194
1870200 194
1870210 194
1870220 194
1870230 194
1870240 194
1870250 194
1870260 195
1870270 195
1870280 195
1870290 194
1870300 194
1870310 194
1870320 195
1870330 194
1870340 194
1870350 194
1870360 194
1870370 194
1870380 194
1870390 194
1870400 194
1870410 194
1870420 194
1870430 194
1870440 194
1870450 195
1870460 195
1870470 195
1870480 195
1870490 195
1870500 195
1870510 195
1870520 195
1870530 195
1870540 195
1870550 195
1870560 195
1870570 195
1870580 195
1870590 194
1870600 194
1870610 194
1870620 194
1870630 194
1870640 194
1870650 194
1870660 194
1870670 194
1870680 194
1870690 194
1870700 194
1870710 193
1870720 193
1870730 193
1870740 192
1870750 192
1870760 192
1870770 192
1870780 191
1870790 191
1870800 191
1870810 191
1870820 191
1870830 190
1870840 190
1870850 190
1870860 189
1870870 189
1870880 189
1870890 189
1870900 189
1870910 189
1870920 189
1870930 188
1870940 188
1870950 188
1870960 188
1870970 188
1870980 188
1870990 188
1871000 188
1871010 189
1871020 189
1871030 189
1871040 189
1871050 189
1871060 189
1871070 190
1871080 191
1871090 191
1871100 192
1871110 192
1871120 192
1871130 193
1871140 193
1871150 193
1871160 194
1871170 194
1871180 194
1871190 194
1871200 195
1871210 195
1871220 195
1871230 196
1871240 196
1871250 197
1871260 197
1871270 197
1871280 198
1871290 198
1871300 198
1871310 198
1871320 198
1871330 198
1871340 198
1871350 198
1871360 198
1871370 198
1871380 198
1871390 198
1871400 198
1871410 198
1871420 198
1871430 198
1871440 198
1871450 198
1871460 197
1871470 197
1871480 197
1871490 196
1871500 195
1871510 195
1871520 194
1871530 194
1871540 194
1871550 194
1871560 193
1871570 193
1871580 194
1871590 194
1871600 195
1871610 195
1871620 195
1871630 195
1871640 195
1871650 194
1871660 194
1871670 195
1871680 194
1871690 194
1871700 194
1871710 194
1871720 195
1871730 195
1871740 196
1871750 197
1871760 197
1871770 198
1871780 199
1871790 199
1871800 199
1871810 199
1871820 199
1871830 198
1871840 198
1871850 198
1871860 198
1871870 198
1871880 198
1871890 199
1871900 199
1871910 199
1871920 199
1871930 199
1871940 199
1871950 198
1871960 197
1871970 197
1871980 195
1871990 194
1872000 194
1872010 193
1872020 193
1872030 193
1872040 194
1872050 194
1872060 194
1872070 197
1872080 200
1872090 200
1872100 201
1872110 201
1872120 201
1872130 201
1872140 200
1872150 200
1872160 199
1872170 196
1872180 196
1872190 193
1872200 192
1872210 192
1872220 192
1872230 192
1872240 192
1872250 191
1872260 191
1872270 191
1872280 191
1872290 190
1872300 190
1872310 190
1872320 189
1872330 190
1872340 189
1872350 188
1872360 188
1872370 187
1872380 187
1872390 187
1872400 186
1872410 185
1872420 185
1872430 185
1872440 185
1872450 185
1872460 184
1872470 184
1872480 184
1872490 184
1872500 184
1872510 184
1872520 184
1872530 184
1872540 184
1872550 184
1872560 184
1872570 184
1872580 183
1872590 183
1872600 183
1872610 183
1872620 183
1872630 183
1872640 183
1872650 183
1872660 183
1872670 183
1872680 183
1872690 183
1872700 183
1872710 183
1872720 183
1872730 183
1872740 183
1872750 183
1872760 183
1872770 184
1872780 184
1872790 184
1872800 184
1872810 184
1872820 184
1872830 185
1872840 185
1872850 185
1872860 185
1872870 185
1872880 186
1872890 186
1872900 186
1872910 186
1872920 186
1872930 186
1872940 186
1872950 186
1872960 186
1872970 186
1872980 186
1872990 186
1873000 186
1873010 186
1873020 186
1873030 185
1873040 185
1873050 185
1873060 184
1873070 184
1873080 184
1873090 183
1873100 183
1873110 183
1873120 182
1873130 182
1873140 182
1873150 182
1873160 181
1873170 181
1873180 181
1873190 180
1873200 180
1873210 180
1873220 180
1873230 180
1873240 179
1873250 179
1873260 179
1873270 179
1873280 179
1873290 179
1873300 179
1873310 179
1873320 179
1873330 179
1873340 179
1873350 179
1873360 179
1873370 179
1873380 179
1873390 179
1873400 179
1873410 179
1873420 179
1873430 179
1873440 179
1873450 179
1873460 179
1873470 179
1873480 179
1873490 179
1873500 179
1873510 179
1873520 178
1873530 178
1873540 178
1873550 178
1873560 178
1873570 177
1873580 177
1873590 177
1873600 177
1873610 177
1873620 177
1873630 178
1873640 178
1873650 178
1873660 178
1873670 179
1873680 180
1873690 180
1873700 180
1873710 181
1873720 181
1873730 181
1873740 181
1873750 181
1873760 181
1873770 181
1873780 181
1873790 181
1873800 180
1873810 180
1873820 180
1873830 181
1873840 181
1873850 181
1873860 181
1873870 181
1873880 182
1873890 182
1873900 182
1873910 183
1873920 183
1873930 183
1873940 183
1873950 182
1873960 182
1873970 182
1873980 181
1873990 181
1874000 181
1874010 182
1874020 182
1874030 182
1874040 183
1874050 183
1874060 183
1874070 184
1874080 184
1874090 185
1874100 185
1874110 185
1874120 184
1874130 184
1874140 184
1874150 184
1874160 183
1874170 183
1874180 183
1874190 183
1874200 183
1874210 183
1874220 183
1874230 183
1874240 183
1874250 183
1874260 183
1874270 183
1874280 183
1874290 183
1874300 183
1874310 183
1874320 183
1874330 184
1874340 184
1874350 184
1874360 184
1874370 183
1874380 183
1874390 183
1874400 183
1874410 183
1874420 183
1874430 182
1874440 182
1874450 182
1874460 181
1874470 181
1874480 181
1874490 181
1874500 181
1874510 180
1874520 180
1874530 180
1874540 180
1874550 179
1874560 179
1874570 179
1874580 179
1874590 179
1874600 178
1874610 178
1874620 178
1874630 178
1874640 178
1874650 178
1874660 178
1874670 178
1874680 178
1874690 178
1874700 178
1874710 178
1874720 179
1874730 179
1874740 179
1874750 179
1874760 180
1874770 180
1874780 180
1874790 181
1874800 181
1874810 181
1874820 181
1874830 181
1874840 181
1874850 181
1874860 181
1874870 181
1874880 181
1874890 181
1874900 181
1874910 181
1874920 181
1874930 180
1874940 180
1874950 180
1874960 180
1874970 179
1874980 179
1874990 179
1875000 179
1875010 179
1875020 179
1875030 178
1875040 178
1875050 178
1875060 178
1875070 178
1875080 178
1875090 178
1875100 178
1875110 177
1875120 177
1875130 177
1875140 177
1875150 177
1875160 177
1875170 177
1875180 177
1875190 177
1875200 177
1875210 177
1875220 177
1875230 178
1875240 178
1875250 178
1875260 178
1875270 178
1875280 178
1875290 179
1875300 179
1875310 179
1875320 180
1875330 179
1875340 179
1875350 179
1875360 179
1875370 179
1875380 179
1875390 178
1875400 178
1875410 177
1875420 177
1875430 177
1875440 176
1875450 176
1875460 176
1875470 175
1875480 175
1875490 175
1875500 175
1875510 174
1875520 174
1875530 174
1875540 174
1875550 174
1875560 174
1875570 174
1875580 174
1875590 175
1875600 176
1875610 176
1875620 177
1875630 178
1875640 178
1875650 178
1875660 178
1875670 178
1875680 178
1875690 178
1875700 178
1875710 178
1875720 178
1875730 178
1875740 178
1875750 178
1875760 178
1875770 178
1875780 178
1875790 178
1875800 178
1875810 178
1875820 178
1875830 178
1875840 177
1875850 177
1875860 177
1875870 177
1875880 177
1875890 177
1875900 177
1875910 176
1875920 176
1875930 176
1875940 176
1875950 176
1875960 176
1875970 175
1875980 175
1875990 175
1876000 175
1876010 175
1876020 175
1876030 175
1876040 175
1876050 175
1876060 175
1876070 175
1876080 175
1876090 175
1876100 175
1876110 175
1876120 175
1876130 175
1876140 175
1876150 175
1876160 175
1876170 175
1876180 175
1876190 175
1876200 175
1876210 175
1876220 175
1876230 175
1876240 175
1876250 175
1876260 175
1876270 175
1876280 175
1876290 175
1876300 175
1876310 175
1876320 175
1876330 175
1876340 175
1876350 175
1876360 175
1876370 175
1876380 175
1876390 175
1876400 175
1876410 175
1876420 175
1876430 175
1876440 175
1876450 176
1876460 176
1876470 176
1876480 176
1876490 176
1876500 176
1876510 176
1876520 176
1876530 176
1876540 176
1876550 176
1876560 176
1876570 176
1876580 176
1876590 176
1876600 176
1876610 176
1876620 176
1876630 176
1876640 176
1876650 176
1876660 176
1876670 176
1876680 176
1876690 176
1876700 176
1876710 175
1876720 175
1876730 175
1876740 175
1876750 175
1876760 175
1876770 175
1876780 175
1876790 175
1876800 175
1876810 175
1876820 175
1876830 175
1876840 175
1876850 175
1876860 175
1876870 175
1876880 175
1876890 175
1876900 175
1876910 175
1876920 175
1876930 175
1876940 175
1876950 176
1876960 175
1876970 175
1876980 175
1876990 175
1877000 175
1877010 175
1877020 175
1877030 175
1877040 175
1877050 175
1877060 175
1877070 175
1877080 175
1877090 175
1877100 175
1877110 174
1877120 174
1877130 174
1877140 174
1877150 174
1877160 174
1877170 174
1877180 174
1877190 174
1877200 174
1877210 174
1877220 175
1877230 175
1877240 175
1877250 175
1877260 175
1877270 175
1877280 175
1877290 175
1877300 175
1877310 175
1877320 175
1877330 175
1877340 175
1877350 175
1877360 175
1877370 175
1877380 175
1877390 175
1877400 175
1877410 175
1877420 175
1877430 174
1877440 174
1877450 174
1877460 174
1877470 173
1877480 173
1877490 173
1877500 173
1877510 173
1877520 172
1877530 173
1877540 173
1877550 173
1877560 173
1877570 173
1877580 173
1877590 173
1877600 173
1877610 173
1877620 173
1877630 174
1877640 174
1877650 174
1877660 174
1877670 174
1877680 174
1877690 174
1877700 174
1877710 174
1877720 174
1877730 174
1877740 174
1877750 174
1877760 174
1877770 174
1877780 174
1877790 174
1877800 174
1877810 174
1877820 174
1877830 174
1877840 174
1877850 174
1877860 174
1877870 174
1877880 174
1877890 174
1877900 174
1877910 174
1877920 174
1877930 173
1877940 173
1877950 173
1877960 174
1877970 174
1877980 174
1877990 173
1878000 173
1878010 173
1878020 173
1878030 173
1878040 173
1878050 173
1878060 173
1878070 174
1878080 174
1878090 174
1878100 174
1878110 174
1878120 174
1878130 174
1878140 174
1878150 174
1878160 174
1878170 175
1878180 175
1878190 175
1878200 175
1878210 175
1878220 176
1878230 176
1878240 176
1878250 177
1878260 177
1878270 177
1878280 178
1878290 179
1878300 179
1878310 180
1878320 182
1878330 182
1878340 183
1878350 184
1878360 184
1878370 185
1878380 186
1878390 186
1878400 187
1878410 188
1878420 188
1878430 189
1878440 189
1878450 189
1878460 190
1878470 190
1878480 190
1878490 190
1878500 189
1878510 189
1878520 188
1878530 187
1878540 187
1878550 186
1878560 185
1878570 185
1878580 185
1878590 184
1878600 184
1878610 183
1878620 183
1878630 183
1878640 182
1878650 182
1878660 182
1878670 183
1878680 183
1878690 183
1878700 183
1878710 183
1878720 183
1878730 183
1878740 183
1878750 183
1878760 183
1878770 182
1878780 182
1878790 182
1878800 183
1878810 183
1878820 183
1878830 184
1878840 184
1878850 185
1878860 186
1878870 186
1878880 187
1878890 188
1878900 188
1878910 188
1878920 189
1878930 189
1878940 189
1878950 190
1878960 190
1878970 191
1878980 191
1878990 191
1879000 192
1879010 193
1879020 193
1879030 193
1879040 193
1879050 193
1879060 193
1879070 193
1879080 193
1879090 193
1879100 193
1879110 193
1879120 193
1879130 193
1879140 193
1879150 193
1879160 193
1879170 193
1879180 193
1879190 193
1879200 193
1879210 193
1879220 193
1879230 193
1879240 193
1879250 193
1879260 193
1879270 193
1879280 192
1879290 192
1879300 193
1879310 193
1879320 193
1879330 193
1879340 193
1879350 193
1879360 192
1879370 192
1879380 192
1879390 192
1879400 192
1879410 192
1879420 192
1879430 192
1879440 192
1879450 192
1879460 191
1879470 191
1879480 191
1879490 191
1879500 191
1879510 191
1879520 191
1879530 191
1879540 191
1879550 190
1879560 190
1879570 190
1879580 190
1879590 190
1879600 190
1879610 190
1879620 190
1879630 190
1879640 190
1879650 190
1879660 190
1879670 190
1879680 190
1879690 190
1879700 190
1879710 190
1879720 190
1879730 190
1879740 190
1879750 190
1879760 190
1879770 190
1879780 189
1879790 189
1879800 189
1879810 189
1879820 189
1879830 189
1879840 190
1879850 190
1879860 190
1879870 189
1879880 190
1879890 190
1879900 189
1879910 189
1879920 189
1879930 189
1879940 189
1879950 189
1879960 189
1879970 189
1879980 189
1879990 189
