1860000 188
1860010 188
1860020 188
1860030 188
1860040 188
1860050 188
1860060 188
1860070 188
1860080 188
1860090 188
1860100 188
1860110 188
1860120 189
1860130 189
1860140 189
1860150 189
1860160 190
1860170 190
1860180 190
1860190 190
1860200 190
1860210 190
1860220 190
1860230 190
1860240 190
1860250 191
1860260 191
1860270 191
1860280 192
1860290 192
1860300 192
1860310 192
1860320 192
1860330 192
1860340 193
1860350 193
1860360 193
1860370 193
1860380 193
1860390 193
1860400 193
1860410 193
1860420 193
1860430 193
1860440 193
1860450 193
1860460 194
1860470 194
1860480 193
1860490 193
1860500 193
1860510 193
1860520 193
1860530 193
1860540 193
1860550 193
1860560 193
1860570 193
1860580 193
1860590 193
1860600 193
1860610 193
1860620 193
1860630 193
1860640 193
1860650 193
1860660 194
1860670 193
1860680 193
1860690 194
1860700 193
1860710 193
1860720 193
1860730 194
1860740 194
1860750 193
1860760 193
1860770 193
1860780 193
1860790 193
1860800 193
1860810 193
1860820 193
1860830 193
1860840 193
1860850 193
1860860 193
1860870 193
1860880 193
1860890 193
1860900 193
1860910 193
1860920 193
1860930 193
1860940 193
1860950 193
1860960 193
1860970 194
1860980 194
1860990 194
1861000 193
1861010 193
1861020 193
1861030 194
1861040 194
1861050 194
1861060 194
1861070 194
1861080 194
1861090 194
1861100 194
1861110 193
1861120 193
1861130 193
1861140 193
1861150 193
1861160 193
1861170 193
1861180 193
1861190 193
1861200 193
1861210 193
1861220 193
1861230 193
1861240 193
1861250 193
1861260 193
1861270 193
1861280 193
1861290 193
1861300 193
1861310 193
1861320 193
1861330 193
1861340 193
1861350 193
1861360 193
1861370 193
1861380 193
1861390 193
1861400 193
1861410 193
1861420 193
1861430 193
1861440 193
1861450 193
1861460 193
1861470 193
1861480 193
1861490 193
1861500 192
1861510 192
1861520 192
1861530 192
1861540 192
1861550 192
1861560 192
1861570 192
1861580 192
1861590 192
1861600 192
1861610 192
1861620 192
1861630 192
1861640 192
1861650 192
1861660 191
1861670 191
1861680 191
1861690 191
1861700 191
1861710 191
1861720 191
1861730 191
1861740 191
1861750 191
1861760 191
1861770 191
1861780 191
1861790 191
1861800 190
1861810 190
1861820 190
1861830 190
1861840 190
1861850 190
1861860 190
1861870 190
1861880 190
1861890 190
1861900 190
1861910 190
1861920 190
1861930 190
1861940 190
1861950 190
1861960 190
1861970 190
1861980 190
1861990 190
1862000 190
1862010 190
1862020 189
1862030 189
1862040 189
1862050 189
1862060 189
1862070 189
1862080 189
1862090 189
1862100 189
1862110 189
1862120 189
1862130 189
1862140 188
1862150 188
1862160 188
1862170 188
1862180 188
1862190 188
1862200 187
1862210 187
1862220 187
1862230 187
1862240 187
1862250 187
1862260 187
1862270 187
1862280 187
1862290 187
1862300 187
1862310 187
1862320 187
1862330 187
1862340 187
1862350 186
1862360 186
1862370 186
1862380 186
1862390 185
1862400 185
1862410 185
1862420 184
1862430 184
1862440 184
1862450 183
1862460 183
1862470 183
1862480 182
1862490 182
1862500 182
1862510 181
1862520 181
1862530 181
1862540 180
1862550 180
1862560 180
1862570 180
1862580 180
1862590 180
1862600 180
1862610 180
1862620 180
1862630 180
1862640 180
1862650 182
1862660 182
1862670 182
1862680 182
1862690 181
1862700 181
1862710 183
1862720 188
1862730 188
1862740 188
1862750 188
1862760 188
1862770 188
1862780 188
1862790 188
1862800 188
1862810 190
1862820 190
1862830 192
1862840 192
1862850 192
1862860 192
1862870 192
1862880 192
1862890 192
1862900 192
1862910 192
1862920 191
1862930 191
1862940 191
1862950 190
1862960 191
1862970 191
1862980 191
1862990 191
1863000 191
1863010 191
1863020 190
1863030 190
1863040 190
1863050 190
1863060 190
1863070 190
1863080 191
1863090 191
1863100 191
1863110 191
1863120 191
1863130 191
1863140 191
1863150 191
1863160 191
1863170 191
1863180 191
1863190 190
1863200 190
1863210 190
1863220 190
1863230 189
1863240 189
1863250 189
1863260 188
1863270 188
1863280 187
1863290 186
1863300 186
1863310 186
1863320 185
1863330 185
1863340 183
1863350 181
1863360 181
1863370 180
1863380 179
1863390 179
1863400 178
1863410 177
1863420 177
1863430 177
1863440 177
1863450 177
1863460 177
1863470 177
1863480 177
1863490 177
1863500 177
1863510 177
1863520 177
1863530 177
1863540 177
1863550 177
1863560 178
1863570 178
1863580 178
1863590 178
1863600 177
1863610 177
1863620 177
1863630 177
1863640 177
1863650 178
1863660 178
1863670 178
1863680 179
1863690 179
1863700 179
1863710 180
1863720 180
1863730 181
1863740 182
1863750 182
1863760 183
1863770 184
1863780 184
1863790 185
1863800 186
1863810 186
1863820 186
1863830 187
1863840 187
1863850 187
1863860 186
1863870 186
1863880 186
1863890 187
1863900 187
1863910 187
1863920 187
1863930 187
1863940 186
1863950 186
1863960 186
1863970 186
1863980 185
1863990 185
1864000 186
1864010 186
1864020 186
1864030 186
1864040 187
1864050 187
1864060 187
1864070 187
1864080 187
1864090 187
1864100 187
1864110 187
1864120 188
1864130 185
1864140 182
1864150 182
1864160 179
1864170 178
1864180 178
1864190 178
1864200 180
1864210 180
1864220 184
1864230 189
1864240 189
1864250 189
1864260 189
1864270 189
1864280 189
1864290 189
1864300 189
1864310 189
1864320 189
1864330 189
1864340 189
1864350 189
1864360 189
1864370 189
1864380 189
1864390 189
1864400 189
1864410 189
1864420 189
1864430 189
1864440 189
1864450 189
1864460 189
1864470 189
1864480 189
1864490 189
1864500 189
1864510 189
1864520 189
1864530 188
1864540 188
1864550 188
1864560 188
1864570 188
1864580 188
1864590 188
1864600 188
1864610 188
1864620 188
1864630 188
1864640 188
1864650 188
1864660 188
1864670 188
1864680 188
1864690 188
1864700 188
1864710 188
1864720 188
1864730 188
1864740 188
1864750 188
1864760 188
1864770 188
1864780 188
1864790 188
1864800 188
1864810 188
1864820 188
1864830 188
1864840 188
1864850 188
1864860 188
1864870 188
1864880 188
1864890 188
1864900 188
1864910 188
1864920 188
1864930 188
1864940 188
1864950 188
1864960 188
1864970 188
1864980 188
1864990 188
1865000 188
1865010 189
1865020 189
1865030 189
1865040 189
1865050 189
1865060 189
1865070 189
1865080 189
1865090 189
1865100 189
1865110 189
1865120 189
1865130 189
1865140 189
1865150 189
1865160 189
1865170 189
1865180 189
1865190 189
1865200 189
1865210 189
1865220 189
1865230 189
1865240 189
1865250 189
1865260 189
1865270 189
1865280 189
1865290 189
1865300 189
1865310 189
1865320 189
1865330 189
1865340 189
1865350 189
1865360 189
1865370 189
1865380 189
1865390 190
1865400 190
1865410 190
1865420 190
1865430 190
1865440 190
1865450 190
1865460 190
1865470 190
1865480 190
1865490 190
1865500 190
1865510 190
1865520 190
1865530 190
1865540 190
1865550 190
1865560 190
1865570 190
1865580 190
1865590 190
1865600 190
1865610 190
1865620 190
1865630 190
1865640 190
1865650 190
1865660 190
1865670 190
1865680 190
1865690 190
1865700 190
1865710 190
1865720 190
1865730 190
1865740 190
1865750 190
1865760 190
1865770 190
1865780 190
1865790 190
1865800 190
1865810 190
1865820 190
1865830 190
1865840 190
1865850 190
1865860 190
1865870 190
1865880 190
1865890 190
1865900 190
1865910 190
1865920 190
1865930 190
1865940 190
1865950 190
1865960 190
1865970 190
1865980 190
1865990 190
1866000 190
1866010 190
1866020 190
1866030 190
1866040 190
1866050 189
1866060 189
1866070 189
1866080 189
1866090 189
1866100 189
1866110 189
1866120 189
1866130 189
1866140 189
1866150 189
1866160 189
1866170 189
1866180 189
1866190 189
1866200 189
1866210 189
1866220 189
1866230 189
1866240 188
1866250 188
1866260 188
1866270 188
1866280 188
1866290 188
1866300 188
1866310 188
1866320 188
1866330 188
1866340 188
1866350 188
1866360 188
1866370 188
1866380 188
1866390 188
1866400 188
1866410 188
1866420 187
1866430 187
1866440 187
1866450 187
1866460 187
1866470 187
1866480 187
1866490 187
1866500 187
1866510 187
1866520 187
1866530 187
1866540 187
1866550 187
1866560 187
1866570 186
1866580 186
1866590 186
1866600 186
1866610 186
1866620 186
1866630 186
1866640 186
1866650 186
1866660 186
1866670 186
1866680 186
1866690 186
1866700 186
1866710 186
1866720 186
1866730 186
1866740 186
1866750 186
1866760 186
1866770 186
1866780 186
1866790 186
1866800 186
1866810 186
1866820 186
1866830 186
1866840 186
1866850 186
1866860 186
1866870 186
1866880 186
1866890 186
1866900 187
1866910 187
1866920 187
1866930 187
1866940 187
1866950 187
1866960 187
1866970 187
1866980 187
1866990 186
1867000 186
1867010 186
1867020 186
1867030 186
1867040 186
1867050 186
1867060 186
1867070 186
1867080 186
1867090 186
1867100 186
1867110 186
1867120 187
1867130 187
1867140 187
1867150 186
1867160 186
1867170 187
1867180 186
1867190 186
1867200 186
1867210 186
1867220 186
1867230 186
1867240 186
1867250 186
1867260 187
1867270 187
1867280 187
1867290 187
1867300 187
1867310 187
1867320 186
1867330 186
1867340 186
1867350 186
1867360 186
1867370 186
1867380 186
1867390 186
1867400 186
1867410 186
1867420 185
1867430 185
1867440 186
1867450 186
1867460 186
1867470 186
1867480 186
1867490 186
1867500 184
1867510 182
1867520 182
1867530 182
1867540 183
1867550 183
1867560 186
1867570 186
1867580 186
1867590 185
1867600 185
1867610 185
1867620 185
1867630 185
1867640 185
1867650 185
1867660 185
1867670 185
1867680 185
1867690 185
1867700 185
1867710 185
1867720 185
1867730 185
1867740 185
1867750 185
1867760 185
1867770 184
1867780 184
1867790 184
1867800 183
1867810 179
1867820 179
1867830 178
1867840 178
1867850 178
1867860 177
1867870 177
1867880 177
1867890 176
1867900 176
1867910 176
1867920 175
1867930 175
1867940 175
1867950 174
1867960 173
1867970 173
1867980 172
1867990 172
1868000 172
1868010 169
1868020 165
1868030 165
1868040 163
1868050 164
1868060 164
1868070 169
1868080 174
1868090 174
1868100 175
1868110 175
1868120 175
1868130 176
1868140 177
1868150 177
1868160 178
1868170 180
1868180 180
1868190 181
1868200 182
1868210 182
1868220 184
1868230 185
1868240 185
1868250 185
1868260 186
1868270 186
1868280 186
1868290 186
1868300 186
1868310 187
1868320 187
1868330 187
1868340 187
1868350 187
1868360 187
1868370 187
1868380 187
1868390 187
1868400 187
1868410 187
1868420 187
1868430 187
1868440 188
1868450 188
1868460 188
1868470 188
1868480 188
1868490 188
1868500 188
1868510 188
1868520 188
1868530 188
1868540 188
1868550 188
1868560 188
1868570 188
1868580 188
1868590 188
1868600 188
1868610 188
1868620 188
1868630 188
1868640 188
1868650 188
1868660 188
1868670 188
1868680 188
1868690 188
1868700 188
1868710 188
1868720 188
1868730 188
1868740 188
1868750 188
1868760 188
1868770 188
1868780 188
1868790 188
1868800 188
1868810 188
1868820 188
1868830 188
1868840 188
1868850 188
1868860 188
1868870 188
1868880 188
1868890 188
1868900 188
1868910 188
1868920 188
1868930 188
1868940 188
1868950 188
1868960 188
1868970 188
1868980 188
1868990 188
1869000 188
1869010 188
1869020 188
1869030 188
1869040 188
1869050 188
1869060 188
1869070 188
1869080 188
1869090 188
1869100 188
1869110 186
1869120 186
1869130 186
1869140 188
1869150 188
1869160 186
1869170 181
1869180 181
1869190 177
1869200 173
1869210 173
1869220 172
1869230 175
1869240 175
1869250 173
1869260 167
1869270 167
1869280 164
1869290 164
1869300 164
1869310 165
1869320 168
1869330 168
1869340 168
1869350 168
1869360 168
1869370 167
1869380 167
1869390 167
1869400 168
1869410 169
1869420 169
1869430 171
1869440 173
1869450 173
1869460 173
1869470 173
1869480 173
1869490 173
1869500 175
1869510 175
1869520 179
1869530 180
1869540 180
1869550 182
1869560 184
1869570 184
1869580 189
1869590 189
1869600 189
1869610 189
1869620 189
1869630 189
1869640 189
1869650 189
1869660 189
1869670 189
1869680 189
1869690 189
1869700 189
1869710 189
1869720 189
1869730 189
1869740 189
1869750 189
1869760 189
1869770 189
1869780 189
1869790 189
1869800 189
1869810 189
1869820 189
1869830 189
1869840 189
1869850 189
1869860 189
1869870 189
1869880 189
1869890 189
1869900 189
1869910 189
1869920 189
1869930 189
1869940 189
1869950 189
1869960 189
1869970 189
1869980 189
1869990 189
1870000 189
1870010 189
1870020 189
1870030 189
1870040 189
1870050 189
1870060 189
1870070 189
1870080 189
1870090 189
1870100 189
1870110 189
1870120 188
1870130 188
1870140 188
1870150 188
1870160 188
1870170 188
1870180 188
1870190 188
1870200 188
1870210 188
1870220 188
1870230 188
1870240 188
1870250 188
1870260 188
1870270 187
1870280 187
1870290 187
1870300 187
1870310 187
1870320 187
1870330 187
1870340 187
1870350 187
1870360 187
1870370 187
1870380 187
1870390 187
1870400 186
1870410 186
1870420 186
1870430 186
1870440 186
1870450 186
1870460 185
1870470 185
1870480 185
1870490 185
1870500 185
1870510 184
1870520 184
1870530 184
1870540 184
1870550 184
1870560 184
1870570 183
1870580 183
1870590 183
1870600 182
1870610 182
1870620 182
1870630 181
1870640 181
1870650 181
1870660 181
1870670 180
1870680 180
1870690 180
1870700 181
1870710 181
1870720 181
1870730 181
1870740 181
1870750 181
1870760 181
1870770 181
1870780 181
1870790 181
1870800 181
1870810 182
1870820 182
1870830 182
1870840 182
1870850 183
1870860 183
1870870 185
1870880 186
1870890 186
1870900 187
1870910 186
1870920 186
1870930 187
1870940 187
1870950 187
1870960 187
1870970 186
1870980 186
1870990 186
1871000 186
1871010 186
1871020 186
1871030 186
1871040 185
1871050 184
1871060 184
1871070 184
1871080 183
1871090 183
1871100 183
1871110 183
1871120 182
1871130 182
1871140 182
1871150 182
1871160 182
1871170 182
1871180 182
1871190 182
1871200 182
1871210 182
1871220 183
1871230 183
1871240 183
1871250 183
1871260 183
1871270 184
1871280 184
1871290 184
1871300 184
1871310 185
1871320 185
1871330 185
1871340 186
1871350 186
1871360 186
1871370 186
1871380 186
1871390 186
1871400 187
1871410 187
1871420 187
1871430 188
1871440 188
1871450 188
1871460 188
1871470 188
1871480 189
1871490 189
1871500 189
1871510 188
1871520 188
1871530 188
1871540 188
1871550 188
1871560 188
1871570 188
1871580 188
1871590 188
1871600 189
1871610 189
1871620 189
1871630 189
1871640 189
1871650 189
1871660 189
1871670 189
1871680 189
1871690 189
1871700 189
1871710 190
1871720 190
1871730 190
1871740 190
1871750 190
1871760 190
1871770 190
1871780 190
1871790 190
1871800 190
1871810 190
1871820 190
1871830 190
1871840 190
1871850 190
1871860 190
1871870 190
1871880 190
1871890 190
1871900 190
1871910 190
1871920 190
1871930 190
1871940 190
1871950 190
1871960 190
1871970 190
1871980 190
1871990 190
1872000 190
1872010 190
1872020 190
1872030 190
1872040 190
1872050 190
1872060 190
1872070 190
1872080 190
1872090 190
1872100 190
1872110 190
1872120 190
1872130 190
1872140 190
1872150 190
1872160 190
1872170 190
1872180 190
1872190 190
1872200 190
1872210 190
1872220 190
1872230 190
1872240 190
1872250 190
1872260 190
1872270 190
1872280 190
1872290 190
1872300 190
1872310 190
1872320 190
1872330 190
1872340 190
1872350 190
1872360 190
1872370 190
1872380 190
1872390 190
1872400 190
1872410 190
1872420 190
1872430 190
1872440 191
1872450 191
1872460 191
1872470 191
1872480 191
1872490 191
1872500 191
1872510 191
1872520 191
1872530 190
1872540 190
1872550 190
1872560 190
1872570 190
1872580 190
1872590 190
1872600 190
1872610 190
1872620 190
1872630 190
1872640 190
1872650 190
1872660 190
1872670 190
1872680 190
1872690 190
1872700 190
1872710 190
1872720 189
1872730 189
1872740 189
1872750 189
1872760 189
1872770 189
1872780 189
1872790 189
1872800 189
1872810 189
1872820 189
1872830 189
1872840 189
1872850 189
1872860 189
1872870 189
1872880 189
1872890 189
1872900 189
1872910 189
1872920 190
1872930 189
1872940 189
1872950 189
1872960 189
1872970 189
1872980 190
1872990 190
1873000 190
1873010 190
1873020 190
1873030 190
1873040 190
1873050 190
1873060 190
1873070 190
1873080 190
1873090 190
1873100 190
1873110 190
1873120 190
1873130 190
1873140 190
1873150 190
1873160 190
1873170 189
1873180 189
1873190 189
1873200 189
1873210 189
1873220 189
1873230 189
1873240 189
1873250 189
1873260 189
1873270 189
1873280 189
1873290 189
1873300 189
1873310 189
1873320 189
1873330 189
1873340 189
1873350 189
1873360 189
1873370 189
1873380 189
1873390 189
1873400 189
1873410 189
1873420 189
1873430 189
1873440 189
1873450 189
1873460 189
1873470 189
1873480 189
1873490 189
1873500 189
1873510 189
1873520 189
1873530 189
1873540 189
1873550 189
1873560 189
1873570 189
1873580 189
1873590 189
1873600 189
1873610 189
1873620 189
1873630 189
1873640 189
1873650 189
1873660 188
1873670 188
1873680 189
1873690 189
1873700 189
1873710 188
1873720 188
1873730 188
1873740 189
1873750 189
1873760 189
1873770 189
1873780 189
1873790 189
1873800 188
1873810 188
1873820 188
1873830 188
1873840 188
1873850 188
1873860 188
1873870 188
1873880 188
1873890 188
1873900 188
1873910 188
1873920 188
1873930 188
1873940 188
1873950 187
1873960 187
1873970 187
1873980 187
1873990 187
1874000 187
1874010 187
1874020 187
1874030 187
1874040 187
1874050 187
1874060 187
1874070 187
1874080 187
1874090 187
1874100 187
1874110 187
1874120 187
1874130 187
1874140 187
1874150 187
1874160 188
1874170 188
1874180 188
1874190 188
1874200 188
1874210 188
1874220 188
1874230 188
1874240 188
1874250 188
1874260 188
1874270 188
1874280 188
1874290 188
1874300 188
1874310 188
1874320 188
1874330 188
1874340 188
1874350 188
1874360 188
1874370 187
1874380 187
1874390 187
1874400 187
1874410 187
1874420 187
1874430 187
1874440 187
1874450 187
1874460 187
1874470 187
1874480 187
1874490 187
1874500 187
1874510 187
1874520 187
1874530 187
1874540 187
1874550 186
1874560 186
1874570 186
1874580 186
1874590 186
1874600 186
1874610 186
1874620 186
1874630 186
1874640 186
1874650 187
1874660 187
1874670 187
1874680 187
1874690 187
1874700 187
1874710 187
1874720 187
1874730 187
1874740 187
1874750 187
1874760 187
1874770 187
1874780 187
1874790 187
1874800 187
1874810 187
1874820 187
1874830 187
1874840 187
1874850 187
1874860 187
1874870 187
1874880 187
1874890 187
1874900 187
1874910 187
1874920 187
1874930 187
1874940 186
1874950 186
1874960 186
1874970 186
1874980 186
1874990 186
1875000 186
1875010 186
1875020 186
1875030 186
1875040 186
1875050 186
1875060 186
1875070 186
1875080 186
1875090 186
1875100 186
1875110 186
1875120 185
1875130 185
1875140 185
1875150 185
1875160 185
1875170 185
1875180 184
1875190 184
1875200 184
1875210 184
1875220 184
1875230 184
1875240 184
1875250 183
1875260 183
1875270 182
1875280 181
1875290 181
1875300 181
1875310 181
1875320 181
1875330 182
1875340 185
1875350 185
1875360 186
1875370 181
1875380 181
1875390 179
1875400 179
1875410 179
1875420 179
1875430 179
1875440 179
1875450 179
1875460 178
1875470 178
1875480 179
1875490 179
1875500 179
1875510 179
1875520 180
1875530 180
1875540 180
1875550 181
1875560 181
1875570 182
1875580 183
1875590 183
1875600 183
1875610 184
1875620 184
1875630 184
1875640 184
1875650 184
1875660 184
1875670 183
1875680 183
1875690 183
1875700 183
1875710 183
1875720 183
1875730 183
1875740 183
1875750 183
1875760 183
1875770 183
1875780 184
1875790 184
1875800 184
1875810 185
1875820 186
1875830 186
1875840 187
1875850 186
1875860 186
1875870 186
1875880 187
1875890 187
1875900 187
1875910 186
1875920 186
1875930 186
1875940 186
1875950 186
1875960 186
1875970 186
1875980 186
1875990 186
1876000 186
1876010 186
1876020 186
1876030 186
1876040 186
1876050 186
1876060 187
1876070 187
1876080 187
1876090 187
1876100 187
1876110 187
1876120 187
1876130 187
1876140 187
1876150 187
1876160 187
1876170 187
1876180 187
1876190 187
1876200 187
1876210 187
1876220 187
1876230 187
1876240 187
1876250 187
1876260 187
1876270 187
1876280 187
1876290 187
1876300 187
1876310 186
1876320 186
1876330 186
1876340 186
1876350 186
1876360 186
1876370 186
1876380 186
1876390 186
1876400 186
1876410 186
1876420 186
1876430 185
1876440 185
1876450 185
1876460 185
1876470 185
1876480 185
1876490 184
1876500 184
1876510 183
1876520 183
1876530 183
1876540 182
1876550 182
1876560 182
1876570 181
1876580 181
1876590 181
1876600 181
1876610 180
1876620 180
1876630 179
1876640 179
1876650 179
1876660 178
1876670 178
1876680 178
1876690 177
1876700 176
1876710 176
1876720 176
1876730 176
1876740 176
1876750 176
1876760 177
1876770 177
1876780 177
1876790 177
1876800 177
1876810 177
1876820 177
1876830 177
1876840 178
1876850 178
1876860 178
1876870 179
1876880 179
1876890 179
1876900 179
1876910 179
1876920 179
1876930 181
1876940 183
1876950 183
1876960 185
1876970 185
1876980 185
1876990 186
1877000 186
1877010 186
1877020 186
1877030 186
1877040 186
1877050 186
1877060 186
1877070 186
1877080 186
1877090 186
1877100 186
1877110 187
1877120 186
1877130 186
1877140 187
1877150 187
1877160 187
1877170 187
1877180 187
1877190 187
1877200 187
1877210 187
1877220 187
1877230 187
1877240 187
1877250 187
1877260 187
1877270 187
1877280 187
1877290 187
1877300 187
1877310 187
1877320 187
1877330 187
1877340 187
1877350 187
1877360 187
1877370 187
1877380 187
1877390 187
1877400 187
1877410 187
1877420 187
1877430 187
1877440 187
1877450 187
1877460 187
1877470 187
1877480 187
1877490 187
1877500 187
1877510 187
1877520 187
1877530 187
1877540 187
1877550 187
1877560 187
1877570 187
1877580 187
1877590 187
1877600 187
1877610 187
1877620 187
1877630 186
1877640 186
1877650 186
1877660 186
1877670 186
1877680 186
1877690 186
1877700 186
1877710 186
1877720 186
1877730 186
1877740 186
1877750 186
1877760 186
1877770 186
1877780 186
1877790 186
1877800 186
1877810 186
1877820 186
1877830 186
1877840 185
1877850 185
1877860 185
1877870 185
1877880 185
1877890 184
1877900 184
1877910 184
1877920 184
1877930 185
1877940 185
1877950 185
1877960 185
1877970 185
1877980 185
1877990 185
1878000 185
1878010 185
1878020 184
1878030 184
1878040 183
1878050 184
1878060 184
1878070 184
1878080 185
1878090 185
1878100 185
1878110 185
1878120 185
1878130 185
1878140 185
1878150 185
1878160 185
1878170 185
1878180 185
1878190 185
1878200 185
1878210 185
1878220 185
1878230 185
1878240 185
1878250 184
1878260 184
1878270 184
1878280 184
1878290 184
1878300 184
1878310 184
1878320 184
1878330 184
1878340 184
1878350 184
1878360 184
1878370 184
1878380 184
1878390 185
1878400 185
1878410 184
1878420 184
1878430 184
1878440 184
1878450 184
1878460 184
1878470 184
1878480 184
1878490 184
1878500 184
1878510 184
1878520 184
1878530 184
1878540 184
1878550 184
1878560 184
1878570 184
1878580 184
1878590 185
1878600 185
1878610 185
1878620 185
1878630 185
1878640 185
1878650 184
1878660 184
1878670 184
1878680 184
1878690 184
1878700 184
1878710 184
1878720 184
1878730 184
1878740 184
1878750 184
1878760 184
1878770 184
1878780 185
1878790 185
1878800 185
1878810 184
1878820 184
1878830 184
1878840 184
1878850 184
1878860 184
1878870 184
1878880 184
1878890 184
1878900 184
1878910 184
1878920 184
1878930 184
1878940 184
1878950 184
1878960 184
1878970 184
1878980 184
1878990 183
1879000 183
1879010 183
1879020 183
1879030 183
1879040 183
1879050 183
1879060 183
1879070 183
1879080 183
1879090 183
1879100 183
1879110 183
1879120 183
1879130 183
1879140 183
1879150 183
1879160 184
1879170 184
1879180 184
1879190 184
1879200 184
1879210 184
1879220 184
1879230 184
1879240 184
1879250 184
1879260 184
1879270 184
1879280 185
1879290 185
1879300 185
1879310 185
1879320 184
1879330 184
1879340 184
1879350 184
1879360 184
1879370 185
1879380 185
1879390 185
1879400 185
1879410 185
1879420 185
1879430 185
1879440 185
1879450 185
1879460 185
1879470 185
1879480 185
1879490 185
1879500 185
1879510 185
1879520 185
1879530 185
1879540 185
1879550 185
1879560 185
1879570 185
1879580 184
1879590 184
1879600 184
1879610 184
1879620 184
1879630 184
1879640 184
1879650 184
1879660 184
1879670 184
1879680 184
1879690 184
1879700 184
1879710 184
1879720 184
1879730 184
1879740 184
1879750 184
1879760 184
1879770 184
1879780 184
1879790 184
1879800 184
1879810 184
1879820 184
1879830 184
1879840 184
1879850 184
1879860 184
1879870 184
1879880 184
1879890 184
1879900 184
1879910 184
1879920 183
1879930 183
1879940 183
1879950 183
1879960 183
1879970 183
1879980 183
1879990 183
