1860000 145
1860010 145
1860020 146
1860030 146
1860040 148
1860050 148
1860060 148
1860070 149
1860080 154
1860090 149
1860100 153
1860110 154
1860120 154
1860130 154
1860140 153
1860150 153
1860160 155
1860170 158
1860180 158
1860190 161
1860200 162
1860210 162
1860220 161
1860230 161
1860240 161
1860250 162
1860260 164
1860270 164
1860280 169
1860290 174
1860300 174
1860310 174
1860320 174
1860330 174
1860340 174
1860350 174
1860360 174
1860370 174
1860380 174
1860390 174
1860400 174
1860410 174
1860420 174
1860430 171
1860440 173
1860450 173
1860460 177
1860470 176
1860480 176
1860490 172
1860500 171
1860510 171
1860520 170
1860530 169
1860540 169
1860550 169
1860560 169
1860570 169
1860580 172
1860590 178
1860600 178
1860610 182
1860620 182
1860630 182
1860640 182
1860650 183
1860660 183
1860670 183
1860680 183
1860690 183
1860700 184
1860710 184
1860720 184
1860730 184
1860740 184
1860750 184
1860760 184
1860770 184
1860780 184
1860790 184
1860800 184
1860810 184
1860820 184
1860830 183
1860840 183
1860850 184
1860860 184
1860870 184
1860880 184
1860890 184
1860900 184
1860910 184
1860920 185
1860930 184
1860940 184
1860950 184
1860960 184
1860970 184
1860980 184
1860990 183
1861000 183
1861010 183
1861020 183
1861030 183
1861040 183
1861050 184
1861060 184
1861070 184
1861080 184
1861090 184
1861100 184
1861110 185
1861120 184
1861130 184
1861140 184
1861150 184
1861160 184
1861170 184
1861180 184
1861190 184
1861200 184
1861210 184
1861220 184
1861230 184
1861240 184
1861250 183
1861260 183
1861270 183
1861280 183
1861290 182
1861300 182
1861310 182
1861320 181
1861330 181
1861340 179
1861350 179
1861360 179
1861370 179
1861380 178
1861390 178
1861400 176
1861410 176
1861420 176
1861430 175
1861440 171
1861450 171
1861460 164
1861470 161
1861480 161
1861490 161
1861500 169
1861510 169
1861520 175
1861530 176
1861540 176
1861550 177
1861560 179
1861570 179
1861580 181
1861590 183
1861600 183
1861610 184
1861620 184
1861630 184
1861640 184
1861650 182
1861660 182
1861670 180
1861680 179
1861690 179
1861700 177
1861710 175
1861720 175
1861730 175
1861740 179
1861750 179
1861760 180
1861770 179
1861780 179
1861790 175
1861800 173
1861810 171
1861820 170
1861830 169
1861840 169
1861850 169
1861860 170
1861870 170
1861880 173
1861890 179
1861900 179
1861910 183
1861920 183
1861930 183
1861940 183
1861950 182
1861960 182
1861970 181
1861980 178
1861990 178
1862000 173
1862010 168
1862020 168
1862030 164
1862040 167
1862050 167
1862060 174
1862070 175
1862080 175
1862090 174
1862100 174
1862110 174
1862120 177
1862130 176
1862140 176
1862150 174
1862160 171
1862170 171
1862180 167
1862190 165
1862200 165
1862210 165
1862220 165
1862230 165
1862240 166
1862250 166
1862260 166
1862270 165
1862280 159
1862290 159
1862300 158
1862310 157
1862320 157
1862330 157
1862340 156
1862350 156
1862360 156
1862370 154
1862380 154
1862390 153
1862400 153
1862410 153
1862420 153
1862430 153
1862440 153
1862450 153
1862460 153
1862470 153
1862480 151
1862490 150
1862500 150
1862510 149
1862520 149
1862530 149
1862540 149
1862550 149
1862560 149
1862570 149
1862580 149
1862590 149
1862600 148
1862610 148
1862620 148
1862630 148
1862640 148
1862650 148
1862660 148
1862670 148
1862680 148
1862690 148
1862700 148
1862710 148
1862720 148
1862730 148
1862740 148
1862750 148
1862760 147
1862770 147
1862780 147
1862790 147
1862800 147
1862810 147
1862820 147
1862830 147
1862840 147
1862850 147
1862860 147
1862870 147
1862880 147
1862890 147
1862900 147
1862910 147
1862920 147
1862930 147
1862940 147
1862950 147
1862960 147
1862970 147
1862980 147
1862990 146
1863000 146
1863010 146
1863020 146
1863030 146
1863040 146
1863050 146
1863060 146
1863070 146
1863080 146
1863090 146
1863100 146
1863110 146
1863120 146
1863130 146
1863140 146
1863150 146
1863160 146
1863170 146
1863180 146
1863190 146
1863200 146
1863210 146
1863220 146
1863230 146
1863240 145
1863250 145
1863260 144
1863270 147
1863280 147
1863290 148
1863300 147
1863310 147
1863320 147
1863330 147
1863340 147
1863350 147
1863360 147
1863370 147
1863380 147
1863390 147
1863400 147
1863410 147
1863420 147
1863430 147
1863440 147
1863450 147
1863460 147
1863470 147
1863480 147
1863490 147
1863500 147
1863510 147
1863520 147
1863530 147
1863540 147
1863550 147
1863560 147
1863570 147
1863580 147
1863590 147
1863600 147
1863610 146
1863620 146
1863630 144
1863640 143
1863650 143
1863660 143
1863670 143
1863680 143
1863690 143
1863700 143
1863710 143
1863720 143
1863730 144
1863740 144
1863750 145
1863760 146
1863770 146
1863780 146
1863790 146
1863800 146
1863810 147
1863820 146
1863830 146
1863840 146
1863850 146
1863860 146
1863870 146
1863880 147
1863890 147
1863900 146
1863910 146
1863920 146
1863930 146
1863940 146
1863950 146
1863960 144
1863970 143
1863980 143
1863990 143
1864000 143
1864010 143
1864020 146
1864030 147
1864040 147
1864050 147
1864060 147
1864070 147
1864080 147
1864090 147
1864100 147
1864110 146
1864120 146
1864130 146
1864140 147
1864150 147
1864160 147
1864170 147
1864180 147
1864190 147
1864200 147
1864210 147
1864220 147
1864230 147
1864240 147
1864250 147
1864260 147
1864270 147
1864280 147
1864290 147
1864300 147
1864310 147
1864320 147
1864330 147
1864340 147
1864350 146
1864360 146
1864370 146
1864380 147
1864390 147
1864400 147
1864410 147
1864420 147
1864430 147
1864440 147
1864450 146
1864460 146
1864470 146
1864480 146
1864490 146
1864500 146
1864510 146
1864520 146
1864530 146
1864540 146
1864550 146
1864560 146
1864570 146
1864580 146
1864590 146
1864600 146
1864610 146
1864620 146
1864630 147
1864640 147
1864650 147
1864660 146
1864670 146
1864680 146
1864690 146
1864700 146
1864710 146
1864720 147
1864730 147
1864740 146
1864750 146
1864760 146
1864770 145
1864780 144
1864790 144
1864800 142
1864810 144
1864820 144
1864830 147
1864840 147
1864850 147
1864860 147
1864870 146
1864880 146
1864890 146
1864900 146
1864910 146
1864920 146
1864930 146
1864940 146
1864950 146
1864960 146
1864970 146
1864980 146
1864990 146
1865000 146
1865010 146
1865020 146
1865030 146
1865040 146
1865050 146
1865060 146
1865070 146
1865080 146
1865090 146
1865100 146
1865110 146
1865120 146
1865130 145
1865140 145
1865150 145
1865160 145
1865170 146
1865180 146
1865190 145
1865200 145
1865210 145
1865220 144
1865230 144
1865240 144
1865250 146
1865260 146
1865270 146
1865280 146
1865290 145
1865300 145
1865310 143
1865320 143
1865330 143
1865340 143
1865350 142
1865360 142
1865370 142
1865380 142
1865390 142
1865400 142
1865410 142
1865420 142
1865430 142
1865440 143
1865450 143
1865460 144
1865470 147
1865480 147
1865490 147
1865500 147
1865510 147
1865520 147
1865530 147
1865540 147
1865550 147
1865560 147
1865570 147
1865580 147
1865590 147
1865600 147
1865610 146
1865620 146
1865630 146
1865640 146
1865650 146
1865660 146
1865670 146
1865680 147
1865690 147
1865700 147
1865710 146
1865720 146
1865730 146
1865740 146
1865750 146
1865760 146
1865770 146
1865780 146
1865790 147
1865800 146
1865810 146
1865820 146
1865830 146
1865840 146
1865850 146
1865860 146
1865870 146
1865880 146
1865890 145
1865900 144
1865910 144
1865920 144
1865930 145
1865940 145
1865950 145
1865960 145
1865970 145
1865980 145
1865990 145
1866000 145
1866010 145
1866020 145
1866030 145
1866040 145
1866050 145
1866060 145
1866070 145
1866080 146
1866090 146
1866100 145
1866110 143
1866120 143
1866130 143
1866140 145
1866150 145
1866160 146
1866170 146
1866180 146
1866190 146
1866200 145
1866210 145
1866220 145
1866230 145
1866240 145
1866250 146
1866260 146
1866270 146
1866280 146
1866290 145
1866300 145
1866310 145
1866320 145
1866330 145
1866340 145
1866350 146
1866360 146
1866370 146
1866380 145
1866390 145
1866400 143
1866410 145
1866420 145
1866430 147
1866440 146
1866450 146
1866460 146
1866470 146
1866480 146
1866490 146
1866500 146
1866510 146
1866520 146
1866530 146
1866540 146
1866550 146
1866560 146
1866570 146
1866580 146
1866590 146
1866600 146
1866610 146
1866620 146
1866630 146
1866640 146
1866650 146
1866660 146
1866670 147
1866680 147
1866690 147
1866700 147
1866710 146
1866720 146
1866730 146
1866740 146
1866750 146
1866760 146
1866770 146
1866780 146
1866790 145
1866800 145
1866810 145
1866820 146
1866830 146
1866840 146
1866850 146
1866860 146
1866870 146
1866880 146
1866890 146
1866900 146
1866910 146
1866920 146
1866930 146
1866940 146
1866950 146
1866960 146
1866970 146
1866980 146
1866990 146
1867000 146
1867010 146
1867020 146
1867030 146
1867040 146
1867050 146
1867060 146
1867070 146
1867080 146
1867090 146
1867100 146
1867110 146
1867120 146
1867130 146
1867140 146
1867150 146
1867160 146
1867170 146
1867180 146
1867190 145
1867200 145
1867210 145
1867220 145
1867230 145
1867240 145
1867250 145
1867260 145
1867270 145
1867280 145
1867290 145
1867300 145
1867310 145
1867320 145
1867330 146
1867340 146
1867350 146
1867360 146
1867370 146
1867380 146
1867390 145
1867400 145
1867410 145
1867420 145
1867430 145
1867440 145
1867450 145
1867460 146
1867470 146
1867480 146
1867490 146
1867500 146
1867510 146
1867520 146
1867530 146
1867540 146
1867550 147
1867560 147
1867570 147
1867580 147
1867590 145
1867600 144
1867610 144
1867620 144
1867630 144
1867640 144
1867650 144
1867660 144
1867670 144
1867680 144
1867690 142
1867700 143
1867710 143
1867720 143
1867730 142
1867740 142
1867750 142
1867760 143
1867770 143
1867780 143
1867790 143
1867800 143
1867810 144
1867820 144
1867830 144
1867840 143
1867850 143
1867860 143
1867870 143
1867880 143
1867890 143
1867900 143
1867910 142
1867920 142
1867930 142
1867940 142
1867950 142
1867960 142
1867970 142
1867980 142
1867990 142
1868000 142
1868010 142
1868020 142
1868030 142
1868040 142
1868050 142
1868060 142
1868070 142
1868080 142
1868090 142
1868100 142
1868110 142
1868120 142
1868130 142
1868140 143
1868150 143
1868160 143
1868170 143
1868180 143
1868190 143
1868200 143
1868210 143
1868220 143
1868230 143
1868240 143
1868250 143
1868260 143
1868270 143
1868280 143
1868290 143
1868300 143
1868310 143
1868320 143
1868330 143
1868340 143
1868350 143
1868360 143
1868370 143
1868380 143
1868390 143
1868400 143
1868410 143
1868420 143
1868430 143
1868440 143
1868450 143
1868460 143
1868470 143
1868480 143
1868490 143
1868500 143
1868510 143
1868520 143
1868530 143
1868540 143
1868550 144
1868560 144
1868570 144
1868580 144
1868590 144
1868600 144
1868610 144
1868620 144
1868630 144
1868640 144
1868650 144
1868660 144
1868670 144
1868680 144
1868690 144
1868700 144
1868710 144
1868720 144
1868730 144
1868740 144
1868750 144
1868760 144
1868770 144
1868780 144
1868790 144
1868800 144
1868810 144
1868820 144
1868830 144
1868840 144
1868850 144
1868860 144
1868870 144
1868880 144
1868890 144
1868900 144
1868910 144
1868920 144
1868930 144
1868940 144
1868950 144
1868960 144
1868970 144
1868980 144
1868990 144
1869000 144
1869010 144
1869020 144
1869030 144
1869040 144
1869050 144
1869060 144
1869070 144
1869080 144
1869090 144
1869100 144
1869110 144
1869120 144
1869130 144
1869140 144
1869150 144
1869160 144
1869170 144
1869180 144
1869190 144
1869200 144
1869210 144
1869220 144
1869230 144
1869240 144
1869250 144
1869260 144
1869270 144
1869280 144
1869290 144
1869300 144
1869310 144
1869320 144
1869330 144
1869340 144
1869350 144
1869360 144
1869370 144
1869380 144
1869390 144
1869400 144
1869410 144
1869420 144
1869430 144
1869440 144
1869450 145
1869460 145
1869470 145
1869480 145
1869490 145
1869500 145
1869510 145
1869520 145
1869530 145
1869540 145
1869550 145
1869560 145
1869570 145
1869580 145
1869590 145
1869600 145
1869610 147
1869620 147
1869630 147
1869640 147
1869650 147
1869660 147
1869670 147
1869680 146
1869690 146
1869700 146
1869710 146
1869720 146
1869730 146
1869740 146
1869750 146
1869760 146
1869770 146
1869780 146
1869790 146
1869800 145
1869810 145
1869820 145
1869830 145
1869840 145
1869850 145
1869860 144
1869870 144
1869880 144
1869890 144
1869900 144
1869910 144
1869920 144
1869930 144
1869940 144
1869950 146
1869960 145
1869970 145
1869980 145
1869990 144
1870000 144
1870010 144
1870020 144
1870030 144
1870040 144
1870050 144
1870060 144
1870070 144
1870080 144
1870090 144
1870100 144
1870110 144
1870120 144
1870130 144
1870140 144
1870150 144
1870160 144
1870170 144
1870180 144
1870190 144
1870200 144
1870210 144
1870220 144
1870230 144
1870240 144
1870250 144
1870260 144
1870270 144
1870280 144
1870290 144
1870300 144
1870310 144
1870320 144
1870330 144
1870340 144
1870350 144
1870360 144
1870370 144
1870380 144
1870390 144
1870400 144
1870410 144
1870420 144
1870430 144
1870440 144
1870450 144
1870460 144
1870470 144
1870480 144
1870490 144
1870500 144
1870510 144
1870520 144
1870530 144
1870540 144
1870550 144
1870560 144
1870570 144
1870580 144
1870590 144
1870600 144
1870610 144
1870620 144
1870630 144
1870640 144
1870650 144
1870660 144
1870670 144
1870680 144
1870690 144
1870700 144
1870710 144
1870720 144
1870730 144
1870740 144
1870750 144
1870760 144
1870770 144
1870780 144
1870790 144
1870800 144
1870810 144
1870820 144
1870830 144
1870840 144
1870850 144
1870860 144
1870870 144
1870880 144
1870890 144
1870900 144
1870910 143
1870920 144
1870930 144
1870940 144
1870950 143
1870960 143
1870970 143
1870980 144
1870990 144
1871000 144
1871010 143
1871020 144
1871030 144
1871040 143
1871050 143
1871060 143
1871070 143
1871080 143
1871090 143
1871100 143
1871110 143
1871120 143
1871130 143
1871140 143
1871150 143
1871160 143
1871170 143
1871180 143
1871190 143
1871200 143
1871210 143
1871220 143
1871230 143
1871240 143
1871250 143
1871260 143
1871270 143
1871280 143
1871290 143
1871300 143
1871310 143
1871320 143
1871330 143
1871340 143
1871350 143
1871360 143
1871370 143
1871380 143
1871390 143
1871400 143
1871410 143
1871420 143
1871430 143
1871440 143
1871450 143
1871460 143
1871470 143
1871480 143
1871490 143
1871500 143
1871510 143
1871520 143
1871530 143
1871540 143
1871550 143
1871560 143
1871570 143
1871580 143
1871590 143
1871600 143
1871610 143
1871620 143
1871630 143
1871640 143
1871650 143
1871660 143
1871670 143
1871680 143
1871690 143
1871700 143
1871710 143
1871720 143
1871730 143
1871740 143
1871750 143
1871760 143
1871770 143
1871780 143
1871790 143
1871800 143
1871810 143
1871820 143
1871830 143
1871840 143
1871850 143
1871860 143
1871870 143
1871880 143
1871890 143
1871900 143
1871910 143
1871920 143
1871930 143
1871940 143
1871950 143
1871960 143
1871970 143
1871980 143
1871990 143
1872000 143
1872010 143
1872020 143
1872030 143
1872040 143
1872050 143
1872060 143
1872070 143
1872080 143
1872090 143
1872100 143
1872110 143
1872120 143
1872130 143
1872140 143
1872150 143
1872160 143
1872170 143
1872180 143
1872190 143
1872200 143
1872210 143
1872220 143
1872230 143
1872240 143
1872250 143
1872260 143
1872270 143
1872280 143
1872290 143
1872300 143
1872310 143
1872320 143
1872330 143
1872340 143
1872350 143
1872360 144
1872370 144
1872380 144
1872390 145
1872400 145
1872410 145
1872420 146
1872430 146
1872440 146
1872450 145
1872460 145
1872470 145
1872480 146
1872490 145
1872500 145
1872510 145
1872520 145
1872530 145
1872540 145
1872550 145
1872560 145
1872570 145
1872580 145
1872590 145
1872600 145
1872610 145
1872620 145
1872630 145
1872640 145
1872650 145
1872660 145
1872670 145
1872680 145
1872690 145
1872700 145
1872710 145
1872720 145
1872730 145
1872740 145
1872750 145
1872760 145
1872770 145
1872780 145
1872790 145
1872800 145
1872810 145
1872820 145
1872830 145
1872840 145
1872850 144
1872860 144
1872870 143
1872880 143
1872890 143
1872900 143
1872910 142
1872920 142
1872930 143
1872940 143
1872950 143
1872960 143
1872970 143
1872980 143
1872990 143
1873000 143
1873010 143
1873020 143
1873030 142
1873040 142
1873050 143
1873060 143
1873070 143
1873080 143
1873090 143
1873100 143
1873110 143
1873120 143
1873130 143
1873140 143
1873150 143
1873160 143
1873170 143
1873180 143
1873190 143
1873200 143
1873210 143
1873220 143
1873230 143
1873240 143
1873250 143
1873260 143
1873270 142
1873280 142
1873290 144
1873300 144
1873310 144
1873320 144
1873330 143
1873340 143
1873350 143
1873360 143
1873370 143
1873380 143
1873390 143
1873400 143
1873410 143
1873420 143
1873430 143
1873440 143
1873450 143
1873460 143
1873470 143
1873480 143
1873490 143
1873500 143
1873510 143
1873520 143
1873530 143
1873540 143
1873550 143
1873560 143
1873570 143
1873580 143
1873590 143
1873600 143
1873610 143
1873620 143
1873630 142
1873640 142
1873650 142
1873660 142
1873670 143
1873680 143
1873690 143
1873700 143
1873710 143
1873720 143
1873730 143
1873740 143
1873750 143
1873760 143
1873770 143
1873780 143
1873790 143
1873800 143
1873810 143
1873820 143
1873830 143
1873840 143
1873850 143
1873860 143
1873870 143
1873880 143
1873890 143
1873900 143
1873910 143
1873920 143
1873930 143
1873940 143
1873950 143
1873960 143
1873970 143
1873980 143
1873990 143
1874000 143
1874010 143
1874020 143
1874030 143
1874040 143
1874050 143
1874060 143
1874070 143
1874080 143
1874090 143
1874100 143
1874110 143
1874120 143
1874130 143
1874140 143
1874150 143
1874160 143
1874170 143
1874180 143
1874190 143
1874200 143
1874210 143
1874220 143
1874230 143
1874240 143
1874250 143
1874260 145
1874270 145
1874280 145
1874290 145
1874300 145
1874310 145
1874320 145
1874330 145
1874340 145
1874350 144
1874360 145
1874370 145
1874380 145
1874390 145
1874400 145
1874410 145
1874420 145
1874430 145
1874440 145
1874450 145
1874460 145
1874470 145
1874480 144
1874490 144
1874500 144
1874510 144
1874520 144
1874530 144
1874540 144
1874550 144
1874560 144
1874570 145
1874580 145
1874590 144
1874600 144
1874610 144
1874620 144
1874630 145
1874640 145
1874650 144
1874660 143
1874670 143
1874680 142
1874690 142
1874700 142
1874710 142
1874720 142
1874730 142
1874740 143
1874750 142
1874760 142
1874770 142
1874780 143
1874790 143
1874800 143
1874810 143
1874820 143
1874830 142
1874840 143
1874850 143
1874860 143
1874870 143
1874880 143
1874890 143
1874900 144
1874910 144
1874920 144
1874930 145
1874940 145
1874950 145
1874960 145
1874970 145
1874980 145
1874990 145
1875000 145
1875010 145
1875020 145
1875030 145
1875040 146
1875050 145
1875060 145
1875070 145
1875080 145
1875090 145
1875100 145
1875110 145
1875120 145
1875130 145
1875140 145
1875150 145
1875160 145
1875170 146
1875180 146
1875190 144
1875200 144
1875210 144
1875220 144
1875230 144
1875240 144
1875250 144
1875260 144
1875270 144
1875280 144
1875290 144
1875300 144
1875310 144
1875320 144
1875330 144
1875340 144
1875350 144
1875360 144
1875370 144
1875380 144
1875390 144
1875400 143
1875410 143
1875420 143
1875430 143
1875440 143
1875450 143
1875460 143
1875470 143
1875480 143
1875490 143
1875500 143
1875510 143
1875520 143
1875530 143
1875540 143
1875550 143
1875560 143
1875570 143
1875580 143
1875590 143
1875600 143
1875610 143
1875620 143
1875630 143
1875640 143
1875650 143
1875660 143
1875670 143
1875680 143
1875690 143
1875700 143
1875710 143
1875720 143
1875730 143
1875740 143
1875750 143
1875760 143
1875770 143
1875780 143
1875790 143
1875800 143
1875810 143
1875820 143
1875830 143
1875840 143
1875850 143
1875860 143
1875870 143
1875880 143
1875890 143
1875900 143
1875910 143
1875920 144
1875930 144
1875940 143
1875950 143
1875960 143
1875970 143
1875980 144
1875990 144
1876000 144
1876010 144
1876020 145
1876030 145
1876040 145
1876050 144
1876060 144
1876070 144
1876080 144
1876090 144
1876100 144
1876110 144
1876120 144
1876130 144
1876140 144
1876150 144
1876160 144
1876170 144
1876180 144
1876190 144
1876200 144
1876210 144
1876220 144
1876230 144
1876240 144
1876250 144
1876260 144
1876270 144
1876280 144
1876290 144
1876300 144
1876310 144
1876320 144
1876330 144
1876340 144
1876350 144
1876360 144
1876370 144
1876380 144
1876390 144
1876400 143
1876410 143
1876420 143
1876430 143
1876440 143
1876450 143
1876460 143
1876470 143
1876480 143
1876490 143
1876500 143
1876510 143
1876520 143
1876530 143
1876540 143
1876550 143
1876560 144
1876570 144
1876580 144
1876590 144
1876600 144
1876610 144
1876620 144
1876630 144
1876640 144
1876650 143
1876660 143
1876670 144
1876680 144
1876690 144
1876700 144
1876710 144
1876720 144
1876730 144
1876740 144
1876750 144
1876760 144
1876770 144
1876780 144
1876790 145
1876800 145
1876810 145
1876820 145
1876830 145
1876840 145
1876850 145
1876860 145
1876870 145
1876880 145
1876890 145
1876900 145
1876910 145
1876920 145
1876930 144
1876940 144
1876950 144
1876960 144
1876970 144
1876980 144
1876990 144
1877000 144
1877010 144
1877020 144
1877030 144
1877040 143
1877050 143
1877060 144
1877070 144
1877080 144
1877090 144
1877100 143
1877110 143
1877120 143
1877130 143
1877140 143
1877150 143
1877160 143
1877170 143
1877180 143
1877190 143
1877200 143
1877210 143
1877220 143
1877230 143
1877240 143
1877250 143
1877260 143
1877270 143
1877280 143
1877290 143
1877300 143
1877310 143
1877320 143
1877330 143
1877340 143
1877350 143
1877360 143
1877370 143
1877380 143
1877390 143
1877400 143
1877410 143
1877420 143
1877430 143
1877440 143
1877450 143
1877460 143
1877470 143
1877480 143
1877490 143
1877500 143
1877510 143
1877520 143
1877530 143
1877540 144
1877550 144
1877560 144
1877570 143
1877580 143
1877590 143
1877600 143
1877610 142
1877620 142
1877630 141
1877640 141
1877650 141
1877660 141
1877670 142
1877680 142
1877690 142
1877700 143
1877710 143
1877720 144
1877730 144
1877740 144
1877750 144
1877760 144
1877770 144
1877780 144
1877790 144
1877800 144
1877810 144
1877820 144
1877830 144
1877840 144
1877850 144
1877860 144
1877870 143
1877880 143
1877890 143
1877900 143
1877910 143
1877920 143
1877930 143
1877940 143
1877950 143
1877960 143
1877970 143
1877980 143
1877990 143
1878000 143
1878010 143
1878020 143
1878030 143
1878040 143
1878050 143
1878060 143
1878070 143
1878080 143
1878090 143
1878100 143
1878110 142
1878120 142
1878130 142
1878140 142
1878150 142
1878160 142
1878170 142
1878180 142
1878190 142
1878200 142
1878210 142
1878220 142
1878230 143
1878240 143
1878250 142
1878260 142
1878270 142
1878280 142
1878290 142
1878300 142
1878310 142
1878320 142
1878330 143
1878340 143
1878350 143
1878360 143
1878370 143
1878380 143
1878390 143
1878400 143
1878410 143
1878420 144
1878430 144
1878440 143
1878450 142
1878460 142
1878470 141
1878480 141
1878490 141
1878500 142
1878510 143
1878520 143
1878530 143
1878540 143
1878550 144
1878560 144
1878570 145
1878580 144
1878590 144
1878600 145
1878610 145
1878620 145
1878630 146
1878640 146
1878650 146
1878660 147
1878670 148
1878680 148
1878690 149
1878700 151
1878710 151
1878720 152
1878730 153
1878740 153
1878750 154
1878760 156
1878770 156
1878780 158
1878790 160
1878800 160
1878810 163
1878820 166
1878830 166
1878840 169
1878850 173
1878860 173
1878870 178
1878880 182
1878890 182
1878900 184
1878910 183
1878920 183
1878930 184
1878940 184
1878950 184
1878960 184
1878970 184
1878980 184
1878990 184
1879000 184
1879010 184
1879020 184
1879030 183
1879040 183
1879050 183
1879060 183
1879070 183
1879080 183
1879090 183
1879100 183
1879110 183
1879120 183
1879130 183
1879140 183
1879150 183
1879160 183
1879170 183
1879180 183
1879190 183
1879200 183
1879210 183
1879220 183
1879230 183
1879240 183
1879250 183
1879260 184
1879270 184
1879280 184
1879290 184
1879300 184
1879310 184
1879320 183
1879330 183
1879340 183
1879350 183
1879360 183
1879370 183
1879380 183
1879390 183
1879400 183
1879410 182
1879420 182
1879430 182
1879440 182
1879450 182
1879460 182
1879470 182
1879480 182
1879490 182
1879500 182
1879510 182
1879520 182
1879530 182
1879540 182
1879550 182
1879560 182
1879570 182
1879580 182
1879590 182
1879600 181
1879610 181
1879620 181
1879630 181
1879640 181
1879650 181
1879660 181
1879670 181
1879680 181
1879690 181
1879700 181
1879710 181
1879720 181
1879730 181
1879740 181
1879750 180
1879760 180
1879770 180
1879780 180
1879790 180
1879800 180
1879810 180
1879820 180
1879830 180
1879840 180
1879850 180
1879860 181
1879870 181
1879880 181
1879890 181
1879900 181
1879910 181
1879920 181
1879930 180
1879940 180
1879950 180
1879960 180
1879970 180
1879980 180
1879990 180
