1860000 183
1860010 183
1860020 183
1860030 183
1860040 183
1860050 182
1860060 182
1860070 182
1860080 182
1860090 182
1860100 182
1860110 181
1860120 181
1860130 182
1860140 182
1860150 182
1860160 182
1860170 182
1860180 182
1860190 182
1860200 182
1860210 182
1860220 182
1860230 183
1860240 183
1860250 183
1860260 184
1860270 184
1860280 185
1860290 185
1860300 185
1860310 185
1860320 186
1860330 186
1860340 186
1860350 186
1860360 186
1860370 186
1860380 186
1860390 186
1860400 186
1860410 186
1860420 186
1860430 186
1860440 187
1860450 187
1860460 187
1860470 187
1860480 187
1860490 187
1860500 187
1860510 187
1860520 187
1860530 187
1860540 187
1860550 187
1860560 187
1860570 187
1860580 186
1860590 186
1860600 186
1860610 186
1860620 186
1860630 186
1860640 185
1860650 185
1860660 185
1860670 185
1860680 185
1860690 185
1860700 185
1860710 185
1860720 185
1860730 185
1860740 186
1860750 186
1860760 186
1860770 186
1860780 186
1860790 186
1860800 186
1860810 186
1860820 186
1860830 186
1860840 186
1860850 187
1860860 187
1860870 187
1860880 187
1860890 187
1860900 187
1860910 187
1860920 187
1860930 187
1860940 187
1860950 187
1860960 187
1860970 187
1860980 187
1860990 187
1861000 187
1861010 187
1861020 187
1861030 187
1861040 187
1861050 187
1861060 187
1861070 187
1861080 187
1861090 187
1861100 187
1861110 187
1861120 187
1861130 187
1861140 187
1861150 187
1861160 187
1861170 187
1861180 187
1861190 187
1861200 187
1861210 187
1861220 186
1861230 186
1861240 186
1861250 186
1861260 186
1861270 186
1861280 185
1861290 185
1861300 185
1861310 184
1861320 184
1861330 184
1861340 184
1861350 184
1861360 183
1861370 183
1861380 183
1861390 183
1861400 183
1861410 183
1861420 183
1861430 183
1861440 183
1861450 183
1861460 183
1861470 183
1861480 182
1861490 182
1861500 182
1861510 183
1861520 183
1861530 183
1861540 183
1861550 183
1861560 183
1861570 183
1861580 184
1861590 184
1861600 184
1861610 184
1861620 184
1861630 183
1861640 183
1861650 183
1861660 183
1861670 183
1861680 183
1861690 184
1861700 184
1861710 184
1861720 184
1861730 185
1861740 185
1861750 185
1861760 185
1861770 185
1861780 186
1861790 186
1861800 186
1861810 186
1861820 186
1861830 186
1861840 186
1861850 186
1861860 186
1861870 186
1861880 187
1861890 187
1861900 187
1861910 187
1861920 187
1861930 187
1861940 187
1861950 187
1861960 187
1861970 187
1861980 187
1861990 187
1862000 187
1862010 187
1862020 187
1862030 187
1862040 187
1862050 187
1862060 187
1862070 187
1862080 187
1862090 187
1862100 187
1862110 187
1862120 187
1862130 187
1862140 187
1862150 186
1862160 186
1862170 186
1862180 185
1862190 185
1862200 185
1862210 184
1862220 184
1862230 184
1862240 183
1862250 182
1862260 182
1862270 181
1862280 179
1862290 179
1862300 176
1862310 175
1862320 175
1862330 174
1862340 174
1862350 174
1862360 173
1862370 173
1862380 173
1862390 172
1862400 171
1862410 171
1862420 171
1862430 170
1862440 170
1862450 170
1862460 169
1862470 169
1862480 169
1862490 168
1862500 168
1862510 168
1862520 168
1862530 168
1862540 168
1862550 167
1862560 167
1862570 166
1862580 166
1862590 166
1862600 164
1862610 158
1862620 158
1862630 155
1862640 158
1862650 158
1862660 157
1862670 156
1862680 156
1862690 161
1862700 166
1862710 166
1862720 167
1862730 167
1862740 167
1862750 168
1862760 169
1862770 169
1862780 171
1862790 173
1862800 173
1862810 175
1862820 178
1862830 178
1862840 179
1862850 179
1862860 179
1862870 179
1862880 178
1862890 178
1862900 178
1862910 180
1862920 180
1862930 183
1862940 185
1862950 185
1862960 186
1862970 186
1862980 186
1862990 187
1863000 187
1863010 187
1863020 187
1863030 187
1863040 187
1863050 187
1863060 187
1863070 187
1863080 187
1863090 187
1863100 187
1863110 187
1863120 187
1863130 187
1863140 187
1863150 187
1863160 187
1863170 187
1863180 187
1863190 187
1863200 187
1863210 187
1863220 187
1863230 187
1863240 187
1863250 187
1863260 187
1863270 187
1863280 187
1863290 187
1863300 186
1863310 186
1863320 182
1863330 179
1863340 179
1863350 175
1863360 171
1863370 171
1863380 168
1863390 167
1863400 167
1863410 166
1863420 167
1863430 167
1863440 166
1863450 166
1863460 166
1863470 167
1863480 170
1863490 170
1863500 166
1863510 162
1863520 162
1863530 158
1863540 155
1863550 155
1863560 155
1863570 157
1863580 157
1863590 159
1863600 159
1863610 159
1863620 157
1863630 155
1863640 155
1863650 153
1863660 153
1863670 153
1863680 152
1863690 152
1863700 152
1863710 153
1863720 152
1863730 152
1863740 153
1863750 152
1863760 152
1863770 150
1863780 150
1863790 150
1863800 149
1863810 147
1863820 147
1863830 147
1863840 146
1863850 146
1863860 146
1863870 146
1863880 146
1863890 146
1863900 146
1863910 146
1863920 146
1863930 147
1863940 147
1863950 146
1863960 146
1863970 146
1863980 147
1863990 147
1864000 147
1864010 147
1864020 147
1864030 147
1864040 147
1864050 146
1864060 146
1864070 146
1864080 146
1864090 146
1864100 146
1864110 146
1864120 146
1864130 146
1864140 146
1864150 146
1864160 146
1864170 146
1864180 146
1864190 146
1864200 145
1864210 145
1864220 145
1864230 145
1864240 145
1864250 145
1864260 145
1864270 145
1864280 145
1864290 143
1864300 143
1864310 143
1864320 144
1864330 144
1864340 147
1864350 147
1864360 147
1864370 147
1864380 147
1864390 147
1864400 147
1864410 147
1864420 147
1864430 147
1864440 147
1864450 147
1864460 147
1864470 147
1864480 147
1864490 147
1864500 147
1864510 147
1864520 146
1864530 146
1864540 147
1864550 147
1864560 147
1864570 147
1864580 147
1864590 147
1864600 147
1864610 147
1864620 147
1864630 147
1864640 147
1864650 146
1864660 146
1864670 146
1864680 146
1864690 146
1864700 146
1864710 146
1864720 146
1864730 146
1864740 147
1864750 146
1864760 146
1864770 146
1864780 146
1864790 146
1864800 146
1864810 146
1864820 146
1864830 146
1864840 145
1864850 145
1864860 145
1864870 145
1864880 145
1864890 146
1864900 146
1864910 146
1864920 146
1864930 146
1864940 146
1864950 146
1864960 146
1864970 146
1864980 146
1864990 147
1865000 147
1865010 147
1865020 146
1865030 146
1865040 145
1865050 144
1865060 144
1865070 143
1865080 143
1865090 143
1865100 142
1865110 142
1865120 142
1865130 143
1865140 143
1865150 143
1865160 143
1865170 144
1865180 144
1865190 144
1865200 144
1865210 144
1865220 143
1865230 143
1865240 143
1865250 144
1865260 145
1865270 145
1865280 145
1865290 146
1865300 146
1865310 146
1865320 146
1865330 146
1865340 146
1865350 146
1865360 146
1865370 146
1865380 146
1865390 146
1865400 146
1865410 146
1865420 146
1865430 146
1865440 143
1865450 143
1865460 142
1865470 142
1865480 142
1865490 142
1865500 142
1865510 142
1865520 142
1865530 142
1865540 142
1865550 142
1865560 142
1865570 142
1865580 143
1865590 144
1865600 144
1865610 145
1865620 145
1865630 145
1865640 145
1865650 145
1865660 145
1865670 146
1865680 146
1865690 146
1865700 146
1865710 146
1865720 146
1865730 146
1865740 146
1865750 146
1865760 146
1865770 146
1865780 146
1865790 146
1865800 146
1865810 146
1865820 146
1865830 145
1865840 145
1865850 145
1865860 145
1865870 145
1865880 145
1865890 145
1865900 145
1865910 145
1865920 145
1865930 145
1865940 145
1865950 145
1865960 145
1865970 145
1865980 145
1865990 145
1866000 146
1866010 146
1866020 146
1866030 146
1866040 146
1866050 146
1866060 146
1866070 146
1866080 146
1866090 146
1866100 146
1866110 146
1866120 146
1866130 146
1866140 146
1866150 146
1866160 146
1866170 146
1866180 145
1866190 145
1866200 145
1866210 145
1866220 144
1866230 144
1866240 144
1866250 144
1866260 144
1866270 144
1866280 144
1866290 144
1866300 145
1866310 145
1866320 145
1866330 145
1866340 146
1866350 146
1866360 146
1866370 145
1866380 145
1866390 145
1866400 145
1866410 145
1866420 145
1866430 145
1866440 145
1866450 145
1866460 146
1866470 146
1866480 146
1866490 146
1866500 146
1866510 146
1866520 146
1866530 146
1866540 146
1866550 146
1866560 146
1866570 146
1866580 146
1866590 146
1866600 146
1866610 143
1866620 143
1866630 143
1866640 144
1866650 144
1866660 146
1866670 146
1866680 146
1866690 146
1866700 146
1866710 146
1866720 146
1866730 146
1866740 146
1866750 146
1866760 146
1866770 146
1866780 146
1866790 146
1866800 146
1866810 146
1866820 146
1866830 146
1866840 146
1866850 146
1866860 146
1866870 146
1866880 146
1866890 146
1866900 146
1866910 146
1866920 146
1866930 146
1866940 146
1866950 146
1866960 146
1866970 145
1866980 145
1866990 145
1867000 145
1867010 144
1867020 144
1867030 144
1867040 144
1867050 144
1867060 144
1867070 145
1867080 145
1867090 145
1867100 145
1867110 145
1867120 146
1867130 146
1867140 146
1867150 146
1867160 146
1867170 146
1867180 145
1867190 145
1867200 145
1867210 145
1867220 145
1867230 145
1867240 146
1867250 146
1867260 146
1867270 146
1867280 146
1867290 146
1867300 146
1867310 146
1867320 146
1867330 145
1867340 145
1867350 145
1867360 145
1867370 145
1867380 145
1867390 145
1867400 145
1867410 145
1867420 145
1867430 145
1867440 145
1867450 145
1867460 145
1867470 145
1867480 145
1867490 145
1867500 145
1867510 145
1867520 145
1867530 145
1867540 145
1867550 145
1867560 145
1867570 145
1867580 145
1867590 145
1867600 145
1867610 145
1867620 145
1867630 145
1867640 145
1867650 145
1867660 145
1867670 146
1867680 146
1867690 146
1867700 144
1867710 144
1867720 144
1867730 145
1867740 145
1867750 145
1867760 145
1867770 145
1867780 145
1867790 146
1867800 146
1867810 145
1867820 145
1867830 145
1867840 145
1867850 145
1867860 145
1867870 145
1867880 145
1867890 145
1867900 145
1867910 145
1867920 145
1867930 145
1867940 145
1867950 145
1867960 145
1867970 145
1867980 145
1867990 145
1868000 145
1868010 145
1868020 145
1868030 145
1868040 145
1868050 145
1868060 145
1868070 145
1868080 145
1868090 145
1868100 145
1868110 145
1868120 145
1868130 145
1868140 145
1868150 145
1868160 145
1868170 145
1868180 146
1868190 146
1868200 145
1868210 145
1868220 145
1868230 143
1868240 142
1868250 142
1868260 142
1868270 142
1868280 142
1868290 143
1868300 142
1868310 142
1868320 143
1868330 143
1868340 143
1868350 143
1868360 143
1868370 143
1868380 143
1868390 143
1868400 143
1868410 143
1868420 143
1868430 143
1868440 143
1868450 143
1868460 143
1868470 143
1868480 143
1868490 143
1868500 143
1868510 143
1868520 143
1868530 143
1868540 143
1868550 143
1868560 144
1868570 144
1868580 144
1868590 144
1868600 144
1868610 144
1868620 144
1868630 144
1868640 144
1868650 144
1868660 144
1868670 144
1868680 144
1868690 144
1868700 144
1868710 144
1868720 144
1868730 144
1868740 144
1868750 144
1868760 144
1868770 144
1868780 144
1868790 144
1868800 144
1868810 144
1868820 144
1868830 144
1868840 144
1868850 144
1868860 144
1868870 144
1868880 144
1868890 144
1868900 144
1868910 144
1868920 144
1868930 144
1868940 144
1868950 144
1868960 144
1868970 144
1868980 144
1868990 144
1869000 144
1869010 144
1869020 144
1869030 144
1869040 144
1869050 144
1869060 144
1869070 144
1869080 144
1869090 144
1869100 144
1869110 144
1869120 144
1869130 144
1869140 144
1869150 144
1869160 144
1869170 144
1869180 144
1869190 144
1869200 144
1869210 144
1869220 144
1869230 144
1869240 144
1869250 144
1869260 144
1869270 144
1869280 144
1869290 144
1869300 144
1869310 144
1869320 144
1869330 144
1869340 144
1869350 144
1869360 144
1869370 144
1869380 144
1869390 144
1869400 144
1869410 144
1869420 144
1869430 144
1869440 144
1869450 144
1869460 144
1869470 144
1869480 144
1869490 144
1869500 144
1869510 144
1869520 144
1869530 144
1869540 144
1869550 144
1869560 144
1869570 144
1869580 144
1869590 144
1869600 144
1869610 144
1869620 144
1869630 144
1869640 144
1869650 144
1869660 144
1869670 144
1869680 144
1869690 144
1869700 144
1869710 144
1869720 144
1869730 144
1869740 144
1869750 144
1869760 144
1869770 144
1869780 144
1869790 144
1869800 144
1869810 144
1869820 144
1869830 144
1869840 144
1869850 144
1869860 144
1869870 144
1869880 144
1869890 144
1869900 144
1869910 144
1869920 144
1869930 144
1869940 144
1869950 144
1869960 144
1869970 144
1869980 144
1869990 144
1870000 144
1870010 144
1870020 144
1870030 144
1870040 144
1870050 144
1870060 144
1870070 144
1870080 144
1870090 144
1870100 144
1870110 144
1870120 144
1870130 144
1870140 144
1870150 144
1870160 144
1870170 144
1870180 144
1870190 144
1870200 144
1870210 144
1870220 144
1870230 144
1870240 144
1870250 144
1870260 144
1870270 144
1870280 144
1870290 144
1870300 144
1870310 144
1870320 144
1870330 144
1870340 144
1870350 144
1870360 144
1870370 144
1870380 144
1870390 144
1870400 144
1870410 144
1870420 144
1870430 144
1870440 144
1870450 144
1870460 144
1870470 144
1870480 144
1870490 144
1870500 144
1870510 144
1870520 144
1870530 144
1870540 144
1870550 144
1870560 144
1870570 144
1870580 144
1870590 144
1870600 144
1870610 144
1870620 144
1870630 144
1870640 144
1870650 144
1870660 144
1870670 144
1870680 144
1870690 144
1870700 144
1870710 144
1870720 144
1870730 144
1870740 144
1870750 144
1870760 144
1870770 144
1870780 144
1870790 144
1870800 144
1870810 144
1870820 144
1870830 144
1870840 144
1870850 144
1870860 144
1870870 144
1870880 144
1870890 144
1870900 144
1870910 144
1870920 144
1870930 144
1870940 144
1870950 144
1870960 144
1870970 144
1870980 144
1870990 144
1871000 143
1871010 143
1871020 143
1871030 143
1871040 143
1871050 143
1871060 143
1871070 143
1871080 143
1871090 143
1871100 143
1871110 143
1871120 144
1871130 143
1871140 143
1871150 143
1871160 144
1871170 144
1871180 143
1871190 143
1871200 143
1871210 143
1871220 143
1871230 143
1871240 143
1871250 144
1871260 144
1871270 144
1871280 144
1871290 144
1871300 144
1871310 143
1871320 143
1871330 143
1871340 143
1871350 143
1871360 142
1871370 142
1871380 142
1871390 143
1871400 143
1871410 143
1871420 142
1871430 142
1871440 142
1871450 142
1871460 142
1871470 142
1871480 142
1871490 142
1871500 142
1871510 142
1871520 142
1871530 142
1871540 142
1871550 142
1871560 142
1871570 142
1871580 142
1871590 142
1871600 142
1871610 142
1871620 142
1871630 142
1871640 142
1871650 142
1871660 142
1871670 142
1871680 142
1871690 142
1871700 143
1871710 143
1871720 142
1871730 142
1871740 142
1871750 142
1871760 143
1871770 143
1871780 143
1871790 143
1871800 143
1871810 143
1871820 143
1871830 143
1871840 143
1871850 143
1871860 143
1871870 143
1871880 143
1871890 143
1871900 143
1871910 143
1871920 143
1871930 143
1871940 142
1871950 142
1871960 142
1871970 143
1871980 144
1871990 144
1872000 143
1872010 143
1872020 143
1872030 143
1872040 143
1872050 143
1872060 143
1872070 143
1872080 143
1872090 142
1872100 142
1872110 142
1872120 143
1872130 144
1872140 144
1872150 145
1872160 145
1872170 145
1872180 146
1872190 147
1872200 147
1872210 148
1872220 149
1872230 149
1872240 149
1872250 149
1872260 149
1872270 149
1872280 149
1872290 149
1872300 151
1872310 152
1872320 152
1872330 152
1872340 153
1872350 153
1872360 154
1872370 155
1872380 155
1872390 155
1872400 154
1872410 154
1872420 155
1872430 156
1872440 156
1872450 156
1872460 157
1872470 157
1872480 156
1872490 156
1872500 156
1872510 157
1872520 158
1872530 158
1872540 159
1872550 160
1872560 160
1872570 161
1872580 160
1872590 160
1872600 158
1872610 156
1872620 156
1872630 156
1872640 155
1872650 155
1872660 154
1872670 154
1872680 154
1872690 154
1872700 154
1872710 154
1872720 156
1872730 154
1872740 154
1872750 156
1872760 160
1872770 160
1872780 164
1872790 164
1872800 164
1872810 161
1872820 160
1872830 160
1872840 161
1872850 162
1872860 162
1872870 163
1872880 163
1872890 163
1872900 162
1872910 165
1872920 165
1872930 171
1872940 170
1872950 170
1872960 166
1872970 163
1872980 163
1872990 161
1873000 159
1873010 159
1873020 159
1873030 158
1873040 158
1873050 158
1873060 156
1873070 156
1873080 156
1873090 155
1873100 155
1873110 155
1873120 153
1873130 153
1873140 152
1873150 151
1873160 151
1873170 151
1873180 150
1873190 150
1873200 149
1873210 149
1873220 149
1873230 148
1873240 147
1873250 147
1873260 146
1873270 146
1873280 146
1873290 145
1873300 145
1873310 145
1873320 145
1873330 145
1873340 145
1873350 145
1873360 145
1873370 145
1873380 144
1873390 144
1873400 144
1873410 144
1873420 145
1873430 145
1873440 145
1873450 145
1873460 145
1873470 145
1873480 144
1873490 144
1873500 144
1873510 144
1873520 144
1873530 144
1873540 144
1873550 144
1873560 144
1873570 144
1873580 144
1873590 144
1873600 145
1873610 145
1873620 144
1873630 144
1873640 144
1873650 144
1873660 144
1873670 144
1873680 144
1873690 144
1873700 144
1873710 144
1873720 144
1873730 145
1873740 145
1873750 145
1873760 145
1873770 145
1873780 145
1873790 145
1873800 144
1873810 144
1873820 144
1873830 144
1873840 144
1873850 144
1873860 143
1873870 143
1873880 143
1873890 143
1873900 143
1873910 143
1873920 143
1873930 143
1873940 143
1873950 144
1873960 144
1873970 144
1873980 144
1873990 144
1874000 144
1874010 144
1874020 145
1874030 145
1874040 144
1874050 145
1874060 144
1874070 144
1874080 144
1874090 144
1874100 144
1874110 144
1874120 144
1874130 144
1874140 145
1874150 145
1874160 147
1874170 148
1874180 148
1874190 148
1874200 150
1874210 150
1874220 153
1874230 156
1874240 156
1874250 159
1874260 158
1874270 158
1874280 155
1874290 154
1874300 154
1874310 157
1874320 161
1874330 161
1874340 164
1874350 167
1874360 167
1874370 169
1874380 168
1874390 163
1874400 165
1874410 167
1874420 167
1874430 170
1874440 173
1874450 177
1874460 177
1874470 173
1874480 170
1874490 170
1874500 170
1874510 170
1874520 170
1874530 171
1874540 175
1874550 175
1874560 180
1874570 179
1874580 179
1874590 178
1874600 172
1874610 172
1874620 170
1874630 170
1874640 170
1874650 170
1874660 170
1874670 170
1874680 170
1874690 171
1874700 171
1874710 173
1874720 174
1874730 174
1874740 179
1874750 181
1874760 181
1874770 179
1874780 179
1874790 179
1874800 178
1874810 178
1874820 178
1874830 180
1874840 180
1874850 180
1874860 177
1874870 175
1874880 175
1874890 172
1874900 171
1874910 171
1874920 172
1874930 174
1874940 174
1874950 174
1874960 174
1874970 174
1874980 174
1874990 174
1875000 174
1875010 173
1875020 174
1875030 174
1875040 177
1875050 176
1875060 176
1875070 175
1875080 173
1875090 173
1875100 170
1875110 169
1875120 169
1875130 169
1875140 168
1875150 168
1875160 169
1875170 169
1875180 169
1875190 170
1875200 171
1875210 171
1875220 173
1875230 172
1875240 172
1875250 171
1875260 170
1875270 170
1875280 169
1875290 168
1875300 168
1875310 168
1875320 168
1875330 168
1875340 168
1875350 167
1875360 167
1875370 166
1875380 166
1875390 164
1875400 165
1875410 166
1875420 166
1875430 167
1875440 166
1875450 166
1875460 166
1875470 167
1875480 167
1875490 171
1875500 174
1875510 174
1875520 173
1875530 173
1875540 173
1875550 172
1875560 172
1875570 172
1875580 171
1875590 171
1875600 171
1875610 171
1875620 170
1875630 170
1875640 170
1875650 168
1875660 168
1875670 168
1875680 169
1875690 169
1875700 168
1875710 168
1875720 167
1875730 167
1875740 167
1875750 167
1875760 167
1875770 168
1875780 168
1875790 168
1875800 167
1875810 167
1875820 167
1875830 167
1875840 167
1875850 168
1875860 167
1875870 167
1875880 164
1875890 163
1875900 163
1875910 164
1875920 165
1875930 165
1875940 165
1875950 164
1875960 164
1875970 161
1875980 158
1875990 158
1876000 162
1876010 164
1876020 164
1876030 164
1876040 164
1876050 164
1876060 163
1876070 163
1876080 163
1876090 163
1876100 163
1876110 163
1876120 163
1876130 163
1876140 163
1876150 163
1876160 164
1876170 164
1876180 164
1876190 164
1876200 164
1876210 164
1876220 164
1876230 164
1876240 164
1876250 164
1876260 164
1876270 164
1876280 164
1876290 164
1876300 164
1876310 162
1876320 162
1876330 162
1876340 162
1876350 162
1876360 162
1876370 161
1876380 161
1876390 161
1876400 161
1876410 161
1876420 162
1876430 161
1876440 161
1876450 163
1876460 164
1876470 164
1876480 164
1876490 164
1876500 164
1876510 162
1876520 161
1876530 161
1876540 161
1876550 161
1876560 161
1876570 161
1876580 161
1876590 161
1876600 161
1876610 161
1876620 161
1876630 161
1876640 161
1876650 161
1876660 161
1876670 161
1876680 161
1876690 161
1876700 161
1876710 161
1876720 161
1876730 160
1876740 160
1876750 159
1876760 159
1876770 159
1876780 159
1876790 159
1876800 159
1876810 159
1876820 159
1876830 159
1876840 159
1876850 159
1876860 159
1876870 159
1876880 160
1876890 160
1876900 160
1876910 160
1876920 160
1876930 160
1876940 160
1876950 160
1876960 160
1876970 159
1876980 160
1876990 160
1877000 160
1877010 160
1877020 160
1877030 160
1877040 160
1877050 160
1877060 161
1877070 161
1877080 161
1877090 161
1877100 161
1877110 161
1877120 161
1877130 161
1877140 161
1877150 161
1877160 161
1877170 161
1877180 161
1877190 161
1877200 161
1877210 162
1877220 161
1877230 161
1877240 162
1877250 161
1877260 161
1877270 160
1877280 160
1877290 160
1877300 161
1877310 161
1877320 161
1877330 161
1877340 161
1877350 161
1877360 161
1877370 161
1877380 161
1877390 162
1877400 162
1877410 162
1877420 158
1877430 153
1877440 153
1877450 155
1877460 162
1877470 162
1877480 163
1877490 163
1877500 163
1877510 162
1877520 161
1877530 161
1877540 160
1877550 156
1877560 156
1877570 154
1877580 154
1877590 154
1877600 154
1877610 155
1877620 155
1877630 154
1877640 154
1877650 154
1877660 155
1877670 155
1877680 155
1877690 155
1877700 156
1877710 156
1877720 157
1877730 157
1877740 157
1877750 157
1877760 157
1877770 157
1877780 156
1877790 155
1877800 155
1877810 154
1877820 152
1877830 152
1877840 151
1877850 152
1877860 152
1877870 152
1877880 152
1877890 152
1877900 152
1877910 153
1877920 153
1877930 153
1877940 153
1877950 153
1877960 154
1877970 154
1877980 154
1877990 155
1878000 156
1878010 156
1878020 157
1878030 153
1878040 153
1878050 153
1878060 154
1878070 154
1878080 155
1878090 154
1878100 154
1878110 154
1878120 155
1878130 155
1878140 155
1878150 156
1878160 156
1878170 158
1878180 159
1878190 159
1878200 161
1878210 161
1878220 161
1878230 161
1878240 162
1878250 162
1878260 163
1878270 165
1878280 165
1878290 167
1878300 170
1878310 170
1878320 173
1878330 175
1878340 175
1878350 172
1878360 173
1878370 173
1878380 175
1878390 177
1878400 177
1878410 177
1878420 178
1878430 178
1878440 180
1878450 181
1878460 181
1878470 182
1878480 182
1878490 182
1878500 182
1878510 182
1878520 182
1878530 182
1878540 182
1878550 182
1878560 182
1878570 182
1878580 182
1878590 182
1878600 182
1878610 182
1878620 182
1878630 183
1878640 183
1878650 182
1878660 182
1878670 182
1878680 182
1878690 182
1878700 182
1878710 182
1878720 182
1878730 182
1878740 182
1878750 182
1878760 182
1878770 182
1878780 182
1878790 182
1878800 182
1878810 182
1878820 182
1878830 182
1878840 182
1878850 182
1878860 182
1878870 183
1878880 183
1878890 183
1878900 183
1878910 183
1878920 183
1878930 183
1878940 183
1878950 183
1878960 183
1878970 183
1878980 183
1878990 183
1879000 183
1879010 183
1879020 182
1879030 182
1879040 182
1879050 182
1879060 182
1879070 182
1879080 182
1879090 182
1879100 182
1879110 182
1879120 182
1879130 182
1879140 182
1879150 182
1879160 183
1879170 183
1879180 183
1879190 183
1879200 184
1879210 184
1879220 183
1879230 182
1879240 182
1879250 182
1879260 182
1879270 182
1879280 182
1879290 182
1879300 182
1879310 181
1879320 181
1879330 181
1879340 182
1879350 182
1879360 182
1879370 182
1879380 181
1879390 181
1879400 181
1879410 181
1879420 181
1879430 181
1879440 181
1879450 181
1879460 181
1879470 181
1879480 181
1879490 181
1879500 181
1879510 181
1879520 181
1879530 180
1879540 180
1879550 180
1879560 180
1879570 180
1879580 180
1879590 180
1879600 180
1879610 180
1879620 180
1879630 180
1879640 180
1879650 180
1879660 180
1879670 180
1879680 180
1879690 180
1879700 180
1879710 180
1879720 180
1879730 180
1879740 179
1879750 179
1879760 179
1879770 179
1879780 179
1879790 179
1879800 179
1879810 179
1879820 179
1879830 179
1879840 179
1879850 179
1879860 179
1879870 179
1879880 179
1879890 179
1879900 179
1879910 179
1879920 178
1879930 178
1879940 178
1879950 178
1879960 177
1879970 177
1879980 177
1879990 177
