1860000 145
1860010 145
1860020 145
1860030 145
1860040 147
1860050 147
1860060 147
1860070 148
1860080 148
1860090 148
1860100 149
1860110 149
1860120 149
1860130 149
1860140 149
1860150 149
1860160 149
1860170 149
1860180 149
1860190 149
1860200 149
1860210 149
1860220 149
1860230 149
1860240 149
1860250 149
1860260 149
1860270 149
1860280 148
1860290 149
1860300 149
1860310 149
1860320 149
1860330 149
1860340 148
1860350 149
1860360 149
1860370 149
1860380 149
1860390 149
1860400 149
1860410 149
1860420 149
1860430 149
1860440 148
1860450 148
1860460 148
1860470 148
1860480 148
1860490 147
1860500 147
1860510 147
1860520 147
1860530 146
1860540 146
1860550 145
1860560 145
1860570 145
1860580 145
1860590 145
1860600 145
1860610 145
1860620 145
1860630 145
1860640 145
1860650 145
1860660 145
1860670 145
1860680 145
1860690 145
1860700 145
1860710 145
1860720 145
1860730 145
1860740 145
1860750 145
1860760 145
1860770 145
1860780 145
1860790 145
1860800 145
1860810 145
1860820 145
1860830 145
1860840 145
1860850 145
1860860 145
1860870 145
1860880 145
1860890 145
1860900 145
1860910 145
1860920 145
1860930 145
1860940 145
1860950 145
1860960 145
1860970 145
1860980 145
1860990 145
1861000 145
1861010 145
1861020 145
1861030 145
1861040 145
1861050 145
1861060 145
1861070 145
1861080 145
1861090 145
1861100 145
1861110 145
1861120 145
1861130 145
1861140 145
1861150 145
1861160 145
1861170 145
1861180 145
1861190 145
1861200 145
1861210 145
1861220 145
1861230 145
1861240 145
1861250 145
1861260 145
1861270 145
1861280 145
1861290 145
1861300 145
1861310 145
1861320 145
1861330 145
1861340 145
1861350 145
1861360 145
1861370 145
1861380 145
1861390 145
1861400 145
1861410 145
1861420 145
1861430 145
1861440 145
1861450 145
1861460 144
1861470 145
1861480 145
1861490 145
1861500 145
1861510 145
1861520 145
1861530 145
1861540 145
1861550 145
1861560 145
1861570 145
1861580 145
1861590 145
1861600 145
1861610 145
1861620 145
1861630 145
1861640 145
1861650 145
1861660 145
1861670 145
1861680 145
1861690 145
1861700 145
1861710 145
1861720 145
1861730 145
1861740 145
1861750 145
1861760 145
1861770 145
1861780 145
1861790 146
1861800 146
1861810 146
1861820 146
1861830 145
1861840 145
1861850 145
1861860 145
1861870 145
1861880 145
1861890 145
1861900 145
1861910 144
1861920 144
1861930 144
1861940 144
1861950 146
1861960 146
1861970 147
1861980 148
1861990 148
1862000 149
1862010 149
1862020 149
1862030 148
1862040 148
1862050 148
1862060 148
1862070 148
1862080 148
1862090 148
1862100 148
1862110 148
1862120 148
1862130 148
1862140 148
1862150 148
1862160 148
1862170 148
1862180 148
1862190 148
1862200 148
1862210 148
1862220 148
1862230 148
1862240 148
1862250 148
1862260 148
1862270 147
1862280 146
1862290 146
1862300 147
1862310 147
1862320 147
1862330 147
1862340 147
1862350 147
1862360 147
1862370 147
1862380 147
1862390 147
1862400 147
1862410 147
1862420 147
1862430 147
1862440 147
1862450 147
1862460 147
1862470 147
1862480 147
1862490 147
1862500 147
1862510 146
1862520 147
1862530 147
1862540 147
1862550 147
1862560 147
1862570 147
1862580 146
1862590 146
1862600 146
1862610 146
1862620 146
1862630 146
1862640 146
1862650 146
1862660 146
1862670 146
1862680 146
1862690 147
1862700 147
1862710 147
1862720 147
1862730 147
1862740 147
1862750 147
1862760 147
1862770 147
1862780 147
1862790 147
1862800 147
1862810 147
1862820 147
1862830 147
1862840 147
1862850 147
1862860 147
1862870 147
1862880 147
1862890 147
1862900 147
1862910 147
1862920 147
1862930 147
1862940 147
1862950 147
1862960 147
1862970 147
1862980 147
1862990 147
1863000 147
1863010 147
1863020 147
1863030 147
1863040 147
1863050 147
1863060 147
1863070 147
1863080 147
1863090 147
1863100 147
1863110 148
1863120 147
1863130 147
1863140 147
1863150 147
1863160 147
1863170 147
1863180 147
1863190 147
1863200 147
1863210 147
1863220 147
1863230 147
1863240 147
1863250 147
1863260 147
1863270 147
1863280 147
1863290 147
1863300 147
1863310 147
1863320 147
1863330 146
1863340 146
1863350 147
1863360 147
1863370 147
1863380 147
1863390 146
1863400 146
1863410 147
1863420 147
1863430 147
1863440 146
1863450 147
1863460 147
1863470 147
1863480 146
1863490 146
1863500 145
1863510 147
1863520 147
1863530 147
1863540 147
1863550 147
1863560 147
1863570 147
1863580 147
1863590 147
1863600 147
1863610 147
1863620 147
1863630 146
1863640 146
1863650 146
1863660 147
1863670 147
1863680 147
1863690 147
1863700 146
1863710 146
1863720 147
1863730 147
1863740 147
1863750 147
1863760 147
1863770 147
1863780 147
1863790 147
1863800 147
1863810 147
1863820 146
1863830 146
1863840 146
1863850 147
1863860 147
1863870 147
1863880 146
1863890 146
1863900 146
1863910 146
1863920 146
1863930 146
1863940 146
1863950 146
1863960 146
1863970 147
1863980 147
1863990 146
1864000 146
1864010 146
1864020 145
1864030 146
1864040 146
1864050 146
1864060 146
1864070 146
1864080 146
1864090 146
1864100 146
1864110 146
1864120 146
1864130 146
1864140 146
1864150 146
1864160 146
1864170 146
1864180 146
1864190 146
1864200 146
1864210 146
1864220 146
1864230 146
1864240 147
1864250 147
1864260 147
1864270 147
1864280 147
1864290 147
1864300 147
1864310 147
1864320 147
1864330 147
1864340 147
1864350 147
1864360 147
1864370 147
1864380 146
1864390 147
1864400 147
1864410 147
1864420 147
1864430 147
1864440 146
1864450 146
1864460 146
1864470 146
1864480 146
1864490 146
1864500 146
1864510 146
1864520 146
1864530 146
1864540 147
1864550 147
1864560 146
1864570 146
1864580 146
1864590 146
1864600 146
1864610 146
1864620 146
1864630 145
1864640 145
1864650 146
1864660 146
1864670 146
1864680 146
1864690 146
1864700 146
1864710 146
1864720 146
1864730 146
1864740 146
1864750 146
1864760 146
1864770 146
1864780 146
1864790 146
1864800 146
1864810 146
1864820 146
1864830 146
1864840 146
1864850 146
1864860 146
1864870 147
1864880 147
1864890 147
1864900 147
1864910 147
1864920 147
1864930 147
1864940 147
1864950 147
1864960 147
1864970 147
1864980 147
1864990 147
1865000 147
1865010 147
1865020 147
1865030 147
1865040 147
1865050 147
1865060 147
1865070 147
1865080 147
1865090 147
1865100 147
1865110 146
1865120 146
1865130 147
1865140 147
1865150 147
1865160 146
1865170 147
1865180 147
1865190 147
1865200 147
1865210 147
1865220 146
1865230 145
1865240 145
1865250 146
1865260 146
1865270 146
1865280 147
1865290 147
1865300 147
1865310 147
1865320 147
1865330 147
1865340 147
1865350 147
1865360 147
1865370 147
1865380 147
1865390 147
1865400 147
1865410 146
1865420 146
1865430 145
1865440 144
1865450 144
1865460 143
1865470 142
1865480 142
1865490 142
1865500 143
1865510 143
1865520 143
1865530 143
1865540 143
1865550 143
1865560 143
1865570 143
1865580 143
1865590 143
1865600 143
1865610 143
1865620 143
1865630 143
1865640 143
1865650 143
1865660 143
1865670 143
1865680 144
1865690 144
1865700 145
1865710 144
1865720 144
1865730 144
1865740 143
1865750 143
1865760 143
1865770 143
1865780 143
1865790 142
1865800 142
1865810 142
1865820 142
1865830 142
1865840 142
1865850 142
1865860 142
1865870 142
1865880 142
1865890 142
1865900 142
1865910 142
1865920 142
1865930 142
1865940 142
1865950 142
1865960 142
1865970 142
1865980 142
1865990 142
1866000 142
1866010 142
1866020 142
1866030 142
1866040 142
1866050 142
1866060 142
1866070 142
1866080 142
1866090 142
1866100 142
1866110 142
1866120 142
1866130 142
1866140 142
1866150 142
1866160 142
1866170 142
1866180 142
1866190 142
1866200 142
1866210 142
1866220 142
1866230 142
1866240 142
1866250 142
1866260 142
1866270 142
1866280 142
1866290 142
1866300 142
1866310 142
1866320 142
1866330 142
1866340 142
1866350 142
1866360 142
1866370 142
1866380 142
1866390 142
1866400 142
1866410 142
1866420 142
1866430 142
1866440 142
1866450 142
1866460 142
1866470 142
1866480 142
1866490 142
1866500 142
1866510 142
1866520 142
1866530 142
1866540 142
1866550 142
1866560 142
1866570 142
1866580 142
1866590 142
1866600 142
1866610 142
1866620 142
1866630 142
1866640 142
1866650 142
1866660 142
1866670 142
1866680 143
1866690 143
1866700 143
1866710 143
1866720 143
1866730 143
1866740 142
1866750 142
1866760 143
1866770 143
1866780 143
1866790 143
1866800 144
1866810 144
1866820 145
1866830 148
1866840 148
1866850 148
1866860 147
1866870 147
1866880 147
1866890 147
1866900 147
1866910 147
1866920 147
1866930 147
1866940 147
1866950 147
1866960 147
1866970 147
1866980 147
1866990 147
1867000 147
1867010 147
1867020 147
1867030 147
1867040 147
1867050 147
1867060 147
1867070 147
1867080 147
1867090 147
1867100 147
1867110 147
1867120 147
1867130 147
1867140 147
1867150 147
1867160 147
1867170 147
1867180 147
1867190 147
1867200 147
1867210 147
1867220 147
1867230 147
1867240 147
1867250 147
1867260 147
1867270 147
1867280 146
1867290 146
1867300 146
1867310 146
1867320 146
1867330 146
1867340 146
1867350 146
1867360 146
1867370 147
1867380 147
1867390 147
1867400 147
1867410 147
1867420 147
1867430 147
1867440 147
1867450 147
1867460 147
1867470 147
1867480 147
1867490 147
1867500 147
1867510 147
1867520 147
1867530 147
1867540 147
1867550 147
1867560 147
1867570 147
1867580 147
1867590 147
1867600 146
1867610 146
1867620 146
1867630 146
1867640 146
1867650 146
1867660 146
1867670 146
1867680 146
1867690 146
1867700 146
1867710 146
1867720 145
1867730 145
1867740 145
1867750 145
1867760 145
1867770 145
1867780 145
1867790 145
1867800 145
1867810 145
1867820 145
1867830 145
1867840 145
1867850 145
1867860 145
1867870 145
1867880 146
1867890 146
1867900 146
1867910 146
1867920 146
1867930 146
1867940 146
1867950 146
1867960 146
1867970 147
1867980 147
1867990 147
1868000 147
1868010 147
1868020 147
1868030 147
1868040 147
1868050 147
1868060 147
1868070 147
1868080 147
1868090 147
1868100 147
1868110 147
1868120 147
1868130 147
1868140 147
1868150 147
1868160 147
1868170 147
1868180 144
1868190 144
1868200 144
1868210 144
1868220 144
1868230 145
1868240 145
1868250 145
1868260 146
1868270 146
1868280 146
1868290 146
1868300 146
1868310 146
1868320 146
1868330 146
1868340 146
1868350 146
1868360 146
1868370 146
1868380 146
1868390 146
1868400 146
1868410 146
1868420 146
1868430 146
1868440 146
1868450 146
1868460 146
1868470 146
1868480 145
1868490 145
1868500 145
1868510 145
1868520 146
1868530 145
1868540 145
1868550 145
1868560 145
1868570 145
1868580 145
1868590 145
1868600 145
1868610 145
1868620 145
1868630 145
1868640 145
1868650 145
1868660 145
1868670 145
1868680 145
1868690 145
1868700 145
1868710 146
1868720 146
1868730 146
1868740 146
1868750 145
1868760 145
1868770 145
1868780 145
1868790 145
1868800 145
1868810 145
1868820 145
1868830 145
1868840 145
1868850 145
1868860 145
1868870 145
1868880 145
1868890 145
1868900 145
1868910 145
1868920 145
1868930 145
1868940 145
1868950 145
1868960 146
1868970 146
1868980 147
1868990 147
1869000 147
1869010 147
1869020 146
1869030 146
1869040 146
1869050 146
1869060 146
1869070 146
1869080 146
1869090 146
1869100 146
1869110 146
1869120 146
1869130 146
1869140 145
1869150 144
1869160 144
1869170 144
1869180 144
1869190 145
1869200 145
1869210 144
1869220 144
1869230 144
1869240 144
1869250 144
1869260 144
1869270 144
1869280 144
1869290 144
1869300 145
1869310 145
1869320 145
1869330 145
1869340 145
1869350 145
1869360 145
1869370 145
1869380 145
1869390 145
1869400 145
1869410 145
1869420 145
1869430 145
1869440 145
1869450 145
1869460 145
1869470 145
1869480 145
1869490 145
1869500 145
1869510 145
1869520 145
1869530 145
1869540 145
1869550 145
1869560 145
1869570 145
1869580 145
1869590 145
1869600 145
1869610 145
1869620 145
1869630 145
1869640 145
1869650 145
1869660 145
1869670 145
1869680 145
1869690 145
1869700 145
1869710 145
1869720 145
1869730 145
1869740 145
1869750 145
1869760 145
1869770 145
1869780 145
1869790 145
1869800 145
1869810 146
1869820 146
1869830 146
1869840 146
1869850 146
1869860 146
1869870 146
1869880 146
1869890 146
1869900 146
1869910 146
1869920 146
1869930 145
1869940 145
1869950 145
1869960 145
1869970 145
1869980 145
1869990 145
1870000 145
1870010 144
1870020 144
1870030 144
1870040 144
1870050 145
1870060 145
1870070 145
1870080 144
1870090 144
1870100 144
1870110 144
1870120 144
1870130 144
1870140 144
1870150 144
1870160 144
1870170 144
1870180 144
1870190 144
1870200 144
1870210 144
1870220 144
1870230 145
1870240 145
1870250 145
1870260 145
1870270 145
1870280 145
1870290 145
1870300 145
1870310 145
1870320 145
1870330 145
1870340 145
1870350 145
1870360 145
1870370 145
1870380 146
1870390 146
1870400 146
1870410 146
1870420 146
1870430 146
1870440 146
1870450 146
1870460 145
1870470 145
1870480 145
1870490 145
1870500 144
1870510 144
1870520 144
1870530 144
1870540 144
1870550 144
1870560 144
1870570 144
1870580 144
1870590 144
1870600 144
1870610 145
1870620 146
1870630 146
1870640 146
1870650 146
1870660 146
1870670 146
1870680 146
1870690 146
1870700 146
1870710 146
1870720 146
1870730 146
1870740 146
1870750 146
1870760 146
1870770 145
1870780 145
1870790 145
1870800 145
1870810 145
1870820 145
1870830 145
1870840 145
1870850 145
1870860 145
1870870 145
1870880 145
1870890 145
1870900 145
1870910 145
1870920 145
1870930 145
1870940 145
1870950 145
1870960 145
1870970 145
1870980 145
1870990 145
1871000 145
1871010 145
1871020 145
1871030 145
1871040 145
1871050 145
1871060 145
1871070 145
1871080 145
1871090 145
1871100 145
1871110 145
1871120 145
1871130 145
1871140 145
1871150 145
1871160 145
1871170 145
1871180 145
1871190 145
1871200 145
1871210 145
1871220 145
1871230 145
1871240 145
1871250 145
1871260 145
1871270 145
1871280 145
1871290 145
1871300 145
1871310 145
1871320 145
1871330 145
1871340 145
1871350 145
1871360 145
1871370 145
1871380 145
1871390 145
1871400 145
1871410 145
1871420 145
1871430 145
1871440 145
1871450 145
1871460 145
1871470 145
1871480 145
1871490 145
1871500 145
1871510 145
1871520 145
1871530 145
1871540 145
1871550 145
1871560 145
1871570 145
1871580 145
1871590 145
1871600 145
1871610 144
1871620 144
1871630 144
1871640 144
1871650 144
1871660 145
1871670 145
1871680 145
1871690 145
1871700 144
1871710 144
1871720 144
1871730 144
1871740 145
1871750 145
1871760 145
1871770 145
1871780 145
1871790 145
1871800 145
1871810 145
1871820 145
1871830 144
1871840 144
1871850 144
1871860 144
1871870 144
1871880 143
1871890 144
1871900 144
1871910 144
1871920 144
1871930 144
1871940 143
1871950 143
1871960 143
1871970 143
1871980 144
1871990 144
1872000 144
1872010 144
1872020 144
1872030 144
1872040 144
1872050 144
1872060 144
1872070 144
1872080 144
1872090 144
1872100 144
1872110 144
1872120 144
1872130 144
1872140 144
1872150 144
1872160 144
1872170 144
1872180 144
1872190 144
1872200 144
1872210 144
1872220 144
1872230 144
1872240 144
1872250 144
1872260 144
1872270 144
1872280 144
1872290 144
1872300 144
1872310 144
1872320 144
1872330 145
1872340 145
1872350 145
1872360 145
1872370 144
1872380 144
1872390 145
1872400 146
1872410 146
1872420 146
1872430 146
1872440 146
1872450 146
1872460 146
1872470 146
1872480 145
1872490 145
1872500 145
1872510 145
1872520 145
1872530 145
1872540 145
1872550 145
1872560 145
1872570 145
1872580 145
1872590 145
1872600 145
1872610 145
1872620 145
1872630 145
1872640 145
1872650 145
1872660 145
1872670 145
1872680 145
1872690 145
1872700 145
1872710 145
1872720 145
1872730 145
1872740 145
1872750 145
1872760 145
1872770 145
1872780 145
1872790 145
1872800 145
1872810 145
1872820 145
1872830 145
1872840 145
1872850 145
1872860 145
1872870 145
1872880 145
1872890 145
1872900 145
1872910 145
1872920 145
1872930 145
1872940 145
1872950 145
1872960 145
1872970 145
1872980 145
1872990 145
1873000 145
1873010 145
1873020 145
1873030 145
1873040 145
1873050 145
1873060 145
1873070 145
1873080 145
1873090 145
1873100 145
1873110 145
1873120 145
1873130 145
1873140 145
1873150 145
1873160 145
1873170 145
1873180 145
1873190 145
1873200 145
1873210 145
1873220 145
1873230 145
1873240 145
1873250 145
1873260 145
1873270 145
1873280 145
1873290 145
1873300 145
1873310 145
1873320 145
1873330 145
1873340 145
1873350 145
1873360 145
1873370 145
1873380 145
1873390 145
1873400 145
1873410 145
1873420 145
1873430 145
1873440 145
1873450 144
1873460 144
1873470 145
1873480 145
1873490 145
1873500 145
1873510 145
1873520 145
1873530 145
1873540 145
1873550 145
1873560 145
1873570 145
1873580 145
1873590 145
1873600 145
1873610 145
1873620 145
1873630 145
1873640 145
1873650 145
1873660 145
1873670 145
1873680 145
1873690 145
1873700 145
1873710 145
1873720 145
1873730 145
1873740 145
1873750 145
1873760 145
1873770 145
1873780 145
1873790 145
1873800 145
1873810 145
1873820 145
1873830 145
1873840 145
1873850 145
1873860 145
1873870 145
1873880 145
1873890 145
1873900 145
1873910 145
1873920 145
1873930 145
1873940 145
1873950 145
1873960 145
1873970 145
1873980 145
1873990 145
1874000 145
1874010 145
1874020 145
1874030 145
1874040 144
1874050 143
1874060 143
1874070 143
1874080 143
1874090 143
1874100 143
1874110 143
1874120 143
1874130 143
1874140 143
1874150 143
1874160 143
1874170 143
1874180 143
1874190 143
1874200 143
1874210 143
1874220 143
1874230 143
1874240 143
1874250 143
1874260 143
1874270 143
1874280 143
1874290 142
1874300 142
1874310 143
1874320 143
1874330 143
1874340 143
1874350 143
1874360 143
1874370 143
1874380 143
1874390 143
1874400 143
1874410 143
1874420 143
1874430 143
1874440 143
1874450 142
1874460 142
1874470 143
1874480 143
1874490 143
1874500 143
1874510 142
1874520 142
1874530 142
1874540 142
1874550 142
1874560 142
1874570 142
1874580 142
1874590 142
1874600 142
1874610 142
1874620 142
1874630 142
1874640 142
1874650 142
1874660 142
1874670 142
1874680 142
1874690 142
1874700 142
1874710 142
1874720 142
1874730 142
1874740 142
1874750 142
1874760 142
1874770 142
1874780 142
1874790 142
1874800 142
1874810 142
1874820 142
1874830 142
1874840 142
1874850 142
1874860 142
1874870 142
1874880 142
1874890 142
1874900 142
1874910 142
1874920 142
1874930 142
1874940 142
1874950 142
1874960 142
1874970 142
1874980 142
1874990 142
1875000 142
1875010 142
1875020 142
1875030 142
1875040 142
1875050 142
1875060 142
1875070 142
1875080 142
1875090 142
1875100 142
1875110 142
1875120 142
1875130 142
1875140 142
1875150 142
1875160 142
1875170 142
1875180 142
1875190 142
1875200 142
1875210 142
1875220 142
1875230 142
1875240 142
1875250 142
1875260 142
1875270 142
1875280 142
1875290 142
1875300 142
1875310 142
1875320 142
1875330 142
1875340 142
1875350 142
1875360 142
1875370 142
1875380 142
1875390 142
1875400 142
1875410 142
1875420 142
1875430 142
1875440 142
1875450 142
1875460 142
1875470 142
1875480 142
1875490 142
1875500 142
1875510 142
1875520 142
1875530 142
1875540 142
1875550 142
1875560 142
1875570 142
1875580 142
1875590 142
1875600 142
1875610 142
1875620 142
1875630 142
1875640 142
1875650 142
1875660 142
1875670 142
1875680 142
1875690 142
1875700 142
1875710 142
1875720 142
1875730 142
1875740 142
1875750 142
1875760 142
1875770 142
1875780 142
1875790 142
1875800 142
1875810 142
1875820 142
1875830 142
1875840 142
1875850 142
1875860 142
1875870 142
1875880 142
1875890 142
1875900 142
1875910 142
1875920 142
1875930 142
1875940 142
1875950 142
1875960 142
1875970 142
1875980 142
1875990 142
1876000 142
1876010 142
1876020 142
1876030 142
1876040 142
1876050 142
1876060 142
1876070 142
1876080 142
1876090 142
1876100 142
1876110 142
1876120 143
1876130 143
1876140 143
1876150 142
1876160 142
1876170 142
1876180 142
1876190 142
1876200 142
1876210 142
1876220 142
1876230 142
1876240 142
1876250 142
1876260 142
1876270 142
1876280 142
1876290 142
1876300 142
1876310 143
1876320 143
1876330 142
1876340 142
1876350 142
1876360 142
1876370 142
1876380 142
1876390 142
1876400 142
1876410 142
1876420 142
1876430 141
1876440 141
1876450 142
1876460 141
1876470 141
1876480 142
1876490 142
1876500 142
1876510 142
1876520 142
1876530 142
1876540 142
1876550 142
1876560 142
1876570 142
1876580 142
1876590 142
1876600 142
1876610 142
1876620 142
1876630 142
1876640 142
1876650 142
1876660 142
1876670 142
1876680 142
1876690 142
1876700 142
1876710 142
1876720 142
1876730 141
1876740 141
1876750 142
1876760 142
1876770 142
1876780 142
1876790 142
1876800 142
1876810 142
1876820 142
1876830 142
1876840 142
1876850 142
1876860 142
1876870 143
1876880 144
1876890 144
1876900 144
1876910 144
1876920 144
1876930 144
1876940 144
1876950 144
1876960 144
1876970 144
1876980 144
1876990 144
1877000 144
1877010 144
1877020 144
1877030 144
1877040 144
1877050 144
1877060 144
1877070 144
1877080 144
1877090 143
1877100 143
1877110 143
1877120 143
1877130 143
1877140 143
1877150 143
1877160 143
1877170 143
1877180 143
1877190 143
1877200 143
1877210 143
1877220 143
1877230 143
1877240 143
1877250 143
1877260 143
1877270 143
1877280 143
1877290 143
1877300 144
1877310 144
1877320 144
1877330 144
1877340 143
1877350 143
1877360 142
1877370 142
1877380 142
1877390 143
1877400 144
1877410 144
1877420 144
1877430 144
1877440 144
1877450 144
1877460 144
1877470 144
1877480 144
1877490 144
1877500 144
1877510 144
1877520 144
1877530 144
1877540 144
1877550 144
1877560 144
1877570 144
1877580 144
1877590 144
1877600 144
1877610 144
1877620 144
1877630 144
1877640 144
1877650 144
1877660 144
1877670 144
1877680 144
1877690 144
1877700 143
1877710 143
1877720 143
1877730 143
1877740 143
1877750 143
1877760 143
1877770 143
1877780 143
1877790 143
1877800 143
1877810 143
1877820 142
1877830 142
1877840 142
1877850 141
1877860 141
1877870 141
1877880 141
1877890 141
1877900 141
1877910 143
1877920 143
1877930 144
1877940 144
1877950 144
1877960 144
1877970 144
1877980 144
1877990 144
1878000 144
1878010 144
1878020 144
1878030 144
1878040 144
1878050 143
1878060 143
1878070 143
1878080 143
1878090 143
1878100 143
1878110 143
1878120 143
1878130 143
1878140 143
1878150 143
1878160 143
1878170 143
1878180 143
1878190 143
1878200 143
1878210 143
1878220 143
1878230 143
1878240 143
1878250 143
1878260 143
1878270 143
1878280 143
1878290 143
1878300 143
1878310 143
1878320 143
1878330 143
1878340 143
1878350 143
1878360 143
1878370 143
1878380 143
1878390 143
1878400 143
1878410 143
1878420 143
1878430 143
1878440 143
1878450 143
1878460 143
1878470 143
1878480 143
1878490 143
1878500 143
1878510 143
1878520 143
1878530 143
1878540 143
1878550 143
1878560 143
1878570 143
1878580 143
1878590 143
1878600 143
1878610 143
1878620 143
1878630 143
1878640 143
1878650 143
1878660 143
1878670 143
1878680 143
1878690 143
1878700 143
1878710 143
1878720 143
1878730 143
1878740 143
1878750 142
1878760 142
1878770 142
1878780 141
1878790 141
1878800 141
1878810 141
1878820 142
1878830 141
1878840 141
1878850 141
1878860 141
1878870 141
1878880 141
1878890 141
1878900 141
1878910 141
1878920 141
1878930 141
1878940 141
1878950 141
1878960 141
1878970 141
1878980 141
1878990 141
1879000 141
1879010 141
1879020 141
1879030 141
1879040 141
1879050 141
1879060 141
1879070 141
1879080 141
1879090 141
1879100 141
1879110 141
1879120 141
1879130 141
1879140 141
1879150 141
1879160 141
1879170 141
1879180 141
1879190 141
1879200 141
1879210 141
1879220 141
1879230 141
1879240 141
1879250 141
1879260 141
1879270 141
1879280 141
1879290 142
1879300 142
1879310 142
1879320 143
1879330 143
1879340 143
1879350 143
1879360 143
1879370 143
1879380 143
1879390 143
1879400 143
1879410 142
1879420 142
1879430 142
1879440 142
1879450 142
1879460 142
1879470 142
1879480 142
1879490 142
1879500 143
1879510 143
1879520 143
1879530 142
1879540 142
1879550 141
1879560 141
1879570 141
1879580 142
1879590 143
1879600 143
1879610 142
1879620 142
1879630 142
1879640 142
1879650 142
1879660 142
1879670 142
1879680 143
1879690 143
1879700 149
1879710 151
1879720 151
1879730 153
1879740 158
1879750 158
1879760 161
1879770 163
1879780 163
1879790 164
1879800 168
1879810 166
1879820 170
1879830 173
1879840 177
1879850 177
1879860 178
1879870 178
1879880 178
1879890 178
1879900 179
1879910 179
1879920 179
1879930 179
1879940 179
1879950 179
1879960 179
1879970 179
1879980 179
1879990 178
