1860000 148
1860010 148
1860020 148
1860030 148
1860040 148
1860050 148
1860060 148
1860070 148
1860080 148
1860090 148
1860100 148
1860110 148
1860120 148
1860130 148
1860140 148
1860150 148
1860160 148
1860170 148
1860180 147
1860190 147
1860200 147
1860210 147
1860220 147
1860230 147
1860240 147
1860250 147
1860260 147
1860270 146
1860280 146
1860290 146
1860300 146
1860310 146
1860320 146
1860330 147
1860340 147
1860350 147
1860360 147
1860370 147
1860380 148
1860390 148
1860400 148
1860410 148
1860420 148
1860430 148
1860440 148
1860450 148
1860460 148
1860470 148
1860480 148
1860490 148
1860500 148
1860510 148
1860520 148
1860530 148
1860540 148
1860550 148
1860560 148
1860570 148
1860580 148
1860590 148
1860600 148
1860610 148
1860620 148
1860630 148
1860640 148
1860650 148
1860660 147
1860670 148
1860680 148
1860690 148
1860700 147
1860710 147
1860720 147
1860730 147
1860740 147
1860750 147
1860760 148
1860770 148
1860780 147
1860790 147
1860800 147
1860810 147
1860820 147
1860830 147
1860840 147
1860850 147
1860860 147
1860870 147
1860880 148
1860890 148
1860900 148
1860910 148
1860920 148
1860930 148
1860940 148
1860950 148
1860960 148
1860970 148
1860980 148
1860990 147
1861000 147
1861010 147
1861020 147
1861030 147
1861040 147
1861050 147
1861060 147
1861070 148
1861080 148
1861090 148
1861100 148
1861110 147
1861120 147
1861130 147
1861140 147
1861150 148
1861160 148
1861170 147
1861180 148
1861190 148
1861200 148
1861210 148
1861220 148
1861230 148
1861240 148
1861250 148
1861260 148
1861270 148
1861280 148
1861290 147
1861300 147
1861310 147
1861320 147
1861330 147
1861340 147
1861350 147
1861360 147
1861370 147
1861380 147
1861390 147
1861400 147
1861410 147
1861420 147
1861430 147
1861440 147
1861450 147
1861460 147
1861470 147
1861480 147
1861490 147
1861500 147
1861510 147
1861520 147
1861530 147
1861540 147
1861550 147
1861560 147
1861570 147
1861580 147
1861590 147
1861600 147
1861610 147
1861620 147
1861630 147
1861640 147
1861650 147
1861660 147
1861670 147
1861680 147
1861690 147
1861700 147
1861710 147
1861720 148
1861730 148
1861740 148
1861750 148
1861760 148
1861770 148
1861780 148
1861790 148
1861800 148
1861810 148
1861820 148
1861830 148
1861840 148
1861850 148
1861860 148
1861870 148
1861880 148
1861890 148
1861900 148
1861910 148
1861920 148
1861930 148
1861940 148
1861950 148
1861960 148
1861970 148
1861980 148
1861990 148
1862000 148
1862010 147
1862020 147
1862030 147
1862040 147
1862050 147
1862060 147
1862070 147
1862080 147
1862090 147
1862100 147
1862110 147
1862120 147
1862130 147
1862140 147
1862150 147
1862160 147
1862170 147
1862180 147
1862190 147
1862200 147
1862210 147
1862220 147
1862230 147
1862240 147
1862250 147
1862260 147
1862270 147
1862280 146
1862290 146
1862300 146
1862310 146
1862320 146
1862330 146
1862340 146
1862350 147
1862360 147
1862370 147
1862380 147
1862390 147
1862400 147
1862410 147
1862420 147
1862430 147
1862440 147
1862450 147
1862460 147
1862470 147
1862480 147
1862490 147
1862500 147
1862510 147
1862520 147
1862530 147
1862540 147
1862550 147
1862560 147
1862570 147
1862580 147
1862590 147
1862600 147
1862610 147
1862620 147
1862630 147
1862640 147
1862650 147
1862660 147
1862670 147
1862680 147
1862690 147
1862700 147
1862710 147
1862720 147
1862730 148
1862740 148
1862750 148
1862760 147
1862770 147
1862780 147
1862790 148
1862800 148
1862810 148
1862820 148
1862830 148
1862840 148
1862850 147
1862860 147
1862870 147
1862880 148
1862890 148
1862900 148
1862910 148
1862920 148
1862930 148
1862940 148
1862950 148
1862960 148
1862970 148
1862980 148
1862990 148
1863000 148
1863010 148
1863020 148
1863030 148
1863040 148
1863050 148
1863060 148
1863070 148
1863080 148
1863090 148
1863100 147
1863110 147
1863120 147
1863130 148
1863140 148
1863150 148
1863160 148
1863170 148
1863180 147
1863190 147
1863200 147
1863210 147
1863220 147
1863230 147
1863240 147
1863250 147
1863260 147
1863270 147
1863280 147
1863290 147
1863300 147
1863310 147
1863320 147
1863330 147
1863340 147
1863350 147
1863360 147
1863370 147
1863380 147
1863390 147
1863400 147
1863410 147
1863420 147
1863430 146
1863440 146
1863450 146
1863460 146
1863470 147
1863480 147
1863490 147
1863500 147
1863510 147
1863520 147
1863530 147
1863540 147
1863550 147
1863560 147
1863570 147
1863580 147
1863590 147
1863600 147
1863610 147
1863620 147
1863630 147
1863640 147
1863650 147
1863660 147
1863670 147
1863680 147
1863690 147
1863700 147
1863710 147
1863720 147
1863730 147
1863740 148
1863750 148
1863760 148
1863770 148
1863780 148
1863790 147
1863800 147
1863810 148
1863820 147
1863830 147
1863840 147
1863850 147
1863860 147
1863870 147
1863880 147
1863890 147
1863900 147
1863910 147
1863920 147
1863930 147
1863940 147
1863950 147
1863960 147
1863970 147
1863980 147
1863990 147
1864000 147
1864010 148
1864020 148
1864030 148
1864040 147
1864050 147
1864060 147
1864070 147
1864080 147
1864090 147
1864100 147
1864110 147
1864120 147
1864130 147
1864140 147
1864150 148
1864160 147
1864170 147
1864180 147
1864190 147
1864200 147
1864210 147
1864220 147
1864230 147
1864240 147
1864250 147
1864260 147
1864270 147
1864280 147
1864290 147
1864300 147
1864310 147
1864320 147
1864330 147
1864340 146
1864350 146
1864360 146
1864370 147
1864380 147
1864390 147
1864400 146
1864410 146
1864420 146
1864430 146
1864440 146
1864450 147
1864460 147
1864470 147
1864480 147
1864490 147
1864500 147
1864510 147
1864520 147
1864530 147
1864540 147
1864550 147
1864560 147
1864570 147
1864580 147
1864590 147
1864600 147
1864610 147
1864620 147
1864630 147
1864640 147
1864650 147
1864660 147
1864670 146
1864680 146
1864690 146
1864700 146
1864710 146
1864720 146
1864730 146
1864740 146
1864750 146
1864760 146
1864770 146
1864780 146
1864790 146
1864800 146
1864810 146
1864820 146
1864830 148
1864840 148
1864850 147
1864860 147
1864870 147
1864880 147
1864890 147
1864900 147
1864910 147
1864920 147
1864930 147
1864940 147
1864950 147
1864960 147
1864970 147
1864980 147
1864990 147
1865000 147
1865010 147
1865020 146
1865030 146
1865040 146
1865050 146
1865060 146
1865070 146
1865080 146
1865090 146
1865100 146
1865110 146
1865120 146
1865130 146
1865140 146
1865150 147
1865160 147
1865170 148
1865180 148
1865190 148
1865200 148
1865210 148
1865220 148
1865230 148
1865240 147
1865250 147
1865260 147
1865270 147
1865280 147
1865290 147
1865300 147
1865310 147
1865320 147
1865330 147
1865340 147
1865350 147
1865360 147
1865370 147
1865380 147
1865390 147
1865400 147
1865410 147
1865420 147
1865430 147
1865440 147
1865450 147
1865460 147
1865470 147
1865480 147
1865490 147
1865500 146
1865510 148
1865520 148
1865530 148
1865540 147
1865550 147
1865560 147
1865570 147
1865580 147
1865590 147
1865600 147
1865610 147
1865620 147
1865630 147
1865640 147
1865650 147
1865660 147
1865670 147
1865680 146
1865690 146
1865700 146
1865710 146
1865720 146
1865730 146
1865740 146
1865750 146
1865760 146
1865770 146
1865780 146
1865790 146
1865800 146
1865810 146
1865820 146
1865830 146
1865840 146
1865850 148
1865860 148
1865870 147
1865880 147
1865890 147
1865900 147
1865910 147
1865920 147
1865930 147
1865940 147
1865950 147
1865960 147
1865970 147
1865980 147
1865990 147
1866000 147
1866010 147
1866020 147
1866030 147
1866040 147
1866050 147
1866060 147
1866070 147
1866080 147
1866090 147
1866100 147
1866110 147
1866120 147
1866130 147
1866140 147
1866150 147
1866160 146
1866170 146
1866180 146
1866190 148
1866200 148
1866210 148
1866220 148
1866230 147
1866240 147
1866250 147
1866260 147
1866270 147
1866280 147
1866290 147
1866300 147
1866310 147
1866320 147
1866330 147
1866340 147
1866350 147
1866360 147
1866370 147
1866380 146
1866390 146
1866400 146
1866410 146
1866420 146
1866430 146
1866440 146
1866450 146
1866460 146
1866470 146
1866480 146
1866490 146
1866500 145
1866510 145
1866520 145
1866530 148
1866540 148
1866550 148
1866560 148
1866570 147
1866580 147
1866590 147
1866600 147
1866610 147
1866620 147
1866630 147
1866640 147
1866650 147
1866660 147
1866670 147
1866680 147
1866690 147
1866700 147
1866710 147
1866720 146
1866730 146
1866740 146
1866750 146
1866760 146
1866770 146
1866780 146
1866790 146
1866800 146
1866810 146
1866820 146
1866830 146
1866840 146
1866850 146
1866860 146
1866870 148
1866880 148
1866890 148
1866900 148
1866910 148
1866920 148
1866930 147
1866940 147
1866950 147
1866960 147
1866970 147
1866980 147
1866990 147
1867000 147
1867010 147
1867020 147
1867030 147
1867040 147
1867050 147
1867060 147
1867070 147
1867080 147
1867090 147
1867100 146
1867110 146
1867120 146
1867130 146
1867140 146
1867150 146
1867160 146
1867170 146
1867180 146
1867190 146
1867200 145
1867210 148
1867220 148
1867230 148
1867240 148
1867250 148
1867260 148
1867270 148
1867280 147
1867290 147
1867300 147
1867310 147
1867320 147
1867330 147
1867340 147
1867350 147
1867360 147
1867370 147
1867380 147
1867390 147
1867400 147
1867410 147
1867420 147
1867430 146
1867440 146
1867450 146
1867460 146
1867470 146
1867480 146
1867490 146
1867500 146
1867510 146
1867520 146
1867530 146
1867540 146
1867550 148
1867560 148
1867570 148
1867580 148
1867590 148
1867600 148
1867610 148
1867620 147
1867630 147
1867640 147
1867650 147
1867660 147
1867670 147
1867680 147
1867690 147
1867700 147
1867710 147
1867720 147
1867730 147
1867740 147
1867750 147
1867760 147
1867770 147
1867780 147
1867790 146
1867800 146
1867810 146
1867820 146
1867830 146
1867840 146
1867850 146
1867860 146
1867870 146
1867880 146
1867890 148
1867900 148
1867910 148
1867920 148
1867930 148
1867940 148
1867950 148
1867960 148
1867970 148
1867980 148
1867990 148
1868000 149
1868010 148
1868020 148
1868030 148
1868040 148
1868050 148
1868060 147
1868070 147
1868080 147
1868090 147
1868100 147
1868110 147
1868120 147
1868130 147
1868140 147
1868150 147
1868160 147
1868170 147
1868180 146
1868190 146
1868200 146
1868210 146
1868220 148
1868230 148
1868240 148
1868250 148
1868260 148
1868270 148
1868280 148
1868290 148
1868300 148
1868310 148
1868320 148
1868330 148
1868340 148
1868350 148
1868360 148
1868370 147
1868380 147
1868390 147
1868400 147
1868410 147
1868420 147
1868430 147
1868440 147
1868450 147
1868460 147
1868470 147
1868480 147
1868490 147
1868500 147
1868510 147
1868520 147
1868530 147
1868540 146
1868550 146
1868560 149
1868570 148
1868580 148
1868590 148
1868600 148
1868610 148
1868620 148
1868630 148
1868640 148
1868650 148
1868660 148
1868670 148
1868680 148
1868690 148
1868700 147
1868710 147
1868720 147
1868730 147
1868740 147
1868750 147
1868760 147
1868770 147
1868780 147
1868790 147
1868800 147
1868810 147
1868820 147
1868830 147
1868840 147
1868850 147
1868860 147
1868870 147
1868880 147
1868890 147
1868900 149
1868910 148
1868920 148
1868930 148
1868940 148
1868950 148
1868960 148
1868970 148
1868980 148
1868990 148
1869000 148
1869010 148
1869020 148
1869030 148
1869040 148
1869050 147
1869060 147
1869070 147
1869080 147
1869090 147
1869100 147
1869110 147
1869120 147
1869130 147
1869140 147
1869150 147
1869160 147
1869170 147
1869180 147
1869190 147
1869200 146
1869210 146
1869220 146
1869230 149
1869240 149
1869250 149
1869260 149
1869270 148
1869280 148
1869290 148
1869300 148
1869310 148
1869320 148
1869330 148
1869340 148
1869350 148
1869360 148
1869370 148
1869380 148
1869390 147
1869400 147
1869410 147
1869420 147
1869430 147
1869440 147
1869450 147
1869460 147
1869470 147
1869480 147
1869490 147
1869500 147
1869510 148
1869520 148
1869530 148
1869540 147
1869550 147
1869560 147
1869570 149
1869580 149
1869590 149
1869600 149
1869610 148
1869620 148
1869630 148
1869640 148
1869650 148
1869660 148
1869670 148
1869680 148
1869690 148
1869700 148
1869710 148
1869720 148
1869730 147
1869740 147
1869750 147
1869760 147
1869770 147
1869780 147
1869790 147
1869800 147
1869810 147
1869820 147
1869830 147
1869840 147
1869850 147
1869860 147
1869870 147
1869880 147
1869890 147
1869900 149
1869910 149
1869920 149
1869930 149
1869940 149
1869950 149
1869960 149
1869970 148
1869980 148
1869990 148
1870000 148
1870010 148
1870020 148
1870030 148
1870040 148
1870050 148
1870060 148
1870070 148
1870080 148
1870090 148
1870100 148
1870110 147
1870120 147
1870130 147
1870140 147
1870150 147
1870160 147
1870170 147
1870180 147
1870190 147
1870200 147
1870210 147
1870220 147
1870230 147
1870240 149
1870250 149
1870260 149
1870270 149
1870280 149
1870290 149
1870300 148
1870310 148
1870320 148
1870330 148
1870340 148
1870350 148
1870360 148
1870370 148
1870380 148
1870390 148
1870400 148
1870410 147
1870420 147
1870430 147
1870440 147
1870450 147
1870460 147
1870470 147
1870480 147
1870490 147
1870500 147
1870510 147
1870520 147
1870530 146
1870540 146
1870550 146
1870560 146
1870570 146
1870580 148
1870590 148
1870600 148
1870610 148
1870620 148
1870630 148
1870640 148
1870650 148
1870660 147
1870670 147
1870680 147
1870690 147
1870700 147
1870710 147
1870720 147
1870730 147
1870740 147
1870750 147
1870760 147
1870770 146
1870780 146
1870790 146
1870800 146
1870810 146
1870820 146
1870830 146
1870840 146
1870850 146
1870860 146
1870870 146
1870880 146
1870890 146
1870900 146
1870910 147
1870920 147
1870930 147
1870940 147
1870950 147
1870960 147
1870970 147
1870980 146
1870990 146
1871000 146
1871010 146
1871020 146
1871030 146
1871040 146
1871050 146
1871060 146
1871070 146
1871080 146
1871090 146
1871100 146
1871110 146
1871120 146
1871130 145
1871140 145
1871150 145
1871160 145
1871170 145
1871180 145
1871190 145
1871200 145
1871210 145
1871220 145
1871230 145
1871240 145
1871250 146
1871260 146
1871270 146
1871280 146
1871290 146
1871300 146
1871310 146
1871320 146
1871330 146
1871340 146
1871350 146
1871360 146
1871370 146
1871380 145
1871390 145
1871400 146
1871410 146
1871420 146
1871430 145
1871440 147
1871450 147
1871460 146
1871470 145
1871480 145
1871490 145
1871500 145
1871510 145
1871520 145
1871530 145
1871540 145
1871550 145
1871560 145
1871570 145
1871580 145
1871590 145
1871600 145
1871610 145
1871620 145
1871630 145
1871640 145
1871650 145
1871660 145
1871670 145
1871680 145
1871690 145
1871700 145
1871710 145
1871720 145
1871730 145
1871740 145
1871750 145
1871760 145
1871770 145
1871780 145
1871790 145
1871800 145
1871810 145
1871820 145
1871830 145
1871840 145
1871850 145
1871860 145
1871870 145
1871880 145
1871890 145
1871900 145
1871910 145
1871920 145
1871930 145
1871940 145
1871950 145
1871960 145
1871970 145
1871980 145
1871990 145
1872000 145
1872010 145
1872020 145
1872030 145
1872040 145
1872050 145
1872060 145
1872070 145
1872080 145
1872090 145
1872100 145
1872110 145
1872120 145
1872130 145
1872140 145
1872150 145
1872160 145
1872170 145
1872180 145
1872190 145
1872200 145
1872210 145
1872220 145
1872230 145
1872240 145
1872250 145
1872260 145
1872270 145
1872280 145
1872290 145
1872300 145
1872310 145
1872320 145
1872330 145
1872340 145
1872350 145
1872360 145
1872370 145
1872380 145
1872390 145
1872400 145
1872410 145
1872420 145
1872430 145
1872440 145
1872450 145
1872460 145
1872470 145
1872480 145
1872490 144
1872500 144
1872510 144
1872520 144
1872530 144
1872540 144
1872550 144
1872560 144
1872570 144
1872580 144
1872590 144
1872600 144
1872610 144
1872620 144
1872630 144
1872640 144
1872650 144
1872660 144
1872670 144
1872680 144
1872690 144
1872700 144
1872710 144
1872720 144
1872730 144
1872740 144
1872750 144
1872760 144
1872770 144
1872780 144
1872790 144
1872800 144
1872810 144
1872820 144
1872830 144
1872840 144
1872850 144
1872860 144
1872870 144
1872880 144
1872890 144
1872900 144
1872910 144
1872920 144
1872930 144
1872940 144
1872950 144
1872960 144
1872970 144
1872980 144
1872990 144
1873000 144
1873010 144
1873020 144
1873030 144
1873040 144
1873050 144
1873060 144
1873070 144
1873080 144
1873090 144
1873100 144
1873110 144
1873120 144
1873130 144
1873140 144
1873150 144
1873160 144
1873170 144
1873180 144
1873190 144
1873200 144
1873210 144
1873220 143
1873230 143
1873240 143
1873250 143
1873260 143
1873270 143
1873280 143
1873290 143
1873300 143
1873310 143
1873320 143
1873330 143
1873340 143
1873350 143
1873360 143
1873370 143
1873380 143
1873390 143
1873400 143
1873410 143
1873420 144
1873430 143
1873440 143
1873450 144
1873460 145
1873470 145
1873480 145
1873490 145
1873500 145
1873510 145
1873520 145
1873530 145
1873540 145
1873550 145
1873560 145
1873570 145
1873580 145
1873590 145
1873600 145
1873610 144
1873620 144
1873630 144
1873640 144
1873650 144
1873660 144
1873670 144
1873680 144
1873690 144
1873700 145
1873710 145
1873720 145
1873730 144
1873740 144
1873750 144
1873760 144
1873770 144
1873780 144
1873790 145
1873800 145
1873810 144
1873820 144
1873830 144
1873840 144
1873850 144
1873860 144
1873870 144
1873880 144
1873890 144
1873900 145
1873910 145
1873920 145
1873930 145
1873940 145
1873950 145
1873960 144
1873970 144
1873980 144
1873990 144
1874000 144
1874010 144
1874020 144
1874030 144
1874040 144
1874050 144
1874060 144
1874070 144
1874080 144
1874090 144
1874100 144
1874110 144
1874120 144
1874130 144
1874140 144
1874150 144
1874160 144
1874170 144
1874180 144
1874190 144
1874200 144
1874210 144
1874220 144
1874230 144
1874240 143
1874250 143
1874260 143
1874270 143
1874280 143
1874290 143
1874300 143
1874310 143
1874320 143
1874330 143
1874340 143
1874350 143
1874360 143
1874370 143
1874380 143
1874390 143
1874400 143
1874410 143
1874420 143
1874430 143
1874440 143
1874450 143
1874460 143
1874470 143
1874480 144
1874490 144
1874500 144
1874510 144
1874520 144
1874530 144
1874540 144
1874550 144
1874560 144
1874570 144
1874580 144
1874590 144
1874600 144
1874610 144
1874620 144
1874630 144
1874640 144
1874650 144
1874660 144
1874670 144
1874680 144
1874690 144
1874700 144
1874710 144
1874720 144
1874730 144
1874740 144
1874750 144
1874760 144
1874770 144
1874780 144
1874790 144
1874800 144
1874810 144
1874820 144
1874830 144
1874840 143
1874850 143
1874860 143
1874870 143
1874880 143
1874890 144
1874900 144
1874910 144
1874920 144
1874930 144
1874940 144
1874950 144
1874960 143
1874970 143
1874980 143
1874990 143
1875000 143
1875010 143
1875020 143
1875030 143
1875040 142
1875050 142
1875060 142
1875070 143
1875080 143
1875090 143
1875100 143
1875110 143
1875120 143
1875130 142
1875140 143
1875150 143
1875160 143
1875170 142
1875180 142
1875190 142
1875200 143
1875210 143
1875220 143
1875230 142
1875240 143
1875250 143
1875260 143
1875270 143
1875280 144
1875290 144
1875300 144
1875310 144
1875320 144
1875330 144
1875340 144
1875350 144
1875360 144
1875370 144
1875380 144
1875390 144
1875400 144
1875410 144
1875420 144
1875430 144
1875440 144
1875450 144
1875460 144
1875470 144
1875480 144
1875490 144
1875500 144
1875510 144
1875520 144
1875530 144
1875540 144
1875550 144
1875560 144
1875570 143
1875580 143
1875590 143
1875600 144
1875610 144
1875620 144
1875630 144
1875640 144
1875650 144
1875660 144
1875670 144
1875680 144
1875690 144
1875700 144
1875710 144
1875720 144
1875730 144
1875740 144
1875750 144
1875760 144
1875770 143
1875780 143
1875790 143
1875800 144
1875810 144
1875820 144
1875830 144
1875840 144
1875850 144
1875860 144
1875870 144
1875880 144
1875890 144
1875900 144
1875910 144
1875920 144
1875930 143
1875940 143
1875950 143
1875960 143
1875970 143
1875980 143
1875990 143
1876000 143
1876010 143
1876020 143
1876030 143
1876040 143
1876050 143
1876060 143
1876070 143
1876080 143
1876090 143
1876100 143
1876110 143
1876120 143
1876130 143
1876140 143
1876150 143
1876160 143
1876170 143
1876180 143
1876190 143
1876200 143
1876210 143
1876220 143
1876230 143
1876240 143
1876250 143
1876260 143
1876270 143
1876280 143
1876290 143
1876300 143
1876310 143
1876320 143
1876330 143
1876340 143
1876350 143
1876360 143
1876370 143
1876380 143
1876390 143
1876400 143
1876410 143
1876420 143
1876430 143
1876440 143
1876450 143
1876460 143
1876470 143
1876480 143
1876490 143
1876500 142
1876510 142
1876520 142
1876530 143
1876540 143
1876550 143
1876560 143
1876570 143
1876580 143
1876590 143
1876600 143
1876610 143
1876620 143
1876630 143
1876640 143
1876650 143
1876660 143
1876670 143
1876680 143
1876690 143
1876700 143
1876710 143
1876720 143
1876730 143
1876740 143
1876750 143
1876760 143
1876770 143
1876780 143
1876790 143
1876800 143
1876810 143
1876820 143
1876830 143
1876840 143
1876850 143
1876860 143
1876870 143
1876880 143
1876890 143
1876900 143
1876910 142
1876920 142
1876930 142
1876940 142
1876950 142
1876960 142
1876970 142
1876980 143
1876990 143
1877000 143
1877010 143
1877020 143
1877030 143
1877040 143
1877050 143
1877060 143
1877070 143
1877080 143
1877090 143
1877100 143
1877110 143
1877120 143
1877130 143
1877140 143
1877150 143
1877160 143
1877170 143
1877180 143
1877190 143
1877200 143
1877210 143
1877220 143
1877230 143
1877240 143
1877250 143
1877260 143
1877270 143
1877280 143
1877290 143
1877300 143
1877310 143
1877320 143
1877330 143
1877340 142
1877350 142
1877360 142
1877370 142
1877380 142
1877390 143
1877400 142
1877410 142
1877420 142
1877430 142
1877440 142
1877450 142
1877460 142
1877470 142
1877480 142
1877490 142
1877500 142
1877510 142
1877520 142
1877530 142
1877540 142
1877550 140
1877560 140
1877570 140
1877580 140
1877590 140
1877600 141
1877610 141
1877620 141
1877630 140
1877640 141
1877650 141
1877660 141
1877670 141
1877680 141
1877690 141
1877700 141
1877710 141
1877720 141
1877730 141
1877740 141
1877750 141
1877760 142
1877770 142
1877780 142
1877790 142
1877800 142
1877810 142
1877820 142
1877830 142
1877840 142
1877850 142
1877860 142
1877870 142
1877880 141
1877890 141
1877900 141
1877910 141
1877920 141
1877930 141
1877940 141
1877950 141
1877960 141
1877970 141
1877980 141
1877990 141
1878000 141
1878010 141
1878020 141
1878030 141
1878040 141
1878050 141
1878060 141
1878070 141
1878080 141
1878090 142
1878100 142
1878110 141
1878120 141
1878130 141
1878140 141
1878150 141
1878160 141
1878170 141
1878180 141
1878190 141
1878200 141
1878210 141
1878220 141
1878230 141
1878240 140
1878250 140
1878260 140
1878270 140
1878280 140
1878290 142
1878300 143
1878310 143
1878320 144
1878330 143
1878340 143
1878350 144
1878360 144
1878370 144
1878380 143
1878390 143
1878400 143
1878410 143
1878420 143
1878430 143
1878440 143
1878450 143
1878460 143
1878470 143
1878480 143
1878490 143
1878500 143
1878510 143
1878520 143
1878530 143
1878540 143
1878550 143
1878560 143
1878570 143
1878580 143
1878590 143
1878600 143
1878610 143
1878620 143
1878630 143
1878640 143
1878650 143
1878660 144
1878670 144
1878680 144
1878690 144
1878700 144
1878710 144
1878720 144
1878730 144
1878740 144
1878750 144
1878760 144
1878770 144
1878780 144
1878790 144
1878800 144
1878810 144
1878820 144
1878830 144
1878840 144
1878850 144
1878860 144
1878870 143
1878880 144
1878890 144
1878900 144
1878910 144
1878920 144
1878930 144
1878940 144
1878950 144
1878960 144
1878970 144
1878980 144
1878990 144
1879000 144
1879010 144
1879020 144
1879030 143
1879040 143
1879050 143
1879060 141
1879070 141
1879080 139
1879090 139
1879100 139
1879110 139
1879120 139
1879130 139
1879140 139
1879150 139
1879160 139
1879170 139
1879180 139
1879190 139
1879200 139
1879210 139
1879220 139
1879230 139
1879240 139
1879250 139
1879260 139
1879270 139
1879280 139
1879290 139
1879300 139
1879310 139
1879320 139
1879330 139
1879340 139
1879350 139
1879360 139
1879370 139
1879380 139
1879390 139
1879400 139
1879410 139
1879420 139
1879430 139
1879440 139
1879450 139
1879460 139
1879470 139
1879480 139
1879490 139
1879500 139
1879510 139
1879520 139
1879530 139
1879540 139
1879550 139
1879560 139
1879570 139
1879580 139
1879590 139
1879600 139
1879610 139
1879620 139
1879630 139
1879640 139
1879650 139
1879660 139
1879670 139
1879680 139
1879690 139
1879700 139
1879710 139
1879720 139
1879730 139
1879740 139
1879750 139
1879760 139
1879770 139
1879780 139
1879790 139
1879800 139
1879810 139
1879820 139
1879830 139
1879840 141
1879850 141
1879860 141
1879870 139
1879880 139
1879890 139
1879900 139
1879910 139
1879920 139
1879930 139
1879940 139
1879950 139
1879960 139
1879970 139
1879980 139
1879990 139
