1860000 148
1860010 148
1860020 148
1860030 148
1860040 148
1860050 148
1860060 148
1860070 148
1860080 148
1860090 148
1860100 148
1860110 148
1860120 148
1860130 148
1860140 148
1860150 148
1860160 148
1860170 148
1860180 148
1860190 148
1860200 148
1860210 148
1860220 148
1860230 149
1860240 149
1860250 149
1860260 149
1860270 149
1860280 149
1860290 149
1860300 149
1860310 149
1860320 149
1860330 149
1860340 149
1860350 149
1860360 149
1860370 148
1860380 148
1860390 148
1860400 148
1860410 148
1860420 148
1860430 148
1860440 148
1860450 148
1860460 148
1860470 148
1860480 148
1860490 148
1860500 148
1860510 148
1860520 148
1860530 147
1860540 147
1860550 147
1860560 147
1860570 147
1860580 147
1860590 147
1860600 147
1860610 147
1860620 147
1860630 147
1860640 147
1860650 147
1860660 147
1860670 147
1860680 147
1860690 147
1860700 147
1860710 147
1860720 147
1860730 147
1860740 147
1860750 147
1860760 147
1860770 147
1860780 147
1860790 147
1860800 147
1860810 147
1860820 147
1860830 147
1860840 147
1860850 148
1860860 147
1860870 147
1860880 147
1860890 147
1860900 147
1860910 147
1860920 147
1860930 147
1860940 147
1860950 146
1860960 146
1860970 146
1860980 146
1860990 146
1861000 146
1861010 146
1861020 146
1861030 146
1861040 146
1861050 146
1861060 146
1861070 146
1861080 147
1861090 147
1861100 147
1861110 147
1861120 147
1861130 147
1861140 147
1861150 147
1861160 147
1861170 147
1861180 147
1861190 147
1861200 147
1861210 147
1861220 147
1861230 147
1861240 147
1861250 147
1861260 147
1861270 147
1861280 147
1861290 148
1861300 148
1861310 148
1861320 148
1861330 148
1861340 147
1861350 147
1861360 147
1861370 146
1861380 146
1861390 146
1861400 146
1861410 145
1861420 145
1861430 145
1861440 145
1861450 145
1861460 145
1861470 145
1861480 145
1861490 146
1861500 147
1861510 147
1861520 146
1861530 146
1861540 146
1861550 146
1861560 146
1861570 146
1861580 147
1861590 147
1861600 147
1861610 147
1861620 147
1861630 147
1861640 147
1861650 147
1861660 147
1861670 147
1861680 147
1861690 147
1861700 147
1861710 147
1861720 147
1861730 147
1861740 147
1861750 147
1861760 147
1861770 147
1861780 147
1861790 147
1861800 147
1861810 147
1861820 147
1861830 147
1861840 147
1861850 147
1861860 147
1861870 147
1861880 147
1861890 147
1861900 147
1861910 147
1861920 146
1861930 146
1861940 146
1861950 146
1861960 146
1861970 146
1861980 146
1861990 146
1862000 146
1862010 146
1862020 146
1862030 147
1862040 147
1862050 147
1862060 147
1862070 147
1862080 147
1862090 147
1862100 147
1862110 147
1862120 147
1862130 147
1862140 147
1862150 147
1862160 147
1862170 147
1862180 147
1862190 147
1862200 147
1862210 147
1862220 147
1862230 147
1862240 147
1862250 147
1862260 147
1862270 147
1862280 147
1862290 147
1862300 147
1862310 147
1862320 147
1862330 147
1862340 147
1862350 147
1862360 147
1862370 147
1862380 147
1862390 147
1862400 147
1862410 147
1862420 147
1862430 147
1862440 147
1862450 147
1862460 147
1862470 147
1862480 148
1862490 148
1862500 148
1862510 148
1862520 148
1862530 148
1862540 148
1862550 148
1862560 148
1862570 148
1862580 148
1862590 148
1862600 148
1862610 148
1862620 148
1862630 148
1862640 148
1862650 148
1862660 148
1862670 148
1862680 148
1862690 148
1862700 148
1862710 148
1862720 148
1862730 148
1862740 148
1862750 148
1862760 148
1862770 148
1862780 147
1862790 147
1862800 147
1862810 147
1862820 147
1862830 147
1862840 147
1862850 147
1862860 147
1862870 146
1862880 146
1862890 146
1862900 146
1862910 147
1862920 147
1862930 147
1862940 147
1862950 147
1862960 147
1862970 148
1862980 148
1862990 147
1863000 147
1863010 147
1863020 147
1863030 147
1863040 147
1863050 147
1863060 147
1863070 147
1863080 147
1863090 147
1863100 147
1863110 147
1863120 147
1863130 147
1863140 147
1863150 147
1863160 147
1863170 147
1863180 147
1863190 147
1863200 147
1863210 147
1863220 147
1863230 147
1863240 147
1863250 146
1863260 147
1863270 147
1863280 147
1863290 146
1863300 146
1863310 146
1863320 146
1863330 146
1863340 146
1863350 146
1863360 146
1863370 146
1863380 146
1863390 146
1863400 146
1863410 146
1863420 146
1863430 146
1863440 146
1863450 146
1863460 146
1863470 146
1863480 146
1863490 146
1863500 146
1863510 146
1863520 146
1863530 147
1863540 146
1863550 146
1863560 146
1863570 146
1863580 146
1863590 146
1863600 146
1863610 146
1863620 146
1863630 146
1863640 146
1863650 146
1863660 146
1863670 146
1863680 146
1863690 146
1863700 146
1863710 146
1863720 146
1863730 146
1863740 146
1863750 146
1863760 146
1863770 146
1863780 146
1863790 146
1863800 146
1863810 146
1863820 146
1863830 146
1863840 146
1863850 146
1863860 146
1863870 146
1863880 146
1863890 146
1863900 146
1863910 146
1863920 146
1863930 146
1863940 146
1863950 146
1863960 146
1863970 146
1863980 146
1863990 146
1864000 146
1864010 146
1864020 146
1864030 146
1864040 145
1864050 146
1864060 146
1864070 146
1864080 146
1864090 146
1864100 146
1864110 146
1864120 146
1864130 146
1864140 146
1864150 146
1864160 146
1864170 146
1864180 146
1864190 146
1864200 146
1864210 146
1864220 146
1864230 146
1864240 146
1864250 146
1864260 146
1864270 146
1864280 146
1864290 146
1864300 146
1864310 146
1864320 146
1864330 146
1864340 146
1864350 146
1864360 146
1864370 146
1864380 146
1864390 146
1864400 146
1864410 146
1864420 146
1864430 146
1864440 146
1864450 146
1864460 146
1864470 146
1864480 146
1864490 146
1864500 146
1864510 146
1864520 146
1864530 146
1864540 146
1864550 146
1864560 146
1864570 146
1864580 146
1864590 146
1864600 146
1864610 146
1864620 146
1864630 146
1864640 146
1864650 146
1864660 146
1864670 146
1864680 146
1864690 146
1864700 146
1864710 146
1864720 145
1864730 145
1864740 145
1864750 145
1864760 145
1864770 145
1864780 145
1864790 145
1864800 146
1864810 146
1864820 146
1864830 146
1864840 146
1864850 146
1864860 146
1864870 146
1864880 146
1864890 146
1864900 146
1864910 146
1864920 146
1864930 146
1864940 146
1864950 146
1864960 146
1864970 146
1864980 145
1864990 145
1865000 145
1865010 146
1865020 146
1865030 146
1865040 146
1865050 146
1865060 146
1865070 146
1865080 146
1865090 146
1865100 146
1865110 146
1865120 146
1865130 146
1865140 146
1865150 146
1865160 146
1865170 145
1865180 145
1865190 146
1865200 146
1865210 146
1865220 146
1865230 146
1865240 146
1865250 146
1865260 145
1865270 145
1865280 145
1865290 145
1865300 145
1865310 145
1865320 145
1865330 145
1865340 145
1865350 145
1865360 145
1865370 145
1865380 145
1865390 145
1865400 145
1865410 145
1865420 145
1865430 145
1865440 145
1865450 145
1865460 145
1865470 145
1865480 145
1865490 145
1865500 145
1865510 145
1865520 145
1865530 145
1865540 145
1865550 145
1865560 145
1865570 145
1865580 145
1865590 145
1865600 145
1865610 145
1865620 145
1865630 145
1865640 145
1865650 145
1865660 145
1865670 145
1865680 145
1865690 145
1865700 146
1865710 146
1865720 146
1865730 146
1865740 146
1865750 146
1865760 146
1865770 146
1865780 146
1865790 146
1865800 145
1865810 145
1865820 145
1865830 145
1865840 145
1865850 146
1865860 146
1865870 146
1865880 146
1865890 146
1865900 146
1865910 146
1865920 146
1865930 146
1865940 146
1865950 146
1865960 146
1865970 146
1865980 146
1865990 146
1866000 146
1866010 146
1866020 146
1866030 146
1866040 146
1866050 146
1866060 145
1866070 145
1866080 145
1866090 145
1866100 145
1866110 145
1866120 145
1866130 145
1866140 145
1866150 145
1866160 145
1866170 145
1866180 145
1866190 145
1866200 145
1866210 145
1866220 145
1866230 145
1866240 145
1866250 145
1866260 145
1866270 145
1866280 144
1866290 144
1866300 144
1866310 144
1866320 144
1866330 144
1866340 144
1866350 144
1866360 145
1866370 146
1866380 146
1866390 146
1866400 146
1866410 146
1866420 146
1866430 147
1866440 147
1866450 147
1866460 147
1866470 147
1866480 147
1866490 147
1866500 147
1866510 147
1866520 147
1866530 147
1866540 147
1866550 147
1866560 147
1866570 147
1866580 147
1866590 147
1866600 147
1866610 147
1866620 147
1866630 147
1866640 147
1866650 147
1866660 147
1866670 147
1866680 147
1866690 147
1866700 147
1866710 147
1866720 147
1866730 147
1866740 147
1866750 147
1866760 146
1866770 146
1866780 147
1866790 147
1866800 147
1866810 147
1866820 147
1866830 147
1866840 146
1866850 146
1866860 146
1866870 146
1866880 146
1866890 146
1866900 146
1866910 146
1866920 146
1866930 146
1866940 146
1866950 146
1866960 146
1866970 146
1866980 146
1866990 146
1867000 146
1867010 146
1867020 146
1867030 146
1867040 146
1867050 146
1867060 146
1867070 146
1867080 146
1867090 146
1867100 146
1867110 146
1867120 146
1867130 146
1867140 146
1867150 146
1867160 146
1867170 146
1867180 146
1867190 146
1867200 146
1867210 146
1867220 146
1867230 146
1867240 146
1867250 146
1867260 146
1867270 146
1867280 146
1867290 146
1867300 146
1867310 146
1867320 146
1867330 146
1867340 146
1867350 146
1867360 146
1867370 146
1867380 146
1867390 146
1867400 146
1867410 146
1867420 146
1867430 146
1867440 146
1867450 146
1867460 146
1867470 146
1867480 146
1867490 146
1867500 146
1867510 146
1867520 146
1867530 145
1867540 145
1867550 145
1867560 145
1867570 145
1867580 145
1867590 145
1867600 146
1867610 146
1867620 146
1867630 146
1867640 146
1867650 146
1867660 146
1867670 146
1867680 146
1867690 146
1867700 146
1867710 146
1867720 146
1867730 146
1867740 145
1867750 145
1867760 145
1867770 145
1867780 145
1867790 145
1867800 145
1867810 145
1867820 145
1867830 145
1867840 145
1867850 145
1867860 145
1867870 145
1867880 145
1867890 145
1867900 145
1867910 145
1867920 145
1867930 145
1867940 145
1867950 145
1867960 145
1867970 145
1867980 145
1867990 145
1868000 145
1868010 145
1868020 146
1868030 146
1868040 146
1868050 146
1868060 146
1868070 146
1868080 145
1868090 145
1868100 145
1868110 145
1868120 145
1868130 145
1868140 145
1868150 145
1868160 144
1868170 144
1868180 144
1868190 144
1868200 145
1868210 145
1868220 145
1868230 145
1868240 145
1868250 145
1868260 145
1868270 145
1868280 145
1868290 145
1868300 145
1868310 145
1868320 146
1868330 146
1868340 145
1868350 145
1868360 145
1868370 145
1868380 146
1868390 146
1868400 146
1868410 145
1868420 145
1868430 145
1868440 145
1868450 145
1868460 145
1868470 145
1868480 145
1868490 145
1868500 145
1868510 145
1868520 145
1868530 145
1868540 145
1868550 145
1868560 145
1868570 145
1868580 145
1868590 145
1868600 145
1868610 145
1868620 145
1868630 145
1868640 145
1868650 145
1868660 145
1868670 145
1868680 145
1868690 145
1868700 145
1868710 145
1868720 145
1868730 145
1868740 145
1868750 145
1868760 145
1868770 145
1868780 145
1868790 145
1868800 145
1868810 145
1868820 145
1868830 146
1868840 146
1868850 146
1868860 146
1868870 146
1868880 146
1868890 146
1868900 146
1868910 146
1868920 146
1868930 146
1868940 146
1868950 146
1868960 146
1868970 146
1868980 146
1868990 146
1869000 146
1869010 146
1869020 146
1869030 146
1869040 146
1869050 146
1869060 146
1869070 146
1869080 146
1869090 146
1869100 146
1869110 146
1869120 146
1869130 146
1869140 146
1869150 146
1869160 146
1869170 146
1869180 146
1869190 146
1869200 146
1869210 146
1869220 146
1869230 146
1869240 146
1869250 146
1869260 146
1869270 146
1869280 146
1869290 146
1869300 146
1869310 146
1869320 146
1869330 146
1869340 146
1869350 146
1869360 146
1869370 146
1869380 146
1869390 146
1869400 146
1869410 146
1869420 146
1869430 146
1869440 146
1869450 146
1869460 146
1869470 146
1869480 146
1869490 146
1869500 146
1869510 146
1869520 146
1869530 146
1869540 146
1869550 146
1869560 146
1869570 146
1869580 146
1869590 146
1869600 146
1869610 146
1869620 146
1869630 146
1869640 146
1869650 146
1869660 146
1869670 146
1869680 145
1869690 145
1869700 145
1869710 145
1869720 145
1869730 145
1869740 145
1869750 145
1869760 146
1869770 146
1869780 146
1869790 146
1869800 146
1869810 146
1869820 146
1869830 146
1869840 146
1869850 146
1869860 145
1869870 145
1869880 145
1869890 145
1869900 145
1869910 145
1869920 144
1869930 144
1869940 144
1869950 144
1869960 144
1869970 144
1869980 144
1869990 144
1870000 144
1870010 144
1870020 144
1870030 144
1870040 144
1870050 144
1870060 144
1870070 144
1870080 144
1870090 144
1870100 144
1870110 144
1870120 144
1870130 144
1870140 144
1870150 144
1870160 144
1870170 144
1870180 144
1870190 144
1870200 144
1870210 144
1870220 144
1870230 144
1870240 144
1870250 144
1870260 144
1870270 144
1870280 144
1870290 144
1870300 144
1870310 144
1870320 144
1870330 144
1870340 144
1870350 144
1870360 144
1870370 144
1870380 144
1870390 144
1870400 144
1870410 144
1870420 144
1870430 144
1870440 144
1870450 144
1870460 144
1870470 144
1870480 144
1870490 144
1870500 144
1870510 144
1870520 144
1870530 144
1870540 144
1870550 144
1870560 144
1870570 144
1870580 144
1870590 144
1870600 144
1870610 145
1870620 145
1870630 144
1870640 144
1870650 144
1870660 144
1870670 144
1870680 144
1870690 144
1870700 144
1870710 144
1870720 145
1870730 144
1870740 144
1870750 144
1870760 144
1870770 144
1870780 144
1870790 144
1870800 144
1870810 144
1870820 144
1870830 144
1870840 144
1870850 145
1870860 145
1870870 145
1870880 144
1870890 144
1870900 144
1870910 144
1870920 144
1870930 144
1870940 144
1870950 144
1870960 144
1870970 144
1870980 144
1870990 144
1871000 144
1871010 144
1871020 144
1871030 144
1871040 144
1871050 144
1871060 144
1871070 144
1871080 144
1871090 144
1871100 144
1871110 144
1871120 144
1871130 144
1871140 144
1871150 144
1871160 144
1871170 144
1871180 144
1871190 144
1871200 144
1871210 144
1871220 144
1871230 144
1871240 144
1871250 144
1871260 144
1871270 144
1871280 144
1871290 144
1871300 144
1871310 144
1871320 144
1871330 144
1871340 144
1871350 144
1871360 144
1871370 144
1871380 144
1871390 144
1871400 144
1871410 144
1871420 144
1871430 144
1871440 144
1871450 144
1871460 144
1871470 144
1871480 144
1871490 144
1871500 144
1871510 144
1871520 144
1871530 144
1871540 144
1871550 144
1871560 144
1871570 144
1871580 144
1871590 144
1871600 144
1871610 144
1871620 144
1871630 144
1871640 144
1871650 144
1871660 144
1871670 144
1871680 144
1871690 145
1871700 145
1871710 145
1871720 145
1871730 145
1871740 145
1871750 145
1871760 145
1871770 145
1871780 145
1871790 145
1871800 145
1871810 145
1871820 145
1871830 144
1871840 144
1871850 144
1871860 144
1871870 144
1871880 144
1871890 144
1871900 144
1871910 144
1871920 143
1871930 143
1871940 143
1871950 144
1871960 144
1871970 144
1871980 144
1871990 144
1872000 144
1872010 144
1872020 143
1872030 143
1872040 143
1872050 143
1872060 143
1872070 143
1872080 144
1872090 144
1872100 144
1872110 144
1872120 144
1872130 144
1872140 144
1872150 144
1872160 144
1872170 144
1872180 144
1872190 144
1872200 144
1872210 144
1872220 144
1872230 144
1872240 143
1872250 143
1872260 143
1872270 143
1872280 143
1872290 143
1872300 143
1872310 143
1872320 143
1872330 143
1872340 143
1872350 143
1872360 143
1872370 143
1872380 143
1872390 143
1872400 143
1872410 143
1872420 143
1872430 143
1872440 143
1872450 143
1872460 143
1872470 143
1872480 143
1872490 143
1872500 143
1872510 143
1872520 143
1872530 143
1872540 143
1872550 143
1872560 143
1872570 143
1872580 143
1872590 143
1872600 143
1872610 143
1872620 143
1872630 143
1872640 143
1872650 144
1872660 144
1872670 144
1872680 144
1872690 144
1872700 144
1872710 144
1872720 144
1872730 144
1872740 144
1872750 144
1872760 144
1872770 144
1872780 144
1872790 144
1872800 144
1872810 144
1872820 144
1872830 144
1872840 144
1872850 144
1872860 144
1872870 144
1872880 144
1872890 144
1872900 144
1872910 144
1872920 144
1872930 144
1872940 144
1872950 144
1872960 144
1872970 144
1872980 144
1872990 144
1873000 144
1873010 144
1873020 144
1873030 144
1873040 144
1873050 144
1873060 144
1873070 144
1873080 144
1873090 144
1873100 144
1873110 144
1873120 144
1873130 144
1873140 144
1873150 144
1873160 144
1873170 144
1873180 144
1873190 144
1873200 144
1873210 144
1873220 144
1873230 144
1873240 144
1873250 143
1873260 144
1873270 144
1873280 144
1873290 144
1873300 144
1873310 143
1873320 143
1873330 143
1873340 143
1873350 143
1873360 143
1873370 143
1873380 143
1873390 143
1873400 143
1873410 143
1873420 143
1873430 143
1873440 143
1873450 143
1873460 143
1873470 143
1873480 143
1873490 143
1873500 143
1873510 143
1873520 143
1873530 143
1873540 143
1873550 143
1873560 143
1873570 143
1873580 143
1873590 143
1873600 143
1873610 143
1873620 143
1873630 143
1873640 143
1873650 143
1873660 143
1873670 143
1873680 143
1873690 143
1873700 143
1873710 143
1873720 143
1873730 143
1873740 143
1873750 143
1873760 143
1873770 143
1873780 143
1873790 143
1873800 143
1873810 143
1873820 143
1873830 143
1873840 143
1873850 143
1873860 143
1873870 143
1873880 143
1873890 143
1873900 143
1873910 143
1873920 143
1873930 143
1873940 143
1873950 142
1873960 142
1873970 142
1873980 142
1873990 142
1874000 142
1874010 142
1874020 142
1874030 142
1874040 142
1874050 142
1874060 142
1874070 142
1874080 142
1874090 141
1874100 141
1874110 141
1874120 142
1874130 142
1874140 142
1874150 142
1874160 142
1874170 142
1874180 142
1874190 142
1874200 142
1874210 143
1874220 142
1874230 142
1874240 142
1874250 142
1874260 142
1874270 142
1874280 142
1874290 142
1874300 142
1874310 142
1874320 142
1874330 142
1874340 143
1874350 143
1874360 143
1874370 142
1874380 142
1874390 143
1874400 143
1874410 143
1874420 143
1874430 143
1874440 143
1874450 143
1874460 143
1874470 143
1874480 143
1874490 143
1874500 143
1874510 143
1874520 143
1874530 143
1874540 143
1874550 143
1874560 143
1874570 143
1874580 143
1874590 143
1874600 143
1874610 143
1874620 143
1874630 143
1874640 143
1874650 143
1874660 143
1874670 143
1874680 143
1874690 143
1874700 143
1874710 143
1874720 143
1874730 143
1874740 143
1874750 143
1874760 144
1874770 144
1874780 143
1874790 143
1874800 143
1874810 144
1874820 144
1874830 144
1874840 144
1874850 144
1874860 144
1874870 144
1874880 144
1874890 144
1874900 144
1874910 144
1874920 144
1874930 144
1874940 144
1874950 144
1874960 143
1874970 143
1874980 143
1874990 143
1875000 143
1875010 143
1875020 143
1875030 143
1875040 143
1875050 143
1875060 143
1875070 143
1875080 143
1875090 143
1875100 143
1875110 143
1875120 143
1875130 143
1875140 143
1875150 143
1875160 143
1875170 142
1875180 141
1875190 141
1875200 142
1875210 143
1875220 143
1875230 143
1875240 143
1875250 143
1875260 143
1875270 143
1875280 143
1875290 143
1875300 143
1875310 143
1875320 143
1875330 143
1875340 143
1875350 143
1875360 143
1875370 143
1875380 143
1875390 143
1875400 143
1875410 143
1875420 143
1875430 143
1875440 143
1875450 143
1875460 143
1875470 143
1875480 143
1875490 143
1875500 143
1875510 144
1875520 144
1875530 144
1875540 144
1875550 144
1875560 143
1875570 144
1875580 144
1875590 144
1875600 144
1875610 144
1875620 144
1875630 144
1875640 144
1875650 144
1875660 144
1875670 144
1875680 144
1875690 144
1875700 144
1875710 144
1875720 144
1875730 144
1875740 143
1875750 143
1875760 143
1875770 144
1875780 144
1875790 144
1875800 144
1875810 144
1875820 144
1875830 144
1875840 143
1875850 143
1875860 143
1875870 143
1875880 143
1875890 143
1875900 143
1875910 143
1875920 143
1875930 143
1875940 143
1875950 143
1875960 143
1875970 143
1875980 143
1875990 142
1876000 142
1876010 142
1876020 142
1876030 142
1876040 142
1876050 142
1876060 142
1876070 142
1876080 142
1876090 142
1876100 142
1876110 142
1876120 142
1876130 143
1876140 143
1876150 143
1876160 142
1876170 142
1876180 142
1876190 142
1876200 142
1876210 142
1876220 142
1876230 143
1876240 143
1876250 143
1876260 143
1876270 143
1876280 143
1876290 143
1876300 143
1876310 143
1876320 143
1876330 143
1876340 143
1876350 143
1876360 143
1876370 143
1876380 143
1876390 143
1876400 143
1876410 143
1876420 143
1876430 143
1876440 143
1876450 143
1876460 143
1876470 143
1876480 143
1876490 143
1876500 143
1876510 143
1876520 143
1876530 143
1876540 143
1876550 143
1876560 143
1876570 143
1876580 143
1876590 143
1876600 143
1876610 143
1876620 143
1876630 143
1876640 143
1876650 143
1876660 143
1876670 143
1876680 143
1876690 143
1876700 143
1876710 143
1876720 143
1876730 143
1876740 143
1876750 143
1876760 143
1876770 143
1876780 143
1876790 143
1876800 143
1876810 143
1876820 143
1876830 143
1876840 143
1876850 143
1876860 143
1876870 143
1876880 143
1876890 143
1876900 143
1876910 143
1876920 143
1876930 143
1876940 143
1876950 143
1876960 143
1876970 143
1876980 143
1876990 143
1877000 143
1877010 143
1877020 143
1877030 143
1877040 143
1877050 143
1877060 143
1877070 143
1877080 143
1877090 143
1877100 143
1877110 143
1877120 143
1877130 142
1877140 142
1877150 142
1877160 142
1877170 142
1877180 142
1877190 142
1877200 143
1877210 143
1877220 143
1877230 143
1877240 143
1877250 143
1877260 143
1877270 143
1877280 143
1877290 143
1877300 143
1877310 143
1877320 143
1877330 143
1877340 143
1877350 143
1877360 143
1877370 143
1877380 143
1877390 143
1877400 143
1877410 143
1877420 143
1877430 143
1877440 143
1877450 143
1877460 143
1877470 143
1877480 143
1877490 143
1877500 143
1877510 143
1877520 143
1877530 143
1877540 143
1877550 143
1877560 143
1877570 143
1877580 143
1877590 143
1877600 143
1877610 143
1877620 143
1877630 143
1877640 143
1877650 143
1877660 143
1877670 143
1877680 143
1877690 143
1877700 143
1877710 143
1877720 143
1877730 143
1877740 143
1877750 143
1877760 143
1877770 143
1877780 143
1877790 143
1877800 142
1877810 142
1877820 143
1877830 142
1877840 142
1877850 142
1877860 142
1877870 142
1877880 142
1877890 142
1877900 142
1877910 142
1877920 142
1877930 142
1877940 142
1877950 142
1877960 142
1877970 142
1877980 143
1877990 143
1878000 143
1878010 143
1878020 143
1878030 143
1878040 143
1878050 143
1878060 143
1878070 142
1878080 142
1878090 142
1878100 142
1878110 142
1878120 142
1878130 142
1878140 142
1878150 142
1878160 142
1878170 142
1878180 142
1878190 142
1878200 142
1878210 142
1878220 142
1878230 142
1878240 142
1878250 142
1878260 142
1878270 142
1878280 142
1878290 142
1878300 143
1878310 143
1878320 143
1878330 143
1878340 142
1878350 142
1878360 143
1878370 143
1878380 143
1878390 143
1878400 143
1878410 143
1878420 143
1878430 143
1878440 143
1878450 143
1878460 143
1878470 143
1878480 143
1878490 143
1878500 143
1878510 143
1878520 143
1878530 143
1878540 143
1878550 143
1878560 143
1878570 143
1878580 143
1878590 143
1878600 143
1878610 143
1878620 143
1878630 143
1878640 143
1878650 143
1878660 143
1878670 143
1878680 143
1878690 143
1878700 143
1878710 143
1878720 143
1878730 143
1878740 143
1878750 143
1878760 143
1878770 143
1878780 143
1878790 143
1878800 143
1878810 142
1878820 142
1878830 142
1878840 142
1878850 142
1878860 142
1878870 142
1878880 142
1878890 142
1878900 142
1878910 142
1878920 142
1878930 142
1878940 142
1878950 142
1878960 142
1878970 143
1878980 143
1878990 142
1879000 142
1879010 142
1879020 142
1879030 142
1879040 142
1879050 142
1879060 142
1879070 142
1879080 142
1879090 142
1879100 142
1879110 142
1879120 142
1879130 142
1879140 142
1879150 142
1879160 142
1879170 142
1879180 142
1879190 142
1879200 142
1879210 142
1879220 142
1879230 142
1879240 142
1879250 142
1879260 142
1879270 142
1879280 142
1879290 142
1879300 142
1879310 142
1879320 142
1879330 142
1879340 142
1879350 142
1879360 142
1879370 142
1879380 142
1879390 142
1879400 142
1879410 142
1879420 142
1879430 142
1879440 142
1879450 142
1879460 142
1879470 142
1879480 142
1879490 142
1879500 142
1879510 142
1879520 142
1879530 142
1879540 141
1879550 141
1879560 141
1879570 141
1879580 141
1879590 142
1879600 142
1879610 142
1879620 142
1879630 142
1879640 142
1879650 142
1879660 142
1879670 142
1879680 142
1879690 142
1879700 142
1879710 142
1879720 143
1879730 143
1879740 142
1879750 142
1879760 142
1879770 142
1879780 142
1879790 142
1879800 142
1879810 142
1879820 142
1879830 142
1879840 142
1879850 142
1879860 142
1879870 142
1879880 142
1879890 142
1879900 142
1879910 142
1879920 142
1879930 142
1879940 142
1879950 142
1879960 142
1879970 142
1879980 142
1879990 142
