1860000 149
1860010 149
1860020 149
1860030 149
1860040 149
1860050 149
1860060 149
1860070 149
1860080 149
1860090 149
1860100 149
1860110 149
1860120 149
1860130 149
1860140 149
1860150 149
1860160 149
1860170 149
1860180 149
1860190 149
1860200 149
1860210 149
1860220 149
1860230 148
1860240 148
1860250 148
1860260 148
1860270 148
1860280 148
1860290 148
1860300 148
1860310 148
1860320 148
1860330 148
1860340 148
1860350 148
1860360 148
1860370 148
1860380 148
1860390 148
1860400 148
1860410 149
1860420 149
1860430 149
1860440 149
1860450 149
1860460 149
1860470 149
1860480 149
1860490 149
1860500 149
1860510 149
1860520 149
1860530 149
1860540 149
1860550 149
1860560 149
1860570 149
1860580 149
1860590 149
1860600 149
1860610 149
1860620 149
1860630 149
1860640 149
1860650 149
1860660 149
1860670 149
1860680 149
1860690 149
1860700 149
1860710 149
1860720 149
1860730 149
1860740 149
1860750 149
1860760 149
1860770 149
1860780 149
1860790 149
1860800 149
1860810 149
1860820 149
1860830 149
1860840 149
1860850 149
1860860 149
1860870 148
1860880 148
1860890 148
1860900 148
1860910 148
1860920 148
1860930 148
1860940 148
1860950 148
1860960 148
1860970 148
1860980 148
1860990 148
1861000 148
1861010 148
1861020 148
1861030 148
1861040 148
1861050 148
1861060 148
1861070 149
1861080 149
1861090 149
1861100 149
1861110 149
1861120 149
1861130 149
1861140 149
1861150 149
1861160 148
1861170 148
1861180 148
1861190 148
1861200 148
1861210 148
1861220 149
1861230 148
1861240 148
1861250 148
1861260 149
1861270 149
1861280 149
1861290 149
1861300 149
1861310 149
1861320 149
1861330 149
1861340 149
1861350 149
1861360 149
1861370 149
1861380 148
1861390 148
1861400 148
1861410 148
1861420 148
1861430 148
1861440 148
1861450 148
1861460 148
1861470 148
1861480 148
1861490 149
1861500 148
1861510 148
1861520 148
1861530 148
1861540 148
1861550 148
1861560 148
1861570 148
1861580 148
1861590 148
1861600 148
1861610 148
1861620 148
1861630 148
1861640 148
1861650 148
1861660 148
1861670 148
1861680 148
1861690 148
1861700 148
1861710 148
1861720 148
1861730 148
1861740 148
1861750 148
1861760 148
1861770 147
1861780 147
1861790 147
1861800 147
1861810 147
1861820 147
1861830 148
1861840 148
1861850 148
1861860 148
1861870 148
1861880 148
1861890 148
1861900 148
1861910 148
1861920 148
1861930 148
1861940 148
1861950 148
1861960 148
1861970 148
1861980 148
1861990 148
1862000 148
1862010 148
1862020 148
1862030 148
1862040 147
1862050 147
1862060 147
1862070 147
1862080 147
1862090 147
1862100 147
1862110 147
1862120 147
1862130 147
1862140 147
1862150 147
1862160 147
1862170 147
1862180 147
1862190 148
1862200 148
1862210 148
1862220 148
1862230 148
1862240 148
1862250 148
1862260 148
1862270 148
1862280 148
1862290 148
1862300 148
1862310 149
1862320 149
1862330 148
1862340 148
1862350 148
1862360 148
1862370 148
1862380 148
1862390 148
1862400 148
1862410 148
1862420 148
1862430 148
1862440 148
1862450 147
1862460 147
1862470 147
1862480 147
1862490 147
1862500 147
1862510 148
1862520 148
1862530 148
1862540 148
1862550 148
1862560 148
1862570 147
1862580 147
1862590 147
1862600 147
1862610 147
1862620 147
1862630 147
1862640 147
1862650 147
1862660 147
1862670 147
1862680 147
1862690 148
1862700 148
1862710 148
1862720 148
1862730 148
1862740 148
1862750 147
1862760 148
1862770 148
1862780 148
1862790 148
1862800 148
1862810 148
1862820 148
1862830 148
1862840 148
1862850 148
1862860 148
1862870 148
1862880 148
1862890 148
1862900 148
1862910 148
1862920 148
1862930 148
1862940 148
1862950 148
1862960 148
1862970 148
1862980 148
1862990 148
1863000 148
1863010 148
1863020 148
1863030 148
1863040 148
1863050 148
1863060 148
1863070 148
1863080 148
1863090 148
1863100 148
1863110 148
1863120 148
1863130 148
1863140 148
1863150 148
1863160 148
1863170 148
1863180 148
1863190 148
1863200 148
1863210 148
1863220 148
1863230 148
1863240 148
1863250 148
1863260 148
1863270 148
1863280 148
1863290 147
1863300 147
1863310 147
1863320 147
1863330 147
1863340 147
1863350 147
1863360 147
1863370 147
1863380 147
1863390 147
1863400 147
1863410 147
1863420 147
1863430 147
1863440 147
1863450 147
1863460 147
1863470 147
1863480 147
1863490 147
1863500 147
1863510 147
1863520 147
1863530 147
1863540 147
1863550 147
1863560 147
1863570 147
1863580 147
1863590 147
1863600 147
1863610 147
1863620 147
1863630 147
1863640 147
1863650 147
1863660 147
1863670 147
1863680 147
1863690 147
1863700 147
1863710 147
1863720 147
1863730 147
1863740 147
1863750 147
1863760 147
1863770 147
1863780 147
1863790 147
1863800 147
1863810 147
1863820 147
1863830 147
1863840 147
1863850 147
1863860 147
1863870 147
1863880 147
1863890 147
1863900 147
1863910 147
1863920 147
1863930 147
1863940 147
1863950 147
1863960 147
1863970 147
1863980 147
1863990 147
1864000 147
1864010 147
1864020 147
1864030 147
1864040 147
1864050 148
1864060 148
1864070 147
1864080 147
1864090 147
1864100 147
1864110 147
1864120 147
1864130 147
1864140 147
1864150 147
1864160 147
1864170 147
1864180 147
1864190 147
1864200 147
1864210 147
1864220 147
1864230 147
1864240 147
1864250 147
1864260 147
1864270 147
1864280 147
1864290 147
1864300 147
1864310 147
1864320 147
1864330 147
1864340 147
1864350 147
1864360 147
1864370 147
1864380 147
1864390 147
1864400 147
1864410 147
1864420 147
1864430 147
1864440 147
1864450 147
1864460 147
1864470 147
1864480 147
1864490 147
1864500 147
1864510 147
1864520 147
1864530 147
1864540 147
1864550 147
1864560 147
1864570 147
1864580 147
1864590 147
1864600 147
1864610 147
1864620 147
1864630 147
1864640 147
1864650 147
1864660 147
1864670 147
1864680 147
1864690 147
1864700 147
1864710 147
1864720 147
1864730 147
1864740 147
1864750 147
1864760 147
1864770 147
1864780 147
1864790 147
1864800 147
1864810 147
1864820 147
1864830 147
1864840 147
1864850 147
1864860 147
1864870 147
1864880 147
1864890 147
1864900 147
1864910 147
1864920 147
1864930 147
1864940 147
1864950 147
1864960 147
1864970 147
1864980 147
1864990 147
1865000 147
1865010 147
1865020 147
1865030 147
1865040 147
1865050 147
1865060 147
1865070 147
1865080 147
1865090 147
1865100 147
1865110 147
1865120 147
1865130 147
1865140 147
1865150 147
1865160 147
1865170 147
1865180 147
1865190 147
1865200 147
1865210 147
1865220 147
1865230 147
1865240 147
1865250 147
1865260 147
1865270 147
1865280 147
1865290 147
1865300 147
1865310 147
1865320 146
1865330 146
1865340 147
1865350 147
1865360 147
1865370 147
1865380 147
1865390 147
1865400 146
1865410 146
1865420 146
1865430 146
1865440 146
1865450 146
1865460 146
1865470 147
1865480 147
1865490 147
1865500 147
1865510 147
1865520 147
1865530 147
1865540 147
1865550 147
1865560 147
1865570 147
1865580 147
1865590 147
1865600 147
1865610 147
1865620 147
1865630 147
1865640 147
1865650 147
1865660 147
1865670 146
1865680 146
1865690 146
1865700 146
1865710 146
1865720 146
1865730 146
1865740 146
1865750 146
1865760 146
1865770 146
1865780 146
1865790 146
1865800 146
1865810 146
1865820 146
1865830 146
1865840 146
1865850 146
1865860 146
1865870 146
1865880 146
1865890 146
1865900 146
1865910 146
1865920 146
1865930 146
1865940 146
1865950 146
1865960 146
1865970 146
1865980 146
1865990 146
1866000 146
1866010 146
1866020 146
1866030 146
1866040 146
1866050 146
1866060 146
1866070 146
1866080 146
1866090 146
1866100 146
1866110 146
1866120 146
1866130 146
1866140 146
1866150 146
1866160 146
1866170 146
1866180 146
1866190 146
1866200 146
1866210 146
1866220 146
1866230 146
1866240 146
1866250 146
1866260 146
1866270 146
1866280 146
1866290 146
1866300 146
1866310 146
1866320 146
1866330 146
1866340 146
1866350 146
1866360 146
1866370 146
1866380 146
1866390 146
1866400 146
1866410 146
1866420 146
1866430 146
1866440 146
1866450 146
1866460 146
1866470 146
1866480 146
1866490 146
1866500 146
1866510 146
1866520 146
1866530 146
1866540 146
1866550 146
1866560 146
1866570 146
1866580 146
1866590 146
1866600 146
1866610 146
1866620 146
1866630 146
1866640 146
1866650 146
1866660 146
1866670 146
1866680 146
1866690 146
1866700 146
1866710 146
1866720 145
1866730 145
1866740 145
1866750 145
1866760 145
1866770 145
1866780 145
1866790 145
1866800 145
1866810 145
1866820 145
1866830 145
1866840 145
1866850 145
1866860 145
1866870 145
1866880 145
1866890 145
1866900 145
1866910 145
1866920 145
1866930 145
1866940 145
1866950 145
1866960 145
1866970 145
1866980 145
1866990 145
1867000 145
1867010 145
1867020 145
1867030 145
1867040 145
1867050 145
1867060 145
1867070 145
1867080 145
1867090 145
1867100 145
1867110 145
1867120 145
1867130 145
1867140 145
1867150 145
1867160 145
1867170 145
1867180 145
1867190 145
1867200 145
1867210 145
1867220 145
1867230 145
1867240 145
1867250 145
1867260 145
1867270 145
1867280 145
1867290 145
1867300 145
1867310 145
1867320 145
1867330 145
1867340 145
1867350 145
1867360 145
1867370 145
1867380 145
1867390 145
1867400 145
1867410 144
1867420 145
1867430 145
1867440 145
1867450 145
1867460 145
1867470 145
1867480 145
1867490 145
1867500 145
1867510 145
1867520 145
1867530 145
1867540 145
1867550 145
1867560 145
1867570 145
1867580 145
1867590 145
1867600 145
1867610 145
1867620 145
1867630 145
1867640 145
1867650 145
1867660 145
1867670 145
1867680 145
1867690 145
1867700 145
1867710 145
1867720 145
1867730 145
1867740 145
1867750 145
1867760 145
1867770 145
1867780 145
1867790 145
1867800 145
1867810 145
1867820 145
1867830 145
1867840 145
1867850 145
1867860 145
1867870 145
1867880 145
1867890 145
1867900 145
1867910 145
1867920 145
1867930 145
1867940 145
1867950 145
1867960 145
1867970 145
1867980 145
1867990 145
1868000 145
1868010 145
1868020 145
1868030 145
1868040 145
1868050 145
1868060 145
1868070 145
1868080 145
1868090 145
1868100 145
1868110 145
1868120 145
1868130 145
1868140 145
1868150 145
1868160 145
1868170 145
1868180 145
1868190 145
1868200 145
1868210 145
1868220 145
1868230 145
1868240 145
1868250 145
1868260 145
1868270 145
1868280 145
1868290 145
1868300 145
1868310 144
1868320 144
1868330 144
1868340 144
1868350 145
1868360 145
1868370 145
1868380 145
1868390 145
1868400 145
1868410 145
1868420 145
1868430 145
1868440 145
1868450 145
1868460 145
1868470 144
1868480 144
1868490 144
1868500 144
1868510 144
1868520 144
1868530 144
1868540 144
1868550 145
1868560 145
1868570 145
1868580 144
1868590 145
1868600 145
1868610 145
1868620 145
1868630 145
1868640 145
1868650 145
1868660 145
1868670 145
1868680 145
1868690 145
1868700 145
1868710 145
1868720 145
1868730 145
1868740 145
1868750 145
1868760 145
1868770 145
1868780 145
1868790 145
1868800 145
1868810 145
1868820 145
1868830 145
1868840 145
1868850 145
1868860 145
1868870 145
1868880 145
1868890 145
1868900 145
1868910 145
1868920 144
1868930 144
1868940 144
1868950 144
1868960 144
1868970 144
1868980 144
1868990 144
1869000 144
1869010 144
1869020 144
1869030 144
1869040 144
1869050 144
1869060 144
1869070 144
1869080 144
1869090 145
1869100 145
1869110 145
1869120 145
1869130 145
1869140 145
1869150 145
1869160 144
1869170 144
1869180 144
1869190 144
1869200 144
1869210 144
1869220 144
1869230 144
1869240 144
1869250 144
1869260 144
1869270 144
1869280 144
1869290 144
1869300 144
1869310 144
1869320 144
1869330 144
1869340 144
1869350 144
1869360 144
1869370 144
1869380 144
1869390 144
1869400 144
1869410 144
1869420 144
1869430 144
1869440 144
1869450 144
1869460 144
1869470 144
1869480 144
1869490 144
1869500 144
1869510 144
1869520 144
1869530 144
1869540 144
1869550 144
1869560 144
1869570 144
1869580 144
1869590 144
1869600 144
1869610 144
1869620 144
1869630 144
1869640 144
1869650 144
1869660 144
1869670 144
1869680 144
1869690 144
1869700 144
1869710 144
1869720 144
1869730 144
1869740 144
1869750 144
1869760 144
1869770 144
1869780 144
1869790 144
1869800 144
1869810 144
1869820 144
1869830 144
1869840 144
1869850 144
1869860 144
1869870 144
1869880 144
1869890 144
1869900 144
1869910 144
1869920 144
1869930 144
1869940 144
1869950 144
1869960 144
1869970 144
1869980 144
1869990 144
1870000 144
1870010 144
1870020 144
1870030 144
1870040 144
1870050 144
1870060 144
1870070 144
1870080 144
1870090 144
1870100 144
1870110 144
1870120 144
1870130 144
1870140 144
1870150 144
1870160 144
1870170 144
1870180 144
1870190 144
1870200 144
1870210 144
1870220 144
1870230 144
1870240 144
1870250 144
1870260 144
1870270 143
1870280 143
1870290 143
1870300 143
1870310 143
1870320 144
1870330 143
1870340 143
1870350 143
1870360 143
1870370 143
1870380 143
1870390 143
1870400 143
1870410 143
1870420 143
1870430 143
1870440 143
1870450 143
1870460 143
1870470 143
1870480 143
1870490 143
1870500 143
1870510 143
1870520 143
1870530 143
1870540 143
1870550 143
1870560 143
1870570 143
1870580 143
1870590 143
1870600 143
1870610 143
1870620 144
1870630 144
1870640 144
1870650 144
1870660 144
1870670 144
1870680 144
1870690 144
1870700 144
1870710 144
1870720 144
1870730 144
1870740 144
1870750 144
1870760 144
1870770 144
1870780 144
1870790 144
1870800 144
1870810 144
1870820 144
1870830 144
1870840 144
1870850 144
1870860 144
1870870 144
1870880 144
1870890 144
1870900 144
1870910 144
1870920 144
1870930 144
1870940 144
1870950 144
1870960 144
1870970 144
1870980 144
1870990 144
1871000 144
1871010 144
1871020 144
1871030 144
1871040 144
1871050 144
1871060 144
1871070 143
1871080 143
1871090 143
1871100 143
1871110 143
1871120 143
1871130 143
1871140 144
1871150 144
1871160 144
1871170 144
1871180 144
1871190 144
1871200 144
1871210 144
1871220 144
1871230 144
1871240 144
1871250 144
1871260 144
1871270 144
1871280 144
1871290 144
1871300 144
1871310 144
1871320 144
1871330 144
1871340 144
1871350 144
1871360 144
1871370 144
1871380 144
1871390 144
1871400 144
1871410 144
1871420 144
1871430 144
1871440 144
1871450 144
1871460 144
1871470 144
1871480 144
1871490 144
1871500 144
1871510 144
1871520 144
1871530 144
1871540 144
1871550 144
1871560 144
1871570 144
1871580 144
1871590 144
1871600 144
1871610 144
1871620 144
1871630 144
1871640 144
1871650 144
1871660 144
1871670 144
1871680 144
1871690 144
1871700 144
1871710 144
1871720 144
1871730 144
1871740 144
1871750 143
1871760 143
1871770 143
1871780 143
1871790 143
1871800 143
1871810 143
1871820 144
1871830 144
1871840 144
1871850 144
1871860 144
1871870 144
1871880 144
1871890 145
1871900 145
1871910 145
1871920 145
1871930 145
1871940 145
1871950 145
1871960 145
1871970 145
1871980 144
1871990 144
1872000 144
1872010 145
1872020 145
1872030 145
1872040 145
1872050 145
1872060 145
1872070 145
1872080 144
1872090 144
1872100 144
1872110 144
1872120 144
1872130 144
1872140 144
1872150 144
1872160 144
1872170 144
1872180 144
1872190 144
1872200 144
1872210 144
1872220 144
1872230 144
1872240 144
1872250 144
1872260 144
1872270 144
1872280 144
1872290 144
1872300 144
1872310 144
1872320 144
1872330 144
1872340 144
1872350 144
1872360 144
1872370 144
1872380 144
1872390 144
1872400 144
1872410 144
1872420 144
1872430 144
1872440 144
1872450 144
1872460 144
1872470 144
1872480 144
1872490 144
1872500 144
1872510 144
1872520 144
1872530 144
1872540 144
1872550 144
1872560 144
1872570 144
1872580 144
1872590 144
1872600 144
1872610 144
1872620 144
1872630 144
1872640 144
1872650 144
1872660 144
1872670 144
1872680 144
1872690 144
1872700 144
1872710 144
1872720 144
1872730 144
1872740 144
1872750 144
1872760 144
1872770 144
1872780 144
1872790 144
1872800 144
1872810 144
1872820 144
1872830 144
1872840 144
1872850 144
1872860 144
1872870 144
1872880 144
1872890 144
1872900 144
1872910 144
1872920 144
1872930 144
1872940 144
1872950 144
1872960 144
1872970 144
1872980 144
1872990 144
1873000 144
1873010 144
1873020 144
1873030 144
1873040 144
1873050 144
1873060 144
1873070 144
1873080 144
1873090 144
1873100 144
1873110 144
1873120 144
1873130 144
1873140 144
1873150 143
1873160 143
1873170 144
1873180 144
1873190 144
1873200 143
1873210 143
1873220 143
1873230 143
1873240 143
1873250 143
1873260 143
1873270 143
1873280 143
1873290 143
1873300 143
1873310 143
1873320 143
1873330 143
1873340 143
1873350 143
1873360 143
1873370 143
1873380 143
1873390 144
1873400 144
1873410 144
1873420 144
1873430 144
1873440 144
1873450 144
1873460 144
1873470 144
1873480 144
1873490 144
1873500 144
1873510 144
1873520 144
1873530 144
1873540 144
1873550 144
1873560 144
1873570 144
1873580 144
1873590 144
1873600 144
1873610 144
1873620 144
1873630 144
1873640 144
1873650 144
1873660 144
1873670 144
1873680 144
1873690 144
1873700 144
1873710 144
1873720 144
1873730 144
1873740 144
1873750 144
1873760 144
1873770 144
1873780 144
1873790 144
1873800 144
1873810 144
1873820 144
1873830 144
1873840 144
1873850 144
1873860 144
1873870 144
1873880 144
1873890 144
1873900 144
1873910 144
1873920 144
1873930 144
1873940 144
1873950 144
1873960 144
1873970 144
1873980 144
1873990 144
1874000 144
1874010 144
1874020 144
1874030 144
1874040 144
1874050 144
1874060 144
1874070 144
1874080 144
1874090 144
1874100 144
1874110 144
1874120 144
1874130 144
1874140 144
1874150 144
1874160 144
1874170 144
1874180 144
1874190 144
1874200 144
1874210 144
1874220 144
1874230 144
1874240 144
1874250 144
1874260 144
1874270 144
1874280 144
1874290 144
1874300 144
1874310 144
1874320 144
1874330 144
1874340 144
1874350 144
1874360 144
1874370 144
1874380 144
1874390 144
1874400 144
1874410 144
1874420 144
1874430 144
1874440 143
1874450 143
1874460 143
1874470 144
1874480 144
1874490 144
1874500 144
1874510 144
1874520 144
1874530 144
1874540 144
1874550 144
1874560 144
1874570 144
1874580 144
1874590 144
1874600 144
1874610 144
1874620 144
1874630 144
1874640 144
1874650 144
1874660 144
1874670 144
1874680 144
1874690 144
1874700 144
1874710 144
1874720 144
1874730 144
1874740 144
1874750 144
1874760 144
1874770 144
1874780 144
1874790 144
1874800 144
1874810 144
1874820 144
1874830 144
1874840 144
1874850 144
1874860 144
1874870 144
1874880 144
1874890 144
1874900 144
1874910 144
1874920 144
1874930 144
1874940 144
1874950 144
1874960 144
1874970 144
1874980 144
1874990 144
1875000 144
1875010 144
1875020 144
1875030 144
1875040 144
1875050 144
1875060 144
1875070 144
1875080 144
1875090 144
1875100 144
1875110 144
1875120 144
1875130 144
1875140 143
1875150 143
1875160 143
1875170 143
1875180 143
1875190 143
1875200 143
1875210 143
1875220 143
1875230 143
1875240 143
1875250 143
1875260 143
1875270 143
1875280 143
1875290 143
1875300 143
1875310 143
1875320 143
1875330 143
1875340 143
1875350 143
1875360 143
1875370 143
1875380 143
1875390 143
1875400 143
1875410 144
1875420 144
1875430 143
1875440 143
1875450 143
1875460 143
1875470 143
1875480 143
1875490 143
1875500 143
1875510 143
1875520 143
1875530 143
1875540 143
1875550 143
1875560 143
1875570 143
1875580 143
1875590 143
1875600 143
1875610 142
1875620 142
1875630 142
1875640 142
1875650 142
1875660 142
1875670 142
1875680 143
1875690 143
1875700 142
1875710 143
1875720 143
1875730 143
1875740 143
1875750 143
1875760 144
1875770 144
1875780 144
1875790 143
1875800 142
1875810 142
1875820 142
1875830 142
1875840 142
1875850 143
1875860 144
1875870 144
1875880 144
1875890 143
1875900 143
1875910 143
1875920 143
1875930 143
1875940 143
1875950 143
1875960 143
1875970 143
1875980 143
1875990 143
1876000 143
1876010 143
1876020 143
1876030 142
1876040 142
1876050 142
1876060 142
1876070 142
1876080 142
1876090 142
1876100 142
1876110 142
1876120 142
1876130 142
1876140 142
1876150 142
1876160 142
1876170 142
1876180 142
1876190 143
1876200 143
1876210 143
1876220 143
1876230 143
1876240 143
1876250 143
1876260 143
1876270 143
1876280 143
1876290 143
1876300 143
1876310 143
1876320 143
1876330 143
1876340 143
1876350 143
1876360 143
1876370 143
1876380 143
1876390 143
1876400 143
1876410 143
1876420 143
1876430 143
1876440 143
1876450 143
1876460 143
1876470 143
1876480 142
1876490 142
1876500 142
1876510 142
1876520 143
1876530 143
1876540 143
1876550 143
1876560 143
1876570 143
1876580 143
1876590 143
1876600 143
1876610 143
1876620 143
1876630 143
1876640 143
1876650 143
1876660 143
1876670 143
1876680 143
1876690 143
1876700 143
1876710 143
1876720 143
1876730 143
1876740 143
1876750 143
1876760 143
1876770 143
1876780 143
1876790 143
1876800 143
1876810 143
1876820 143
1876830 143
1876840 143
1876850 143
1876860 143
1876870 143
1876880 143
1876890 143
1876900 143
1876910 143
1876920 143
1876930 143
1876940 143
1876950 143
1876960 143
1876970 143
1876980 143
1876990 143
1877000 143
1877010 143
1877020 143
1877030 143
1877040 143
1877050 143
1877060 143
1877070 143
1877080 143
1877090 143
1877100 143
1877110 143
1877120 143
1877130 143
1877140 143
1877150 143
1877160 143
1877170 143
1877180 143
1877190 143
1877200 143
1877210 143
1877220 143
1877230 143
1877240 143
1877250 143
1877260 143
1877270 143
1877280 143
1877290 143
1877300 143
1877310 143
1877320 143
1877330 143
1877340 143
1877350 143
1877360 143
1877370 143
1877380 143
1877390 143
1877400 143
1877410 143
1877420 143
1877430 143
1877440 143
1877450 143
1877460 143
1877470 143
1877480 143
1877490 143
1877500 143
1877510 143
1877520 143
1877530 143
1877540 143
1877550 143
1877560 143
1877570 143
1877580 143
1877590 143
1877600 143
1877610 143
1877620 143
1877630 143
1877640 143
1877650 143
1877660 143
1877670 143
1877680 143
1877690 143
1877700 143
1877710 143
1877720 143
1877730 143
1877740 143
1877750 143
1877760 143
1877770 143
1877780 143
1877790 143
1877800 143
1877810 143
1877820 143
1877830 143
1877840 143
1877850 143
1877860 143
1877870 143
1877880 143
1877890 143
1877900 143
1877910 143
1877920 143
1877930 143
1877940 143
1877950 143
1877960 143
1877970 143
1877980 143
1877990 143
1878000 143
1878010 143
1878020 143
1878030 143
1878040 143
1878050 143
1878060 143
1878070 143
1878080 143
1878090 143
1878100 143
1878110 143
1878120 143
1878130 142
1878140 142
1878150 142
1878160 142
1878170 142
1878180 142
1878190 142
1878200 142
1878210 142
1878220 143
1878230 143
1878240 143
1878250 142
1878260 142
1878270 142
1878280 142
1878290 142
1878300 142
1878310 142
1878320 142
1878330 142
1878340 142
1878350 142
1878360 142
1878370 142
1878380 142
1878390 142
1878400 142
1878410 142
1878420 142
1878430 143
1878440 143
1878450 143
1878460 142
1878470 143
1878480 143
1878490 143
1878500 142
1878510 142
1878520 142
1878530 142
1878540 142
1878550 142
1878560 142
1878570 142
1878580 142
1878590 142
1878600 142
1878610 142
1878620 142
1878630 142
1878640 142
1878650 142
1878660 142
1878670 141
1878680 141
1878690 141
1878700 141
1878710 141
1878720 141
1878730 141
1878740 142
1878750 142
1878760 142
1878770 142
1878780 142
1878790 142
1878800 142
1878810 142
1878820 142
1878830 142
1878840 142
1878850 142
1878860 142
1878870 142
1878880 142
1878890 142
1878900 142
1878910 142
1878920 142
1878930 142
1878940 142
1878950 142
1878960 142
1878970 142
1878980 141
1878990 141
1879000 141
1879010 141
1879020 141
1879030 141
1879040 141
1879050 141
1879060 141
1879070 141
1879080 141
1879090 141
1879100 142
1879110 142
1879120 142
1879130 141
1879140 141
1879150 141
1879160 141
1879170 141
1879180 141
1879190 141
1879200 141
1879210 141
1879220 141
1879230 141
1879240 141
1879250 141
1879260 141
1879270 141
1879280 141
1879290 141
1879300 141
1879310 141
1879320 141
1879330 142
1879340 142
1879350 142
1879360 142
1879370 142
1879380 142
1879390 142
1879400 142
1879410 142
1879420 142
1879430 142
1879440 142
1879450 142
1879460 142
1879470 142
1879480 142
1879490 142
1879500 142
1879510 142
1879520 142
1879530 142
1879540 142
1879550 142
1879560 142
1879570 142
1879580 142
1879590 142
1879600 142
1879610 142
1879620 142
1879630 142
1879640 142
1879650 142
1879660 142
1879670 141
1879680 141
1879690 141
1879700 141
1879710 141
1879720 142
1879730 142
1879740 142
1879750 142
1879760 142
1879770 142
1879780 142
1879790 142
1879800 142
1879810 142
1879820 142
1879830 142
1879840 142
1879850 142
1879860 142
1879870 142
1879880 142
1879890 142
1879900 142
1879910 142
1879920 142
1879930 141
1879940 142
1879950 142
1879960 142
1879970 142
1879980 142
1879990 141
