1860000 149
1860010 148
1860020 148
1860030 148
1860040 148
1860050 148
1860060 148
1860070 149
1860080 148
1860090 148
1860100 148
1860110 148
1860120 148
1860130 148
1860140 148
1860150 148
1860160 148
1860170 148
1860180 148
1860190 148
1860200 148
1860210 148
1860220 148
1860230 148
1860240 148
1860250 148
1860260 148
1860270 148
1860280 148
1860290 148
1860300 148
1860310 148
1860320 148
1860330 148
1860340 148
1860350 148
1860360 148
1860370 148
1860380 148
1860390 148
1860400 148
1860410 148
1860420 148
1860430 148
1860440 148
1860450 148
1860460 148
1860470 148
1860480 148
1860490 148
1860500 148
1860510 148
1860520 148
1860530 148
1860540 148
1860550 148
1860560 148
1860570 148
1860580 148
1860590 148
1860600 148
1860610 148
1860620 148
1860630 148
1860640 148
1860650 148
1860660 148
1860670 148
1860680 148
1860690 148
1860700 148
1860710 148
1860720 148
1860730 148
1860740 148
1860750 148
1860760 148
1860770 148
1860780 148
1860790 148
1860800 148
1860810 148
1860820 148
1860830 148
1860840 148
1860850 148
1860860 148
1860870 148
1860880 148
1860890 148
1860900 148
1860910 148
1860920 148
1860930 148
1860940 148
1860950 148
1860960 148
1860970 148
1860980 148
1860990 148
1861000 148
1861010 148
1861020 148
1861030 148
1861040 148
1861050 148
1861060 148
1861070 148
1861080 148
1861090 148
1861100 147
1861110 147
1861120 147
1861130 147
1861140 147
1861150 148
1861160 148
1861170 148
1861180 148
1861190 148
1861200 148
1861210 148
1861220 148
1861230 148
1861240 148
1861250 148
1861260 148
1861270 148
1861280 148
1861290 148
1861300 148
1861310 148
1861320 148
1861330 149
1861340 148
1861350 148
1861360 149
1861370 149
1861380 149
1861390 149
1861400 149
1861410 149
1861420 149
1861430 149
1861440 149
1861450 149
1861460 149
1861470 149
1861480 149
1861490 149
1861500 149
1861510 149
1861520 149
1861530 149
1861540 149
1861550 149
1861560 149
1861570 149
1861580 149
1861590 149
1861600 149
1861610 149
1861620 149
1861630 149
1861640 149
1861650 149
1861660 149
1861670 149
1861680 149
1861690 149
1861700 149
1861710 149
1861720 149
1861730 149
1861740 149
1861750 149
1861760 149
1861770 149
1861780 149
1861790 149
1861800 149
1861810 149
1861820 149
1861830 149
1861840 149
1861850 149
1861860 149
1861870 149
1861880 149
1861890 149
1861900 149
1861910 149
1861920 149
1861930 149
1861940 149
1861950 149
1861960 149
1861970 149
1861980 149
1861990 149
1862000 149
1862010 149
1862020 149
1862030 149
1862040 149
1862050 149
1862060 149
1862070 149
1862080 149
1862090 149
1862100 149
1862110 149
1862120 149
1862130 149
1862140 149
1862150 149
1862160 149
1862170 149
1862180 149
1862190 149
1862200 149
1862210 148
1862220 148
1862230 148
1862240 148
1862250 148
1862260 148
1862270 148
1862280 148
1862290 148
1862300 148
1862310 148
1862320 148
1862330 148
1862340 148
1862350 148
1862360 148
1862370 148
1862380 148
1862390 148
1862400 148
1862410 148
1862420 148
1862430 148
1862440 148
1862450 148
1862460 148
1862470 148
1862480 148
1862490 148
1862500 148
1862510 148
1862520 148
1862530 148
1862540 148
1862550 148
1862560 148
1862570 148
1862580 148
1862590 148
1862600 148
1862610 148
1862620 148
1862630 148
1862640 148
1862650 148
1862660 148
1862670 148
1862680 148
1862690 148
1862700 148
1862710 148
1862720 148
1862730 148
1862740 148
1862750 148
1862760 148
1862770 148
1862780 148
1862790 148
1862800 148
1862810 148
1862820 148
1862830 148
1862840 148
1862850 148
1862860 148
1862870 148
1862880 148
1862890 148
1862900 148
1862910 148
1862920 148
1862930 148
1862940 148
1862950 147
1862960 147
1862970 147
1862980 147
1862990 147
1863000 147
1863010 147
1863020 147
1863030 147
1863040 148
1863050 148
1863060 148
1863070 148
1863080 148
1863090 148
1863100 148
1863110 148
1863120 148
1863130 148
1863140 148
1863150 148
1863160 148
1863170 148
1863180 148
1863190 148
1863200 148
1863210 148
1863220 148
1863230 148
1863240 148
1863250 148
1863260 148
1863270 148
1863280 148
1863290 148
1863300 148
1863310 148
1863320 148
1863330 148
1863340 147
1863350 148
1863360 148
1863370 148
1863380 148
1863390 148
1863400 147
1863410 147
1863420 147
1863430 148
1863440 147
1863450 147
1863460 147
1863470 148
1863480 148
1863490 147
1863500 147
1863510 147
1863520 147
1863530 147
1863540 147
1863550 147
1863560 147
1863570 147
1863580 147
1863590 147
1863600 147
1863610 147
1863620 147
1863630 147
1863640 147
1863650 147
1863660 147
1863670 147
1863680 147
1863690 147
1863700 147
1863710 147
1863720 147
1863730 147
1863740 147
1863750 147
1863760 147
1863770 147
1863780 147
1863790 147
1863800 147
1863810 147
1863820 147
1863830 147
1863840 147
1863850 147
1863860 147
1863870 147
1863880 147
1863890 147
1863900 147
1863910 147
1863920 147
1863930 147
1863940 147
1863950 147
1863960 147
1863970 147
1863980 147
1863990 147
1864000 147
1864010 147
1864020 147
1864030 147
1864040 147
1864050 147
1864060 147
1864070 147
1864080 147
1864090 147
1864100 147
1864110 147
1864120 147
1864130 147
1864140 147
1864150 147
1864160 147
1864170 147
1864180 147
1864190 147
1864200 147
1864210 147
1864220 147
1864230 147
1864240 147
1864250 147
1864260 147
1864270 147
1864280 147
1864290 147
1864300 148
1864310 148
1864320 148
1864330 147
1864340 147
1864350 147
1864360 147
1864370 147
1864380 147
1864390 147
1864400 147
1864410 147
1864420 147
1864430 147
1864440 147
1864450 147
1864460 146
1864470 146
1864480 146
1864490 146
1864500 146
1864510 147
1864520 147
1864530 147
1864540 147
1864550 147
1864560 147
1864570 147
1864580 147
1864590 147
1864600 147
1864610 147
1864620 147
1864630 147
1864640 147
1864650 147
1864660 147
1864670 147
1864680 147
1864690 147
1864700 147
1864710 147
1864720 147
1864730 147
1864740 147
1864750 147
1864760 146
1864770 146
1864780 146
1864790 146
1864800 146
1864810 146
1864820 146
1864830 146
1864840 147
1864850 147
1864860 147
1864870 147
1864880 147
1864890 147
1864900 146
1864910 146
1864920 146
1864930 146
1864940 146
1864950 146
1864960 146
1864970 146
1864980 146
1864990 146
1865000 146
1865010 146
1865020 147
1865030 147
1865040 147
1865050 147
1865060 147
1865070 147
1865080 147
1865090 147
1865100 147
1865110 147
1865120 147
1865130 147
1865140 147
1865150 147
1865160 147
1865170 147
1865180 147
1865190 147
1865200 147
1865210 147
1865220 147
1865230 147
1865240 147
1865250 147
1865260 147
1865270 147
1865280 147
1865290 147
1865300 147
1865310 147
1865320 147
1865330 147
1865340 147
1865350 147
1865360 147
1865370 146
1865380 146
1865390 146
1865400 146
1865410 146
1865420 146
1865430 146
1865440 146
1865450 146
1865460 146
1865470 146
1865480 146
1865490 146
1865500 146
1865510 146
1865520 146
1865530 146
1865540 146
1865550 146
1865560 146
1865570 146
1865580 146
1865590 146
1865600 146
1865610 146
1865620 146
1865630 146
1865640 146
1865650 146
1865660 146
1865670 146
1865680 146
1865690 146
1865700 146
1865710 146
1865720 146
1865730 146
1865740 146
1865750 146
1865760 146
1865770 146
1865780 146
1865790 146
1865800 146
1865810 146
1865820 146
1865830 146
1865840 146
1865850 146
1865860 146
1865870 146
1865880 146
1865890 146
1865900 146
1865910 146
1865920 146
1865930 146
1865940 146
1865950 146
1865960 146
1865970 146
1865980 146
1865990 146
1866000 146
1866010 146
1866020 146
1866030 146
1866040 146
1866050 146
1866060 146
1866070 146
1866080 146
1866090 146
1866100 146
1866110 146
1866120 146
1866130 146
1866140 146
1866150 146
1866160 146
1866170 146
1866180 146
1866190 146
1866200 146
1866210 146
1866220 146
1866230 146
1866240 146
1866250 146
1866260 146
1866270 146
1866280 146
1866290 146
1866300 146
1866310 146
1866320 146
1866330 146
1866340 146
1866350 146
1866360 146
1866370 146
1866380 146
1866390 146
1866400 146
1866410 146
1866420 147
1866430 147
1866440 147
1866450 147
1866460 147
1866470 146
1866480 146
1866490 146
1866500 146
1866510 146
1866520 146
1866530 146
1866540 146
1866550 146
1866560 146
1866570 146
1866580 146
1866590 146
1866600 146
1866610 146
1866620 146
1866630 146
1866640 146
1866650 146
1866660 146
1866670 146
1866680 146
1866690 146
1866700 146
1866710 146
1866720 146
1866730 146
1866740 146
1866750 146
1866760 146
1866770 146
1866780 146
1866790 146
1866800 146
1866810 146
1866820 146
1866830 146
1866840 146
1866850 146
1866860 146
1866870 146
1866880 146
1866890 146
1866900 146
1866910 146
1866920 146
1866930 146
1866940 146
1866950 146
1866960 146
1866970 146
1866980 146
1866990 146
1867000 146
1867010 146
1867020 146
1867030 146
1867040 146
1867050 146
1867060 146
1867070 146
1867080 146
1867090 146
1867100 146
1867110 146
1867120 146
1867130 146
1867140 146
1867150 146
1867160 146
1867170 146
1867180 146
1867190 146
1867200 146
1867210 146
1867220 146
1867230 146
1867240 146
1867250 145
1867260 146
1867270 146
1867280 146
1867290 146
1867300 146
1867310 146
1867320 146
1867330 146
1867340 146
1867350 146
1867360 146
1867370 146
1867380 146
1867390 146
1867400 146
1867410 146
1867420 146
1867430 146
1867440 146
1867450 146
1867460 146
1867470 146
1867480 146
1867490 146
1867500 146
1867510 146
1867520 146
1867530 146
1867540 146
1867550 146
1867560 146
1867570 146
1867580 146
1867590 146
1867600 146
1867610 146
1867620 146
1867630 146
1867640 146
1867650 146
1867660 146
1867670 146
1867680 146
1867690 146
1867700 145
1867710 145
1867720 145
1867730 145
1867740 145
1867750 145
1867760 145
1867770 145
1867780 145
1867790 145
1867800 145
1867810 145
1867820 145
1867830 145
1867840 145
1867850 145
1867860 145
1867870 145
1867880 145
1867890 145
1867900 145
1867910 145
1867920 145
1867930 145
1867940 146
1867950 146
1867960 146
1867970 146
1867980 145
1867990 145
1868000 146
1868010 146
1868020 146
1868030 146
1868040 146
1868050 146
1868060 146
1868070 145
1868080 145
1868090 145
1868100 145
1868110 145
1868120 145
1868130 145
1868140 145
1868150 145
1868160 145
1868170 145
1868180 145
1868190 145
1868200 145
1868210 145
1868220 145
1868230 145
1868240 145
1868250 145
1868260 145
1868270 145
1868280 145
1868290 145
1868300 145
1868310 145
1868320 145
1868330 145
1868340 145
1868350 145
1868360 145
1868370 145
1868380 145
1868390 145
1868400 145
1868410 145
1868420 145
1868430 145
1868440 145
1868450 145
1868460 145
1868470 145
1868480 145
1868490 145
1868500 145
1868510 145
1868520 145
1868530 145
1868540 145
1868550 145
1868560 145
1868570 145
1868580 145
1868590 145
1868600 145
1868610 145
1868620 145
1868630 145
1868640 145
1868650 145
1868660 145
1868670 145
1868680 145
1868690 145
1868700 145
1868710 145
1868720 145
1868730 145
1868740 145
1868750 145
1868760 146
1868770 146
1868780 146
1868790 145
1868800 145
1868810 145
1868820 145
1868830 145
1868840 145
1868850 145
1868860 145
1868870 145
1868880 145
1868890 145
1868900 145
1868910 145
1868920 145
1868930 145
1868940 145
1868950 145
1868960 145
1868970 145
1868980 145
1868990 145
1869000 145
1869010 145
1869020 145
1869030 145
1869040 145
1869050 145
1869060 145
1869070 145
1869080 145
1869090 145
1869100 145
1869110 145
1869120 145
1869130 145
1869140 145
1869150 145
1869160 145
1869170 145
1869180 145
1869190 145
1869200 145
1869210 145
1869220 145
1869230 145
1869240 145
1869250 145
1869260 145
1869270 145
1869280 145
1869290 145
1869300 145
1869310 145
1869320 145
1869330 145
1869340 145
1869350 145
1869360 145
1869370 145
1869380 145
1869390 145
1869400 145
1869410 145
1869420 145
1869430 145
1869440 145
1869450 145
1869460 145
1869470 145
1869480 145
1869490 145
1869500 145
1869510 145
1869520 145
1869530 145
1869540 145
1869550 145
1869560 145
1869570 145
1869580 145
1869590 145
1869600 145
1869610 145
1869620 145
1869630 145
1869640 145
1869650 145
1869660 145
1869670 145
1869680 144
1869690 144
1869700 144
1869710 144
1869720 144
1869730 145
1869740 145
1869750 145
1869760 145
1869770 145
1869780 144
1869790 144
1869800 144
1869810 144
1869820 144
1869830 145
1869840 145
1869850 145
1869860 145
1869870 145
1869880 145
1869890 144
1869900 144
1869910 144
1869920 144
1869930 144
1869940 144
1869950 144
1869960 144
1869970 144
1869980 144
1869990 144
1870000 144
1870010 144
1870020 144
1870030 144
1870040 144
1870050 144
1870060 144
1870070 144
1870080 144
1870090 144
1870100 144
1870110 144
1870120 144
1870130 144
1870140 145
1870150 145
1870160 145
1870170 145
1870180 145
1870190 145
1870200 145
1870210 145
1870220 145
1870230 145
1870240 145
1870250 145
1870260 145
1870270 145
1870280 145
1870290 145
1870300 145
1870310 145
1870320 145
1870330 145
1870340 145
1870350 145
1870360 145
1870370 145
1870380 145
1870390 145
1870400 145
1870410 145
1870420 145
1870430 144
1870440 144
1870450 144
1870460 144
1870470 144
1870480 144
1870490 145
1870500 145
1870510 145
1870520 145
1870530 144
1870540 144
1870550 145
1870560 145
1870570 145
1870580 145
1870590 145
1870600 145
1870610 145
1870620 145
1870630 145
1870640 145
1870650 145
1870660 145
1870670 145
1870680 145
1870690 145
1870700 145
1870710 145
1870720 145
1870730 145
1870740 145
1870750 145
1870760 145
1870770 145
1870780 145
1870790 145
1870800 145
1870810 145
1870820 144
1870830 144
1870840 144
1870850 144
1870860 144
1870870 144
1870880 144
1870890 145
1870900 145
1870910 144
1870920 144
1870930 144
1870940 144
1870950 144
1870960 144
1870970 144
1870980 144
1870990 144
1871000 144
1871010 144
1871020 144
1871030 144
1871040 144
1871050 144
1871060 144
1871070 144
1871080 144
1871090 144
1871100 144
1871110 144
1871120 144
1871130 144
1871140 144
1871150 144
1871160 144
1871170 144
1871180 144
1871190 144
1871200 144
1871210 145
1871220 145
1871230 145
1871240 145
1871250 145
1871260 145
1871270 145
1871280 145
1871290 145
1871300 145
1871310 145
1871320 145
1871330 145
1871340 145
1871350 145
1871360 145
1871370 145
1871380 145
1871390 144
1871400 144
1871410 144
1871420 145
1871430 145
1871440 145
1871450 145
1871460 145
1871470 145
1871480 145
1871490 144
1871500 144
1871510 144
1871520 144
1871530 144
1871540 144
1871550 144
1871560 144
1871570 144
1871580 144
1871590 144
1871600 144
1871610 144
1871620 144
1871630 144
1871640 145
1871650 145
1871660 145
1871670 145
1871680 145
1871690 145
1871700 145
1871710 145
1871720 145
1871730 145
1871740 145
1871750 145
1871760 144
1871770 144
1871780 144
1871790 144
1871800 144
1871810 144
1871820 144
1871830 144
1871840 144
1871850 144
1871860 144
1871870 144
1871880 144
1871890 144
1871900 144
1871910 145
1871920 145
1871930 145
1871940 145
1871950 145
1871960 145
1871970 145
1871980 145
1871990 145
1872000 145
1872010 145
1872020 145
1872030 145
1872040 145
1872050 145
1872060 145
1872070 145
1872080 145
1872090 145
1872100 145
1872110 145
1872120 145
1872130 145
1872140 145
1872150 145
1872160 145
1872170 145
1872180 145
1872190 145
1872200 145
1872210 145
1872220 145
1872230 145
1872240 145
1872250 145
1872260 145
1872270 145
1872280 145
1872290 145
1872300 145
1872310 145
1872320 145
1872330 145
1872340 145
1872350 145
1872360 145
1872370 145
1872380 145
1872390 145
1872400 145
1872410 145
1872420 145
1872430 145
1872440 145
1872450 145
1872460 145
1872470 145
1872480 145
1872490 145
1872500 145
1872510 145
1872520 145
1872530 145
1872540 145
1872550 145
1872560 144
1872570 144
1872580 144
1872590 144
1872600 144
1872610 144
1872620 144
1872630 144
1872640 144
1872650 145
1872660 144
1872670 144
1872680 144
1872690 144
1872700 144
1872710 144
1872720 144
1872730 144
1872740 144
1872750 144
1872760 144
1872770 144
1872780 144
1872790 144
1872800 144
1872810 144
1872820 144
1872830 144
1872840 144
1872850 144
1872860 144
1872870 144
1872880 144
1872890 144
1872900 144
1872910 144
1872920 144
1872930 144
1872940 144
1872950 144
1872960 144
1872970 144
1872980 144
1872990 144
1873000 144
1873010 144
1873020 144
1873030 144
1873040 144
1873050 144
1873060 144
1873070 144
1873080 144
1873090 144
1873100 144
1873110 144
1873120 144
1873130 144
1873140 144
1873150 144
1873160 144
1873170 144
1873180 144
1873190 144
1873200 144
1873210 144
1873220 144
1873230 144
1873240 144
1873250 144
1873260 144
1873270 144
1873280 144
1873290 144
1873300 144
1873310 144
1873320 144
1873330 144
1873340 144
1873350 144
1873360 144
1873370 144
1873380 144
1873390 144
1873400 144
1873410 144
1873420 144
1873430 144
1873440 144
1873450 144
1873460 144
1873470 144
1873480 144
1873490 144
1873500 144
1873510 144
1873520 144
1873530 144
1873540 144
1873550 144
1873560 143
1873570 143
1873580 143
1873590 143
1873600 143
1873610 143
1873620 144
1873630 144
1873640 144
1873650 144
1873660 144
1873670 144
1873680 144
1873690 144
1873700 144
1873710 144
1873720 144
1873730 144
1873740 144
1873750 144
1873760 144
1873770 144
1873780 144
1873790 144
1873800 144
1873810 144
1873820 144
1873830 144
1873840 144
1873850 144
1873860 144
1873870 144
1873880 144
1873890 144
1873900 144
1873910 144
1873920 144
1873930 144
1873940 144
1873950 144
1873960 144
1873970 144
1873980 144
1873990 144
1874000 144
1874010 144
1874020 144
1874030 144
1874040 144
1874050 144
1874060 144
1874070 144
1874080 144
1874090 144
1874100 144
1874110 144
1874120 144
1874130 144
1874140 144
1874150 144
1874160 144
1874170 144
1874180 144
1874190 144
1874200 144
1874210 144
1874220 144
1874230 144
1874240 144
1874250 144
1874260 144
1874270 144
1874280 144
1874290 144
1874300 144
1874310 144
1874320 144
1874330 144
1874340 144
1874350 144
1874360 144
1874370 144
1874380 144
1874390 144
1874400 144
1874410 144
1874420 144
1874430 144
1874440 144
1874450 144
1874460 144
1874470 144
1874480 144
1874490 144
1874500 144
1874510 144
1874520 144
1874530 144
1874540 144
1874550 144
1874560 144
1874570 144
1874580 144
1874590 144
1874600 144
1874610 144
1874620 144
1874630 144
1874640 144
1874650 144
1874660 144
1874670 144
1874680 144
1874690 144
1874700 144
1874710 144
1874720 144
1874730 144
1874740 144
1874750 144
1874760 144
1874770 144
1874780 144
1874790 144
1874800 144
1874810 144
1874820 144
1874830 144
1874840 144
1874850 144
1874860 144
1874870 144
1874880 144
1874890 144
1874900 144
1874910 144
1874920 144
1874930 144
1874940 144
1874950 144
1874960 144
1874970 144
1874980 144
1874990 144
1875000 144
1875010 144
1875020 144
1875030 144
1875040 144
1875050 144
1875060 144
1875070 144
1875080 144
1875090 144
1875100 144
1875110 144
1875120 144
1875130 144
1875140 144
1875150 144
1875160 144
1875170 144
1875180 144
1875190 144
1875200 144
1875210 144
1875220 144
1875230 144
1875240 144
1875250 144
1875260 144
1875270 144
1875280 144
1875290 144
1875300 144
1875310 144
1875320 144
1875330 144
1875340 144
1875350 144
1875360 144
1875370 144
1875380 144
1875390 144
1875400 144
1875410 144
1875420 144
1875430 144
1875440 145
1875450 145
1875460 145
1875470 145
1875480 145
1875490 145
1875500 145
1875510 145
1875520 145
1875530 145
1875540 145
1875550 145
1875560 145
1875570 145
1875580 145
1875590 145
1875600 145
1875610 145
1875620 145
1875630 144
1875640 144
1875650 144
1875660 144
1875670 144
1875680 144
1875690 144
1875700 144
1875710 144
1875720 144
1875730 144
1875740 144
1875750 144
1875760 144
1875770 144
1875780 144
1875790 144
1875800 144
1875810 144
1875820 144
1875830 144
1875840 144
1875850 144
1875860 144
1875870 144
1875880 144
1875890 144
1875900 144
1875910 144
1875920 144
1875930 144
1875940 144
1875950 144
1875960 144
1875970 144
1875980 144
1875990 144
1876000 144
1876010 144
1876020 144
1876030 144
1876040 144
1876050 144
1876060 144
1876070 144
1876080 144
1876090 144
1876100 144
1876110 144
1876120 144
1876130 144
1876140 144
1876150 144
1876160 144
1876170 144
1876180 144
1876190 144
1876200 144
1876210 144
1876220 144
1876230 144
1876240 144
1876250 144
1876260 144
1876270 144
1876280 144
1876290 144
1876300 144
1876310 144
1876320 144
1876330 144
1876340 144
1876350 143
1876360 143
1876370 143
1876380 143
1876390 143
1876400 143
1876410 143
1876420 143
1876430 143
1876440 143
1876450 143
1876460 143
1876470 143
1876480 143
1876490 143
1876500 143
1876510 143
1876520 143
1876530 143
1876540 143
1876550 143
1876560 143
1876570 143
1876580 142
1876590 142
1876600 142
1876610 142
1876620 142
1876630 142
1876640 142
1876650 142
1876660 142
1876670 143
1876680 143
1876690 143
1876700 143
1876710 143
1876720 143
1876730 143
1876740 143
1876750 143
1876760 143
1876770 143
1876780 143
1876790 143
1876800 143
1876810 143
1876820 143
1876830 143
1876840 143
1876850 143
1876860 143
1876870 143
1876880 143
1876890 143
1876900 143
1876910 143
1876920 143
1876930 143
1876940 143
1876950 143
1876960 143
1876970 143
1876980 143
1876990 143
1877000 143
1877010 143
1877020 143
1877030 143
1877040 143
1877050 143
1877060 143
1877070 143
1877080 143
1877090 143
1877100 143
1877110 143
1877120 143
1877130 143
1877140 143
1877150 143
1877160 143
1877170 143
1877180 143
1877190 143
1877200 143
1877210 143
1877220 143
1877230 143
1877240 143
1877250 143
1877260 143
1877270 143
1877280 142
1877290 142
1877300 142
1877310 142
1877320 142
1877330 142
1877340 142
1877350 142
1877360 142
1877370 142
1877380 142
1877390 142
1877400 142
1877410 142
1877420 142
1877430 142
1877440 142
1877450 142
1877460 142
1877470 142
1877480 142
1877490 142
1877500 142
1877510 142
1877520 142
1877530 142
1877540 142
1877550 142
1877560 142
1877570 142
1877580 142
1877590 142
1877600 142
1877610 142
1877620 142
1877630 143
1877640 143
1877650 143
1877660 143
1877670 143
1877680 143
1877690 143
1877700 143
1877710 143
1877720 143
1877730 143
1877740 143
1877750 143
1877760 143
1877770 143
1877780 143
1877790 143
1877800 143
1877810 143
1877820 143
1877830 143
1877840 143
1877850 143
1877860 143
1877870 143
1877880 144
1877890 144
1877900 144
1877910 144
1877920 144
1877930 143
1877940 143
1877950 143
1877960 143
1877970 143
1877980 143
1877990 143
1878000 143
1878010 143
1878020 143
1878030 143
1878040 143
1878050 143
1878060 143
1878070 143
1878080 143
1878090 143
1878100 143
1878110 143
1878120 143
1878130 143
1878140 143
1878150 143
1878160 143
1878170 143
1878180 143
1878190 143
1878200 143
1878210 143
1878220 143
1878230 143
1878240 143
1878250 143
1878260 143
1878270 143
1878280 143
1878290 143
1878300 143
1878310 143
1878320 143
1878330 143
1878340 143
1878350 143
1878360 143
1878370 143
1878380 143
1878390 143
1878400 143
1878410 143
1878420 143
1878430 143
1878440 143
1878450 143
1878460 143
1878470 143
1878480 143
1878490 143
1878500 143
1878510 143
1878520 143
1878530 143
1878540 143
1878550 143
1878560 143
1878570 143
1878580 143
1878590 143
1878600 143
1878610 143
1878620 143
1878630 143
1878640 143
1878650 143
1878660 143
1878670 143
1878680 143
1878690 143
1878700 143
1878710 143
1878720 143
1878730 143
1878740 143
1878750 143
1878760 143
1878770 143
1878780 143
1878790 143
1878800 143
1878810 143
1878820 143
1878830 143
1878840 143
1878850 143
1878860 143
1878870 143
1878880 143
1878890 143
1878900 143
1878910 143
1878920 143
1878930 143
1878940 142
1878950 142
1878960 142
1878970 142
1878980 142
1878990 142
1879000 142
1879010 142
1879020 142
1879030 142
1879040 142
1879050 142
1879060 142
1879070 142
1879080 142
1879090 142
1879100 142
1879110 142
1879120 142
1879130 142
1879140 142
1879150 142
1879160 142
1879170 142
1879180 142
1879190 142
1879200 142
1879210 142
1879220 142
1879230 142
1879240 142
1879250 142
1879260 142
1879270 142
1879280 142
1879290 141
1879300 141
1879310 141
1879320 142
1879330 142
1879340 142
1879350 142
1879360 142
1879370 142
1879380 142
1879390 142
1879400 142
1879410 142
1879420 142
1879430 142
1879440 141
1879450 141
1879460 141
1879470 141
1879480 142
1879490 142
1879500 142
1879510 142
1879520 142
1879530 142
1879540 141
1879550 141
1879560 141
1879570 142
1879580 142
1879590 142
1879600 142
1879610 142
1879620 141
1879630 142
1879640 142
1879650 142
1879660 143
1879670 143
1879680 144
1879690 145
1879700 145
1879710 146
1879720 146
1879730 146
1879740 146
1879750 146
1879760 146
1879770 146
1879780 146
1879790 146
1879800 146
1879810 145
1879820 145
1879830 145
1879840 144
1879850 144
1879860 144
1879870 144
1879880 144
1879890 144
1879900 144
1879910 144
1879920 144
1879930 143
1879940 143
1879950 143
1879960 143
1879970 143
1879980 143
1879990 143
