1860000 149
1860010 149
1860020 149
1860030 149
1860040 149
1860050 149
1860060 149
1860070 149
1860080 149
1860090 149
1860100 149
1860110 149
1860120 149
1860130 149
1860140 149
1860150 149
1860160 149
1860170 149
1860180 149
1860190 149
1860200 149
1860210 149
1860220 149
1860230 149
1860240 149
1860250 149
1860260 149
1860270 149
1860280 149
1860290 149
1860300 149
1860310 149
1860320 149
1860330 149
1860340 149
1860350 149
1860360 149
1860370 149
1860380 149
1860390 149
1860400 149
1860410 149
1860420 149
1860430 149
1860440 149
1860450 149
1860460 149
1860470 149
1860480 149
1860490 149
1860500 149
1860510 149
1860520 149
1860530 149
1860540 149
1860550 149
1860560 149
1860570 148
1860580 148
1860590 148
1860600 148
1860610 149
1860620 149
1860630 148
1860640 148
1860650 148
1860660 148
1860670 148
1860680 148
1860690 147
1860700 147
1860710 147
1860720 147
1860730 148
1860740 148
1860750 148
1860760 148
1860770 148
1860780 148
1860790 148
1860800 148
1860810 148
1860820 148
1860830 148
1860840 148
1860850 148
1860860 148
1860870 148
1860880 147
1860890 147
1860900 147
1860910 148
1860920 148
1860930 148
1860940 148
1860950 148
1860960 148
1860970 148
1860980 148
1860990 148
1861000 148
1861010 148
1861020 148
1861030 149
1861040 149
1861050 149
1861060 149
1861070 149
1861080 149
1861090 149
1861100 149
1861110 148
1861120 148
1861130 148
1861140 148
1861150 148
1861160 148
1861170 148
1861180 148
1861190 148
1861200 148
1861210 148
1861220 148
1861230 148
1861240 148
1861250 148
1861260 148
1861270 148
1861280 148
1861290 148
1861300 148
1861310 148
1861320 148
1861330 148
1861340 148
1861350 148
1861360 148
1861370 148
1861380 148
1861390 148
1861400 148
1861410 148
1861420 148
1861430 148
1861440 148
1861450 148
1861460 148
1861470 148
1861480 148
1861490 148
1861500 148
1861510 148
1861520 148
1861530 148
1861540 148
1861550 148
1861560 148
1861570 148
1861580 148
1861590 148
1861600 148
1861610 148
1861620 148
1861630 148
1861640 148
1861650 148
1861660 148
1861670 148
1861680 148
1861690 148
1861700 148
1861710 148
1861720 148
1861730 148
1861740 148
1861750 148
1861760 148
1861770 148
1861780 148
1861790 148
1861800 148
1861810 148
1861820 148
1861830 148
1861840 148
1861850 148
1861860 148
1861870 148
1861880 148
1861890 148
1861900 148
1861910 148
1861920 148
1861930 148
1861940 148
1861950 148
1861960 148
1861970 148
1861980 148
1861990 148
1862000 148
1862010 148
1862020 148
1862030 148
1862040 148
1862050 148
1862060 148
1862070 148
1862080 148
1862090 148
1862100 148
1862110 148
1862120 148
1862130 148
1862140 148
1862150 148
1862160 148
1862170 148
1862180 148
1862190 148
1862200 148
1862210 148
1862220 148
1862230 148
1862240 148
1862250 148
1862260 148
1862270 148
1862280 148
1862290 148
1862300 148
1862310 149
1862320 149
1862330 149
1862340 149
1862350 149
1862360 149
1862370 149
1862380 149
1862390 149
1862400 149
1862410 149
1862420 149
1862430 149
1862440 149
1862450 149
1862460 149
1862470 149
1862480 149
1862490 149
1862500 149
1862510 149
1862520 149
1862530 148
1862540 148
1862550 148
1862560 148
1862570 148
1862580 148
1862590 148
1862600 148
1862610 148
1862620 148
1862630 148
1862640 148
1862650 148
1862660 148
1862670 148
1862680 148
1862690 148
1862700 148
1862710 148
1862720 148
1862730 148
1862740 148
1862750 148
1862760 148
1862770 148
1862780 148
1862790 148
1862800 148
1862810 148
1862820 148
1862830 148
1862840 148
1862850 148
1862860 148
1862870 148
1862880 148
1862890 148
1862900 148
1862910 148
1862920 148
1862930 148
1862940 148
1862950 148
1862960 148
1862970 147
1862980 147
1862990 147
1863000 147
1863010 147
1863020 147
1863030 147
1863040 147
1863050 147
1863060 147
1863070 147
1863080 147
1863090 147
1863100 147
1863110 147
1863120 147
1863130 147
1863140 147
1863150 147
1863160 147
1863170 147
1863180 148
1863190 147
1863200 147
1863210 147
1863220 147
1863230 147
1863240 147
1863250 147
1863260 147
1863270 147
1863280 147
1863290 147
1863300 147
1863310 147
1863320 147
1863330 148
1863340 147
1863350 147
1863360 147
1863370 147
1863380 147
1863390 147
1863400 147
1863410 147
1863420 147
1863430 147
1863440 147
1863450 147
1863460 147
1863470 147
1863480 147
1863490 147
1863500 147
1863510 147
1863520 147
1863530 147
1863540 148
1863550 148
1863560 148
1863570 148
1863580 147
1863590 147
1863600 147
1863610 147
1863620 147
1863630 147
1863640 147
1863650 147
1863660 147
1863670 147
1863680 147
1863690 147
1863700 147
1863710 147
1863720 148
1863730 147
1863740 147
1863750 147
1863760 147
1863770 147
1863780 147
1863790 147
1863800 147
1863810 147
1863820 147
1863830 147
1863840 147
1863850 147
1863860 147
1863870 147
1863880 148
1863890 148
1863900 148
1863910 148
1863920 148
1863930 149
1863940 149
1863950 149
1863960 150
1863970 149
1863980 149
1863990 149
1864000 149
1864010 149
1864020 149
1864030 149
1864040 149
1864050 149
1864060 149
1864070 149
1864080 149
1864090 149
1864100 149
1864110 149
1864120 148
1864130 148
1864140 148
1864150 148
1864160 148
1864170 148
1864180 149
1864190 149
1864200 149
1864210 148
1864220 148
1864230 148
1864240 148
1864250 148
1864260 148
1864270 148
1864280 148
1864290 148
1864300 148
1864310 148
1864320 147
1864330 147
1864340 147
1864350 148
1864360 148
1864370 148
1864380 147
1864390 147
1864400 147
1864410 147
1864420 147
1864430 147
1864440 147
1864450 147
1864460 147
1864470 147
1864480 147
1864490 147
1864500 147
1864510 147
1864520 147
1864530 146
1864540 146
1864550 146
1864560 146
1864570 146
1864580 146
1864590 146
1864600 146
1864610 146
1864620 146
1864630 146
1864640 146
1864650 146
1864660 146
1864670 146
1864680 146
1864690 146
1864700 146
1864710 146
1864720 146
1864730 146
1864740 146
1864750 146
1864760 146
1864770 146
1864780 146
1864790 146
1864800 146
1864810 146
1864820 146
1864830 146
1864840 146
1864850 146
1864860 146
1864870 146
1864880 146
1864890 146
1864900 146
1864910 146
1864920 146
1864930 146
1864940 146
1864950 146
1864960 146
1864970 146
1864980 146
1864990 146
1865000 146
1865010 146
1865020 146
1865030 146
1865040 146
1865050 146
1865060 146
1865070 146
1865080 146
1865090 146
1865100 146
1865110 146
1865120 146
1865130 146
1865140 146
1865150 146
1865160 146
1865170 146
1865180 146
1865190 146
1865200 146
1865210 146
1865220 146
1865230 146
1865240 146
1865250 146
1865260 146
1865270 146
1865280 146
1865290 146
1865300 146
1865310 146
1865320 146
1865330 146
1865340 146
1865350 146
1865360 146
1865370 146
1865380 146
1865390 146
1865400 146
1865410 146
1865420 146
1865430 146
1865440 146
1865450 146
1865460 146
1865470 146
1865480 146
1865490 146
1865500 146
1865510 146
1865520 146
1865530 146
1865540 146
1865550 146
1865560 146
1865570 146
1865580 146
1865590 146
1865600 146
1865610 146
1865620 146
1865630 146
1865640 146
1865650 146
1865660 146
1865670 146
1865680 146
1865690 146
1865700 146
1865710 146
1865720 146
1865730 146
1865740 146
1865750 146
1865760 146
1865770 146
1865780 146
1865790 146
1865800 146
1865810 146
1865820 146
1865830 146
1865840 146
1865850 146
1865860 146
1865870 146
1865880 146
1865890 146
1865900 146
1865910 146
1865920 146
1865930 146
1865940 146
1865950 146
1865960 146
1865970 147
1865980 147
1865990 147
1866000 147
1866010 147
1866020 147
1866030 147
1866040 146
1866050 146
1866060 146
1866070 146
1866080 146
1866090 146
1866100 146
1866110 146
1866120 146
1866130 146
1866140 146
1866150 146
1866160 146
1866170 146
1866180 146
1866190 146
1866200 146
1866210 146
1866220 146
1866230 146
1866240 146
1866250 146
1866260 146
1866270 146
1866280 146
1866290 146
1866300 146
1866310 146
1866320 146
1866330 147
1866340 146
1866350 146
1866360 146
1866370 146
1866380 146
1866390 146
1866400 146
1866410 146
1866420 146
1866430 146
1866440 146
1866450 146
1866460 146
1866470 146
1866480 146
1866490 146
1866500 146
1866510 146
1866520 146
1866530 146
1866540 146
1866550 146
1866560 146
1866570 146
1866580 146
1866590 146
1866600 146
1866610 146
1866620 146
1866630 146
1866640 146
1866650 146
1866660 146
1866670 146
1866680 146
1866690 146
1866700 146
1866710 146
1866720 146
1866730 146
1866740 146
1866750 146
1866760 146
1866770 146
1866780 146
1866790 146
1866800 146
1866810 146
1866820 146
1866830 146
1866840 146
1866850 146
1866860 146
1866870 146
1866880 146
1866890 146
1866900 146
1866910 146
1866920 146
1866930 146
1866940 145
1866950 145
1866960 145
1866970 145
1866980 145
1866990 144
1867000 144
1867010 144
1867020 144
1867030 145
1867040 145
1867050 144
1867060 144
1867070 144
1867080 143
1867090 143
1867100 143
1867110 143
1867120 143
1867130 143
1867140 143
1867150 143
1867160 143
1867170 143
1867180 143
1867190 143
1867200 143
1867210 144
1867220 144
1867230 144
1867240 143
1867250 143
1867260 144
1867270 146
1867280 146
1867290 146
1867300 146
1867310 146
1867320 146
1867330 146
1867340 146
1867350 146
1867360 146
1867370 146
1867380 146
1867390 146
1867400 146
1867410 146
1867420 146
1867430 146
1867440 146
1867450 146
1867460 146
1867470 146
1867480 146
1867490 146
1867500 146
1867510 146
1867520 146
1867530 146
1867540 146
1867550 146
1867560 145
1867570 145
1867580 145
1867590 145
1867600 145
1867610 145
1867620 145
1867630 145
1867640 145
1867650 145
1867660 145
1867670 145
1867680 145
1867690 145
1867700 145
1867710 145
1867720 145
1867730 145
1867740 145
1867750 145
1867760 145
1867770 145
1867780 145
1867790 145
1867800 145
1867810 145
1867820 145
1867830 145
1867840 145
1867850 145
1867860 145
1867870 145
1867880 145
1867890 146
1867900 146
1867910 146
1867920 146
1867930 146
1867940 146
1867950 145
1867960 145
1867970 145
1867980 145
1867990 145
1868000 145
1868010 145
1868020 145
1868030 145
1868040 145
1868050 145
1868060 145
1868070 145
1868080 145
1868090 145
1868100 145
1868110 145
1868120 145
1868130 145
1868140 145
1868150 145
1868160 145
1868170 145
1868180 145
1868190 145
1868200 145
1868210 145
1868220 145
1868230 145
1868240 145
1868250 145
1868260 145
1868270 145
1868280 145
1868290 145
1868300 145
1868310 145
1868320 145
1868330 145
1868340 145
1868350 146
1868360 146
1868370 146
1868380 146
1868390 146
1868400 146
1868410 145
1868420 145
1868430 145
1868440 145
1868450 145
1868460 145
1868470 145
1868480 145
1868490 146
1868500 146
1868510 146
1868520 146
1868530 146
1868540 146
1868550 146
1868560 146
1868570 146
1868580 146
1868590 146
1868600 146
1868610 146
1868620 146
1868630 146
1868640 146
1868650 146
1868660 146
1868670 146
1868680 145
1868690 145
1868700 145
1868710 145
1868720 145
1868730 145
1868740 145
1868750 145
1868760 145
1868770 145
1868780 145
1868790 145
1868800 145
1868810 145
1868820 145
1868830 145
1868840 145
1868850 145
1868860 145
1868870 145
1868880 145
1868890 145
1868900 145
1868910 145
1868920 145
1868930 145
1868940 145
1868950 145
1868960 145
1868970 145
1868980 145
1868990 145
1869000 145
1869010 145
1869020 145
1869030 145
1869040 145
1869050 145
1869060 145
1869070 145
1869080 145
1869090 145
1869100 145
1869110 145
1869120 145
1869130 145
1869140 145
1869150 145
1869160 145
1869170 145
1869180 145
1869190 145
1869200 145
1869210 144
1869220 144
1869230 144
1869240 144
1869250 145
1869260 145
1869270 145
1869280 145
1869290 145
1869300 145
1869310 145
1869320 145
1869330 145
1869340 145
1869350 145
1869360 144
1869370 144
1869380 144
1869390 144
1869400 145
1869410 145
1869420 145
1869430 145
1869440 145
1869450 145
1869460 145
1869470 145
1869480 145
1869490 145
1869500 145
1869510 144
1869520 145
1869530 145
1869540 145
1869550 145
1869560 145
1869570 145
1869580 145
1869590 145
1869600 145
1869610 145
1869620 145
1869630 145
1869640 145
1869650 145
1869660 145
1869670 145
1869680 145
1869690 145
1869700 145
1869710 145
1869720 145
1869730 145
1869740 145
1869750 145
1869760 145
1869770 145
1869780 145
1869790 145
1869800 145
1869810 145
1869820 145
1869830 145
1869840 145
1869850 145
1869860 145
1869870 145
1869880 145
1869890 145
1869900 145
1869910 145
1869920 145
1869930 145
1869940 145
1869950 145
1869960 145
1869970 145
1869980 145
1869990 145
1870000 145
1870010 145
1870020 145
1870030 145
1870040 145
1870050 145
1870060 144
1870070 144
1870080 144
1870090 145
1870100 145
1870110 145
1870120 145
1870130 145
1870140 144
1870150 144
1870160 144
1870170 144
1870180 144
1870190 144
1870200 144
1870210 144
1870220 144
1870230 144
1870240 145
1870250 145
1870260 145
1870270 145
1870280 145
1870290 145
1870300 145
1870310 145
1870320 145
1870330 145
1870340 145
1870350 145
1870360 145
1870370 145
1870380 145
1870390 145
1870400 145
1870410 145
1870420 145
1870430 145
1870440 144
1870450 144
1870460 144
1870470 144
1870480 144
1870490 144
1870500 144
1870510 144
1870520 144
1870530 144
1870540 144
1870550 144
1870560 144
1870570 144
1870580 144
1870590 144
1870600 144
1870610 144
1870620 144
1870630 144
1870640 144
1870650 144
1870660 144
1870670 144
1870680 144
1870690 144
1870700 144
1870710 144
1870720 144
1870730 144
1870740 144
1870750 144
1870760 144
1870770 144
1870780 144
1870790 144
1870800 144
1870810 144
1870820 144
1870830 144
1870840 144
1870850 144
1870860 144
1870870 144
1870880 144
1870890 143
1870900 144
1870910 144
1870920 144
1870930 144
1870940 144
1870950 144
1870960 144
1870970 144
1870980 144
1870990 144
1871000 144
1871010 144
1871020 143
1871030 143
1871040 144
1871050 144
1871060 144
1871070 144
1871080 144
1871090 144
1871100 145
1871110 145
1871120 145
1871130 145
1871140 145
1871150 145
1871160 145
1871170 145
1871180 145
1871190 145
1871200 145
1871210 145
1871220 145
1871230 144
1871240 144
1871250 144
1871260 144
1871270 144
1871280 144
1871290 144
1871300 144
1871310 144
1871320 144
1871330 144
1871340 144
1871350 144
1871360 144
1871370 144
1871380 144
1871390 144
1871400 144
1871410 144
1871420 144
1871430 144
1871440 144
1871450 144
1871460 144
1871470 144
1871480 144
1871490 144
1871500 144
1871510 144
1871520 144
1871530 144
1871540 144
1871550 144
1871560 144
1871570 144
1871580 144
1871590 144
1871600 144
1871610 144
1871620 145
1871630 145
1871640 145
1871650 145
1871660 145
1871670 145
1871680 144
1871690 144
1871700 144
1871710 144
1871720 144
1871730 144
1871740 145
1871750 145
1871760 145
1871770 145
1871780 144
1871790 144
1871800 144
1871810 144
1871820 144
1871830 144
1871840 144
1871850 144
1871860 144
1871870 144
1871880 144
1871890 144
1871900 145
1871910 145
1871920 144
1871930 144
1871940 144
1871950 144
1871960 144
1871970 144
1871980 144
1871990 144
1872000 144
1872010 144
1872020 144
1872030 144
1872040 144
1872050 144
1872060 144
1872070 144
1872080 144
1872090 144
1872100 145
1872110 145
1872120 145
1872130 145
1872140 145
1872150 145
1872160 145
1872170 145
1872180 145
1872190 145
1872200 145
1872210 145
1872220 145
1872230 145
1872240 145
1872250 145
1872260 145
1872270 145
1872280 145
1872290 145
1872300 145
1872310 145
1872320 145
1872330 145
1872340 145
1872350 145
1872360 145
1872370 145
1872380 145
1872390 145
1872400 145
1872410 145
1872420 145
1872430 145
1872440 145
1872450 145
1872460 145
1872470 144
1872480 144
1872490 144
1872500 144
1872510 144
1872520 144
1872530 144
1872540 144
1872550 144
1872560 144
1872570 144
1872580 145
1872590 144
1872600 144
1872610 144
1872620 144
1872630 144
1872640 144
1872650 144
1872660 144
1872670 144
1872680 144
1872690 144
1872700 144
1872710 144
1872720 144
1872730 144
1872740 144
1872750 144
1872760 144
1872770 144
1872780 144
1872790 144
1872800 144
1872810 144
1872820 144
1872830 144
1872840 144
1872850 144
1872860 144
1872870 144
1872880 144
1872890 144
1872900 144
1872910 144
1872920 144
1872930 144
1872940 144
1872950 144
1872960 144
1872970 144
1872980 144
1872990 144
1873000 144
1873010 144
1873020 144
1873030 144
1873040 144
1873050 144
1873060 144
1873070 144
1873080 144
1873090 144
1873100 144
1873110 144
1873120 144
1873130 144
1873140 144
1873150 144
1873160 144
1873170 144
1873180 144
1873190 144
1873200 144
1873210 144
1873220 144
1873230 144
1873240 144
1873250 144
1873260 144
1873270 144
1873280 144
1873290 144
1873300 144
1873310 144
1873320 144
1873330 143
1873340 143
1873350 143
1873360 144
1873370 144
1873380 144
1873390 144
1873400 144
1873410 144
1873420 143
1873430 143
1873440 143
1873450 143
1873460 143
1873470 143
1873480 144
1873490 144
1873500 144
1873510 144
1873520 144
1873530 144
1873540 144
1873550 144
1873560 144
1873570 144
1873580 144
1873590 144
1873600 144
1873610 143
1873620 143
1873630 144
1873640 144
1873650 144
1873660 144
1873670 144
1873680 144
1873690 144
1873700 144
1873710 144
1873720 144
1873730 144
1873740 144
1873750 144
1873760 144
1873770 144
1873780 144
1873790 144
1873800 144
1873810 144
1873820 144
1873830 144
1873840 144
1873850 144
1873860 144
1873870 144
1873880 144
1873890 144
1873900 144
1873910 144
1873920 144
1873930 144
1873940 144
1873950 144
1873960 144
1873970 144
1873980 144
1873990 144
1874000 144
1874010 144
1874020 144
1874030 144
1874040 144
1874050 144
1874060 144
1874070 144
1874080 144
1874090 144
1874100 144
1874110 144
1874120 144
1874130 144
1874140 144
1874150 144
1874160 144
1874170 144
1874180 144
1874190 144
1874200 144
1874210 144
1874220 144
1874230 144
1874240 144
1874250 144
1874260 144
1874270 144
1874280 144
1874290 144
1874300 144
1874310 144
1874320 144
1874330 144
1874340 144
1874350 144
1874360 144
1874370 144
1874380 144
1874390 144
1874400 144
1874410 144
1874420 144
1874430 144
1874440 144
1874450 144
1874460 144
1874470 144
1874480 144
1874490 144
1874500 144
1874510 144
1874520 144
1874530 144
1874540 144
1874550 144
1874560 144
1874570 144
1874580 144
1874590 144
1874600 144
1874610 144
1874620 144
1874630 144
1874640 144
1874650 144
1874660 144
1874670 144
1874680 144
1874690 144
1874700 144
1874710 144
1874720 144
1874730 144
1874740 144
1874750 144
1874760 144
1874770 144
1874780 144
1874790 144
1874800 144
1874810 144
1874820 144
1874830 144
1874840 144
1874850 144
1874860 144
1874870 143
1874880 143
1874890 143
1874900 143
1874910 143
1874920 143
1874930 143
1874940 143
1874950 143
1874960 143
1874970 143
1874980 143
1874990 143
1875000 143
1875010 143
1875020 143
1875030 143
1875040 144
1875050 144
1875060 144
1875070 143
1875080 143
1875090 143
1875100 143
1875110 144
1875120 144
1875130 144
1875140 144
1875150 144
1875160 144
1875170 144
1875180 144
1875190 144
1875200 144
1875210 144
1875220 144
1875230 144
1875240 144
1875250 144
1875260 144
1875270 144
1875280 144
1875290 144
1875300 144
1875310 144
1875320 144
1875330 144
1875340 144
1875350 144
1875360 144
1875370 144
1875380 144
1875390 144
1875400 145
1875410 145
1875420 145
1875430 145
1875440 145
1875450 145
1875460 145
1875470 145
1875480 145
1875490 145
1875500 145
1875510 145
1875520 144
1875530 144
1875540 144
1875550 144
1875560 144
1875570 144
1875580 144
1875590 144
1875600 144
1875610 144
1875620 144
1875630 144
1875640 144
1875650 144
1875660 144
1875670 144
1875680 144
1875690 144
1875700 144
1875710 144
1875720 144
1875730 144
1875740 144
1875750 144
1875760 144
1875770 144
1875780 144
1875790 144
1875800 144
1875810 144
1875820 144
1875830 143
1875840 144
1875850 144
1875860 143
1875870 143
1875880 143
1875890 143
1875900 143
1875910 143
1875920 143
1875930 143
1875940 143
1875950 143
1875960 143
1875970 143
1875980 143
1875990 143
1876000 143
1876010 143
1876020 143
1876030 143
1876040 143
1876050 143
1876060 143
1876070 143
1876080 143
1876090 143
1876100 143
1876110 143
1876120 143
1876130 143
1876140 143
1876150 143
1876160 143
1876170 143
1876180 143
1876190 143
1876200 143
1876210 143
1876220 143
1876230 143
1876240 143
1876250 143
1876260 143
1876270 143
1876280 143
1876290 143
1876300 143
1876310 143
1876320 143
1876330 143
1876340 143
1876350 143
1876360 143
1876370 143
1876380 143
1876390 143
1876400 143
1876410 143
1876420 143
1876430 143
1876440 143
1876450 143
1876460 143
1876470 143
1876480 142
1876490 142
1876500 142
1876510 142
1876520 142
1876530 142
1876540 142
1876550 143
1876560 143
1876570 142
1876580 142
1876590 142
1876600 142
1876610 143
1876620 143
1876630 143
1876640 143
1876650 143
1876660 143
1876670 143
1876680 143
1876690 143
1876700 143
1876710 143
1876720 143
1876730 143
1876740 143
1876750 143
1876760 143
1876770 143
1876780 143
1876790 143
1876800 143
1876810 143
1876820 143
1876830 143
1876840 143
1876850 143
1876860 143
1876870 143
1876880 143
1876890 143
1876900 143
1876910 143
1876920 143
1876930 143
1876940 143
1876950 143
1876960 143
1876970 143
1876980 143
1876990 143
1877000 143
1877010 143
1877020 143
1877030 143
1877040 143
1877050 143
1877060 143
1877070 143
1877080 143
1877090 143
1877100 143
1877110 143
1877120 143
1877130 143
1877140 143
1877150 142
1877160 143
1877170 142
1877180 142
1877190 142
1877200 143
1877210 143
1877220 143
1877230 143
1877240 143
1877250 143
1877260 143
1877270 143
1877280 143
1877290 143
1877300 143
1877310 143
1877320 143
1877330 143
1877340 143
1877350 143
1877360 142
1877370 142
1877380 142
1877390 142
1877400 142
1877410 143
1877420 143
1877430 143
1877440 143
1877450 143
1877460 143
1877470 143
1877480 143
1877490 143
1877500 143
1877510 143
1877520 143
1877530 143
1877540 143
1877550 143
1877560 143
1877570 143
1877580 143
1877590 143
1877600 143
1877610 143
1877620 143
1877630 143
1877640 143
1877650 143
1877660 143
1877670 143
1877680 143
1877690 143
1877700 143
1877710 143
1877720 143
1877730 143
1877740 143
1877750 143
1877760 143
1877770 143
1877780 143
1877790 143
1877800 143
1877810 143
1877820 143
1877830 143
1877840 143
1877850 143
1877860 143
1877870 143
1877880 143
1877890 143
1877900 143
1877910 143
1877920 143
1877930 143
1877940 143
1877950 143
1877960 143
1877970 143
1877980 143
1877990 143
1878000 143
1878010 143
1878020 143
1878030 143
1878040 143
1878050 143
1878060 143
1878070 143
1878080 143
1878090 143
1878100 143
1878110 143
1878120 143
1878130 143
1878140 143
1878150 143
1878160 143
1878170 143
1878180 143
1878190 143
1878200 142
1878210 142
1878220 142
1878230 142
1878240 142
1878250 143
1878260 143
1878270 143
1878280 143
1878290 143
1878300 143
1878310 143
1878320 143
1878330 143
1878340 143
1878350 143
1878360 143
1878370 143
1878380 143
1878390 143
1878400 143
1878410 143
1878420 143
1878430 143
1878440 143
1878450 143
1878460 143
1878470 143
1878480 143
1878490 143
1878500 143
1878510 143
1878520 143
1878530 143
1878540 143
1878550 143
1878560 143
1878570 143
1878580 143
1878590 143
1878600 143
1878610 143
1878620 143
1878630 143
1878640 143
1878650 143
1878660 143
1878670 143
1878680 143
1878690 143
1878700 143
1878710 143
1878720 143
1878730 143
1878740 143
1878750 143
1878760 143
1878770 143
1878780 143
1878790 143
1878800 143
1878810 143
1878820 143
1878830 143
1878840 143
1878850 143
1878860 143
1878870 143
1878880 143
1878890 143
1878900 143
1878910 143
1878920 143
1878930 143
1878940 143
1878950 143
1878960 143
1878970 143
1878980 143
1878990 143
1879000 142
1879010 142
1879020 142
1879030 142
1879040 142
1879050 142
1879060 142
1879070 142
1879080 142
1879090 142
1879100 142
1879110 142
1879120 142
1879130 142
1879140 142
1879150 142
1879160 142
1879170 142
1879180 142
1879190 142
1879200 142
1879210 142
1879220 142
1879230 142
1879240 142
1879250 142
1879260 142
1879270 142
1879280 142
1879290 142
1879300 142
1879310 142
1879320 142
1879330 142
1879340 142
1879350 142
1879360 142
1879370 142
1879380 142
1879390 142
1879400 142
1879410 142
1879420 142
1879430 142
1879440 142
1879450 142
1879460 142
1879470 142
1879480 142
1879490 141
1879500 141
1879510 141
1879520 142
1879530 142
1879540 141
1879550 141
1879560 141
1879570 141
1879580 142
1879590 142
1879600 143
1879610 143
1879620 143
1879630 143
1879640 143
1879650 143
1879660 143
1879670 143
1879680 143
1879690 143
1879700 143
1879710 143
1879720 143
1879730 143
1879740 143
1879750 143
1879760 143
1879770 143
1879780 143
1879790 143
1879800 143
1879810 143
1879820 143
1879830 143
1879840 143
1879850 143
1879860 143
1879870 143
1879880 143
1879890 143
1879900 143
1879910 143
1879920 143
1879930 143
1879940 143
1879950 143
1879960 143
1879970 143
1879980 143
1879990 143
