1860000 150
1860010 150
1860020 150
1860030 150
1860040 150
1860050 150
1860060 150
1860070 150
1860080 150
1860090 149
1860100 149
1860110 149
1860120 149
1860130 149
1860140 150
1860150 149
1860160 149
1860170 149
1860180 149
1860190 149
1860200 149
1860210 149
1860220 149
1860230 149
1860240 149
1860250 149
1860260 149
1860270 149
1860280 149
1860290 149
1860300 149
1860310 149
1860320 149
1860330 149
1860340 149
1860350 149
1860360 149
1860370 149
1860380 149
1860390 149
1860400 149
1860410 149
1860420 149
1860430 149
1860440 149
1860450 149
1860460 149
1860470 149
1860480 149
1860490 149
1860500 149
1860510 149
1860520 149
1860530 149
1860540 149
1860550 149
1860560 149
1860570 149
1860580 149
1860590 149
1860600 149
1860610 149
1860620 149
1860630 149
1860640 149
1860650 148
1860660 148
1860670 148
1860680 148
1860690 148
1860700 148
1860710 149
1860720 149
1860730 149
1860740 149
1860750 149
1860760 149
1860770 149
1860780 149
1860790 149
1860800 149
1860810 149
1860820 149
1860830 149
1860840 149
1860850 149
1860860 149
1860870 149
1860880 149
1860890 149
1860900 149
1860910 149
1860920 149
1860930 149
1860940 149
1860950 149
1860960 149
1860970 149
1860980 149
1860990 149
1861000 149
1861010 149
1861020 149
1861030 149
1861040 149
1861050 149
1861060 149
1861070 149
1861080 149
1861090 149
1861100 149
1861110 149
1861120 149
1861130 149
1861140 149
1861150 149
1861160 149
1861170 149
1861180 149
1861190 149
1861200 149
1861210 149
1861220 149
1861230 149
1861240 149
1861250 149
1861260 149
1861270 149
1861280 149
1861290 149
1861300 149
1861310 149
1861320 149
1861330 149
1861340 149
1861350 149
1861360 149
1861370 149
1861380 149
1861390 149
1861400 149
1861410 149
1861420 149
1861430 149
1861440 149
1861450 149
1861460 149
1861470 149
1861480 149
1861490 149
1861500 148
1861510 148
1861520 148
1861530 148
1861540 148
1861550 148
1861560 148
1861570 148
1861580 149
1861590 149
1861600 149
1861610 149
1861620 149
1861630 149
1861640 149
1861650 149
1861660 149
1861670 149
1861680 149
1861690 149
1861700 149
1861710 149
1861720 149
1861730 149
1861740 149
1861750 149
1861760 149
1861770 149
1861780 149
1861790 149
1861800 149
1861810 149
1861820 149
1861830 149
1861840 149
1861850 149
1861860 149
1861870 149
1861880 149
1861890 149
1861900 149
1861910 149
1861920 149
1861930 149
1861940 148
1861950 148
1861960 148
1861970 148
1861980 148
1861990 148
1862000 148
1862010 148
1862020 148
1862030 148
1862040 148
1862050 148
1862060 148
1862070 148
1862080 148
1862090 147
1862100 147
1862110 147
1862120 148
1862130 148
1862140 148
1862150 148
1862160 148
1862170 148
1862180 148
1862190 149
1862200 149
1862210 149
1862220 149
1862230 149
1862240 149
1862250 149
1862260 149
1862270 149
1862280 149
1862290 149
1862300 149
1862310 149
1862320 149
1862330 149
1862340 149
1862350 149
1862360 148
1862370 148
1862380 148
1862390 149
1862400 149
1862410 149
1862420 148
1862430 149
1862440 149
1862450 149
1862460 149
1862470 149
1862480 148
1862490 148
1862500 148
1862510 148
1862520 148
1862530 148
1862540 148
1862550 148
1862560 148
1862570 148
1862580 148
1862590 148
1862600 148
1862610 148
1862620 148
1862630 148
1862640 148
1862650 148
1862660 148
1862670 148
1862680 148
1862690 148
1862700 148
1862710 148
1862720 148
1862730 148
1862740 148
1862750 148
1862760 148
1862770 148
1862780 148
1862790 148
1862800 148
1862810 148
1862820 148
1862830 148
1862840 148
1862850 148
1862860 148
1862870 148
1862880 148
1862890 148
1862900 148
1862910 148
1862920 148
1862930 148
1862940 148
1862950 148
1862960 148
1862970 148
1862980 148
1862990 148
1863000 148
1863010 148
1863020 148
1863030 148
1863040 148
1863050 148
1863060 148
1863070 148
1863080 148
1863090 148
1863100 148
1863110 148
1863120 148
1863130 148
1863140 148
1863150 148
1863160 148
1863170 148
1863180 148
1863190 148
1863200 148
1863210 148
1863220 148
1863230 148
1863240 148
1863250 148
1863260 148
1863270 148
1863280 148
1863290 148
1863300 148
1863310 148
1863320 148
1863330 148
1863340 148
1863350 148
1863360 148
1863370 148
1863380 148
1863390 148
1863400 148
1863410 148
1863420 148
1863430 148
1863440 148
1863450 148
1863460 148
1863470 148
1863480 148
1863490 148
1863500 148
1863510 148
1863520 148
1863530 148
1863540 148
1863550 148
1863560 148
1863570 148
1863580 148
1863590 148
1863600 148
1863610 148
1863620 148
1863630 148
1863640 148
1863650 148
1863660 148
1863670 148
1863680 148
1863690 148
1863700 148
1863710 148
1863720 148
1863730 148
1863740 148
1863750 148
1863760 148
1863770 148
1863780 148
1863790 148
1863800 148
1863810 148
1863820 148
1863830 148
1863840 148
1863850 148
1863860 148
1863870 148
1863880 148
1863890 148
1863900 148
1863910 148
1863920 148
1863930 148
1863940 148
1863950 148
1863960 147
1863970 147
1863980 147
1863990 148
1864000 148
1864010 148
1864020 148
1864030 148
1864040 148
1864050 148
1864060 148
1864070 148
1864080 148
1864090 148
1864100 148
1864110 148
1864120 148
1864130 148
1864140 148
1864150 148
1864160 148
1864170 148
1864180 148
1864190 148
1864200 148
1864210 148
1864220 148
1864230 148
1864240 148
1864250 148
1864260 148
1864270 148
1864280 148
1864290 148
1864300 148
1864310 148
1864320 148
1864330 148
1864340 148
1864350 148
1864360 148
1864370 148
1864380 148
1864390 148
1864400 148
1864410 148
1864420 148
1864430 148
1864440 148
1864450 148
1864460 148
1864470 148
1864480 148
1864490 148
1864500 148
1864510 148
1864520 148
1864530 148
1864540 148
1864550 148
1864560 148
1864570 148
1864580 148
1864590 148
1864600 148
1864610 147
1864620 148
1864630 148
1864640 148
1864650 148
1864660 148
1864670 147
1864680 147
1864690 147
1864700 147
1864710 147
1864720 147
1864730 147
1864740 147
1864750 147
1864760 147
1864770 147
1864780 147
1864790 147
1864800 147
1864810 147
1864820 148
1864830 148
1864840 148
1864850 148
1864860 148
1864870 148
1864880 148
1864890 148
1864900 148
1864910 148
1864920 148
1864930 148
1864940 148
1864950 148
1864960 148
1864970 148
1864980 148
1864990 148
1865000 148
1865010 148
1865020 148
1865030 148
1865040 148
1865050 148
1865060 148
1865070 148
1865080 148
1865090 148
1865100 148
1865110 148
1865120 148
1865130 148
1865140 148
1865150 148
1865160 148
1865170 148
1865180 148
1865190 148
1865200 148
1865210 148
1865220 148
1865230 148
1865240 148
1865250 148
1865260 148
1865270 148
1865280 148
1865290 148
1865300 148
1865310 148
1865320 148
1865330 148
1865340 148
1865350 148
1865360 148
1865370 148
1865380 147
1865390 147
1865400 147
1865410 147
1865420 147
1865430 147
1865440 147
1865450 147
1865460 147
1865470 147
1865480 147
1865490 147
1865500 147
1865510 147
1865520 147
1865530 147
1865540 147
1865550 147
1865560 147
1865570 147
1865580 147
1865590 147
1865600 146
1865610 146
1865620 146
1865630 147
1865640 147
1865650 148
1865660 148
1865670 148
1865680 148
1865690 147
1865700 147
1865710 147
1865720 147
1865730 147
1865740 147
1865750 147
1865760 147
1865770 147
1865780 147
1865790 147
1865800 147
1865810 147
1865820 147
1865830 147
1865840 148
1865850 148
1865860 148
1865870 148
1865880 148
1865890 148
1865900 147
1865910 147
1865920 148
1865930 148
1865940 148
1865950 148
1865960 147
1865970 147
1865980 147
1865990 147
1866000 147
1866010 147
1866020 148
1866030 148
1866040 148
1866050 148
1866060 148
1866070 147
1866080 147
1866090 147
1866100 147
1866110 147
1866120 147
1866130 147
1866140 147
1866150 147
1866160 147
1866170 147
1866180 147
1866190 147
1866200 147
1866210 147
1866220 147
1866230 147
1866240 147
1866250 147
1866260 147
1866270 147
1866280 147
1866290 147
1866300 147
1866310 147
1866320 147
1866330 147
1866340 147
1866350 147
1866360 147
1866370 147
1866380 147
1866390 147
1866400 147
1866410 147
1866420 147
1866430 147
1866440 147
1866450 147
1866460 147
1866470 147
1866480 147
1866490 147
1866500 147
1866510 147
1866520 147
1866530 147
1866540 147
1866550 147
1866560 147
1866570 147
1866580 147
1866590 147
1866600 147
1866610 147
1866620 148
1866630 148
1866640 148
1866650 148
1866660 148
1866670 148
1866680 148
1866690 148
1866700 148
1866710 148
1866720 148
1866730 148
1866740 149
1866750 149
1866760 149
1866770 149
1866780 149
1866790 148
1866800 148
1866810 148
1866820 148
1866830 148
1866840 148
1866850 148
1866860 148
1866870 148
1866880 147
1866890 147
1866900 147
1866910 147
1866920 146
1866930 146
1866940 146
1866950 146
1866960 146
1866970 146
1866980 146
1866990 146
1867000 146
1867010 147
1867020 147
1867030 148
1867040 150
1867050 150
1867060 150
1867070 150
1867080 150
1867090 151
1867100 151
1867110 151
1867120 151
1867130 151
1867140 151
1867150 151
1867160 152
1867170 152
1867180 152
1867190 152
1867200 152
1867210 152
1867220 152
1867230 152
1867240 152
1867250 151
1867260 151
1867270 151
1867280 152
1867290 152
1867300 152
1867310 152
1867320 152
1867330 152
1867340 152
1867350 152
1867360 152
1867370 152
1867380 152
1867390 151
1867400 151
1867410 151
1867420 151
1867430 150
1867440 150
1867450 150
1867460 150
1867470 150
1867480 151
1867490 151
1867500 151
1867510 151
1867520 151
1867530 151
1867540 151
1867550 151
1867560 151
1867570 151
1867580 151
1867590 151
1867600 151
1867610 150
1867620 150
1867630 150
1867640 150
1867650 150
1867660 150
1867670 150
1867680 150
1867690 150
1867700 150
1867710 150
1867720 151
1867730 150
1867740 150
1867750 150
1867760 150
1867770 150
1867780 150
1867790 149
1867800 149
1867810 149
1867820 150
1867830 150
1867840 150
1867850 150
1867860 150
1867870 150
1867880 151
1867890 151
1867900 151
1867910 151
1867920 151
1867930 151
1867940 151
1867950 151
1867960 151
1867970 151
1867980 151
1867990 151
1868000 151
1868010 151
1868020 152
1868030 152
1868040 152
1868050 152
1868060 152
1868070 152
1868080 152
1868090 152
1868100 152
1868110 152
1868120 152
1868130 152
1868140 152
1868150 152
1868160 152
1868170 152
1868180 152
1868190 152
1868200 152
1868210 151
1868220 151
1868230 151
1868240 151
1868250 151
1868260 152
1868270 152
1868280 152
1868290 152
1868300 152
1868310 152
1868320 152
1868330 152
1868340 152
1868350 152
1868360 152
1868370 152
1868380 151
1868390 151
1868400 151
1868410 151
1868420 151
1868430 151
1868440 151
1868450 152
1868460 152
1868470 152
1868480 152
1868490 152
1868500 152
1868510 153
1868520 153
1868530 153
1868540 153
1868550 153
1868560 153
1868570 153
1868580 153
1868590 153
1868600 153
1868610 153
1868620 152
1868630 152
1868640 152
1868650 151
1868660 151
1868670 151
1868680 150
1868690 150
1868700 150
1868710 149
1868720 152
1868730 152
1868740 148
1868750 152
1868760 152
1868770 152
1868780 151
1868790 151
1868800 150
1868810 150
1868820 150
1868830 150
1868840 150
1868850 150
1868860 150
1868870 150
1868880 150
1868890 151
1868900 151
1868910 151
1868920 151
1868930 150
1868940 150
1868950 150
1868960 150
1868970 150
1868980 149
1868990 148
1869000 148
1869010 148
1869020 147
1869030 147
1869040 147
1869050 147
1869060 151
1869070 150
1869080 150
1869090 150
1869100 149
1869110 148
1869120 148
1869130 148
1869140 147
1869150 147
1869160 147
1869170 147
1869180 147
1869190 147
1869200 147
1869210 147
1869220 147
1869230 147
1869240 147
1869250 147
1869260 150
1869270 150
1869280 154
1869290 154
1869300 154
1869310 153
1869320 153
1869330 153
1869340 153
1869350 152
1869360 152
1869370 150
1869380 150
1869390 154
1869400 154
1869410 154
1869420 154
1869430 153
1869440 153
1869450 153
1869460 152
1869470 152
1869480 152
1869490 152
1869500 151
1869510 151
1869520 151
1869530 150
1869540 150
1869550 148
1869560 148
1869570 148
1869580 147
1869590 147
1869600 147
1869610 147
1869620 147
1869630 147
1869640 147
1869650 147
1869660 147
1869670 147
1869680 147
1869690 147
1869700 147
1869710 147
1869720 147
1869730 148
1869740 148
1869750 148
1869760 148
1869770 148
1869780 148
1869790 148
1869800 149
1869810 149
1869820 154
1869830 156
1869840 156
1869850 155
1869860 155
1869870 155
1869880 155
1869890 155
1869900 155
1869910 155
1869920 155
1869930 155
1869940 155
1869950 155
1869960 155
1869970 154
1869980 154
1869990 154
1870000 154
1870010 154
1870020 154
1870030 154
1870040 154
1870050 154
1870060 153
1870070 155
1870080 155
1870090 156
1870100 155
1870110 155
1870120 155
1870130 155
1870140 155
1870150 155
1870160 156
1870170 156
1870180 156
1870190 156
1870200 156
1870210 156
1870220 156
1870230 156
1870240 156
1870250 156
1870260 156
1870270 157
1870280 157
1870290 157
1870300 157
1870310 157
1870320 157
1870330 157
1870340 157
1870350 157
1870360 157
1870370 157
1870380 157
1870390 156
1870400 157
1870410 157
1870420 155
1870430 155
1870440 155
1870450 155
1870460 154
1870470 154
1870480 155
1870490 155
1870500 155
1870510 155
1870520 155
1870530 155
1870540 155
1870550 155
1870560 155
1870570 155
1870580 154
1870590 154
1870600 154
1870610 154
1870620 154
1870630 154
1870640 155
1870650 155
1870660 154
1870670 153
1870680 153
1870690 153
1870700 153
1870710 153
1870720 152
1870730 152
1870740 158
1870750 158
1870760 157
1870770 157
1870780 157
1870790 158
1870800 158
1870810 157
1870820 153
1870830 153
1870840 153
1870850 154
1870860 154
1870870 154
1870880 154
1870890 154
1870900 153
1870910 153
1870920 153
1870930 154
1870940 154
1870950 154
1870960 154
1870970 154
1870980 154
1870990 154
1871000 154
1871010 154
1871020 154
1871030 154
1871040 154
1871050 154
1871060 154
1871070 154
1871080 154
1871090 154
1871100 154
1871110 154
1871120 154
1871130 154
1871140 154
1871150 154
1871160 154
1871170 153
1871180 153
1871190 153
1871200 153
1871210 154
1871220 154
1871230 154
1871240 154
1871250 154
1871260 153
1871270 153
1871280 153
1871290 153
1871300 154
1871310 154
1871320 154
1871330 154
1871340 154
1871350 154
1871360 154
1871370 154
1871380 154
1871390 154
1871400 154
1871410 154
1871420 154
1871430 154
1871440 154
1871450 154
1871460 154
1871470 154
1871480 154
1871490 154
1871500 153
1871510 153
1871520 153
1871530 153
1871540 153
1871550 153
1871560 153
1871570 153
1871580 153
1871590 153
1871600 153
1871610 153
1871620 153
1871630 153
1871640 153
1871650 153
1871660 153
1871670 153
1871680 153
1871690 153
1871700 153
1871710 153
1871720 153
1871730 153
1871740 153
1871750 154
1871760 154
1871770 154
1871780 153
1871790 153
1871800 153
1871810 153
1871820 153
1871830 153
1871840 153
1871850 153
1871860 153
1871870 153
1871880 153
1871890 152
1871900 152
1871910 152
1871920 151
1871930 151
1871940 151
1871950 151
1871960 151
1871970 151
1871980 151
1871990 151
1872000 151
1872010 151
1872020 152
1872030 152
1872040 152
1872050 153
1872060 153
1872070 153
1872080 151
1872090 151
1872100 150
1872110 151
1872120 151
1872130 151
1872140 152
1872150 152
1872160 152
1872170 152
1872180 152
1872190 152
1872200 152
1872210 152
1872220 152
1872230 151
1872240 151
1872250 151
1872260 151
1872270 151
1872280 151
1872290 151
1872300 151
1872310 151
1872320 151
1872330 151
1872340 150
1872350 150
1872360 150
1872370 150
1872380 150
1872390 150
1872400 150
1872410 149
1872420 150
1872430 149
1872440 149
1872450 149
1872460 149
1872470 149
1872480 149
1872490 149
1872500 149
1872510 149
1872520 148
1872530 148
1872540 148
1872550 148
1872560 148
1872570 148
1872580 148
1872590 148
1872600 148
1872610 148
1872620 148
1872630 148
1872640 148
1872650 148
1872660 148
1872670 148
1872680 148
1872690 148
1872700 148
1872710 148
1872720 148
1872730 148
1872740 148
1872750 148
1872760 148
1872770 148
1872780 148
1872790 148
1872800 148
1872810 148
1872820 148
1872830 148
1872840 148
1872850 148
1872860 148
1872870 148
1872880 148
1872890 148
1872900 148
1872910 148
1872920 148
1872930 148
1872940 148
1872950 148
1872960 148
1872970 148
1872980 148
1872990 148
1873000 148
1873010 148
1873020 148
1873030 148
1873040 148
1873050 148
1873060 148
1873070 148
1873080 148
1873090 148
1873100 148
1873110 148
1873120 148
1873130 148
1873140 148
1873150 148
1873160 148
1873170 148
1873180 148
1873190 147
1873200 147
1873210 147
1873220 147
1873230 147
1873240 147
1873250 147
1873260 147
1873270 147
1873280 147
1873290 147
1873300 146
1873310 146
1873320 146
1873330 146
1873340 146
1873350 146
1873360 146
1873370 146
1873380 146
1873390 147
1873400 147
1873410 147
1873420 147
1873430 147
1873440 147
1873450 147
1873460 148
1873470 148
1873480 148
1873490 148
1873500 148
1873510 148
1873520 148
1873530 148
1873540 148
1873550 148
1873560 148
1873570 148
1873580 148
1873590 148
1873600 148
1873610 148
1873620 148
1873630 148
1873640 148
1873650 148
1873660 148
1873670 148
1873680 148
1873690 148
1873700 148
1873710 148
1873720 148
1873730 148
1873740 148
1873750 148
1873760 148
1873770 148
1873780 148
1873790 148
1873800 148
1873810 148
1873820 148
1873830 148
1873840 148
1873850 148
1873860 148
1873870 148
1873880 148
1873890 148
1873900 148
1873910 148
1873920 148
1873930 148
1873940 148
1873950 148
1873960 148
1873970 148
1873980 148
1873990 148
1874000 148
1874010 148
1874020 148
1874030 147
1874040 147
1874050 147
1874060 147
1874070 147
1874080 147
1874090 147
1874100 147
1874110 147
1874120 147
1874130 147
1874140 147
1874150 147
1874160 147
1874170 147
1874180 147
1874190 147
1874200 147
1874210 147
1874220 146
1874230 146
1874240 146
1874250 146
1874260 146
1874270 146
1874280 146
1874290 146
1874300 146
1874310 146
1874320 146
1874330 146
1874340 146
1874350 146
1874360 146
1874370 146
1874380 146
1874390 146
1874400 146
1874410 146
1874420 146
1874430 146
1874440 146
1874450 146
1874460 146
1874470 147
1874480 147
1874490 147
1874500 147
1874510 147
1874520 147
1874530 147
1874540 147
1874550 146
1874560 146
1874570 146
1874580 146
1874590 146
1874600 146
1874610 146
1874620 146
1874630 146
1874640 146
1874650 146
1874660 146
1874670 146
1874680 146
1874690 146
1874700 146
1874710 146
1874720 146
1874730 146
1874740 146
1874750 146
1874760 146
1874770 146
1874780 146
1874790 146
1874800 146
1874810 146
1874820 146
1874830 146
1874840 146
1874850 146
1874860 146
1874870 146
1874880 146
1874890 145
1874900 145
1874910 145
1874920 145
1874930 145
1874940 145
1874950 145
1874960 145
1874970 145
1874980 145
1874990 145
1875000 145
1875010 145
1875020 145
1875030 145
1875040 145
1875050 145
1875060 145
1875070 145
1875080 145
1875090 145
1875100 145
1875110 145
1875120 145
1875130 145
1875140 145
1875150 145
1875160 145
1875170 145
1875180 145
1875190 145
1875200 145
1875210 145
1875220 144
1875230 144
1875240 144
1875250 144
1875260 144
1875270 144
1875280 144
1875290 144
1875300 144
1875310 144
1875320 144
1875330 144
1875340 144
1875350 144
1875360 144
1875370 144
1875380 144
1875390 144
1875400 144
1875410 144
1875420 144
1875430 144
1875440 144
1875450 144
1875460 144
1875470 144
1875480 144
1875490 144
1875500 144
1875510 144
1875520 144
1875530 144
1875540 144
1875550 144
1875560 144
1875570 144
1875580 144
1875590 144
1875600 144
1875610 144
1875620 144
1875630 144
1875640 144
1875650 144
1875660 144
1875670 144
1875680 144
1875690 144
1875700 144
1875710 144
1875720 144
1875730 144
1875740 144
1875750 144
1875760 144
1875770 144
1875780 144
1875790 144
1875800 144
1875810 144
1875820 144
1875830 144
1875840 144
1875850 144
1875860 144
1875870 144
1875880 144
1875890 144
1875900 144
1875910 144
1875920 144
1875930 144
1875940 144
1875950 144
1875960 144
1875970 144
1875980 144
1875990 144
1876000 144
1876010 144
1876020 144
1876030 144
1876040 144
1876050 144
1876060 144
1876070 144
1876080 144
1876090 144
1876100 144
1876110 144
1876120 144
1876130 144
1876140 144
1876150 144
1876160 144
1876170 144
1876180 143
1876190 143
1876200 143
1876210 143
1876220 143
1876230 143
1876240 144
1876250 144
1876260 144
1876270 144
1876280 144
1876290 144
1876300 144
1876310 144
1876320 144
1876330 144
1876340 144
1876350 143
1876360 143
1876370 143
1876380 144
1876390 144
1876400 144
1876410 143
1876420 143
1876430 143
1876440 143
1876450 143
1876460 143
1876470 143
1876480 143
1876490 143
1876500 143
1876510 143
1876520 143
1876530 143
1876540 143
1876550 143
1876560 143
1876570 143
1876580 143
1876590 144
1876600 144
1876610 144
1876620 144
1876630 144
1876640 144
1876650 144
1876660 144
1876670 144
1876680 144
1876690 144
1876700 144
1876710 144
1876720 144
1876730 144
1876740 144
1876750 145
1876760 145
1876770 145
1876780 145
1876790 145
1876800 145
1876810 145
1876820 145
1876830 145
1876840 145
1876850 145
1876860 145
1876870 145
1876880 145
1876890 145
1876900 145
1876910 145
1876920 145
1876930 145
1876940 145
1876950 145
1876960 145
1876970 145
1876980 145
1876990 145
1877000 145
1877010 145
1877020 145
1877030 145
1877040 145
1877050 145
1877060 145
1877070 145
1877080 145
1877090 145
1877100 145
1877110 145
1877120 145
1877130 145
1877140 145
1877150 145
1877160 145
1877170 145
1877180 145
1877190 145
1877200 145
1877210 145
1877220 145
1877230 145
1877240 145
1877250 144
1877260 144
1877270 144
1877280 144
1877290 144
1877300 144
1877310 144
1877320 144
1877330 144
1877340 144
1877350 144
1877360 144
1877370 144
1877380 144
1877390 144
1877400 144
1877410 144
1877420 144
1877430 144
1877440 144
1877450 144
1877460 144
1877470 144
1877480 144
1877490 144
1877500 144
1877510 144
1877520 144
1877530 144
1877540 144
1877550 144
1877560 144
1877570 144
1877580 144
1877590 144
1877600 144
1877610 144
1877620 144
1877630 144
1877640 144
1877650 144
1877660 144
1877670 144
1877680 144
1877690 144
1877700 144
1877710 144
1877720 144
1877730 144
1877740 144
1877750 144
1877760 144
1877770 144
1877780 144
1877790 144
1877800 144
1877810 144
1877820 144
1877830 144
1877840 144
1877850 144
1877860 144
1877870 144
1877880 144
1877890 144
1877900 144
1877910 143
1877920 143
1877930 143
1877940 143
1877950 144
1877960 144
1877970 144
1877980 144
1877990 144
1878000 143
1878010 144
1878020 144
1878030 144
1878040 144
1878050 144
1878060 144
1878070 144
1878080 144
1878090 144
1878100 144
1878110 144
1878120 144
1878130 144
1878140 144
1878150 144
1878160 144
1878170 144
1878180 144
1878190 144
1878200 144
1878210 144
1878220 144
1878230 144
1878240 144
1878250 145
1878260 145
1878270 145
1878280 145
1878290 145
1878300 145
1878310 145
1878320 145
1878330 145
1878340 145
1878350 145
1878360 145
1878370 145
1878380 145
1878390 145
1878400 145
1878410 145
1878420 145
1878430 145
1878440 145
1878450 145
1878460 145
1878470 145
1878480 145
1878490 145
1878500 145
1878510 145
1878520 144
1878530 144
1878540 144
1878550 144
1878560 144
1878570 144
1878580 144
1878590 144
1878600 144
1878610 144
1878620 144
1878630 144
1878640 144
1878650 144
1878660 144
1878670 144
1878680 144
1878690 144
1878700 144
1878710 144
1878720 144
1878730 144
1878740 144
1878750 144
1878760 145
1878770 145
1878780 145
1878790 145
1878800 145
1878810 145
1878820 145
1878830 145
1878840 146
1878850 146
1878860 146
1878870 146
1878880 146
1878890 146
1878900 146
1878910 146
1878920 146
1878930 147
1878940 147
1878950 147
1878960 147
1878970 147
1878980 147
1878990 147
1879000 147
1879010 147
1879020 146
1879030 146
1879040 146
1879050 146
1879060 146
1879070 146
1879080 147
1879090 146
1879100 146
1879110 147
1879120 147
1879130 147
1879140 147
1879150 147
1879160 147
1879170 147
1879180 147
1879190 147
1879200 147
1879210 147
1879220 147
1879230 147
1879240 147
1879250 147
1879260 147
1879270 147
1879280 147
1879290 147
1879300 147
1879310 147
1879320 147
1879330 147
1879340 147
1879350 147
1879360 147
1879370 147
1879380 147
1879390 147
1879400 147
1879410 147
1879420 147
1879430 147
1879440 147
1879450 147
1879460 147
1879470 147
1879480 147
1879490 147
1879500 147
1879510 147
1879520 147
1879530 147
1879540 147
1879550 147
1879560 147
1879570 147
1879580 147
1879590 147
1879600 147
1879610 147
1879620 147
1879630 147
1879640 147
1879650 147
1879660 147
1879670 147
1879680 147
1879690 147
1879700 147
1879710 147
1879720 147
1879730 147
1879740 147
1879750 147
1879760 147
1879770 147
1879780 147
1879790 147
1879800 147
1879810 147
1879820 147
1879830 147
1879840 147
1879850 147
1879860 147
1879870 147
1879880 147
1879890 147
1879900 147
1879910 147
1879920 147
1879930 147
1879940 147
1879950 147
1879960 147
1879970 147
1879980 147
1879990 147
