1860000 149
1860010 149
1860020 149
1860030 149
1860040 149
1860050 150
1860060 149
1860070 149
1860080 149
1860090 149
1860100 149
1860110 149
1860120 149
1860130 149
1860140 149
1860150 149
1860160 149
1860170 149
1860180 149
1860190 149
1860200 149
1860210 149
1860220 149
1860230 149
1860240 149
1860250 149
1860260 149
1860270 149
1860280 149
1860290 149
1860300 149
1860310 149
1860320 149
1860330 149
1860340 149
1860350 149
1860360 149
1860370 149
1860380 149
1860390 149
1860400 149
1860410 148
1860420 148
1860430 148
1860440 149
1860450 149
1860460 149
1860470 148
1860480 148
1860490 148
1860500 148
1860510 148
1860520 148
1860530 148
1860540 149
1860550 149
1860560 149
1860570 148
1860580 148
1860590 148
1860600 148
1860610 148
1860620 148
1860630 148
1860640 148
1860650 149
1860660 149
1860670 149
1860680 149
1860690 149
1860700 149
1860710 149
1860720 149
1860730 149
1860740 149
1860750 149
1860760 149
1860770 149
1860780 149
1860790 149
1860800 149
1860810 149
1860820 149
1860830 149
1860840 149
1860850 149
1860860 149
1860870 149
1860880 149
1860890 149
1860900 149
1860910 149
1860920 149
1860930 149
1860940 149
1860950 149
1860960 149
1860970 149
1860980 149
1860990 149
1861000 149
1861010 149
1861020 149
1861030 149
1861040 149
1861050 149
1861060 149
1861070 149
1861080 149
1861090 149
1861100 149
1861110 149
1861120 149
1861130 149
1861140 149
1861150 149
1861160 149
1861170 149
1861180 149
1861190 149
1861200 149
1861210 149
1861220 149
1861230 149
1861240 149
1861250 149
1861260 149
1861270 149
1861280 149
1861290 149
1861300 149
1861310 149
1861320 149
1861330 149
1861340 149
1861350 149
1861360 149
1861370 149
1861380 149
1861390 149
1861400 149
1861410 149
1861420 149
1861430 149
1861440 149
1861450 149
1861460 149
1861470 149
1861480 149
1861490 149
1861500 149
1861510 149
1861520 149
1861530 149
1861540 149
1861550 149
1861560 149
1861570 149
1861580 148
1861590 148
1861600 148
1861610 148
1861620 148
1861630 148
1861640 148
1861650 148
1861660 148
1861670 148
1861680 148
1861690 148
1861700 148
1861710 148
1861720 148
1861730 148
1861740 148
1861750 148
1861760 148
1861770 148
1861780 148
1861790 148
1861800 148
1861810 148
1861820 148
1861830 148
1861840 148
1861850 148
1861860 148
1861870 148
1861880 148
1861890 148
1861900 148
1861910 148
1861920 148
1861930 148
1861940 148
1861950 148
1861960 148
1861970 148
1861980 148
1861990 148
1862000 148
1862010 148
1862020 148
1862030 149
1862040 148
1862050 148
1862060 148
1862070 148
1862080 148
1862090 148
1862100 148
1862110 148
1862120 148
1862130 148
1862140 148
1862150 148
1862160 148
1862170 148
1862180 148
1862190 148
1862200 148
1862210 148
1862220 148
1862230 148
1862240 148
1862250 148
1862260 148
1862270 148
1862280 148
1862290 148
1862300 148
1862310 148
1862320 148
1862330 148
1862340 148
1862350 148
1862360 148
1862370 148
1862380 148
1862390 147
1862400 147
1862410 147
1862420 146
1862430 147
1862440 148
1862450 148
1862460 148
1862470 148
1862480 148
1862490 148
1862500 148
1862510 148
1862520 148
1862530 148
1862540 148
1862550 148
1862560 148
1862570 148
1862580 148
1862590 148
1862600 148
1862610 148
1862620 148
1862630 148
1862640 148
1862650 148
1862660 148
1862670 148
1862680 148
1862690 148
1862700 148
1862710 148
1862720 148
1862730 148
1862740 148
1862750 148
1862760 148
1862770 148
1862780 148
1862790 148
1862800 148
1862810 148
1862820 148
1862830 148
1862840 148
1862850 148
1862860 148
1862870 148
1862880 148
1862890 148
1862900 148
1862910 148
1862920 148
1862930 147
1862940 148
1862950 148
1862960 148
1862970 147
1862980 147
1862990 147
1863000 147
1863010 147
1863020 147
1863030 147
1863040 147
1863050 147
1863060 148
1863070 148
1863080 148
1863090 148
1863100 148
1863110 148
1863120 148
1863130 148
1863140 148
1863150 148
1863160 148
1863170 148
1863180 148
1863190 148
1863200 148
1863210 148
1863220 148
1863230 148
1863240 148
1863250 148
1863260 148
1863270 148
1863280 148
1863290 148
1863300 147
1863310 147
1863320 147
1863330 147
1863340 147
1863350 148
1863360 148
1863370 148
1863380 148
1863390 148
1863400 148
1863410 148
1863420 148
1863430 148
1863440 148
1863450 149
1863460 149
1863470 149
1863480 149
1863490 149
1863500 149
1863510 149
1863520 149
1863530 149
1863540 149
1863550 149
1863560 149
1863570 149
1863580 149
1863590 149
1863600 149
1863610 149
1863620 149
1863630 149
1863640 149
1863650 149
1863660 149
1863670 149
1863680 149
1863690 148
1863700 148
1863710 148
1863720 149
1863730 149
1863740 149
1863750 148
1863760 148
1863770 148
1863780 148
1863790 148
1863800 148
1863810 149
1863820 149
1863830 149
1863840 149
1863850 149
1863860 149
1863870 149
1863880 149
1863890 149
1863900 149
1863910 149
1863920 149
1863930 149
1863940 149
1863950 149
1863960 149
1863970 149
1863980 149
1863990 149
1864000 149
1864010 149
1864020 149
1864030 149
1864040 149
1864050 150
1864060 150
1864070 151
1864080 151
1864090 151
1864100 151
1864110 151
1864120 151
1864130 150
1864140 150
1864150 150
1864160 154
1864170 154
1864180 154
1864190 154
1864200 153
1864210 153
1864220 152
1864230 152
1864240 152
1864250 153
1864260 153
1864270 153
1864280 152
1864290 153
1864300 153
1864310 155
1864320 155
1864330 155
1864340 155
1864350 155
1864360 155
1864370 156
1864380 156
1864390 156
1864400 156
1864410 155
1864420 155
1864430 155
1864440 155
1864450 155
1864460 155
1864470 155
1864480 155
1864490 155
1864500 155
1864510 155
1864520 155
1864530 155
1864540 155
1864550 155
1864560 155
1864570 155
1864580 155
1864590 155
1864600 155
1864610 155
1864620 155
1864630 155
1864640 155
1864650 155
1864660 155
1864670 155
1864680 154
1864690 154
1864700 154
1864710 154
1864720 154
1864730 154
1864740 154
1864750 154
1864760 154
1864770 154
1864780 154
1864790 154
1864800 153
1864810 153
1864820 153
1864830 153
1864840 153
1864850 153
1864860 153
1864870 153
1864880 153
1864890 152
1864900 152
1864910 152
1864920 152
1864930 152
1864940 152
1864950 153
1864960 153
1864970 153
1864980 154
1864990 154
1865000 154
1865010 154
1865020 154
1865030 154
1865040 154
1865050 154
1865060 154
1865070 155
1865080 155
1865090 155
1865100 155
1865110 155
1865120 155
1865130 155
1865140 155
1865150 155
1865160 155
1865170 155
1865180 155
1865190 155
1865200 155
1865210 155
1865220 155
1865230 155
1865240 155
1865250 155
1865260 155
1865270 155
1865280 155
1865290 155
1865300 155
1865310 154
1865320 154
1865330 156
1865340 156
1865350 156
1865360 156
1865370 156
1865380 156
1865390 157
1865400 157
1865410 157
1865420 157
1865430 157
1865440 157
1865450 156
1865460 156
1865470 156
1865480 156
1865490 156
1865500 156
1865510 156
1865520 156
1865530 156
1865540 156
1865550 156
1865560 156
1865570 156
1865580 155
1865590 155
1865600 155
1865610 155
1865620 155
1865630 155
1865640 155
1865650 155
1865660 155
1865670 155
1865680 155
1865690 155
1865700 155
1865710 155
1865720 155
1865730 155
1865740 155
1865750 155
1865760 155
1865770 155
1865780 155
1865790 156
1865800 156
1865810 156
1865820 156
1865830 156
1865840 156
1865850 155
1865860 156
1865870 155
1865880 150
1865890 150
1865900 149
1865910 148
1865920 148
1865930 148
1865940 148
1865950 148
1865960 147
1865970 147
1865980 147
1865990 147
1866000 147
1866010 147
1866020 147
1866030 147
1866040 147
1866050 147
1866060 147
1866070 147
1866080 148
1866090 153
1866100 153
1866110 156
1866120 156
1866130 156
1866140 156
1866150 156
1866160 156
1866170 156
1866180 156
1866190 156
1866200 156
1866210 156
1866220 156
1866230 156
1866240 156
1866250 156
1866260 156
1866270 156
1866280 156
1866290 156
1866300 155
1866310 155
1866320 155
1866330 155
1866340 155
1866350 155
1866360 155
1866370 155
1866380 155
1866390 155
1866400 155
1866410 155
1866420 155
1866430 155
1866440 155
1866450 155
1866460 155
1866470 155
1866480 155
1866490 155
1866500 155
1866510 155
1866520 155
1866530 156
1866540 156
1866550 156
1866560 156
1866570 156
1866580 156
1866590 156
1866600 156
1866610 156
1866620 156
1866630 156
1866640 156
1866650 156
1866660 156
1866670 156
1866680 156
1866690 156
1866700 156
1866710 156
1866720 156
1866730 156
1866740 156
1866750 156
1866760 156
1866770 154
1866780 151
1866790 151
1866800 149
1866810 148
1866820 148
1866830 149
1866840 148
1866850 148
1866860 147
1866870 147
1866880 147
1866890 149
1866900 152
1866910 152
1866920 155
1866930 155
1866940 157
1866950 156
1866960 156
1866970 157
1866980 159
1866990 159
1867000 158
1867010 156
1867020 156
1867030 156
1867040 156
1867050 156
1867060 156
1867070 156
1867080 156
1867090 155
1867100 155
1867110 155
1867120 155
1867130 155
1867140 155
1867150 155
1867160 155
1867170 155
1867180 155
1867190 155
1867200 155
1867210 155
1867220 155
1867230 155
1867240 155
1867250 155
1867260 155
1867270 155
1867280 154
1867290 154
1867300 154
1867310 154
1867320 154
1867330 154
1867340 154
1867350 154
1867360 154
1867370 154
1867380 154
1867390 154
1867400 154
1867410 154
1867420 154
1867430 154
1867440 154
1867450 154
1867460 154
1867470 154
1867480 154
1867490 154
1867500 154
1867510 154
1867520 154
1867530 154
1867540 154
1867550 154
1867560 154
1867570 154
1867580 154
1867590 154
1867600 154
1867610 154
1867620 154
1867630 154
1867640 154
1867650 154
1867660 154
1867670 156
1867680 156
1867690 152
1867700 149
1867710 149
1867720 146
1867730 146
1867740 146
1867750 146
1867760 146
1867770 146
1867780 147
1867790 147
1867800 147
1867810 147
1867820 147
1867830 147
1867840 147
1867850 151
1867860 151
1867870 153
1867880 154
1867890 154
1867900 154
1867910 154
1867920 154
1867930 154
1867940 154
1867950 154
1867960 154
1867970 154
1867980 154
1867990 154
1868000 153
1868010 153
1868020 150
1868030 147
1868040 147
1868050 145
1868060 145
1868070 145
1868080 145
1868090 145
1868100 145
1868110 145
1868120 145
1868130 145
1868140 145
1868150 146
1868160 146
1868170 146
1868180 147
1868190 147
1868200 149
1868210 151
1868220 151
1868230 153
1868240 154
1868250 154
1868260 153
1868270 153
1868280 153
1868290 153
1868300 153
1868310 153
1868320 153
1868330 153
1868340 153
1868350 153
1868360 153
1868370 153
1868380 153
1868390 153
1868400 153
1868410 153
1868420 153
1868430 153
1868440 153
1868450 153
1868460 153
1868470 153
1868480 153
1868490 153
1868500 152
1868510 152
1868520 152
1868530 152
1868540 152
1868550 152
1868560 152
1868570 152
1868580 152
1868590 152
1868600 152
1868610 152
1868620 152
1868630 152
1868640 152
1868650 152
1868660 152
1868670 152
1868680 152
1868690 152
1868700 152
1868710 152
1868720 152
1868730 152
1868740 152
1868750 152
1868760 152
1868770 152
1868780 152
1868790 152
1868800 152
1868810 152
1868820 152
1868830 153
1868840 153
1868850 153
1868860 153
1868870 153
1868880 153
1868890 153
1868900 152
1868910 152
1868920 152
1868930 152
1868940 152
1868950 152
1868960 152
1868970 152
1868980 151
1868990 151
1869000 151
1869010 151
1869020 151
1869030 151
1869040 151
1869050 151
1869060 151
1869070 151
1869080 151
1869090 151
1869100 151
1869110 151
1869120 151
1869130 150
1869140 150
1869150 150
1869160 150
1869170 150
1869180 150
1869190 150
1869200 150
1869210 150
1869220 150
1869230 150
1869240 150
1869250 150
1869260 150
1869270 150
1869280 150
1869290 150
1869300 150
1869310 150
1869320 150
1869330 150
1869340 150
1869350 150
1869360 150
1869370 150
1869380 150
1869390 150
1869400 151
1869410 151
1869420 151
1869430 151
1869440 151
1869450 151
1869460 152
1869470 152
1869480 152
1869490 153
1869500 153
1869510 153
1869520 153
1869530 154
1869540 154
1869550 154
1869560 154
1869570 154
1869580 154
1869590 154
1869600 154
1869610 154
1869620 154
1869630 154
1869640 154
1869650 155
1869660 155
1869670 155
1869680 155
1869690 155
1869700 155
1869710 155
1869720 155
1869730 155
1869740 155
1869750 155
1869760 155
1869770 155
1869780 155
1869790 155
1869800 155
1869810 155
1869820 155
1869830 155
1869840 155
1869850 155
1869860 155
1869870 155
1869880 155
1869890 155
1869900 155
1869910 155
1869920 155
1869930 155
1869940 155
1869950 155
1869960 155
1869970 155
1869980 155
1869990 155
1870000 155
1870010 155
1870020 155
1870030 155
1870040 155
1870050 155
1870060 155
1870070 155
1870080 155
1870090 155
1870100 155
1870110 155
1870120 155
1870130 156
1870140 156
1870150 156
1870160 156
1870170 156
1870180 156
1870190 156
1870200 156
1870210 156
1870220 156
1870230 156
1870240 156
1870250 156
1870260 156
1870270 155
1870280 155
1870290 155
1870300 155
1870310 155
1870320 155
1870330 156
1870340 155
1870350 155
1870360 155
1870370 155
1870380 155
1870390 156
1870400 156
1870410 156
1870420 156
1870430 156
1870440 156
1870450 156
1870460 156
1870470 156
1870480 156
1870490 156
1870500 156
1870510 156
1870520 156
1870530 156
1870540 156
1870550 156
1870560 156
1870570 156
1870580 156
1870590 156
1870600 155
1870610 155
1870620 155
1870630 155
1870640 155
1870650 155
1870660 155
1870670 155
1870680 155
1870690 155
1870700 155
1870710 155
1870720 155
1870730 155
1870740 155
1870750 155
1870760 155
1870770 155
1870780 155
1870790 155
1870800 155
1870810 155
1870820 155
1870830 155
1870840 155
1870850 155
1870860 155
1870870 155
1870880 155
1870890 155
1870900 155
1870910 155
1870920 155
1870930 155
1870940 155
1870950 155
1870960 154
1870970 154
1870980 154
1870990 154
1871000 154
1871010 154
1871020 154
1871030 154
1871040 154
1871050 154
1871060 154
1871070 154
1871080 154
1871090 154
1871100 154
1871110 154
1871120 154
1871130 154
1871140 154
1871150 154
1871160 154
1871170 154
1871180 154
1871190 154
1871200 154
1871210 154
1871220 154
1871230 154
1871240 154
1871250 154
1871260 154
1871270 154
1871280 154
1871290 154
1871300 154
1871310 154
1871320 154
1871330 154
1871340 154
1871350 154
1871360 154
1871370 154
1871380 154
1871390 154
1871400 154
1871410 153
1871420 153
1871430 153
1871440 153
1871450 153
1871460 153
1871470 153
1871480 153
1871490 153
1871500 153
1871510 153
1871520 153
1871530 153
1871540 153
1871550 153
1871560 153
1871570 153
1871580 153
1871590 153
1871600 153
1871610 153
1871620 153
1871630 153
1871640 153
1871650 153
1871660 153
1871670 153
1871680 153
1871690 153
1871700 153
1871710 153
1871720 153
1871730 153
1871740 153
1871750 153
1871760 153
1871770 153
1871780 153
1871790 153
1871800 153
1871810 153
1871820 153
1871830 153
1871840 152
1871850 152
1871860 153
1871870 152
1871880 152
1871890 152
1871900 152
1871910 152
1871920 152
1871930 153
1871940 153
1871950 153
1871960 152
1871970 152
1871980 152
1871990 152
1872000 152
1872010 152
1872020 152
1872030 152
1872040 152
1872050 152
1872060 152
1872070 152
1872080 152
1872090 152
1872100 152
1872110 152
1872120 152
1872130 152
1872140 151
1872150 151
1872160 151
1872170 151
1872180 151
1872190 151
1872200 151
1872210 151
1872220 151
1872230 151
1872240 151
1872250 151
1872260 151
1872270 151
1872280 151
1872290 151
1872300 151
1872310 151
1872320 151
1872330 151
1872340 151
1872350 150
1872360 150
1872370 150
1872380 150
1872390 150
1872400 150
1872410 150
1872420 150
1872430 150
1872440 150
1872450 150
1872460 150
1872470 150
1872480 150
1872490 150
1872500 150
1872510 150
1872520 150
1872530 150
1872540 150
1872550 150
1872560 150
1872570 150
1872580 150
1872590 150
1872600 150
1872610 150
1872620 150
1872630 150
1872640 150
1872650 150
1872660 150
1872670 150
1872680 150
1872690 150
1872700 150
1872710 150
1872720 150
1872730 150
1872740 150
1872750 150
1872760 150
1872770 149
1872780 149
1872790 149
1872800 149
1872810 149
1872820 149
1872830 149
1872840 149
1872850 149
1872860 149
1872870 149
1872880 149
1872890 149
1872900 149
1872910 149
1872920 149
1872930 149
1872940 149
1872950 149
1872960 149
1872970 149
1872980 150
1872990 150
1873000 150
1873010 150
1873020 150
1873030 150
1873040 150
1873050 150
1873060 150
1873070 150
1873080 150
1873090 150
1873100 150
1873110 150
1873120 150
1873130 150
1873140 150
1873150 150
1873160 150
1873170 150
1873180 150
1873190 150
1873200 150
1873210 150
1873220 150
1873230 150
1873240 150
1873250 150
1873260 150
1873270 150
1873280 150
1873290 150
1873300 150
1873310 150
1873320 150
1873330 150
1873340 150
1873350 150
1873360 150
1873370 150
1873380 150
1873390 150
1873400 150
1873410 150
1873420 150
1873430 150
1873440 150
1873450 150
1873460 150
1873470 150
1873480 150
1873490 150
1873500 150
1873510 150
1873520 150
1873530 150
1873540 150
1873550 150
1873560 150
1873570 150
1873580 150
1873590 150
1873600 150
1873610 150
1873620 150
1873630 150
1873640 150
1873650 150
1873660 151
1873670 151
1873680 151
1873690 151
1873700 150
1873710 150
1873720 150
1873730 150
1873740 150
1873750 150
1873760 150
1873770 150
1873780 150
1873790 150
1873800 150
1873810 150
1873820 150
1873830 150
1873840 150
1873850 150
1873860 150
1873870 150
1873880 149
1873890 149
1873900 149
1873910 149
1873920 149
1873930 149
1873940 149
1873950 149
1873960 149
1873970 149
1873980 149
1873990 149
1874000 149
1874010 149
1874020 149
1874030 149
1874040 149
1874050 149
1874060 149
1874070 149
1874080 149
1874090 149
1874100 149
1874110 149
1874120 149
1874130 149
1874140 149
1874150 149
1874160 149
1874170 149
1874180 149
1874190 149
1874200 149
1874210 149
1874220 149
1874230 149
1874240 149
1874250 149
1874260 149
1874270 149
1874280 149
1874290 148
1874300 148
1874310 148
1874320 148
1874330 148
1874340 148
1874350 148
1874360 148
1874370 148
1874380 148
1874390 148
1874400 148
1874410 148
1874420 148
1874430 148
1874440 148
1874450 148
1874460 148
1874470 148
1874480 148
1874490 148
1874500 148
1874510 148
1874520 148
1874530 148
1874540 148
1874550 148
1874560 148
1874570 148
1874580 148
1874590 148
1874600 148
1874610 148
1874620 148
1874630 148
1874640 148
1874650 148
1874660 148
1874670 148
1874680 148
1874690 148
1874700 148
1874710 148
1874720 148
1874730 148
1874740 148
1874750 148
1874760 148
1874770 148
1874780 148
1874790 148
1874800 148
1874810 148
1874820 148
1874830 148
1874840 148
1874850 148
1874860 148
1874870 148
1874880 148
1874890 148
1874900 148
1874910 148
1874920 148
1874930 148
1874940 147
1874950 147
1874960 147
1874970 147
1874980 147
1874990 147
1875000 147
1875010 147
1875020 147
1875030 147
1875040 147
1875050 147
1875060 147
1875070 147
1875080 147
1875090 147
1875100 147
1875110 147
1875120 147
1875130 147
1875140 147
1875150 147
1875160 147
1875170 147
1875180 147
1875190 147
1875200 147
1875210 147
1875220 147
1875230 147
1875240 147
1875250 147
1875260 147
1875270 147
1875280 147
1875290 147
1875300 147
1875310 147
1875320 147
1875330 147
1875340 147
1875350 147
1875360 147
1875370 147
1875380 147
1875390 147
1875400 147
1875410 147
1875420 147
1875430 147
1875440 147
1875450 147
1875460 147
1875470 147
1875480 147
1875490 147
1875500 147
1875510 147
1875520 147
1875530 147
1875540 147
1875550 146
1875560 146
1875570 146
1875580 146
1875590 146
1875600 146
1875610 146
1875620 146
1875630 146
1875640 146
1875650 146
1875660 146
1875670 146
1875680 146
1875690 146
1875700 146
1875710 146
1875720 146
1875730 146
1875740 146
1875750 146
1875760 145
1875770 145
1875780 145
1875790 145
1875800 145
1875810 145
1875820 145
1875830 145
1875840 145
1875850 145
1875860 145
1875870 145
1875880 145
1875890 145
1875900 145
1875910 145
1875920 145
1875930 145
1875940 145
1875950 145
1875960 145
1875970 145
1875980 145
1875990 146
1876000 146
1876010 146
1876020 146
1876030 147
1876040 147
1876050 147
1876060 147
1876070 147
1876080 148
1876090 148
1876100 148
1876110 148
1876120 148
1876130 148
1876140 148
1876150 148
1876160 148
1876170 148
1876180 148
1876190 148
1876200 148
1876210 148
1876220 148
1876230 148
1876240 148
1876250 148
1876260 148
1876270 148
1876280 148
1876290 148
1876300 148
1876310 148
1876320 148
1876330 148
1876340 148
1876350 148
1876360 148
1876370 148
1876380 148
1876390 148
1876400 148
1876410 148
1876420 148
1876430 148
1876440 148
1876450 148
1876460 148
1876470 148
1876480 148
1876490 148
1876500 148
1876510 148
1876520 148
1876530 148
1876540 148
1876550 148
1876560 148
1876570 148
1876580 148
1876590 148
1876600 148
1876610 148
1876620 148
1876630 148
1876640 148
1876650 148
1876660 148
1876670 148
1876680 148
1876690 148
1876700 148
1876710 148
1876720 148
1876730 148
1876740 148
1876750 148
1876760 148
1876770 148
1876780 148
1876790 148
1876800 147
1876810 147
1876820 147
1876830 147
1876840 147
1876850 147
1876860 147
1876870 147
1876880 147
1876890 147
1876900 147
1876910 147
1876920 147
1876930 147
1876940 147
1876950 147
1876960 147
1876970 147
1876980 147
1876990 147
1877000 147
1877010 147
1877020 147
1877030 147
1877040 147
1877050 147
1877060 147
1877070 147
1877080 147
1877090 147
1877100 147
1877110 147
1877120 147
1877130 147
1877140 147
1877150 147
1877160 147
1877170 147
1877180 147
1877190 147
1877200 148
1877210 148
1877220 148
1877230 148
1877240 148
1877250 148
1877260 148
1877270 148
1877280 148
1877290 147
1877300 147
1877310 147
1877320 148
1877330 148
1877340 148
1877350 147
1877360 147
1877370 147
1877380 147
1877390 147
1877400 147
1877410 147
1877420 147
1877430 147
1877440 147
1877450 147
1877460 147
1877470 147
1877480 147
1877490 147
1877500 147
1877510 147
1877520 147
1877530 147
1877540 147
1877550 147
1877560 147
1877570 147
1877580 147
1877590 147
1877600 147
1877610 147
1877620 147
1877630 147
1877640 147
1877650 147
1877660 147
1877670 147
1877680 147
1877690 147
1877700 147
1877710 147
1877720 147
1877730 147
1877740 147
1877750 147
1877760 147
1877770 147
1877780 147
1877790 147
1877800 147
1877810 147
1877820 147
1877830 147
1877840 147
1877850 147
1877860 147
1877870 147
1877880 147
1877890 147
1877900 147
1877910 147
1877920 147
1877930 147
1877940 147
1877950 147
1877960 147
1877970 147
1877980 147
1877990 147
1878000 147
1878010 146
1878020 146
1878030 146
1878040 146
1878050 146
1878060 146
1878070 146
1878080 146
1878090 146
1878100 146
1878110 146
1878120 146
1878130 146
1878140 146
1878150 146
1878160 146
1878170 146
1878180 146
1878190 145
1878200 145
1878210 145
1878220 145
1878230 145
1878240 145
1878250 145
1878260 145
1878270 145
1878280 145
1878290 145
1878300 145
1878310 145
1878320 145
1878330 145
1878340 145
1878350 145
1878360 145
1878370 145
1878380 145
1878390 146
1878400 146
1878410 146
1878420 146
1878430 146
1878440 146
1878450 146
1878460 146
1878470 146
1878480 146
1878490 146
1878500 146
1878510 146
1878520 146
1878530 146
1878540 146
1878550 146
1878560 146
1878570 147
1878580 147
1878590 147
1878600 147
1878610 147
1878620 147
1878630 147
1878640 148
1878650 148
1878660 148
1878670 148
1878680 148
1878690 148
1878700 148
1878710 148
1878720 149
1878730 149
1878740 149
1878750 148
1878760 148
1878770 148
1878780 148
1878790 148
1878800 148
1878810 148
1878820 149
1878830 149
1878840 148
1878850 148
1878860 148
1878870 148
1878880 148
1878890 148
1878900 148
1878910 148
1878920 148
1878930 147
1878940 148
1878950 148
1878960 148
1878970 148
1878980 148
1878990 148
1879000 148
1879010 148
1879020 148
1879030 148
1879040 148
1879050 148
1879060 148
1879070 148
1879080 148
1879090 148
1879100 148
1879110 148
1879120 149
1879130 149
1879140 149
1879150 149
1879160 149
1879170 148
1879180 148
1879190 148
1879200 148
1879210 148
1879220 148
1879230 148
1879240 148
1879250 148
1879260 148
1879270 148
1879280 148
1879290 148
1879300 148
1879310 148
1879320 148
1879330 148
1879340 148
1879350 148
1879360 148
1879370 148
1879380 148
1879390 148
1879400 148
1879410 148
1879420 148
1879430 148
1879440 148
1879450 148
1879460 148
1879470 148
1879480 148
1879490 148
1879500 148
1879510 148
1879520 148
1879530 148
1879540 148
1879550 148
1879560 148
1879570 148
1879580 148
1879590 147
1879600 147
1879610 147
1879620 147
1879630 147
1879640 147
1879650 147
1879660 147
1879670 147
1879680 147
1879690 147
1879700 147
1879710 147
1879720 147
1879730 147
1879740 147
1879750 147
1879760 147
1879770 147
1879780 147
1879790 147
1879800 147
1879810 147
1879820 147
1879830 147
1879840 147
1879850 147
1879860 147
1879870 147
1879880 147
1879890 147
1879900 147
1879910 147
1879920 148
1879930 148
1879940 148
1879950 148
1879960 148
1879970 148
1879980 148
1879990 148
