1860000 150
1860010 150
1860020 150
1860030 150
1860040 150
1860050 150
1860060 150
1860070 150
1860080 150
1860090 150
1860100 150
1860110 150
1860120 150
1860130 150
1860140 150
1860150 150
1860160 150
1860170 150
1860180 150
1860190 150
1860200 150
1860210 150
1860220 150
1860230 150
1860240 150
1860250 150
1860260 150
1860270 150
1860280 150
1860290 150
1860300 150
1860310 150
1860320 150
1860330 150
1860340 150
1860350 150
1860360 150
1860370 150
1860380 150
1860390 150
1860400 150
1860410 150
1860420 150
1860430 150
1860440 150
1860450 150
1860460 150
1860470 150
1860480 150
1860490 150
1860500 150
1860510 150
1860520 150
1860530 150
1860540 149
1860550 149
1860560 149
1860570 149
1860580 149
1860590 149
1860600 149
1860610 149
1860620 149
1860630 149
1860640 149
1860650 149
1860660 150
1860670 150
1860680 150
1860690 150
1860700 150
1860710 150
1860720 150
1860730 150
1860740 150
1860750 150
1860760 150
1860770 150
1860780 150
1860790 150
1860800 150
1860810 150
1860820 150
1860830 150
1860840 150
1860850 150
1860860 150
1860870 149
1860880 149
1860890 149
1860900 150
1860910 150
1860920 150
1860930 150
1860940 151
1860950 151
1860960 151
1860970 151
1860980 151
1860990 151
1861000 150
1861010 150
1861020 150
1861030 150
1861040 150
1861050 150
1861060 150
1861070 150
1861080 150
1861090 150
1861100 150
1861110 150
1861120 150
1861130 150
1861140 150
1861150 150
1861160 150
1861170 150
1861180 150
1861190 150
1861200 150
1861210 149
1861220 149
1861230 150
1861240 150
1861250 150
1861260 150
1861270 150
1861280 150
1861290 150
1861300 150
1861310 150
1861320 150
1861330 150
1861340 150
1861350 150
1861360 150
1861370 150
1861380 150
1861390 150
1861400 150
1861410 150
1861420 150
1861430 150
1861440 150
1861450 150
1861460 150
1861470 150
1861480 150
1861490 150
1861500 150
1861510 150
1861520 150
1861530 150
1861540 150
1861550 150
1861560 150
1861570 150
1861580 150
1861590 150
1861600 150
1861610 150
1861620 150
1861630 150
1861640 150
1861650 150
1861660 150
1861670 150
1861680 150
1861690 150
1861700 150
1861710 150
1861720 150
1861730 150
1861740 150
1861750 150
1861760 150
1861770 150
1861780 150
1861790 150
1861800 150
1861810 150
1861820 150
1861830 150
1861840 150
1861850 150
1861860 150
1861870 150
1861880 150
1861890 150
1861900 150
1861910 150
1861920 150
1861930 150
1861940 150
1861950 150
1861960 150
1861970 150
1861980 150
1861990 150
1862000 150
1862010 150
1862020 150
1862030 150
1862040 150
1862050 150
1862060 150
1862070 150
1862080 150
1862090 150
1862100 150
1862110 150
1862120 149
1862130 149
1862140 149
1862150 149
1862160 149
1862170 149
1862180 149
1862190 149
1862200 149
1862210 149
1862220 149
1862230 149
1862240 149
1862250 149
1862260 149
1862270 149
1862280 149
1862290 149
1862300 149
1862310 149
1862320 149
1862330 149
1862340 149
1862350 149
1862360 149
1862370 149
1862380 149
1862390 149
1862400 149
1862410 149
1862420 149
1862430 149
1862440 149
1862450 149
1862460 148
1862470 148
1862480 148
1862490 148
1862500 148
1862510 148
1862520 148
1862530 148
1862540 148
1862550 148
1862560 148
1862570 148
1862580 148
1862590 148
1862600 148
1862610 148
1862620 148
1862630 149
1862640 149
1862650 149
1862660 149
1862670 149
1862680 149
1862690 149
1862700 148
1862710 148
1862720 148
1862730 148
1862740 149
1862750 149
1862760 149
1862770 149
1862780 149
1862790 149
1862800 149
1862810 149
1862820 149
1862830 149
1862840 149
1862850 149
1862860 149
1862870 149
1862880 149
1862890 149
1862900 149
1862910 149
1862920 149
1862930 149
1862940 149
1862950 149
1862960 149
1862970 149
1862980 149
1862990 149
1863000 149
1863010 149
1863020 149
1863030 149
1863040 149
1863050 149
1863060 149
1863070 149
1863080 149
1863090 149
1863100 149
1863110 149
1863120 149
1863130 149
1863140 149
1863150 148
1863160 148
1863170 148
1863180 148
1863190 148
1863200 148
1863210 148
1863220 148
1863230 148
1863240 148
1863250 148
1863260 148
1863270 148
1863280 148
1863290 148
1863300 148
1863310 148
1863320 148
1863330 149
1863340 149
1863350 148
1863360 148
1863370 148
1863380 148
1863390 148
1863400 148
1863410 148
1863420 149
1863430 149
1863440 149
1863450 149
1863460 149
1863470 149
1863480 149
1863490 149
1863500 149
1863510 149
1863520 149
1863530 149
1863540 149
1863550 149
1863560 149
1863570 149
1863580 149
1863590 149
1863600 149
1863610 149
1863620 149
1863630 149
1863640 149
1863650 149
1863660 149
1863670 149
1863680 149
1863690 149
1863700 149
1863710 149
1863720 149
1863730 149
1863740 150
1863750 150
1863760 150
1863770 150
1863780 150
1863790 150
1863800 150
1863810 150
1863820 150
1863830 150
1863840 150
1863850 150
1863860 150
1863870 150
1863880 150
1863890 150
1863900 150
1863910 150
1863920 150
1863930 150
1863940 150
1863950 150
1863960 150
1863970 150
1863980 150
1863990 150
1864000 150
1864010 150
1864020 150
1864030 150
1864040 149
1864050 150
1864060 150
1864070 149
1864080 149
1864090 149
1864100 149
1864110 149
1864120 149
1864130 149
1864140 149
1864150 149
1864160 149
1864170 149
1864180 149
1864190 149
1864200 149
1864210 149
1864220 149
1864230 149
1864240 149
1864250 149
1864260 149
1864270 149
1864280 149
1864290 149
1864300 149
1864310 149
1864320 149
1864330 149
1864340 149
1864350 149
1864360 149
1864370 149
1864380 149
1864390 149
1864400 149
1864410 148
1864420 148
1864430 148
1864440 148
1864450 148
1864460 148
1864470 148
1864480 148
1864490 148
1864500 148
1864510 148
1864520 148
1864530 148
1864540 148
1864550 148
1864560 148
1864570 148
1864580 148
1864590 148
1864600 148
1864610 148
1864620 148
1864630 148
1864640 148
1864650 148
1864660 148
1864670 148
1864680 148
1864690 148
1864700 148
1864710 148
1864720 148
1864730 148
1864740 148
1864750 148
1864760 148
1864770 148
1864780 148
1864790 148
1864800 148
1864810 148
1864820 148
1864830 148
1864840 148
1864850 148
1864860 148
1864870 148
1864880 148
1864890 148
1864900 148
1864910 148
1864920 148
1864930 148
1864940 148
1864950 148
1864960 148
1864970 148
1864980 148
1864990 148
1865000 148
1865010 148
1865020 148
1865030 148
1865040 148
1865050 148
1865060 148
1865070 148
1865080 148
1865090 148
1865100 148
1865110 148
1865120 148
1865130 148
1865140 148
1865150 148
1865160 148
1865170 148
1865180 148
1865190 149
1865200 149
1865210 149
1865220 149
1865230 149
1865240 149
1865250 149
1865260 149
1865270 149
1865280 149
1865290 149
1865300 149
1865310 149
1865320 149
1865330 150
1865340 150
1865350 150
1865360 150
1865370 150
1865380 150
1865390 150
1865400 150
1865410 150
1865420 150
1865430 150
1865440 150
1865450 150
1865460 150
1865470 150
1865480 150
1865490 151
1865500 151
1865510 151
1865520 151
1865530 151
1865540 151
1865550 151
1865560 151
1865570 151
1865580 151
1865590 151
1865600 152
1865610 152
1865620 152
1865630 153
1865640 153
1865650 153
1865660 154
1865670 154
1865680 154
1865690 154
1865700 154
1865710 154
1865720 154
1865730 154
1865740 154
1865750 154
1865760 154
1865770 154
1865780 154
1865790 154
1865800 154
1865810 154
1865820 154
1865830 154
1865840 154
1865850 154
1865860 154
1865870 154
1865880 154
1865890 154
1865900 154
1865910 154
1865920 154
1865930 154
1865940 154
1865950 154
1865960 154
1865970 154
1865980 154
1865990 154
1866000 154
1866010 154
1866020 154
1866030 155
1866040 155
1866050 155
1866060 155
1866070 155
1866080 155
1866090 155
1866100 155
1866110 155
1866120 155
1866130 155
1866140 155
1866150 155
1866160 155
1866170 155
1866180 155
1866190 155
1866200 155
1866210 155
1866220 155
1866230 155
1866240 155
1866250 155
1866260 155
1866270 155
1866280 155
1866290 155
1866300 155
1866310 155
1866320 155
1866330 155
1866340 155
1866350 156
1866360 156
1866370 156
1866380 156
1866390 156
1866400 156
1866410 156
1866420 156
1866430 156
1866440 156
1866450 156
1866460 156
1866470 156
1866480 156
1866490 156
1866500 156
1866510 156
1866520 156
1866530 156
1866540 156
1866550 156
1866560 156
1866570 156
1866580 156
1866590 156
1866600 156
1866610 156
1866620 156
1866630 156
1866640 156
1866650 156
1866660 156
1866670 156
1866680 156
1866690 156
1866700 156
1866710 156
1866720 156
1866730 156
1866740 156
1866750 156
1866760 156
1866770 156
1866780 156
1866790 156
1866800 156
1866810 156
1866820 156
1866830 156
1866840 156
1866850 156
1866860 156
1866870 156
1866880 156
1866890 156
1866900 156
1866910 156
1866920 156
1866930 156
1866940 156
1866950 156
1866960 156
1866970 156
1866980 156
1866990 156
1867000 156
1867010 156
1867020 156
1867030 156
1867040 156
1867050 156
1867060 156
1867070 156
1867080 156
1867090 156
1867100 156
1867110 156
1867120 156
1867130 156
1867140 156
1867150 156
1867160 157
1867170 157
1867180 156
1867190 156
1867200 156
1867210 156
1867220 156
1867230 156
1867240 156
1867250 156
1867260 156
1867270 156
1867280 156
1867290 156
1867300 156
1867310 156
1867320 156
1867330 156
1867340 156
1867350 156
1867360 156
1867370 156
1867380 156
1867390 156
1867400 156
1867410 156
1867420 156
1867430 156
1867440 156
1867450 156
1867460 156
1867470 156
1867480 156
1867490 157
1867500 157
1867510 157
1867520 157
1867530 157
1867540 157
1867550 156
1867560 156
1867570 156
1867580 156
1867590 156
1867600 156
1867610 156
1867620 156
1867630 156
1867640 156
1867650 156
1867660 156
1867670 156
1867680 156
1867690 156
1867700 156
1867710 156
1867720 156
1867730 156
1867740 156
1867750 156
1867760 156
1867770 156
1867780 156
1867790 156
1867800 156
1867810 156
1867820 156
1867830 156
1867840 156
1867850 156
1867860 156
1867870 156
1867880 156
1867890 156
1867900 156
1867910 156
1867920 156
1867930 156
1867940 156
1867950 156
1867960 156
1867970 157
1867980 157
1867990 157
1868000 157
1868010 157
1868020 157
1868030 157
1868040 157
1868050 157
1868060 157
1868070 157
1868080 157
1868090 157
1868100 157
1868110 157
1868120 157
1868130 157
1868140 157
1868150 157
1868160 157
1868170 157
1868180 157
1868190 157
1868200 157
1868210 157
1868220 157
1868230 157
1868240 157
1868250 157
1868260 157
1868270 157
1868280 157
1868290 157
1868300 157
1868310 157
1868320 157
1868330 157
1868340 157
1868350 157
1868360 157
1868370 157
1868380 157
1868390 157
1868400 157
1868410 157
1868420 157
1868430 157
1868440 157
1868450 157
1868460 157
1868470 157
1868480 157
1868490 157
1868500 157
1868510 157
1868520 157
1868530 157
1868540 157
1868550 157
1868560 157
1868570 157
1868580 157
1868590 157
1868600 157
1868610 157
1868620 157
1868630 157
1868640 157
1868650 157
1868660 157
1868670 157
1868680 157
1868690 157
1868700 157
1868710 157
1868720 157
1868730 157
1868740 157
1868750 157
1868760 157
1868770 157
1868780 157
1868790 157
1868800 157
1868810 157
1868820 157
1868830 157
1868840 157
1868850 157
1868860 157
1868870 157
1868880 157
1868890 156
1868900 156
1868910 156
1868920 156
1868930 156
1868940 156
1868950 156
1868960 157
1868970 157
1868980 157
1868990 157
1869000 157
1869010 157
1869020 157
1869030 157
1869040 157
1869050 157
1869060 157
1869070 156
1869080 157
1869090 157
1869100 157
1869110 157
1869120 157
1869130 157
1869140 157
1869150 157
1869160 157
1869170 158
1869180 158
1869190 157
1869200 157
1869210 157
1869220 157
1869230 157
1869240 157
1869250 157
1869260 157
1869270 157
1869280 157
1869290 157
1869300 157
1869310 157
1869320 157
1869330 157
1869340 157
1869350 157
1869360 157
1869370 157
1869380 157
1869390 157
1869400 157
1869410 157
1869420 157
1869430 157
1869440 157
1869450 157
1869460 157
1869470 157
1869480 157
1869490 157
1869500 157
1869510 157
1869520 157
1869530 157
1869540 157
1869550 157
1869560 157
1869570 157
1869580 157
1869590 157
1869600 157
1869610 157
1869620 157
1869630 157
1869640 157
1869650 157
1869660 157
1869670 157
1869680 157
1869690 157
1869700 157
1869710 157
1869720 157
1869730 157
1869740 156
1869750 156
1869760 156
1869770 157
1869780 157
1869790 157
1869800 156
1869810 156
1869820 156
1869830 156
1869840 156
1869850 156
1869860 156
1869870 156
1869880 156
1869890 156
1869900 156
1869910 156
1869920 156
1869930 156
1869940 157
1869950 156
1869960 156
1869970 156
1869980 156
1869990 156
1870000 156
1870010 156
1870020 156
1870030 156
1870040 156
1870050 156
1870060 156
1870070 156
1870080 156
1870090 156
1870100 156
1870110 156
1870120 156
1870130 156
1870140 156
1870150 156
1870160 156
1870170 156
1870180 156
1870190 156
1870200 156
1870210 156
1870220 156
1870230 156
1870240 157
1870250 157
1870260 157
1870270 156
1870280 156
1870290 156
1870300 156
1870310 156
1870320 156
1870330 156
1870340 156
1870350 156
1870360 156
1870370 156
1870380 156
1870390 156
1870400 156
1870410 156
1870420 157
1870430 157
1870440 157
1870450 157
1870460 157
1870470 157
1870480 157
1870490 157
1870500 157
1870510 157
1870520 156
1870530 156
1870540 157
1870550 157
1870560 157
1870570 157
1870580 157
1870590 157
1870600 156
1870610 156
1870620 156
1870630 156
1870640 156
1870650 156
1870660 156
1870670 156
1870680 156
1870690 156
1870700 156
1870710 156
1870720 156
1870730 156
1870740 156
1870750 156
1870760 156
1870770 156
1870780 157
1870790 157
1870800 157
1870810 157
1870820 157
1870830 157
1870840 157
1870850 157
1870860 157
1870870 157
1870880 157
1870890 157
1870900 157
1870910 157
1870920 157
1870930 157
1870940 157
1870950 157
1870960 157
1870970 157
1870980 157
1870990 157
1871000 157
1871010 157
1871020 157
1871030 157
1871040 157
1871050 157
1871060 157
1871070 157
1871080 157
1871090 157
1871100 157
1871110 157
1871120 157
1871130 157
1871140 157
1871150 157
1871160 157
1871170 157
1871180 157
1871190 157
1871200 157
1871210 157
1871220 157
1871230 157
1871240 157
1871250 157
1871260 157
1871270 157
1871280 157
1871290 157
1871300 157
1871310 157
1871320 157
1871330 157
1871340 157
1871350 157
1871360 157
1871370 157
1871380 157
1871390 157
1871400 157
1871410 157
1871420 157
1871430 157
1871440 157
1871450 157
1871460 157
1871470 157
1871480 157
1871490 157
1871500 157
1871510 157
1871520 157
1871530 157
1871540 157
1871550 157
1871560 157
1871570 157
1871580 157
1871590 157
1871600 157
1871610 157
1871620 156
1871630 156
1871640 156
1871650 156
1871660 156
1871670 156
1871680 156
1871690 156
1871700 156
1871710 156
1871720 156
1871730 156
1871740 156
1871750 156
1871760 156
1871770 156
1871780 156
1871790 156
1871800 156
1871810 156
1871820 156
1871830 156
1871840 156
1871850 156
1871860 156
1871870 156
1871880 156
1871890 156
1871900 156
1871910 156
1871920 156
1871930 156
1871940 156
1871950 155
1871960 155
1871970 155
1871980 155
1871990 155
1872000 155
1872010 155
1872020 155
1872030 155
1872040 155
1872050 155
1872060 155
1872070 155
1872080 155
1872090 155
1872100 155
1872110 155
1872120 155
1872130 155
1872140 155
1872150 155
1872160 155
1872170 155
1872180 155
1872190 155
1872200 155
1872210 155
1872220 155
1872230 155
1872240 155
1872250 155
1872260 155
1872270 155
1872280 155
1872290 155
1872300 155
1872310 155
1872320 155
1872330 155
1872340 155
1872350 155
1872360 155
1872370 155
1872380 155
1872390 155
1872400 155
1872410 155
1872420 155
1872430 155
1872440 155
1872450 155
1872460 155
1872470 155
1872480 155
1872490 155
1872500 155
1872510 155
1872520 155
1872530 155
1872540 155
1872550 155
1872560 155
1872570 155
1872580 155
1872590 155
1872600 155
1872610 155
1872620 155
1872630 155
1872640 155
1872650 155
1872660 155
1872670 155
1872680 155
1872690 155
1872700 155
1872710 155
1872720 155
1872730 155
1872740 155
1872750 155
1872760 155
1872770 155
1872780 155
1872790 155
1872800 155
1872810 155
1872820 155
1872830 155
1872840 155
1872850 155
1872860 155
1872870 155
1872880 155
1872890 155
1872900 155
1872910 155
1872920 155
1872930 155
1872940 155
1872950 155
1872960 155
1872970 155
1872980 155
1872990 155
1873000 155
1873010 155
1873020 154
1873030 155
1873040 155
1873050 155
1873060 155
1873070 155
1873080 155
1873090 155
1873100 155
1873110 155
1873120 155
1873130 155
1873140 155
1873150 155
1873160 155
1873170 155
1873180 155
1873190 155
1873200 154
1873210 154
1873220 154
1873230 154
1873240 154
1873250 154
1873260 154
1873270 154
1873280 154
1873290 154
1873300 154
1873310 154
1873320 154
1873330 154
1873340 154
1873350 154
1873360 154
1873370 154
1873380 154
1873390 154
1873400 154
1873410 154
1873420 154
1873430 154
1873440 154
1873450 154
1873460 154
1873470 154
1873480 154
1873490 154
1873500 154
1873510 154
1873520 154
1873530 154
1873540 154
1873550 154
1873560 154
1873570 154
1873580 154
1873590 154
1873600 155
1873610 155
1873620 157
1873630 156
1873640 156
1873650 156
1873660 157
1873670 157
1873680 156
1873690 155
1873700 155
1873710 154
1873720 154
1873730 154
1873740 154
1873750 153
1873760 153
1873770 153
1873780 153
1873790 153
1873800 153
1873810 152
1873820 152
1873830 152
1873840 153
1873850 153
1873860 152
1873870 152
1873880 152
1873890 152
1873900 152
1873910 152
1873920 152
1873930 152
1873940 152
1873950 152
1873960 152
1873970 152
1873980 152
1873990 152
1874000 152
1874010 153
1874020 153
1874030 153
1874040 152
1874050 152
1874060 152
1874070 152
1874080 152
1874090 152
1874100 152
1874110 152
1874120 152
1874130 153
1874140 153
1874150 153
1874160 153
1874170 153
1874180 153
1874190 152
1874200 152
1874210 152
1874220 152
1874230 152
1874240 152
1874250 152
1874260 151
1874270 151
1874280 152
1874290 152
1874300 152
1874310 152
1874320 152
1874330 152
1874340 152
1874350 152
1874360 152
1874370 152
1874380 152
1874390 152
1874400 152
1874410 152
1874420 152
1874430 152
1874440 152
1874450 152
1874460 152
1874470 152
1874480 152
1874490 152
1874500 152
1874510 152
1874520 152
1874530 152
1874540 152
1874550 152
1874560 152
1874570 152
1874580 152
1874590 152
1874600 152
1874610 151
1874620 151
1874630 151
1874640 151
1874650 151
1874660 151
1874670 151
1874680 152
1874690 152
1874700 152
1874710 152
1874720 152
1874730 152
1874740 152
1874750 152
1874760 152
1874770 152
1874780 152
1874790 152
1874800 152
1874810 152
1874820 152
1874830 152
1874840 152
1874850 152
1874860 152
1874870 152
1874880 152
1874890 153
1874900 153
1874910 153
1874920 153
1874930 153
1874940 153
1874950 153
1874960 153
1874970 152
1874980 152
1874990 152
1875000 153
1875010 153
1875020 153
1875030 153
1875040 152
1875050 152
1875060 153
1875070 153
1875080 153
1875090 153
1875100 153
1875110 153
1875120 153
1875130 153
1875140 153
1875150 153
1875160 152
1875170 152
1875180 152
1875190 152
1875200 152
1875210 152
1875220 152
1875230 152
1875240 152
1875250 152
1875260 152
1875270 153
1875280 153
1875290 153
1875300 152
1875310 152
1875320 152
1875330 152
1875340 152
1875350 152
1875360 152
1875370 153
1875380 153
1875390 153
1875400 153
1875410 153
1875420 153
1875430 153
1875440 153
1875450 153
1875460 153
1875470 153
1875480 153
1875490 153
1875500 153
1875510 153
1875520 153
1875530 153
1875540 153
1875550 153
1875560 153
1875570 153
1875580 153
1875590 153
1875600 153
1875610 153
1875620 153
1875630 153
1875640 153
1875650 153
1875660 153
1875670 153
1875680 153
1875690 153
1875700 153
1875710 153
1875720 153
1875730 153
1875740 153
1875750 153
1875760 153
1875770 153
1875780 153
1875790 153
1875800 153
1875810 153
1875820 153
1875830 153
1875840 153
1875850 153
1875860 153
1875870 153
1875880 153
1875890 153
1875900 153
1875910 153
1875920 153
1875930 152
1875940 152
1875950 152
1875960 152
1875970 152
1875980 152
1875990 152
1876000 152
1876010 152
1876020 152
1876030 152
1876040 152
1876050 152
1876060 152
1876070 152
1876080 152
1876090 152
1876100 152
1876110 152
1876120 152
1876130 152
1876140 152
1876150 152
1876160 152
1876170 152
1876180 152
1876190 152
1876200 152
1876210 152
1876220 152
1876230 152
1876240 152
1876250 152
1876260 152
1876270 152
1876280 152
1876290 152
1876300 152
1876310 152
1876320 152
1876330 152
1876340 152
1876350 152
1876360 152
1876370 152
1876380 152
1876390 152
1876400 152
1876410 152
1876420 152
1876430 152
1876440 153
1876450 153
1876460 153
1876470 153
1876480 153
1876490 153
1876500 153
1876510 153
1876520 153
1876530 153
1876540 153
1876550 153
1876560 153
1876570 153
1876580 154
1876590 154
1876600 154
1876610 154
1876620 154
1876630 154
1876640 154
1876650 154
1876660 154
1876670 154
1876680 154
1876690 154
1876700 153
1876710 153
1876720 153
1876730 153
1876740 153
1876750 153
1876760 153
1876770 153
1876780 153
1876790 153
1876800 153
1876810 153
1876820 153
1876830 153
1876840 153
1876850 153
1876860 153
1876870 153
1876880 153
1876890 153
1876900 153
1876910 152
1876920 152
1876930 152
1876940 152
1876950 152
1876960 152
1876970 152
1876980 152
1876990 152
1877000 152
1877010 152
1877020 152
1877030 152
1877040 152
1877050 152
1877060 152
1877070 152
1877080 152
1877090 153
1877100 154
1877110 154
1877120 151
1877130 150
1877140 150
1877150 151
1877160 154
1877170 154
1877180 152
1877190 152
1877200 152
1877210 152
1877220 152
1877230 152
1877240 154
1877250 155
1877260 155
1877270 154
1877280 152
1877290 152
1877300 151
1877310 151
1877320 151
1877330 151
1877340 151
1877350 151
1877360 151
1877370 150
1877380 150
1877390 150
1877400 150
1877410 150
1877420 150
1877430 150
1877440 150
1877450 149
1877460 149
1877470 149
1877480 150
1877490 150
1877500 150
1877510 149
1877520 149
1877530 149
1877540 149
1877550 149
1877560 149
1877570 149
1877580 149
1877590 149
1877600 149
1877610 150
1877620 150
1877630 151
1877640 150
1877650 150
1877660 149
1877670 148
1877680 148
1877690 148
1877700 147
1877710 147
1877720 147
1877730 147
1877740 147
1877750 147
1877760 147
1877770 147
1877780 148
1877790 147
1877800 147
1877810 147
1877820 146
1877830 146
1877840 146
1877850 146
1877860 146
1877870 146
1877880 144
1877890 144
1877900 144
1877910 145
1877920 145
1877930 144
1877940 143
1877950 143
1877960 143
1877970 143
1877980 143
1877990 143
1878000 143
1878010 143
1878020 143
1878030 143
1878040 143
1878050 143
1878060 143
1878070 143
1878080 143
1878090 143
1878100 143
1878110 143
1878120 144
1878130 144
1878140 144
1878150 143
1878160 143
1878170 143
1878180 143
1878190 143
1878200 142
1878210 142
1878220 142
1878230 142
1878240 142
1878250 142
1878260 142
1878270 142
1878280 142
1878290 142
1878300 142
1878310 142
1878320 142
1878330 142
1878340 142
1878350 142
1878360 142
1878370 142
1878380 142
1878390 142
1878400 142
1878410 142
1878420 142
1878430 142
1878440 142
1878450 142
1878460 142
1878470 142
1878480 142
1878490 142
1878500 142
1878510 142
1878520 142
1878530 142
1878540 142
1878550 142
1878560 142
1878570 142
1878580 142
1878590 142
1878600 142
1878610 142
1878620 142
1878630 142
1878640 142
1878650 142
1878660 142
1878670 142
1878680 142
1878690 142
1878700 142
1878710 143
1878720 143
1878730 143
1878740 143
1878750 143
1878760 143
1878770 143
1878780 143
1878790 143
1878800 143
1878810 143
1878820 143
1878830 143
1878840 142
1878850 142
1878860 143
1878870 143
1878880 143
1878890 142
1878900 142
1878910 142
1878920 142
1878930 142
1878940 142
1878950 141
1878960 141
1878970 141
1878980 141
1878990 141
1879000 141
1879010 142
1879020 142
1879030 142
1879040 142
1879050 142
1879060 142
1879070 143
1879080 143
1879090 143
1879100 144
1879110 144
1879120 144
1879130 144
1879140 144
1879150 144
1879160 144
1879170 143
1879180 143
1879190 143
1879200 141
1879210 141
1879220 141
1879230 142
1879240 142
1879250 142
1879260 142
1879270 142
1879280 142
1879290 142
1879300 142
1879310 142
1879320 142
1879330 142
1879340 141
1879350 141
1879360 141
1879370 141
1879380 141
1879390 141
1879400 141
1879410 140
1879420 140
1879430 140
1879440 140
1879450 140
1879460 140
1879470 140
1879480 140
1879490 140
1879500 140
1879510 140
1879520 140
1879530 140
1879540 140
1879550 141
1879560 141
1879570 141
1879580 141
1879590 141
1879600 141
1879610 141
1879620 141
1879630 141
1879640 140
1879650 140
1879660 140
1879670 140
1879680 140
1879690 140
1879700 140
1879710 140
1879720 140
1879730 140
1879740 140
1879750 140
1879760 140
1879770 141
1879780 141
1879790 141
1879800 141
1879810 141
1879820 141
1879830 141
1879840 141
1879850 141
1879860 140
1879870 140
1879880 141
1879890 141
1879900 141
1879910 141
1879920 141
1879930 141
1879940 140
1879950 140
1879960 140
1879970 140
1879980 140
1879990 140
