1860000 149
1860010 149
1860020 149
1860030 149
1860040 150
1860050 150
1860060 150
1860070 150
1860080 150
1860090 150
1860100 150
1860110 150
1860120 150
1860130 150
1860140 150
1860150 150
1860160 150
1860170 150
1860180 150
1860190 150
1860200 150
1860210 150
1860220 151
1860230 151
1860240 151
1860250 151
1860260 151
1860270 151
1860280 151
1860290 150
1860300 150
1860310 151
1860320 151
1860330 151
1860340 151
1860350 150
1860360 150
1860370 150
1860380 151
1860390 151
1860400 150
1860410 150
1860420 150
1860430 150
1860440 150
1860450 150
1860460 150
1860470 150
1860480 150
1860490 150
1860500 150
1860510 150
1860520 150
1860530 151
1860540 151
1860550 151
1860560 150
1860570 150
1860580 150
1860590 150
1860600 150
1860610 150
1860620 150
1860630 150
1860640 150
1860650 150
1860660 150
1860670 150
1860680 150
1860690 150
1860700 150
1860710 150
1860720 150
1860730 150
1860740 150
1860750 150
1860760 150
1860770 150
1860780 150
1860790 150
1860800 150
1860810 150
1860820 150
1860830 150
1860840 150
1860850 150
1860860 150
1860870 150
1860880 149
1860890 149
1860900 149
1860910 149
1860920 149
1860930 149
1860940 149
1860950 149
1860960 149
1860970 149
1860980 149
1860990 149
1861000 149
1861010 149
1861020 149
1861030 149
1861040 149
1861050 149
1861060 149
1861070 149
1861080 149
1861090 149
1861100 149
1861110 149
1861120 149
1861130 149
1861140 149
1861150 149
1861160 149
1861170 149
1861180 149
1861190 149
1861200 149
1861210 149
1861220 149
1861230 149
1861240 149
1861250 149
1861260 149
1861270 149
1861280 149
1861290 149
1861300 149
1861310 149
1861320 149
1861330 149
1861340 149
1861350 149
1861360 149
1861370 149
1861380 149
1861390 149
1861400 149
1861410 149
1861420 149
1861430 149
1861440 149
1861450 149
1861460 149
1861470 149
1861480 150
1861490 150
1861500 150
1861510 150
1861520 150
1861530 150
1861540 150
1861550 150
1861560 150
1861570 150
1861580 150
1861590 150
1861600 150
1861610 150
1861620 150
1861630 150
1861640 150
1861650 150
1861660 150
1861670 150
1861680 150
1861690 150
1861700 150
1861710 150
1861720 150
1861730 150
1861740 150
1861750 150
1861760 150
1861770 150
1861780 150
1861790 150
1861800 150
1861810 150
1861820 150
1861830 150
1861840 150
1861850 150
1861860 150
1861870 150
1861880 150
1861890 150
1861900 150
1861910 150
1861920 150
1861930 150
1861940 150
1861950 150
1861960 150
1861970 150
1861980 150
1861990 150
1862000 150
1862010 150
1862020 150
1862030 150
1862040 150
1862050 150
1862060 150
1862070 150
1862080 150
1862090 150
1862100 150
1862110 150
1862120 150
1862130 150
1862140 150
1862150 151
1862160 151
1862170 150
1862180 150
1862190 150
1862200 150
1862210 150
1862220 150
1862230 151
1862240 151
1862250 151
1862260 151
1862270 151
1862280 151
1862290 151
1862300 151
1862310 151
1862320 151
1862330 151
1862340 151
1862350 151
1862360 151
1862370 151
1862380 151
1862390 151
1862400 151
1862410 151
1862420 151
1862430 151
1862440 151
1862450 151
1862460 151
1862470 151
1862480 151
1862490 151
1862500 151
1862510 151
1862520 151
1862530 151
1862540 151
1862550 151
1862560 151
1862570 150
1862580 150
1862590 150
1862600 150
1862610 150
1862620 150
1862630 150
1862640 150
1862650 150
1862660 150
1862670 150
1862680 150
1862690 150
1862700 150
1862710 150
1862720 150
1862730 150
1862740 150
1862750 150
1862760 150
1862770 150
1862780 150
1862790 150
1862800 150
1862810 150
1862820 150
1862830 150
1862840 150
1862850 150
1862860 150
1862870 150
1862880 150
1862890 150
1862900 150
1862910 150
1862920 150
1862930 150
1862940 150
1862950 150
1862960 150
1862970 150
1862980 150
1862990 150
1863000 150
1863010 150
1863020 150
1863030 149
1863040 149
1863050 149
1863060 149
1863070 149
1863080 149
1863090 149
1863100 149
1863110 149
1863120 149
1863130 149
1863140 149
1863150 149
1863160 149
1863170 149
1863180 149
1863190 149
1863200 149
1863210 150
1863220 150
1863230 150
1863240 150
1863250 149
1863260 149
1863270 149
1863280 149
1863290 149
1863300 149
1863310 149
1863320 149
1863330 149
1863340 149
1863350 149
1863360 149
1863370 149
1863380 149
1863390 149
1863400 149
1863410 149
1863420 149
1863430 149
1863440 149
1863450 149
1863460 149
1863470 149
1863480 149
1863490 149
1863500 149
1863510 149
1863520 149
1863530 149
1863540 149
1863550 149
1863560 149
1863570 149
1863580 149
1863590 149
1863600 149
1863610 149
1863620 149
1863630 149
1863640 149
1863650 149
1863660 148
1863670 148
1863680 148
1863690 149
1863700 149
1863710 149
1863720 149
1863730 149
1863740 149
1863750 149
1863760 149
1863770 149
1863780 149
1863790 149
1863800 149
1863810 149
1863820 149
1863830 149
1863840 149
1863850 149
1863860 149
1863870 149
1863880 149
1863890 149
1863900 149
1863910 149
1863920 149
1863930 149
1863940 149
1863950 149
1863960 149
1863970 149
1863980 149
1863990 149
1864000 149
1864010 149
1864020 149
1864030 149
1864040 149
1864050 149
1864060 149
1864070 149
1864080 149
1864090 149
1864100 149
1864110 149
1864120 149
1864130 149
1864140 149
1864150 149
1864160 149
1864170 149
1864180 149
1864190 149
1864200 149
1864210 149
1864220 149
1864230 149
1864240 149
1864250 149
1864260 149
1864270 149
1864280 149
1864290 149
1864300 149
1864310 149
1864320 149
1864330 149
1864340 149
1864350 149
1864360 149
1864370 149
1864380 149
1864390 149
1864400 149
1864410 149
1864420 149
1864430 149
1864440 149
1864450 149
1864460 149
1864470 149
1864480 149
1864490 149
1864500 149
1864510 149
1864520 149
1864530 149
1864540 149
1864550 149
1864560 149
1864570 150
1864580 150
1864590 149
1864600 149
1864610 149
1864620 149
1864630 150
1864640 150
1864650 150
1864660 150
1864670 150
1864680 150
1864690 150
1864700 150
1864710 150
1864720 150
1864730 150
1864740 150
1864750 149
1864760 149
1864770 149
1864780 150
1864790 150
1864800 150
1864810 149
1864820 149
1864830 149
1864840 149
1864850 149
1864860 149
1864870 149
1864880 149
1864890 149
1864900 149
1864910 149
1864920 149
1864930 149
1864940 149
1864950 149
1864960 149
1864970 149
1864980 149
1864990 149
1865000 149
1865010 149
1865020 149
1865030 149
1865040 149
1865050 149
1865060 149
1865070 149
1865080 150
1865090 150
1865100 150
1865110 150
1865120 150
1865130 150
1865140 150
1865150 150
1865160 150
1865170 150
1865180 150
1865190 150
1865200 150
1865210 150
1865220 150
1865230 150
1865240 150
1865250 149
1865260 149
1865270 149
1865280 149
1865290 149
1865300 149
1865310 149
1865320 149
1865330 149
1865340 149
1865350 149
1865360 149
1865370 149
1865380 149
1865390 149
1865400 150
1865410 149
1865420 149
1865430 150
1865440 150
1865450 150
1865460 150
1865470 150
1865480 150
1865490 150
1865500 150
1865510 150
1865520 150
1865530 150
1865540 150
1865550 150
1865560 150
1865570 150
1865580 150
1865590 150
1865600 150
1865610 150
1865620 150
1865630 150
1865640 150
1865650 150
1865660 150
1865670 150
1865680 149
1865690 149
1865700 150
1865710 150
1865720 150
1865730 150
1865740 150
1865750 150
1865760 150
1865770 150
1865780 150
1865790 150
1865800 150
1865810 150
1865820 150
1865830 150
1865840 150
1865850 150
1865860 149
1865870 149
1865880 149
1865890 149
1865900 149
1865910 149
1865920 149
1865930 149
1865940 149
1865950 149
1865960 149
1865970 149
1865980 149
1865990 149
1866000 149
1866010 149
1866020 149
1866030 149
1866040 149
1866050 149
1866060 149
1866070 149
1866080 149
1866090 149
1866100 149
1866110 149
1866120 149
1866130 150
1866140 150
1866150 150
1866160 150
1866170 150
1866180 150
1866190 150
1866200 150
1866210 150
1866220 150
1866230 150
1866240 150
1866250 150
1866260 150
1866270 150
1866280 150
1866290 150
1866300 150
1866310 150
1866320 150
1866330 150
1866340 151
1866350 150
1866360 151
1866370 151
1866380 151
1866390 151
1866400 151
1866410 151
1866420 152
1866430 152
1866440 152
1866450 152
1866460 152
1866470 152
1866480 152
1866490 152
1866500 152
1866510 152
1866520 153
1866530 153
1866540 153
1866550 153
1866560 153
1866570 153
1866580 153
1866590 153
1866600 153
1866610 153
1866620 153
1866630 153
1866640 153
1866650 153
1866660 152
1866670 152
1866680 152
1866690 152
1866700 152
1866710 152
1866720 153
1866730 153
1866740 153
1866750 153
1866760 153
1866770 153
1866780 153
1866790 153
1866800 153
1866810 154
1866820 154
1866830 154
1866840 154
1866850 154
1866860 154
1866870 153
1866880 153
1866890 153
1866900 153
1866910 153
1866920 153
1866930 153
1866940 153
1866950 153
1866960 153
1866970 153
1866980 153
1866990 153
1867000 153
1867010 153
1867020 153
1867030 153
1867040 153
1867050 153
1867060 153
1867070 153
1867080 153
1867090 154
1867100 154
1867110 154
1867120 154
1867130 154
1867140 154
1867150 154
1867160 154
1867170 154
1867180 154
1867190 154
1867200 154
1867210 154
1867220 154
1867230 154
1867240 154
1867250 154
1867260 154
1867270 154
1867280 154
1867290 154
1867300 154
1867310 154
1867320 154
1867330 154
1867340 154
1867350 154
1867360 155
1867370 155
1867380 155
1867390 155
1867400 155
1867410 155
1867420 155
1867430 155
1867440 155
1867450 155
1867460 155
1867470 156
1867480 156
1867490 156
1867500 156
1867510 156
1867520 156
1867530 156
1867540 156
1867550 156
1867560 156
1867570 156
1867580 156
1867590 156
1867600 156
1867610 156
1867620 157
1867630 157
1867640 157
1867650 157
1867660 157
1867670 157
1867680 157
1867690 157
1867700 157
1867710 157
1867720 157
1867730 157
1867740 157
1867750 157
1867760 157
1867770 157
1867780 157
1867790 157
1867800 157
1867810 157
1867820 157
1867830 157
1867840 157
1867850 157
1867860 157
1867870 157
1867880 157
1867890 157
1867900 157
1867910 157
1867920 157
1867930 157
1867940 157
1867950 157
1867960 157
1867970 157
1867980 157
1867990 157
1868000 157
1868010 157
1868020 157
1868030 157
1868040 157
1868050 157
1868060 157
1868070 157
1868080 157
1868090 157
1868100 157
1868110 157
1868120 157
1868130 157
1868140 157
1868150 157
1868160 157
1868170 157
1868180 157
1868190 157
1868200 157
1868210 157
1868220 157
1868230 157
1868240 157
1868250 157
1868260 157
1868270 157
1868280 157
1868290 157
1868300 157
1868310 157
1868320 157
1868330 158
1868340 158
1868350 158
1868360 158
1868370 158
1868380 158
1868390 157
1868400 158
1868410 158
1868420 158
1868430 157
1868440 157
1868450 157
1868460 157
1868470 157
1868480 157
1868490 157
1868500 157
1868510 157
1868520 157
1868530 157
1868540 157
1868550 157
1868560 157
1868570 158
1868580 158
1868590 158
1868600 158
1868610 158
1868620 158
1868630 158
1868640 158
1868650 158
1868660 158
1868670 158
1868680 158
1868690 158
1868700 158
1868710 158
1868720 158
1868730 158
1868740 158
1868750 158
1868760 158
1868770 158
1868780 158
1868790 157
1868800 157
1868810 157
1868820 157
1868830 157
1868840 158
1868850 158
1868860 158
1868870 158
1868880 158
1868890 158
1868900 158
1868910 158
1868920 158
1868930 158
1868940 157
1868950 157
1868960 157
1868970 158
1868980 158
1868990 158
1869000 158
1869010 158
1869020 158
1869030 158
1869040 158
1869050 158
1869060 158
1869070 158
1869080 158
1869090 158
1869100 158
1869110 158
1869120 158
1869130 158
1869140 158
1869150 158
1869160 158
1869170 158
1869180 158
1869190 158
1869200 158
1869210 158
1869220 158
1869230 158
1869240 158
1869250 158
1869260 158
1869270 158
1869280 158
1869290 158
1869300 158
1869310 158
1869320 158
1869330 157
1869340 157
1869350 157
1869360 158
1869370 158
1869380 158
1869390 158
1869400 158
1869410 158
1869420 157
1869430 157
1869440 157
1869450 157
1869460 157
1869470 157
1869480 157
1869490 157
1869500 157
1869510 157
1869520 157
1869530 157
1869540 157
1869550 157
1869560 157
1869570 157
1869580 157
1869590 157
1869600 157
1869610 157
1869620 157
1869630 158
1869640 158
1869650 158
1869660 158
1869670 158
1869680 158
1869690 158
1869700 158
1869710 158
1869720 158
1869730 158
1869740 158
1869750 158
1869760 158
1869770 158
1869780 158
1869790 158
1869800 158
1869810 158
1869820 158
1869830 158
1869840 158
1869850 158
1869860 158
1869870 158
1869880 158
1869890 158
1869900 158
1869910 158
1869920 158
1869930 158
1869940 158
1869950 158
1869960 158
1869970 158
1869980 158
1869990 158
1870000 158
1870010 158
1870020 158
1870030 158
1870040 158
1870050 158
1870060 158
1870070 158
1870080 158
1870090 158
1870100 158
1870110 158
1870120 158
1870130 158
1870140 158
1870150 158
1870160 158
1870170 159
1870180 159
1870190 159
1870200 158
1870210 158
1870220 158
1870230 159
1870240 159
1870250 159
1870260 159
1870270 159
1870280 160
1870290 160
1870300 160
1870310 160
1870320 161
1870330 161
1870340 161
1870350 161
1870360 161
1870370 161
1870380 161
1870390 161
1870400 160
1870410 161
1870420 161
1870430 160
1870440 159
1870450 159
1870460 159
1870470 159
1870480 159
1870490 159
1870500 159
1870510 159
1870520 160
1870530 160
1870540 160
1870550 160
1870560 160
1870570 160
1870580 159
1870590 159
1870600 159
1870610 159
1870620 159
1870630 159
1870640 159
1870650 159
1870660 159
1870670 159
1870680 159
1870690 159
1870700 159
1870710 159
1870720 159
1870730 159
1870740 159
1870750 159
1870760 159
1870770 159
1870780 159
1870790 159
1870800 159
1870810 159
1870820 159
1870830 159
1870840 159
1870850 159
1870860 159
1870870 159
1870880 159
1870890 159
1870900 159
1870910 158
1870920 158
1870930 158
1870940 158
1870950 158
1870960 158
1870970 158
1870980 158
1870990 158
1871000 158
1871010 158
1871020 158
1871030 158
1871040 158
1871050 158
1871060 158
1871070 157
1871080 157
1871090 157
1871100 158
1871110 158
1871120 158
1871130 158
1871140 158
1871150 158
1871160 158
1871170 158
1871180 157
1871190 158
1871200 158
1871210 157
1871220 157
1871230 157
1871240 158
1871250 158
1871260 158
1871270 158
1871280 158
1871290 158
1871300 158
1871310 158
1871320 158
1871330 157
1871340 157
1871350 157
1871360 157
1871370 158
1871380 158
1871390 158
1871400 158
1871410 158
1871420 158
1871430 158
1871440 158
1871450 158
1871460 158
1871470 158
1871480 158
1871490 158
1871500 158
1871510 158
1871520 158
1871530 158
1871540 158
1871550 158
1871560 158
1871570 158
1871580 158
1871590 158
1871600 157
1871610 157
1871620 157
1871630 157
1871640 157
1871650 157
1871660 157
1871670 157
1871680 157
1871690 157
1871700 157
1871710 157
1871720 157
1871730 157
1871740 157
1871750 156
1871760 156
1871770 156
1871780 156
1871790 156
1871800 156
1871810 156
1871820 156
1871830 156
1871840 156
1871850 156
1871860 156
1871870 156
1871880 156
1871890 156
1871900 156
1871910 156
1871920 156
1871930 156
1871940 156
1871950 156
1871960 156
1871970 156
1871980 156
1871990 156
1872000 156
1872010 156
1872020 156
1872030 156
1872040 156
1872050 157
1872060 157
1872070 157
1872080 156
1872090 156
1872100 156
1872110 157
1872120 157
1872130 157
1872140 156
1872150 156
1872160 156
1872170 156
1872180 156
1872190 156
1872200 156
1872210 156
1872220 157
1872230 157
1872240 157
1872250 157
1872260 157
1872270 157
1872280 157
1872290 156
1872300 156
1872310 156
1872320 156
1872330 156
1872340 156
1872350 156
1872360 156
1872370 156
1872380 156
1872390 156
1872400 156
1872410 156
1872420 157
1872430 157
1872440 156
1872450 156
1872460 156
1872470 156
1872480 156
1872490 156
1872500 156
1872510 156
1872520 156
1872530 157
1872540 157
1872550 158
1872560 159
1872570 159
1872580 158
1872590 157
1872600 157
1872610 157
1872620 156
1872630 156
1872640 156
1872650 155
1872660 155
1872670 155
1872680 155
1872690 155
1872700 155
1872710 155
1872720 155
1872730 155
1872740 155
1872750 155
1872760 155
1872770 154
1872780 154
1872790 154
1872800 154
1872810 154
1872820 154
1872830 154
1872840 154
1872850 154
1872860 154
1872870 154
1872880 154
1872890 154
1872900 154
1872910 154
1872920 154
1872930 154
1872940 154
1872950 154
1872960 154
1872970 154
1872980 154
1872990 154
1873000 154
1873010 154
1873020 154
1873030 154
1873040 154
1873050 154
1873060 154
1873070 154
1873080 154
1873090 154
1873100 154
1873110 154
1873120 154
1873130 154
1873140 154
1873150 154
1873160 154
1873170 154
1873180 154
1873190 154
1873200 154
1873210 155
1873220 155
1873230 155
1873240 155
1873250 155
1873260 155
1873270 155
1873280 155
1873290 155
1873300 155
1873310 155
1873320 155
1873330 155
1873340 155
1873350 155
1873360 155
1873370 154
1873380 154
1873390 154
1873400 154
1873410 154
1873420 155
1873430 155
1873440 155
1873450 155
1873460 155
1873470 155
1873480 156
1873490 156
1873500 156
1873510 156
1873520 156
1873530 156
1873540 155
1873550 155
1873560 155
1873570 156
1873580 156
1873590 156
1873600 155
1873610 155
1873620 155
1873630 155
1873640 155
1873650 155
1873660 156
1873670 156
1873680 156
1873690 156
1873700 156
1873710 156
1873720 156
1873730 156
1873740 156
1873750 156
1873760 156
1873770 156
1873780 157
1873790 157
1873800 157
1873810 158
1873820 158
1873830 158
1873840 159
1873850 159
1873860 159
1873870 159
1873880 159
1873890 159
1873900 159
1873910 158
1873920 158
1873930 158
1873940 157
1873950 157
1873960 157
1873970 156
1873980 156
1873990 156
1874000 156
1874010 156
1874020 156
1874030 156
1874040 156
1874050 155
1874060 155
1874070 155
1874080 155
1874090 155
1874100 155
1874110 155
1874120 155
1874130 155
1874140 154
1874150 154
1874160 154
1874170 155
1874180 155
1874190 155
1874200 155
1874210 154
1874220 154
1874230 154
1874240 154
1874250 154
1874260 154
1874270 154
1874280 154
1874290 155
1874300 155
1874310 155
1874320 155
1874330 155
1874340 155
1874350 155
1874360 155
1874370 155
1874380 155
1874390 155
1874400 155
1874410 155
1874420 155
1874430 155
1874440 155
1874450 155
1874460 155
1874470 154
1874480 154
1874490 154
1874500 154
1874510 154
1874520 154
1874530 154
1874540 154
1874550 154
1874560 155
1874570 155
1874580 155
1874590 155
1874600 155
1874610 155
1874620 155
1874630 155
1874640 155
1874650 155
1874660 155
1874670 155
1874680 155
1874690 155
1874700 155
1874710 155
1874720 155
1874730 155
1874740 155
1874750 155
1874760 155
1874770 155
1874780 155
1874790 155
1874800 155
1874810 155
1874820 155
1874830 155
1874840 155
1874850 155
1874860 155
1874870 155
1874880 155
1874890 155
1874900 154
1874910 154
1874920 154
1874930 154
1874940 154
1874950 154
1874960 154
1874970 154
1874980 154
1874990 154
1875000 154
1875010 154
1875020 154
1875030 154
1875040 154
1875050 154
1875060 154
1875070 154
1875080 154
1875090 155
1875100 155
1875110 155
1875120 155
1875130 155
1875140 155
1875150 155
1875160 155
1875170 155
1875180 155
1875190 155
1875200 155
1875210 155
1875220 155
1875230 155
1875240 155
1875250 155
1875260 155
1875270 155
1875280 155
1875290 155
1875300 155
1875310 155
1875320 155
1875330 155
1875340 155
1875350 155
1875360 155
1875370 155
1875380 155
1875390 155
1875400 155
1875410 155
1875420 155
1875430 155
1875440 155
1875450 155
1875460 155
1875470 155
1875480 155
1875490 155
1875500 155
1875510 155
1875520 155
1875530 155
1875540 155
1875550 155
1875560 155
1875570 155
1875580 155
1875590 155
1875600 155
1875610 155
1875620 155
1875630 155
1875640 155
1875650 155
1875660 155
1875670 155
1875680 155
1875690 155
1875700 155
1875710 155
1875720 155
1875730 155
1875740 155
1875750 155
1875760 155
1875770 155
1875780 155
1875790 155
1875800 155
1875810 155
1875820 155
1875830 155
1875840 155
1875850 155
1875860 155
1875870 155
1875880 155
1875890 155
1875900 155
1875910 155
1875920 155
1875930 155
1875940 154
1875950 154
1875960 154
1875970 154
1875980 154
1875990 154
1876000 154
1876010 154
1876020 154
1876030 154
1876040 154
1876050 154
1876060 154
1876070 154
1876080 154
1876090 154
1876100 154
1876110 154
1876120 154
1876130 154
1876140 154
1876150 154
1876160 154
1876170 154
1876180 154
1876190 154
1876200 154
1876210 154
1876220 154
1876230 154
1876240 154
1876250 154
1876260 154
1876270 154
1876280 154
1876290 154
1876300 153
1876310 153
1876320 153
1876330 153
1876340 153
1876350 153
1876360 153
1876370 153
1876380 153
1876390 153
1876400 153
1876410 153
1876420 153
1876430 153
1876440 153
1876450 153
1876460 153
1876470 152
1876480 152
1876490 152
1876500 152
1876510 152
1876520 152
1876530 152
1876540 152
1876550 152
1876560 151
1876570 151
1876580 151
1876590 151
1876600 150
1876610 150
1876620 150
1876630 149
1876640 149
1876650 149
1876660 148
1876670 148
1876680 148
1876690 147
1876700 147
1876710 147
1876720 146
1876730 146
1876740 146
1876750 145
1876760 145
1876770 145
1876780 145
1876790 145
1876800 144
1876810 144
1876820 144
1876830 144
1876840 144
1876850 144
1876860 144
1876870 144
1876880 144
1876890 144
1876900 143
1876910 143
1876920 143
1876930 143
1876940 143
1876950 143
1876960 143
1876970 143
1876980 143
1876990 143
1877000 143
1877010 143
1877020 143
1877030 143
1877040 143
1877050 143
1877060 143
1877070 143
1877080 143
1877090 143
1877100 143
1877110 143
1877120 143
1877130 143
1877140 143
1877150 143
1877160 143
1877170 143
1877180 143
1877190 143
1877200 143
1877210 143
1877220 143
1877230 143
1877240 143
1877250 143
1877260 143
1877270 143
1877280 143
1877290 143
1877300 143
1877310 143
1877320 143
1877330 143
1877340 143
1877350 143
1877360 143
1877370 143
1877380 143
1877390 143
1877400 143
1877410 143
1877420 143
1877430 143
1877440 143
1877450 143
1877460 143
1877470 143
1877480 143
1877490 143
1877500 142
1877510 142
1877520 143
1877530 143
1877540 143
1877550 143
1877560 143
1877570 143
1877580 142
1877590 143
1877600 143
1877610 143
1877620 143
1877630 143
1877640 143
1877650 143
1877660 143
1877670 143
1877680 143
1877690 143
1877700 143
1877710 143
1877720 143
1877730 142
1877740 142
1877750 142
1877760 142
1877770 142
1877780 142
1877790 142
1877800 142
1877810 142
1877820 142
1877830 142
1877840 142
1877850 142
1877860 142
1877870 142
1877880 142
1877890 142
1877900 142
1877910 142
1877920 142
1877930 142
1877940 142
1877950 142
1877960 142
1877970 142
1877980 142
1877990 142
1878000 142
1878010 143
1878020 143
1878030 143
1878040 143
1878050 143
1878060 143
1878070 142
1878080 142
1878090 142
1878100 143
1878110 143
1878120 143
1878130 143
1878140 143
1878150 143
1878160 143
1878170 143
1878180 143
1878190 143
1878200 143
1878210 143
1878220 143
1878230 143
1878240 143
1878250 143
1878260 143
1878270 143
1878280 143
1878290 143
1878300 143
1878310 141
1878320 141
1878330 142
1878340 141
1878350 141
1878360 140
1878370 140
1878380 140
1878390 140
1878400 140
1878410 140
1878420 141
1878430 141
1878440 141
1878450 141
1878460 141
1878470 141
1878480 141
1878490 141
1878500 141
1878510 141
1878520 141
1878530 141
1878540 141
1878550 141
1878560 141
1878570 141
1878580 141
1878590 141
1878600 141
1878610 141
1878620 141
1878630 141
1878640 141
1878650 141
1878660 141
1878670 141
1878680 141
1878690 141
1878700 141
1878710 141
1878720 141
1878730 141
1878740 141
1878750 141
1878760 141
1878770 141
1878780 141
1878790 141
1878800 141
1878810 141
1878820 141
1878830 141
1878840 141
1878850 141
1878860 141
1878870 141
1878880 141
1878890 141
1878900 141
1878910 141
1878920 141
1878930 141
1878940 141
1878950 141
1878960 141
1878970 141
1878980 141
1878990 141
1879000 141
1879010 141
1879020 141
1879030 141
1879040 141
1879050 141
1879060 141
1879070 141
1879080 141
1879090 141
1879100 141
1879110 140
1879120 140
1879130 140
1879140 140
1879150 140
1879160 140
1879170 140
1879180 140
1879190 140
1879200 140
1879210 141
1879220 141
1879230 141
1879240 141
1879250 141
1879260 141
1879270 141
1879280 141
1879290 141
1879300 141
1879310 141
1879320 141
1879330 141
1879340 141
1879350 141
1879360 141
1879370 141
1879380 141
1879390 141
1879400 141
1879410 141
1879420 141
1879430 141
1879440 140
1879450 140
1879460 140
1879470 140
1879480 141
1879490 141
1879500 141
1879510 141
1879520 141
1879530 141
1879540 141
1879550 141
1879560 141
1879570 141
1879580 141
1879590 141
1879600 141
1879610 141
1879620 141
1879630 141
1879640 141
1879650 141
1879660 141
1879670 141
1879680 140
1879690 141
1879700 141
1879710 141
1879720 141
1879730 141
1879740 141
1879750 141
1879760 141
1879770 141
1879780 141
1879790 141
1879800 141
1879810 141
1879820 141
1879830 141
1879840 141
1879850 141
1879860 141
1879870 141
1879880 141
1879890 141
1879900 141
1879910 141
1879920 141
1879930 141
1879940 141
1879950 141
1879960 140
1879970 140
1879980 140
1879990 140
