1860000 150
1860010 150
1860020 150
1860030 150
1860040 150
1860050 150
1860060 150
1860070 150
1860080 150
1860090 150
1860100 150
1860110 150
1860120 150
1860130 150
1860140 150
1860150 150
1860160 150
1860170 150
1860180 150
1860190 150
1860200 150
1860210 150
1860220 150
1860230 150
1860240 150
1860250 150
1860260 150
1860270 150
1860280 150
1860290 150
1860300 150
1860310 150
1860320 150
1860330 150
1860340 150
1860350 150
1860360 150
1860370 150
1860380 150
1860390 150
1860400 150
1860410 150
1860420 150
1860430 150
1860440 150
1860450 150
1860460 150
1860470 150
1860480 149
1860490 149
1860500 149
1860510 149
1860520 149
1860530 149
1860540 149
1860550 149
1860560 149
1860570 150
1860580 150
1860590 150
1860600 150
1860610 150
1860620 150
1860630 150
1860640 150
1860650 150
1860660 150
1860670 150
1860680 150
1860690 150
1860700 150
1860710 150
1860720 150
1860730 150
1860740 150
1860750 150
1860760 150
1860770 150
1860780 149
1860790 149
1860800 149
1860810 149
1860820 149
1860830 149
1860840 149
1860850 149
1860860 149
1860870 149
1860880 149
1860890 150
1860900 150
1860910 150
1860920 150
1860930 150
1860940 150
1860950 150
1860960 150
1860970 150
1860980 150
1860990 150
1861000 150
1861010 150
1861020 150
1861030 150
1861040 150
1861050 151
1861060 151
1861070 151
1861080 151
1861090 151
1861100 151
1861110 150
1861120 150
1861130 150
1861140 150
1861150 150
1861160 150
1861170 150
1861180 150
1861190 150
1861200 150
1861210 150
1861220 150
1861230 150
1861240 150
1861250 150
1861260 150
1861270 150
1861280 150
1861290 150
1861300 150
1861310 150
1861320 150
1861330 150
1861340 150
1861350 150
1861360 150
1861370 150
1861380 150
1861390 150
1861400 150
1861410 150
1861420 150
1861430 150
1861440 150
1861450 150
1861460 150
1861470 150
1861480 150
1861490 150
1861500 150
1861510 150
1861520 150
1861530 150
1861540 150
1861550 150
1861560 150
1861570 150
1861580 150
1861590 150
1861600 150
1861610 150
1861620 150
1861630 150
1861640 150
1861650 150
1861660 150
1861670 150
1861680 150
1861690 150
1861700 150
1861710 150
1861720 150
1861730 150
1861740 150
1861750 150
1861760 150
1861770 150
1861780 150
1861790 150
1861800 150
1861810 150
1861820 150
1861830 150
1861840 150
1861850 150
1861860 150
1861870 150
1861880 150
1861890 150
1861900 150
1861910 150
1861920 150
1861930 150
1861940 150
1861950 150
1861960 150
1861970 150
1861980 150
1861990 149
1862000 149
1862010 149
1862020 149
1862030 149
1862040 149
1862050 149
1862060 149
1862070 149
1862080 149
1862090 149
1862100 149
1862110 149
1862120 149
1862130 149
1862140 149
1862150 149
1862160 149
1862170 149
1862180 149
1862190 149
1862200 149
1862210 149
1862220 149
1862230 149
1862240 148
1862250 148
1862260 148
1862270 148
1862280 148
1862290 148
1862300 148
1862310 148
1862320 148
1862330 148
1862340 148
1862350 148
1862360 148
1862370 148
1862380 148
1862390 148
1862400 148
1862410 148
1862420 148
1862430 148
1862440 149
1862450 148
1862460 148
1862470 148
1862480 148
1862490 148
1862500 148
1862510 148
1862520 148
1862530 149
1862540 149
1862550 149
1862560 149
1862570 149
1862580 149
1862590 149
1862600 149
1862610 149
1862620 149
1862630 149
1862640 149
1862650 149
1862660 149
1862670 149
1862680 149
1862690 149
1862700 149
1862710 149
1862720 149
1862730 149
1862740 149
1862750 149
1862760 149
1862770 149
1862780 149
1862790 149
1862800 149
1862810 149
1862820 149
1862830 149
1862840 149
1862850 149
1862860 149
1862870 149
1862880 149
1862890 149
1862900 149
1862910 149
1862920 149
1862930 149
1862940 149
1862950 149
1862960 149
1862970 149
1862980 149
1862990 149
1863000 149
1863010 149
1863020 149
1863030 149
1863040 149
1863050 149
1863060 149
1863070 149
1863080 149
1863090 149
1863100 149
1863110 148
1863120 148
1863130 148
1863140 148
1863150 148
1863160 148
1863170 148
1863180 148
1863190 148
1863200 148
1863210 148
1863220 148
1863230 148
1863240 148
1863250 148
1863260 148
1863270 148
1863280 148
1863290 148
1863300 148
1863310 149
1863320 149
1863330 149
1863340 149
1863350 149
1863360 149
1863370 149
1863380 149
1863390 149
1863400 149
1863410 149
1863420 149
1863430 149
1863440 149
1863450 149
1863460 149
1863470 149
1863480 149
1863490 149
1863500 149
1863510 149
1863520 149
1863530 149
1863540 149
1863550 149
1863560 149
1863570 149
1863580 149
1863590 149
1863600 149
1863610 149
1863620 149
1863630 149
1863640 149
1863650 149
1863660 149
1863670 150
1863680 150
1863690 150
1863700 150
1863710 150
1863720 150
1863730 150
1863740 150
1863750 150
1863760 150
1863770 150
1863780 150
1863790 150
1863800 150
1863810 150
1863820 150
1863830 150
1863840 150
1863850 150
1863860 150
1863870 150
1863880 150
1863890 150
1863900 150
1863910 150
1863920 150
1863930 150
1863940 150
1863950 150
1863960 150
1863970 150
1863980 150
1863990 150
1864000 150
1864010 150
1864020 150
1864030 150
1864040 150
1864050 150
1864060 150
1864070 150
1864080 150
1864090 150
1864100 150
1864110 150
1864120 150
1864130 150
1864140 150
1864150 149
1864160 149
1864170 149
1864180 149
1864190 149
1864200 149
1864210 149
1864220 149
1864230 149
1864240 149
1864250 149
1864260 149
1864270 149
1864280 149
1864290 149
1864300 149
1864310 149
1864320 149
1864330 149
1864340 149
1864350 149
1864360 149
1864370 149
1864380 149
1864390 149
1864400 149
1864410 149
1864420 149
1864430 148
1864440 148
1864450 148
1864460 148
1864470 148
1864480 148
1864490 148
1864500 148
1864510 148
1864520 148
1864530 148
1864540 148
1864550 148
1864560 148
1864570 148
1864580 148
1864590 148
1864600 148
1864610 148
1864620 148
1864630 148
1864640 148
1864650 148
1864660 148
1864670 148
1864680 148
1864690 148
1864700 148
1864710 148
1864720 148
1864730 148
1864740 148
1864750 148
1864760 148
1864770 148
1864780 148
1864790 148
1864800 148
1864810 148
1864820 148
1864830 148
1864840 148
1864850 148
1864860 148
1864870 148
1864880 148
1864890 148
1864900 148
1864910 148
1864920 148
1864930 148
1864940 148
1864950 148
1864960 148
1864970 148
1864980 148
1864990 148
1865000 148
1865010 148
1865020 148
1865030 148
1865040 148
1865050 148
1865060 148
1865070 148
1865080 148
1865090 148
1865100 148
1865110 148
1865120 148
1865130 148
1865140 148
1865150 148
1865160 148
1865170 148
1865180 148
1865190 148
1865200 149
1865210 149
1865220 149
1865230 149
1865240 149
1865250 149
1865260 149
1865270 149
1865280 149
1865290 149
1865300 149
1865310 149
1865320 150
1865330 150
1865340 150
1865350 150
1865360 150
1865370 150
1865380 150
1865390 150
1865400 150
1865410 150
1865420 150
1865430 150
1865440 150
1865450 150
1865460 150
1865470 150
1865480 150
1865490 150
1865500 150
1865510 150
1865520 150
1865530 150
1865540 151
1865550 151
1865560 151
1865570 151
1865580 151
1865590 151
1865600 151
1865610 151
1865620 151
1865630 152
1865640 152
1865650 152
1865660 152
1865670 152
1865680 152
1865690 152
1865700 152
1865710 152
1865720 152
1865730 152
1865740 152
1865750 152
1865760 152
1865770 152
1865780 152
1865790 152
1865800 153
1865810 153
1865820 153
1865830 153
1865840 154
1865850 154
1865860 154
1865870 154
1865880 154
1865890 154
1865900 154
1865910 154
1865920 154
1865930 154
1865940 154
1865950 154
1865960 154
1865970 154
1865980 154
1865990 155
1866000 155
1866010 155
1866020 155
1866030 155
1866040 155
1866050 155
1866060 155
1866070 155
1866080 155
1866090 155
1866100 155
1866110 154
1866120 154
1866130 154
1866140 154
1866150 154
1866160 154
1866170 154
1866180 154
1866190 154
1866200 154
1866210 154
1866220 154
1866230 155
1866240 155
1866250 155
1866260 155
1866270 155
1866280 155
1866290 155
1866300 155
1866310 155
1866320 155
1866330 155
1866340 155
1866350 155
1866360 155
1866370 155
1866380 155
1866390 155
1866400 155
1866410 155
1866420 155
1866430 155
1866440 155
1866450 155
1866460 155
1866470 155
1866480 156
1866490 156
1866500 156
1866510 156
1866520 156
1866530 156
1866540 156
1866550 156
1866560 156
1866570 156
1866580 156
1866590 156
1866600 156
1866610 156
1866620 156
1866630 156
1866640 156
1866650 156
1866660 156
1866670 156
1866680 156
1866690 156
1866700 156
1866710 156
1866720 156
1866730 156
1866740 156
1866750 156
1866760 156
1866770 156
1866780 156
1866790 156
1866800 156
1866810 156
1866820 156
1866830 156
1866840 156
1866850 156
1866860 156
1866870 156
1866880 156
1866890 156
1866900 156
1866910 156
1866920 156
1866930 156
1866940 156
1866950 156
1866960 156
1866970 156
1866980 156
1866990 156
1867000 156
1867010 156
1867020 156
1867030 156
1867040 156
1867050 156
1867060 156
1867070 156
1867080 156
1867090 156
1867100 156
1867110 157
1867120 157
1867130 157
1867140 157
1867150 157
1867160 157
1867170 157
1867180 157
1867190 157
1867200 157
1867210 156
1867220 156
1867230 156
1867240 156
1867250 156
1867260 156
1867270 156
1867280 156
1867290 156
1867300 156
1867310 156
1867320 157
1867330 157
1867340 157
1867350 157
1867360 157
1867370 157
1867380 157
1867390 157
1867400 157
1867410 156
1867420 156
1867430 156
1867440 156
1867450 156
1867460 156
1867470 156
1867480 156
1867490 156
1867500 156
1867510 156
1867520 156
1867530 156
1867540 156
1867550 156
1867560 156
1867570 156
1867580 156
1867590 156
1867600 156
1867610 156
1867620 156
1867630 157
1867640 157
1867650 157
1867660 157
1867670 157
1867680 157
1867690 157
1867700 157
1867710 157
1867720 157
1867730 157
1867740 157
1867750 157
1867760 157
1867770 157
1867780 157
1867790 157
1867800 157
1867810 157
1867820 157
1867830 157
1867840 157
1867850 157
1867860 157
1867870 157
1867880 157
1867890 157
1867900 157
1867910 157
1867920 157
1867930 157
1867940 157
1867950 157
1867960 157
1867970 157
1867980 157
1867990 157
1868000 157
1868010 157
1868020 157
1868030 157
1868040 157
1868050 157
1868060 157
1868070 157
1868080 157
1868090 157
1868100 157
1868110 157
1868120 157
1868130 157
1868140 157
1868150 157
1868160 157
1868170 157
1868180 157
1868190 157
1868200 157
1868210 157
1868220 157
1868230 157
1868240 157
1868250 157
1868260 157
1868270 157
1868280 157
1868290 157
1868300 157
1868310 156
1868320 156
1868330 156
1868340 157
1868350 157
1868360 157
1868370 157
1868380 157
1868390 157
1868400 157
1868410 157
1868420 157
1868430 157
1868440 157
1868450 157
1868460 157
1868470 157
1868480 157
1868490 157
1868500 157
1868510 157
1868520 157
1868530 157
1868540 157
1868550 157
1868560 157
1868570 157
1868580 157
1868590 157
1868600 157
1868610 157
1868620 157
1868630 157
1868640 157
1868650 157
1868660 157
1868670 157
1868680 157
1868690 157
1868700 157
1868710 157
1868720 157
1868730 157
1868740 157
1868750 157
1868760 157
1868770 157
1868780 157
1868790 157
1868800 157
1868810 157
1868820 157
1868830 156
1868840 156
1868850 156
1868860 156
1868870 156
1868880 157
1868890 158
1868900 158
1868910 157
1868920 157
1868930 157
1868940 157
1868950 157
1868960 157
1868970 157
1868980 157
1868990 157
1869000 157
1869010 157
1869020 157
1869030 157
1869040 157
1869050 157
1869060 157
1869070 157
1869080 157
1869090 157
1869100 157
1869110 157
1869120 157
1869130 157
1869140 157
1869150 157
1869160 157
1869170 157
1869180 157
1869190 157
1869200 157
1869210 157
1869220 157
1869230 157
1869240 157
1869250 157
1869260 157
1869270 157
1869280 157
1869290 157
1869300 157
1869310 157
1869320 157
1869330 157
1869340 157
1869350 157
1869360 157
1869370 157
1869380 157
1869390 157
1869400 157
1869410 157
1869420 157
1869430 157
1869440 157
1869450 157
1869460 157
1869470 157
1869480 157
1869490 157
1869500 157
1869510 157
1869520 157
1869530 157
1869540 157
1869550 157
1869560 157
1869570 157
1869580 157
1869590 157
1869600 157
1869610 157
1869620 157
1869630 157
1869640 157
1869650 157
1869660 157
1869670 157
1869680 157
1869690 157
1869700 157
1869710 157
1869720 157
1869730 157
1869740 157
1869750 157
1869760 157
1869770 157
1869780 157
1869790 157
1869800 157
1869810 157
1869820 157
1869830 157
1869840 157
1869850 157
1869860 157
1869870 157
1869880 157
1869890 157
1869900 157
1869910 157
1869920 157
1869930 157
1869940 157
1869950 157
1869960 157
1869970 157
1869980 157
1869990 157
1870000 157
1870010 157
1870020 157
1870030 157
1870040 157
1870050 157
1870060 157
1870070 157
1870080 158
1870090 158
1870100 158
1870110 159
1870120 160
1870130 160
1870140 159
1870150 159
1870160 159
1870170 159
1870180 158
1870190 158
1870200 158
1870210 158
1870220 158
1870230 158
1870240 158
1870250 158
1870260 158
1870270 158
1870280 158
1870290 159
1870300 159
1870310 159
1870320 159
1870330 158
1870340 158
1870350 158
1870360 157
1870370 157
1870380 157
1870390 157
1870400 157
1870410 157
1870420 157
1870430 157
1870440 156
1870450 156
1870460 156
1870470 156
1870480 156
1870490 156
1870500 156
1870510 156
1870520 156
1870530 156
1870540 156
1870550 156
1870560 156
1870570 156
1870580 156
1870590 156
1870600 156
1870610 156
1870620 156
1870630 156
1870640 156
1870650 156
1870660 156
1870670 156
1870680 156
1870690 156
1870700 156
1870710 156
1870720 157
1870730 157
1870740 157
1870750 157
1870760 157
1870770 157
1870780 157
1870790 157
1870800 157
1870810 157
1870820 157
1870830 157
1870840 157
1870850 157
1870860 157
1870870 157
1870880 157
1870890 157
1870900 157
1870910 157
1870920 157
1870930 157
1870940 157
1870950 157
1870960 157
1870970 157
1870980 157
1870990 157
1871000 157
1871010 157
1871020 157
1871030 157
1871040 157
1871050 157
1871060 157
1871070 157
1871080 157
1871090 157
1871100 157
1871110 157
1871120 157
1871130 157
1871140 157
1871150 157
1871160 157
1871170 157
1871180 157
1871190 157
1871200 157
1871210 157
1871220 157
1871230 157
1871240 157
1871250 157
1871260 157
1871270 157
1871280 157
1871290 157
1871300 157
1871310 157
1871320 157
1871330 157
1871340 157
1871350 157
1871360 157
1871370 157
1871380 157
1871390 157
1871400 157
1871410 157
1871420 157
1871430 157
1871440 157
1871450 157
1871460 157
1871470 157
1871480 157
1871490 157
1871500 157
1871510 157
1871520 157
1871530 157
1871540 157
1871550 157
1871560 157
1871570 157
1871580 157
1871590 157
1871600 157
1871610 157
1871620 157
1871630 157
1871640 157
1871650 157
1871660 157
1871670 157
1871680 157
1871690 157
1871700 156
1871710 156
1871720 156
1871730 156
1871740 156
1871750 156
1871760 156
1871770 156
1871780 156
1871790 156
1871800 156
1871810 156
1871820 156
1871830 156
1871840 156
1871850 156
1871860 156
1871870 156
1871880 156
1871890 156
1871900 156
1871910 156
1871920 156
1871930 156
1871940 156
1871950 156
1871960 156
1871970 156
1871980 156
1871990 156
1872000 156
1872010 156
1872020 156
1872030 156
1872040 156
1872050 156
1872060 156
1872070 156
1872080 156
1872090 156
1872100 156
1872110 156
1872120 156
1872130 155
1872140 155
1872150 155
1872160 155
1872170 155
1872180 155
1872190 155
1872200 155
1872210 155
1872220 155
1872230 155
1872240 155
1872250 155
1872260 155
1872270 155
1872280 155
1872290 155
1872300 156
1872310 156
1872320 156
1872330 156
1872340 156
1872350 156
1872360 155
1872370 155
1872380 155
1872390 155
1872400 155
1872410 155
1872420 155
1872430 155
1872440 155
1872450 155
1872460 155
1872470 155
1872480 155
1872490 155
1872500 155
1872510 155
1872520 155
1872530 155
1872540 155
1872550 155
1872560 155
1872570 155
1872580 155
1872590 155
1872600 155
1872610 155
1872620 155
1872630 155
1872640 155
1872650 155
1872660 155
1872670 155
1872680 155
1872690 155
1872700 155
1872710 155
1872720 155
1872730 155
1872740 155
1872750 155
1872760 155
1872770 155
1872780 155
1872790 155
1872800 155
1872810 155
1872820 155
1872830 155
1872840 155
1872850 155
1872860 155
1872870 155
1872880 155
1872890 155
1872900 155
1872910 155
1872920 155
1872930 155
1872940 155
1872950 155
1872960 155
1872970 155
1872980 155
1872990 155
1873000 155
1873010 155
1873020 155
1873030 155
1873040 155
1873050 155
1873060 155
1873070 155
1873080 155
1873090 155
1873100 155
1873110 155
1873120 155
1873130 155
1873140 155
1873150 155
1873160 155
1873170 155
1873180 155
1873190 154
1873200 154
1873210 154
1873220 154
1873230 154
1873240 154
1873250 154
1873260 154
1873270 154
1873280 154
1873290 154
1873300 154
1873310 154
1873320 154
1873330 154
1873340 154
1873350 154
1873360 154
1873370 154
1873380 154
1873390 154
1873400 154
1873410 154
1873420 154
1873430 155
1873440 155
1873450 155
1873460 155
1873470 156
1873480 156
1873490 157
1873500 158
1873510 158
1873520 158
1873530 158
1873540 158
1873550 156
1873560 155
1873570 155
1873580 154
1873590 154
1873600 154
1873610 154
1873620 154
1873630 154
1873640 154
1873650 153
1873660 153
1873670 153
1873680 153
1873690 153
1873700 153
1873710 153
1873720 153
1873730 153
1873740 153
1873750 153
1873760 153
1873770 152
1873780 152
1873790 152
1873800 152
1873810 152
1873820 152
1873830 152
1873840 152
1873850 152
1873860 152
1873870 152
1873880 152
1873890 153
1873900 153
1873910 153
1873920 153
1873930 153
1873940 152
1873950 152
1873960 152
1873970 152
1873980 152
1873990 152
1874000 152
1874010 152
1874020 152
1874030 152
1874040 152
1874050 152
1874060 152
1874070 152
1874080 152
1874090 151
1874100 152
1874110 152
1874120 152
1874130 152
1874140 152
1874150 152
1874160 152
1874170 152
1874180 152
1874190 152
1874200 152
1874210 152
1874220 152
1874230 152
1874240 152
1874250 153
1874260 153
1874270 153
1874280 153
1874290 153
1874300 152
1874310 152
1874320 152
1874330 152
1874340 152
1874350 152
1874360 152
1874370 152
1874380 152
1874390 151
1874400 152
1874410 152
1874420 152
1874430 152
1874440 152
1874450 152
1874460 152
1874470 152
1874480 152
1874490 152
1874500 152
1874510 152
1874520 152
1874530 152
1874540 152
1874550 152
1874560 152
1874570 152
1874580 152
1874590 152
1874600 152
1874610 152
1874620 152
1874630 152
1874640 152
1874650 152
1874660 152
1874670 152
1874680 152
1874690 152
1874700 152
1874710 152
1874720 152
1874730 152
1874740 152
1874750 152
1874760 152
1874770 152
1874780 152
1874790 153
1874800 153
1874810 153
1874820 153
1874830 153
1874840 153
1874850 153
1874860 153
1874870 153
1874880 153
1874890 153
1874900 153
1874910 153
1874920 153
1874930 153
1874940 153
1874950 153
1874960 153
1874970 153
1874980 153
1874990 153
1875000 153
1875010 153
1875020 153
1875030 153
1875040 153
1875050 153
1875060 153
1875070 153
1875080 153
1875090 152
1875100 152
1875110 152
1875120 152
1875130 152
1875140 152
1875150 153
1875160 153
1875170 153
1875180 153
1875190 153
1875200 152
1875210 152
1875220 152
1875230 152
1875240 152
1875250 152
1875260 152
1875270 152
1875280 152
1875290 152
1875300 152
1875310 152
1875320 152
1875330 152
1875340 152
1875350 152
1875360 152
1875370 152
1875380 152
1875390 152
1875400 152
1875410 152
1875420 152
1875430 152
1875440 152
1875450 152
1875460 152
1875470 152
1875480 152
1875490 152
1875500 152
1875510 152
1875520 152
1875530 152
1875540 153
1875550 153
1875560 153
1875570 153
1875580 153
1875590 153
1875600 153
1875610 153
1875620 153
1875630 153
1875640 153
1875650 153
1875660 153
1875670 153
1875680 153
1875690 153
1875700 153
1875710 153
1875720 153
1875730 153
1875740 153
1875750 153
1875760 153
1875770 153
1875780 153
1875790 153
1875800 153
1875810 153
1875820 153
1875830 153
1875840 153
1875850 153
1875860 153
1875870 153
1875880 153
1875890 153
1875900 153
1875910 153
1875920 153
1875930 153
1875940 153
1875950 153
1875960 153
1875970 153
1875980 153
1875990 153
1876000 153
1876010 153
1876020 153
1876030 153
1876040 153
1876050 153
1876060 153
1876070 152
1876080 152
1876090 152
1876100 152
1876110 152
1876120 152
1876130 152
1876140 152
1876150 152
1876160 152
1876170 152
1876180 152
1876190 152
1876200 152
1876210 152
1876220 152
1876230 152
1876240 153
1876250 153
1876260 153
1876270 153
1876280 153
1876290 153
1876300 154
1876310 154
1876320 154
1876330 154
1876340 154
1876350 154
1876360 154
1876370 154
1876380 154
1876390 154
1876400 154
1876410 154
1876420 154
1876430 154
1876440 154
1876450 154
1876460 154
1876470 154
1876480 154
1876490 154
1876500 154
1876510 154
1876520 154
1876530 154
1876540 154
1876550 154
1876560 154
1876570 154
1876580 154
1876590 154
1876600 154
1876610 154
1876620 154
1876630 153
1876640 153
1876650 153
1876660 153
1876670 153
1876680 153
1876690 153
1876700 153
1876710 153
1876720 153
1876730 153
1876740 153
1876750 152
1876760 152
1876770 152
1876780 153
1876790 152
1876800 152
1876810 152
1876820 152
1876830 152
1876840 152
1876850 152
1876860 152
1876870 152
1876880 152
1876890 152
1876900 152
1876910 152
1876920 152
1876930 152
1876940 152
1876950 152
1876960 152
1876970 152
1876980 152
1876990 152
1877000 153
1877010 153
1877020 153
1877030 154
1877040 154
1877050 151
1877060 150
1877070 150
1877080 153
1877090 153
1877100 153
1877110 152
1877120 151
1877130 151
1877140 151
1877150 150
1877160 150
1877170 150
1877180 150
1877190 150
1877200 149
1877210 149
1877220 149
1877230 148
1877240 148
1877250 148
1877260 148
1877270 147
1877280 147
1877290 147
1877300 147
1877310 147
1877320 146
1877330 146
1877340 146
1877350 146
1877360 146
1877370 146
1877380 146
1877390 145
1877400 145
1877410 145
1877420 145
1877430 145
1877440 145
1877450 145
1877460 145
1877470 145
1877480 144
1877490 144
1877500 144
1877510 145
1877520 145
1877530 145
1877540 146
1877550 146
1877560 146
1877570 145
1877580 145
1877590 145
1877600 145
1877610 145
1877620 146
1877630 145
1877640 145
1877650 145
1877660 145
1877670 145
1877680 145
1877690 144
1877700 144
1877710 144
1877720 143
1877730 143
1877740 143
1877750 143
1877760 143
1877770 143
1877780 143
1877790 143
1877800 143
1877810 143
1877820 143
1877830 143
1877840 143
1877850 143
1877860 143
1877870 143
1877880 143
1877890 143
1877900 143
1877910 143
1877920 142
1877930 142
1877940 142
1877950 142
1877960 142
1877970 142
1877980 142
1877990 142
1878000 142
1878010 142
1878020 142
1878030 142
1878040 142
1878050 142
1878060 142
1878070 142
1878080 142
1878090 142
1878100 142
1878110 142
1878120 142
1878130 142
1878140 142
1878150 142
1878160 142
1878170 142
1878180 142
1878190 142
1878200 142
1878210 142
1878220 142
1878230 142
1878240 142
1878250 142
1878260 142
1878270 142
1878280 142
1878290 142
1878300 142
1878310 142
1878320 142
1878330 142
1878340 142
1878350 142
1878360 142
1878370 142
1878380 142
1878390 142
1878400 142
1878410 142
1878420 142
1878430 142
1878440 142
1878450 142
1878460 142
1878470 142
1878480 142
1878490 142
1878500 142
1878510 142
1878520 142
1878530 142
1878540 142
1878550 142
1878560 142
1878570 142
1878580 142
1878590 142
1878600 142
1878610 142
1878620 142
1878630 142
1878640 142
1878650 143
1878660 143
1878670 143
1878680 143
1878690 143
1878700 143
1878710 143
1878720 143
1878730 143
1878740 143
1878750 143
1878760 143
1878770 143
1878780 143
1878790 143
1878800 144
1878810 144
1878820 143
1878830 143
1878840 143
1878850 143
1878860 143
1878870 143
1878880 143
1878890 143
1878900 143
1878910 142
1878920 142
1878930 142
1878940 142
1878950 142
1878960 142
1878970 142
1878980 141
1878990 141
1879000 141
1879010 141
1879020 141
1879030 142
1879040 142
1879050 142
1879060 142
1879070 142
1879080 142
1879090 141
1879100 142
1879110 142
1879120 142
1879130 142
1879140 142
1879150 142
1879160 141
1879170 141
1879180 142
1879190 142
1879200 142
1879210 142
1879220 142
1879230 142
1879240 142
1879250 142
1879260 142
1879270 142
1879280 142
1879290 142
1879300 141
1879310 141
1879320 141
1879330 141
1879340 141
1879350 141
1879360 140
1879370 140
1879380 140
1879390 140
1879400 140
1879410 140
1879420 140
1879430 141
1879440 141
1879450 141
1879460 140
1879470 140
1879480 140
1879490 140
1879500 140
1879510 140
1879520 140
1879530 140
1879540 140
1879550 141
1879560 141
1879570 141
1879580 141
1879590 141
1879600 141
1879610 141
1879620 141
1879630 141
1879640 140
1879650 140
1879660 140
1879670 140
1879680 140
1879690 140
1879700 140
1879710 140
1879720 140
1879730 140
1879740 140
1879750 140
1879760 140
1879770 140
1879780 140
1879790 140
1879800 140
1879810 140
1879820 140
1879830 140
1879840 140
1879850 140
1879860 140
1879870 140
1879880 140
1879890 140
1879900 140
1879910 140
1879920 140
1879930 140
1879940 140
1879950 140
1879960 140
1879970 140
1879980 140
1879990 140
