1860000 150
1860010 150
1860020 150
1860030 150
1860040 150
1860050 150
1860060 150
1860070 150
1860080 150
1860090 150
1860100 150
1860110 150
1860120 150
1860130 150
1860140 150
1860150 150
1860160 150
1860170 150
1860180 150
1860190 150
1860200 150
1860210 151
1860220 151
1860230 151
1860240 150
1860250 150
1860260 150
1860270 150
1860280 150
1860290 150
1860300 150
1860310 150
1860320 150
1860330 150
1860340 150
1860350 150
1860360 150
1860370 150
1860380 150
1860390 150
1860400 150
1860410 150
1860420 150
1860430 150
1860440 150
1860450 150
1860460 150
1860470 150
1860480 151
1860490 151
1860500 150
1860510 150
1860520 150
1860530 150
1860540 150
1860550 150
1860560 150
1860570 150
1860580 150
1860590 150
1860600 150
1860610 150
1860620 150
1860630 150
1860640 150
1860650 150
1860660 150
1860670 150
1860680 150
1860690 150
1860700 150
1860710 150
1860720 150
1860730 150
1860740 150
1860750 150
1860760 150
1860770 150
1860780 150
1860790 150
1860800 150
1860810 150
1860820 150
1860830 150
1860840 150
1860850 150
1860860 150
1860870 150
1860880 150
1860890 151
1860900 151
1860910 151
1860920 151
1860930 151
1860940 151
1860950 151
1860960 151
1860970 151
1860980 151
1860990 150
1861000 150
1861010 150
1861020 150
1861030 150
1861040 150
1861050 150
1861060 151
1861070 151
1861080 151
1861090 151
1861100 151
1861110 151
1861120 151
1861130 151
1861140 151
1861150 151
1861160 151
1861170 151
1861180 151
1861190 151
1861200 151
1861210 151
1861220 151
1861230 151
1861240 151
1861250 151
1861260 151
1861270 151
1861280 151
1861290 151
1861300 151
1861310 151
1861320 151
1861330 151
1861340 151
1861350 151
1861360 151
1861370 151
1861380 151
1861390 151
1861400 151
1861410 151
1861420 151
1861430 151
1861440 151
1861450 151
1861460 151
1861470 151
1861480 151
1861490 151
1861500 151
1861510 151
1861520 150
1861530 150
1861540 150
1861550 150
1861560 150
1861570 150
1861580 150
1861590 150
1861600 150
1861610 150
1861620 150
1861630 150
1861640 150
1861650 150
1861660 150
1861670 150
1861680 150
1861690 150
1861700 150
1861710 150
1861720 150
1861730 150
1861740 150
1861750 150
1861760 150
1861770 151
1861780 151
1861790 151
1861800 151
1861810 151
1861820 151
1861830 152
1861840 152
1861850 151
1861860 151
1861870 151
1861880 151
1861890 151
1861900 151
1861910 151
1861920 151
1861930 151
1861940 152
1861950 152
1861960 152
1861970 152
1861980 152
1861990 152
1862000 151
1862010 151
1862020 151
1862030 152
1862040 151
1862050 151
1862060 152
1862070 152
1862080 152
1862090 152
1862100 152
1862110 152
1862120 152
1862130 152
1862140 152
1862150 152
1862160 152
1862170 152
1862180 152
1862190 152
1862200 152
1862210 152
1862220 152
1862230 152
1862240 152
1862250 152
1862260 152
1862270 152
1862280 152
1862290 152
1862300 152
1862310 152
1862320 152
1862330 152
1862340 152
1862350 152
1862360 152
1862370 152
1862380 152
1862390 152
1862400 152
1862410 152
1862420 152
1862430 152
1862440 151
1862450 151
1862460 152
1862470 152
1862480 152
1862490 152
1862500 152
1862510 152
1862520 152
1862530 152
1862540 152
1862550 152
1862560 152
1862570 152
1862580 151
1862590 151
1862600 152
1862610 152
1862620 152
1862630 152
1862640 152
1862650 152
1862660 152
1862670 152
1862680 152
1862690 152
1862700 152
1862710 152
1862720 152
1862730 152
1862740 152
1862750 152
1862760 152
1862770 152
1862780 152
1862790 152
1862800 152
1862810 152
1862820 152
1862830 152
1862840 152
1862850 153
1862860 153
1862870 153
1862880 152
1862890 152
1862900 152
1862910 152
1862920 152
1862930 152
1862940 152
1862950 152
1862960 152
1862970 152
1862980 152
1862990 152
1863000 152
1863010 152
1863020 152
1863030 152
1863040 152
1863050 152
1863060 152
1863070 152
1863080 152
1863090 152
1863100 152
1863110 152
1863120 152
1863130 152
1863140 152
1863150 152
1863160 152
1863170 152
1863180 153
1863190 153
1863200 153
1863210 153
1863220 153
1863230 153
1863240 153
1863250 153
1863260 153
1863270 153
1863280 153
1863290 153
1863300 153
1863310 153
1863320 153
1863330 153
1863340 153
1863350 153
1863360 152
1863370 152
1863380 152
1863390 152
1863400 152
1863410 152
1863420 152
1863430 152
1863440 152
1863450 152
1863460 152
1863470 152
1863480 152
1863490 152
1863500 152
1863510 152
1863520 152
1863530 152
1863540 152
1863550 152
1863560 152
1863570 152
1863580 152
1863590 152
1863600 152
1863610 152
1863620 152
1863630 152
1863640 152
1863650 152
1863660 152
1863670 152
1863680 152
1863690 152
1863700 152
1863710 152
1863720 152
1863730 152
1863740 152
1863750 152
1863760 152
1863770 153
1863780 153
1863790 153
1863800 152
1863810 153
1863820 153
1863830 153
1863840 153
1863850 153
1863860 153
1863870 152
1863880 152
1863890 152
1863900 152
1863910 152
1863920 152
1863930 152
1863940 152
1863950 153
1863960 152
1863970 152
1863980 152
1863990 152
1864000 153
1864010 152
1864020 152
1864030 152
1864040 152
1864050 152
1864060 152
1864070 152
1864080 152
1864090 152
1864100 152
1864110 152
1864120 152
1864130 152
1864140 152
1864150 152
1864160 152
1864170 152
1864180 152
1864190 152
1864200 152
1864210 152
1864220 152
1864230 152
1864240 152
1864250 152
1864260 152
1864270 152
1864280 152
1864290 152
1864300 152
1864310 152
1864320 152
1864330 152
1864340 152
1864350 152
1864360 152
1864370 152
1864380 152
1864390 152
1864400 152
1864410 152
1864420 152
1864430 152
1864440 152
1864450 152
1864460 152
1864470 152
1864480 152
1864490 152
1864500 152
1864510 152
1864520 152
1864530 152
1864540 152
1864550 152
1864560 152
1864570 152
1864580 151
1864590 151
1864600 151
1864610 151
1864620 151
1864630 151
1864640 151
1864650 151
1864660 151
1864670 151
1864680 151
1864690 151
1864700 150
1864710 150
1864720 150
1864730 150
1864740 150
1864750 150
1864760 150
1864770 150
1864780 150
1864790 150
1864800 150
1864810 150
1864820 150
1864830 150
1864840 150
1864850 150
1864860 150
1864870 150
1864880 150
1864890 150
1864900 150
1864910 150
1864920 150
1864930 150
1864940 150
1864950 150
1864960 150
1864970 150
1864980 150
1864990 150
1865000 150
1865010 150
1865020 150
1865030 150
1865040 150
1865050 150
1865060 150
1865070 150
1865080 150
1865090 150
1865100 150
1865110 150
1865120 150
1865130 150
1865140 150
1865150 150
1865160 150
1865170 150
1865180 150
1865190 150
1865200 150
1865210 150
1865220 150
1865230 150
1865240 150
1865250 150
1865260 150
1865270 150
1865280 150
1865290 150
1865300 150
1865310 150
1865320 150
1865330 150
1865340 150
1865350 150
1865360 150
1865370 150
1865380 150
1865390 150
1865400 150
1865410 150
1865420 150
1865430 150
1865440 150
1865450 150
1865460 150
1865470 150
1865480 150
1865490 150
1865500 150
1865510 150
1865520 150
1865530 150
1865540 150
1865550 150
1865560 150
1865570 150
1865580 150
1865590 150
1865600 151
1865610 151
1865620 151
1865630 150
1865640 150
1865650 150
1865660 150
1865670 150
1865680 150
1865690 150
1865700 150
1865710 150
1865720 150
1865730 150
1865740 150
1865750 150
1865760 150
1865770 150
1865780 151
1865790 151
1865800 151
1865810 151
1865820 151
1865830 151
1865840 151
1865850 151
1865860 151
1865870 151
1865880 151
1865890 151
1865900 150
1865910 150
1865920 150
1865930 150
1865940 150
1865950 150
1865960 150
1865970 150
1865980 150
1865990 151
1866000 151
1866010 151
1866020 151
1866030 151
1866040 151
1866050 151
1866060 151
1866070 151
1866080 150
1866090 150
1866100 150
1866110 150
1866120 150
1866130 150
1866140 150
1866150 150
1866160 150
1866170 150
1866180 150
1866190 150
1866200 150
1866210 150
1866220 150
1866230 150
1866240 150
1866250 150
1866260 150
1866270 150
1866280 150
1866290 150
1866300 150
1866310 150
1866320 150
1866330 150
1866340 150
1866350 150
1866360 150
1866370 151
1866380 151
1866390 151
1866400 151
1866410 151
1866420 151
1866430 151
1866440 151
1866450 151
1866460 151
1866470 151
1866480 151
1866490 151
1866500 151
1866510 151
1866520 151
1866530 151
1866540 151
1866550 151
1866560 151
1866570 151
1866580 151
1866590 151
1866600 151
1866610 151
1866620 151
1866630 151
1866640 151
1866650 151
1866660 151
1866670 151
1866680 151
1866690 151
1866700 151
1866710 151
1866720 151
1866730 151
1866740 151
1866750 151
1866760 151
1866770 151
1866780 151
1866790 151
1866800 151
1866810 151
1866820 151
1866830 151
1866840 151
1866850 151
1866860 151
1866870 151
1866880 151
1866890 151
1866900 151
1866910 151
1866920 151
1866930 151
1866940 152
1866950 152
1866960 152
1866970 153
1866980 153
1866990 153
1867000 152
1867010 152
1867020 152
1867030 152
1867040 152
1867050 152
1867060 152
1867070 152
1867080 152
1867090 152
1867100 152
1867110 152
1867120 152
1867130 152
1867140 152
1867150 152
1867160 152
1867170 152
1867180 152
1867190 152
1867200 152
1867210 152
1867220 151
1867230 151
1867240 151
1867250 151
1867260 151
1867270 151
1867280 151
1867290 151
1867300 151
1867310 151
1867320 151
1867330 151
1867340 151
1867350 151
1867360 151
1867370 151
1867380 151
1867390 151
1867400 151
1867410 151
1867420 151
1867430 151
1867440 151
1867450 151
1867460 151
1867470 151
1867480 151
1867490 151
1867500 151
1867510 151
1867520 151
1867530 151
1867540 151
1867550 151
1867560 151
1867570 151
1867580 151
1867590 151
1867600 151
1867610 151
1867620 151
1867630 151
1867640 151
1867650 151
1867660 151
1867670 151
1867680 151
1867690 151
1867700 151
1867710 151
1867720 151
1867730 151
1867740 151
1867750 151
1867760 151
1867770 151
1867780 151
1867790 151
1867800 151
1867810 151
1867820 151
1867830 151
1867840 151
1867850 151
1867860 151
1867870 151
1867880 151
1867890 151
1867900 151
1867910 151
1867920 151
1867930 151
1867940 151
1867950 152
1867960 152
1867970 152
1867980 152
1867990 152
1868000 152
1868010 152
1868020 152
1868030 152
1868040 152
1868050 152
1868060 152
1868070 152
1868080 152
1868090 152
1868100 152
1868110 152
1868120 152
1868130 152
1868140 152
1868150 152
1868160 152
1868170 152
1868180 152
1868190 152
1868200 152
1868210 152
1868220 152
1868230 152
1868240 152
1868250 152
1868260 152
1868270 152
1868280 152
1868290 152
1868300 152
1868310 152
1868320 152
1868330 152
1868340 152
1868350 152
1868360 152
1868370 152
1868380 152
1868390 152
1868400 152
1868410 152
1868420 152
1868430 152
1868440 152
1868450 152
1868460 152
1868470 152
1868480 152
1868490 153
1868500 153
1868510 153
1868520 153
1868530 153
1868540 153
1868550 153
1868560 153
1868570 153
1868580 153
1868590 154
1868600 154
1868610 154
1868620 154
1868630 154
1868640 154
1868650 154
1868660 154
1868670 154
1868680 154
1868690 154
1868700 154
1868710 153
1868720 153
1868730 153
1868740 153
1868750 153
1868760 153
1868770 153
1868780 153
1868790 153
1868800 153
1868810 153
1868820 153
1868830 153
1868840 153
1868850 153
1868860 154
1868870 154
1868880 154
1868890 154
1868900 154
1868910 154
1868920 154
1868930 154
1868940 154
1868950 154
1868960 154
1868970 154
1868980 154
1868990 154
1869000 154
1869010 153
1869020 153
1869030 153
1869040 153
1869050 153
1869060 153
1869070 153
1869080 153
1869090 153
1869100 153
1869110 153
1869120 153
1869130 153
1869140 153
1869150 153
1869160 153
1869170 153
1869180 153
1869190 153
1869200 153
1869210 153
1869220 153
1869230 153
1869240 153
1869250 153
1869260 153
1869270 153
1869280 153
1869290 153
1869300 153
1869310 153
1869320 153
1869330 153
1869340 153
1869350 153
1869360 153
1869370 153
1869380 153
1869390 154
1869400 154
1869410 154
1869420 153
1869430 153
1869440 153
1869450 154
1869460 154
1869470 154
1869480 154
1869490 154
1869500 154
1869510 154
1869520 154
1869530 154
1869540 154
1869550 154
1869560 154
1869570 154
1869580 155
1869590 155
1869600 155
1869610 155
1869620 155
1869630 155
1869640 155
1869650 155
1869660 155
1869670 155
1869680 155
1869690 155
1869700 156
1869710 156
1869720 156
1869730 156
1869740 156
1869750 156
1869760 156
1869770 156
1869780 156
1869790 156
1869800 156
1869810 156
1869820 156
1869830 156
1869840 156
1869850 156
1869860 156
1869870 156
1869880 156
1869890 156
1869900 157
1869910 157
1869920 157
1869930 157
1869940 157
1869950 157
1869960 157
1869970 157
1869980 157
1869990 157
1870000 157
1870010 157
1870020 157
1870030 158
1870040 158
1870050 158
1870060 158
1870070 158
1870080 158
1870090 158
1870100 158
1870110 159
1870120 159
1870130 159
1870140 159
1870150 158
1870160 158
1870170 158
1870180 158
1870190 158
1870200 158
1870210 158
1870220 158
1870230 158
1870240 158
1870250 158
1870260 158
1870270 158
1870280 158
1870290 158
1870300 158
1870310 158
1870320 158
1870330 158
1870340 158
1870350 158
1870360 158
1870370 158
1870380 158
1870390 159
1870400 159
1870410 159
1870420 159
1870430 159
1870440 159
1870450 159
1870460 159
1870470 159
1870480 159
1870490 159
1870500 159
1870510 159
1870520 159
1870530 159
1870540 159
1870550 159
1870560 160
1870570 160
1870580 160
1870590 160
1870600 160
1870610 160
1870620 160
1870630 160
1870640 160
1870650 160
1870660 160
1870670 160
1870680 161
1870690 161
1870700 161
1870710 161
1870720 161
1870730 161
1870740 161
1870750 160
1870760 160
1870770 160
1870780 160
1870790 160
1870800 160
1870810 160
1870820 160
1870830 160
1870840 161
1870850 161
1870860 160
1870870 160
1870880 160
1870890 160
1870900 160
1870910 160
1870920 160
1870930 160
1870940 160
1870950 159
1870960 159
1870970 159
1870980 159
1870990 159
1871000 159
1871010 159
1871020 159
1871030 159
1871040 159
1871050 159
1871060 159
1871070 159
1871080 159
1871090 159
1871100 159
1871110 159
1871120 159
1871130 159
1871140 159
1871150 159
1871160 159
1871170 159
1871180 159
1871190 159
1871200 159
1871210 159
1871220 159
1871230 159
1871240 159
1871250 159
1871260 159
1871270 159
1871280 159
1871290 159
1871300 159
1871310 159
1871320 159
1871330 159
1871340 159
1871350 159
1871360 159
1871370 159
1871380 159
1871390 158
1871400 158
1871410 158
1871420 158
1871430 158
1871440 158
1871450 158
1871460 158
1871470 158
1871480 159
1871490 159
1871500 159
1871510 159
1871520 158
1871530 158
1871540 158
1871550 159
1871560 159
1871570 159
1871580 159
1871590 159
1871600 159
1871610 159
1871620 159
1871630 159
1871640 159
1871650 159
1871660 159
1871670 159
1871680 159
1871690 159
1871700 159
1871710 159
1871720 159
1871730 159
1871740 159
1871750 159
1871760 159
1871770 159
1871780 159
1871790 159
1871800 159
1871810 159
1871820 159
1871830 159
1871840 159
1871850 159
1871860 159
1871870 159
1871880 159
1871890 159
1871900 159
1871910 159
1871920 159
1871930 160
1871940 160
1871950 160
1871960 160
1871970 160
1871980 160
1871990 160
1872000 160
1872010 160
1872020 160
1872030 160
1872040 160
1872050 160
1872060 160
1872070 160
1872080 161
1872090 160
1872100 160
1872110 160
1872120 160
1872130 160
1872140 161
1872150 161
1872160 161
1872170 160
1872180 161
1872190 161
1872200 161
1872210 161
1872220 161
1872230 161
1872240 161
1872250 161
1872260 161
1872270 161
1872280 161
1872290 161
1872300 161
1872310 161
1872320 161
1872330 161
1872340 161
1872350 162
1872360 162
1872370 162
1872380 162
1872390 162
1872400 162
1872410 162
1872420 162
1872430 162
1872440 162
1872450 162
1872460 162
1872470 162
1872480 162
1872490 162
1872500 162
1872510 163
1872520 163
1872530 163
1872540 163
1872550 163
1872560 163
1872570 162
1872580 162
1872590 162
1872600 162
1872610 162
1872620 162
1872630 162
1872640 162
1872650 162
1872660 162
1872670 162
1872680 162
1872690 162
1872700 162
1872710 162
1872720 162
1872730 162
1872740 162
1872750 162
1872760 162
1872770 162
1872780 162
1872790 162
1872800 162
1872810 162
1872820 162
1872830 162
1872840 162
1872850 162
1872860 162
1872870 162
1872880 162
1872890 162
1872900 161
1872910 161
1872920 161
1872930 161
1872940 161
1872950 161
1872960 161
1872970 161
1872980 161
1872990 160
1873000 160
1873010 160
1873020 160
1873030 160
1873040 160
1873050 160
1873060 160
1873070 160
1873080 160
1873090 160
1873100 159
1873110 160
1873120 160
1873130 160
1873140 159
1873150 159
1873160 159
1873170 159
1873180 159
1873190 159
1873200 159
1873210 159
1873220 159
1873230 159
1873240 159
1873250 159
1873260 159
1873270 159
1873280 159
1873290 159
1873300 159
1873310 159
1873320 159
1873330 159
1873340 159
1873350 159
1873360 159
1873370 159
1873380 159
1873390 159
1873400 159
1873410 159
1873420 159
1873430 159
1873440 159
1873450 159
1873460 159
1873470 159
1873480 159
1873490 159
1873500 159
1873510 159
1873520 159
1873530 159
1873540 159
1873550 159
1873560 159
1873570 159
1873580 159
1873590 159
1873600 159
1873610 159
1873620 159
1873630 159
1873640 159
1873650 159
1873660 159
1873670 159
1873680 159
1873690 159
1873700 159
1873710 159
1873720 159
1873730 159
1873740 159
1873750 159
1873760 159
1873770 159
1873780 159
1873790 159
1873800 159
1873810 159
1873820 159
1873830 159
1873840 159
1873850 159
1873860 159
1873870 159
1873880 159
1873890 159
1873900 159
1873910 159
1873920 159
1873930 159
1873940 159
1873950 159
1873960 159
1873970 159
1873980 159
1873990 159
1874000 159
1874010 159
1874020 159
1874030 159
1874040 159
1874050 159
1874060 159
1874070 159
1874080 159
1874090 160
1874100 160
1874110 160
1874120 160
1874130 160
1874140 160
1874150 160
1874160 160
1874170 160
1874180 160
1874190 160
1874200 160
1874210 160
1874220 160
1874230 160
1874240 160
1874250 160
1874260 160
1874270 161
1874280 161
1874290 161
1874300 161
1874310 162
1874320 162
1874330 162
1874340 162
1874350 162
1874360 162
1874370 162
1874380 162
1874390 162
1874400 161
1874410 161
1874420 161
1874430 161
1874440 161
1874450 161
1874460 161
1874470 161
1874480 161
1874490 161
1874500 161
1874510 161
1874520 161
1874530 161
1874540 161
1874550 160
1874560 160
1874570 160
1874580 160
1874590 160
1874600 160
1874610 160
1874620 160
1874630 160
1874640 160
1874650 160
1874660 160
1874670 159
1874680 159
1874690 159
1874700 159
1874710 159
1874720 159
1874730 159
1874740 159
1874750 159
1874760 158
1874770 158
1874780 158
1874790 158
1874800 158
1874810 158
1874820 158
1874830 158
1874840 158
1874850 158
1874860 158
1874870 157
1874880 157
1874890 157
1874900 157
1874910 157
1874920 157
1874930 157
1874940 157
1874950 157
1874960 157
1874970 157
1874980 157
1874990 157
1875000 157
1875010 157
1875020 157
1875030 157
1875040 157
1875050 157
1875060 157
1875070 156
1875080 156
1875090 156
1875100 156
1875110 156
1875120 156
1875130 156
1875140 156
1875150 156
1875160 156
1875170 156
1875180 156
1875190 156
1875200 156
1875210 156
1875220 155
1875230 155
1875240 155
1875250 155
1875260 155
1875270 155
1875280 155
1875290 156
1875300 156
1875310 156
1875320 154
1875330 154
1875340 154
1875350 156
1875360 156
1875370 155
1875380 155
1875390 155
1875400 155
1875410 155
1875420 155
1875430 155
1875440 155
1875450 155
1875460 155
1875470 155
1875480 155
1875490 155
1875500 155
1875510 155
1875520 155
1875530 155
1875540 155
1875550 155
1875560 155
1875570 155
1875580 155
1875590 155
1875600 155
1875610 155
1875620 155
1875630 155
1875640 156
1875650 156
1875660 156
1875670 155
1875680 156
1875690 156
1875700 156
1875710 156
1875720 156
1875730 156
1875740 155
1875750 155
1875760 155
1875770 155
1875780 155
1875790 155
1875800 155
1875810 155
1875820 155
1875830 155
1875840 155
1875850 155
1875860 154
1875870 154
1875880 154
1875890 154
1875900 154
1875910 153
1875920 153
1875930 153
1875940 153
1875950 153
1875960 153
1875970 153
1875980 152
1875990 152
1876000 152
1876010 152
1876020 152
1876030 152
1876040 151
1876050 151
1876060 151
1876070 151
1876080 151
1876090 150
1876100 150
1876110 150
1876120 150
1876130 149
1876140 149
1876150 149
1876160 149
1876170 149
1876180 148
1876190 148
1876200 148
1876210 148
1876220 148
1876230 148
1876240 148
1876250 147
1876260 147
1876270 147
1876280 147
1876290 147
1876300 147
1876310 146
1876320 146
1876330 146
1876340 146
1876350 146
1876360 146
1876370 146
1876380 146
1876390 145
1876400 145
1876410 145
1876420 145
1876430 144
1876440 144
1876450 144
1876460 144
1876470 144
1876480 144
1876490 143
1876500 143
1876510 143
1876520 143
1876530 143
1876540 143
1876550 143
1876560 143
1876570 143
1876580 143
1876590 143
1876600 143
1876610 143
1876620 143
1876630 143
1876640 143
1876650 143
1876660 142
1876670 142
1876680 142
1876690 142
1876700 142
1876710 142
1876720 142
1876730 142
1876740 142
1876750 142
1876760 142
1876770 142
1876780 142
1876790 142
1876800 142
1876810 142
1876820 142
1876830 142
1876840 142
1876850 142
1876860 142
1876870 142
1876880 142
1876890 142
1876900 142
1876910 141
1876920 141
1876930 142
1876940 142
1876950 142
1876960 142
1876970 142
1876980 142
1876990 142
1877000 142
1877010 142
1877020 142
1877030 142
1877040 142
1877050 142
1877060 142
1877070 142
1877080 143
1877090 143
1877100 143
1877110 143
1877120 144
1877130 144
1877140 144
1877150 144
1877160 144
1877170 144
1877180 144
1877190 144
1877200 145
1877210 145
1877220 145
1877230 145
1877240 145
1877250 145
1877260 145
1877270 145
1877280 145
1877290 145
1877300 144
1877310 144
1877320 144
1877330 143
1877340 143
1877350 143
1877360 142
1877370 142
1877380 142
1877390 142
1877400 142
1877410 142
1877420 142
1877430 142
1877440 142
1877450 142
1877460 142
1877470 142
1877480 142
1877490 142
1877500 142
1877510 142
1877520 142
1877530 142
1877540 142
1877550 142
1877560 142
1877570 142
1877580 142
1877590 142
1877600 142
1877610 142
1877620 142
1877630 142
1877640 142
1877650 142
1877660 142
1877670 142
1877680 142
1877690 142
1877700 142
1877710 141
1877720 141
1877730 141
1877740 140
1877750 140
1877760 140
1877770 140
1877780 140
1877790 140
1877800 140
1877810 141
1877820 141
1877830 141
1877840 141
1877850 141
1877860 141
1877870 141
1877880 141
1877890 141
1877900 141
1877910 141
1877920 141
1877930 141
1877940 141
1877950 141
1877960 141
1877970 141
1877980 141
1877990 141
1878000 141
1878010 141
1878020 141
1878030 141
1878040 141
1878050 142
1878060 142
1878070 142
1878080 142
1878090 142
1878100 141
1878110 141
1878120 141
1878130 141
1878140 142
1878150 142
1878160 142
1878170 142
1878180 142
1878190 142
1878200 142
1878210 142
1878220 142
1878230 143
1878240 143
1878250 140
1878260 140
1878270 140
1878280 140
1878290 140
1878300 140
1878310 140
1878320 140
1878330 140
1878340 140
1878350 140
1878360 140
1878370 140
1878380 140
1878390 140
1878400 140
1878410 140
1878420 140
1878430 140
1878440 140
1878450 140
1878460 140
1878470 140
1878480 140
1878490 140
1878500 140
1878510 140
1878520 140
1878530 140
1878540 140
1878550 140
1878560 140
1878570 140
1878580 140
1878590 140
1878600 142
1878610 143
1878620 143
1878630 143
1878640 143
1878650 143
1878660 143
1878670 143
1878680 143
1878690 143
1878700 143
1878710 143
1878720 143
1878730 143
1878740 143
1878750 143
1878760 143
1878770 143
1878780 143
1878790 143
1878800 143
1878810 143
1878820 143
1878830 143
1878840 143
1878850 143
1878860 143
1878870 143
1878880 143
1878890 143
1878900 143
1878910 143
1878920 143
1878930 143
1878940 143
1878950 143
1878960 143
1878970 142
1878980 142
1878990 143
1879000 143
1879010 143
1879020 143
1879030 142
1879040 142
1879050 142
1879060 142
1879070 142
1879080 142
1879090 142
1879100 142
1879110 142
1879120 142
1879130 142
1879140 142
1879150 142
1879160 142
1879170 142
1879180 142
1879190 142
1879200 142
1879210 142
1879220 142
1879230 142
1879240 142
1879250 142
1879260 142
1879270 142
1879280 142
1879290 142
1879300 142
1879310 142
1879320 142
1879330 142
1879340 142
1879350 141
1879360 141
1879370 141
1879380 141
1879390 141
1879400 141
1879410 141
1879420 142
1879430 142
1879440 142
1879450 142
1879460 142
1879470 142
1879480 142
1879490 142
1879500 142
1879510 142
1879520 142
1879530 141
1879540 141
1879550 141
1879560 141
1879570 141
1879580 141
1879590 141
1879600 141
1879610 141
1879620 141
1879630 141
1879640 141
1879650 141
1879660 141
1879670 141
1879680 141
1879690 141
1879700 141
1879710 143
1879720 142
1879730 142
1879740 141
1879750 141
1879760 141
1879770 141
1879780 141
1879790 141
1879800 141
1879810 141
1879820 141
1879830 141
1879840 141
1879850 141
1879860 140
1879870 139
1879880 139
1879890 139
1879900 139
1879910 139
1879920 139
1879930 139
1879940 139
1879950 140
1879960 139
1879970 139
1879980 139
1879990 139
