1860000 154
1860010 154
1860020 154
1860030 154
1860040 154
1860050 154
1860060 154
1860070 154
1860080 154
1860090 154
1860100 154
1860110 154
1860120 154
1860130 154
1860140 153
1860150 153
1860160 153
1860170 153
1860180 153
1860190 153
1860200 153
1860210 153
1860220 153
1860230 154
1860240 154
1860250 154
1860260 154
1860270 154
1860280 154
1860290 154
1860300 154
1860310 154
1860320 154
1860330 154
1860340 154
1860350 154
1860360 154
1860370 154
1860380 155
1860390 155
1860400 155
1860410 155
1860420 154
1860430 154
1860440 155
1860450 154
1860460 154
1860470 154
1860480 154
1860490 154
1860500 155
1860510 154
1860520 154
1860530 154
1860540 154
1860550 154
1860560 153
1860570 154
1860580 154
1860590 154
1860600 153
1860610 153
1860620 153
1860630 153
1860640 153
1860650 153
1860660 152
1860670 152
1860680 152
1860690 152
1860700 152
1860710 152
1860720 152
1860730 152
1860740 152
1860750 152
1860760 152
1860770 153
1860780 153
1860790 153
1860800 153
1860810 153
1860820 153
1860830 153
1860840 153
1860850 153
1860860 153
1860870 153
1860880 153
1860890 153
1860900 153
1860910 153
1860920 153
1860930 153
1860940 153
1860950 153
1860960 153
1860970 153
1860980 153
1860990 153
1861000 153
1861010 153
1861020 153
1861030 153
1861040 153
1861050 153
1861060 153
1861070 153
1861080 153
1861090 153
1861100 153
1861110 153
1861120 153
1861130 153
1861140 153
1861150 153
1861160 153
1861170 153
1861180 153
1861190 153
1861200 153
1861210 153
1861220 153
1861230 153
1861240 153
1861250 153
1861260 153
1861270 153
1861280 153
1861290 153
1861300 153
1861310 153
1861320 153
1861330 153
1861340 153
1861350 153
1861360 153
1861370 153
1861380 153
1861390 153
1861400 153
1861410 153
1861420 153
1861430 153
1861440 153
1861450 153
1861460 153
1861470 153
1861480 153
1861490 153
1861500 153
1861510 153
1861520 152
1861530 152
1861540 152
1861550 152
1861560 152
1861570 152
1861580 152
1861590 152
1861600 152
1861610 152
1861620 152
1861630 152
1861640 152
1861650 152
1861660 152
1861670 152
1861680 152
1861690 152
1861700 152
1861710 152
1861720 152
1861730 152
1861740 152
1861750 152
1861760 152
1861770 152
1861780 152
1861790 152
1861800 152
1861810 152
1861820 152
1861830 152
1861840 152
1861850 152
1861860 152
1861870 152
1861880 152
1861890 152
1861900 152
1861910 152
1861920 152
1861930 152
1861940 152
1861950 152
1861960 152
1861970 152
1861980 152
1861990 152
1862000 152
1862010 152
1862020 152
1862030 152
1862040 152
1862050 152
1862060 152
1862070 152
1862080 152
1862090 152
1862100 152
1862110 152
1862120 152
1862130 152
1862140 151
1862150 152
1862160 152
1862170 152
1862180 152
1862190 152
1862200 152
1862210 152
1862220 152
1862230 151
1862240 151
1862250 151
1862260 151
1862270 152
1862280 152
1862290 151
1862300 151
1862310 151
1862320 151
1862330 151
1862340 151
1862350 151
1862360 151
1862370 151
1862380 151
1862390 151
1862400 151
1862410 151
1862420 151
1862430 151
1862440 151
1862450 151
1862460 151
1862470 151
1862480 151
1862490 151
1862500 151
1862510 151
1862520 151
1862530 151
1862540 151
1862550 151
1862560 151
1862570 151
1862580 151
1862590 151
1862600 151
1862610 151
1862620 151
1862630 151
1862640 151
1862650 151
1862660 151
1862670 151
1862680 151
1862690 151
1862700 151
1862710 151
1862720 151
1862730 151
1862740 151
1862750 151
1862760 151
1862770 151
1862780 151
1862790 151
1862800 151
1862810 151
1862820 151
1862830 151
1862840 151
1862850 151
1862860 151
1862870 151
1862880 151
1862890 151
1862900 151
1862910 151
1862920 151
1862930 151
1862940 151
1862950 151
1862960 151
1862970 151
1862980 151
1862990 151
1863000 151
1863010 151
1863020 151
1863030 151
1863040 151
1863050 151
1863060 151
1863070 151
1863080 151
1863090 151
1863100 151
1863110 151
1863120 151
1863130 151
1863140 151
1863150 151
1863160 152
1863170 152
1863180 152
1863190 152
1863200 152
1863210 152
1863220 152
1863230 152
1863240 152
1863250 152
1863260 152
1863270 152
1863280 152
1863290 152
1863300 152
1863310 152
1863320 152
1863330 152
1863340 152
1863350 152
1863360 152
1863370 152
1863380 152
1863390 152
1863400 152
1863410 152
1863420 152
1863430 152
1863440 152
1863450 152
1863460 152
1863470 152
1863480 152
1863490 152
1863500 152
1863510 152
1863520 152
1863530 152
1863540 152
1863550 152
1863560 152
1863570 152
1863580 152
1863590 152
1863600 152
1863610 151
1863620 151
1863630 151
1863640 151
1863650 151
1863660 151
1863670 152
1863680 152
1863690 152
1863700 152
1863710 152
1863720 152
1863730 152
1863740 152
1863750 152
1863760 152
1863770 152
1863780 152
1863790 152
1863800 152
1863810 152
1863820 152
1863830 152
1863840 152
1863850 152
1863860 152
1863870 152
1863880 152
1863890 152
1863900 152
1863910 152
1863920 152
1863930 152
1863940 152
1863950 152
1863960 152
1863970 152
1863980 152
1863990 152
1864000 152
1864010 152
1864020 152
1864030 152
1864040 152
1864050 152
1864060 152
1864070 152
1864080 152
1864090 153
1864100 153
1864110 153
1864120 154
1864130 154
1864140 154
1864150 154
1864160 154
1864170 154
1864180 154
1864190 154
1864200 154
1864210 154
1864220 153
1864230 154
1864240 154
1864250 154
1864260 154
1864270 154
1864280 154
1864290 153
1864300 153
1864310 153
1864320 153
1864330 153
1864340 153
1864350 154
1864360 153
1864370 153
1864380 153
1864390 153
1864400 153
1864410 153
1864420 153
1864430 153
1864440 153
1864450 153
1864460 153
1864470 153
1864480 153
1864490 153
1864500 153
1864510 153
1864520 153
1864530 153
1864540 153
1864550 153
1864560 153
1864570 153
1864580 153
1864590 153
1864600 153
1864610 153
1864620 153
1864630 153
1864640 153
1864650 153
1864660 154
1864670 154
1864680 154
1864690 154
1864700 154
1864710 155
1864720 155
1864730 155
1864740 155
1864750 155
1864760 155
1864770 155
1864780 155
1864790 155
1864800 155
1864810 155
1864820 155
1864830 155
1864840 155
1864850 155
1864860 155
1864870 154
1864880 154
1864890 154
1864900 154
1864910 154
1864920 154
1864930 154
1864940 154
1864950 154
1864960 154
1864970 154
1864980 154
1864990 153
1865000 153
1865010 153
1865020 153
1865030 153
1865040 153
1865050 153
1865060 153
1865070 153
1865080 153
1865090 153
1865100 153
1865110 153
1865120 153
1865130 153
1865140 153
1865150 153
1865160 153
1865170 153
1865180 153
1865190 153
1865200 153
1865210 153
1865220 153
1865230 154
1865240 153
1865250 153
1865260 154
1865270 154
1865280 154
1865290 154
1865300 154
1865310 154
1865320 154
1865330 154
1865340 154
1865350 154
1865360 154
1865370 154
1865380 154
1865390 154
1865400 154
1865410 154
1865420 154
1865430 154
1865440 154
1865450 154
1865460 154
1865470 154
1865480 154
1865490 154
1865500 154
1865510 154
1865520 154
1865530 154
1865540 154
1865550 154
1865560 154
1865570 154
1865580 154
1865590 154
1865600 154
1865610 154
1865620 154
1865630 154
1865640 154
1865650 154
1865660 154
1865670 154
1865680 154
1865690 154
1865700 154
1865710 154
1865720 154
1865730 154
1865740 154
1865750 154
1865760 154
1865770 154
1865780 154
1865790 154
1865800 154
1865810 154
1865820 154
1865830 154
1865840 154
1865850 154
1865860 154
1865870 154
1865880 154
1865890 154
1865900 154
1865910 154
1865920 154
1865930 154
1865940 154
1865950 154
1865960 154
1865970 154
1865980 154
1865990 154
1866000 154
1866010 154
1866020 154
1866030 154
1866040 154
1866050 154
1866060 154
1866070 154
1866080 154
1866090 154
1866100 154
1866110 154
1866120 154
1866130 154
1866140 154
1866150 154
1866160 154
1866170 154
1866180 154
1866190 154
1866200 154
1866210 154
1866220 154
1866230 154
1866240 154
1866250 154
1866260 154
1866270 154
1866280 154
1866290 154
1866300 154
1866310 154
1866320 154
1866330 154
1866340 154
1866350 154
1866360 154
1866370 154
1866380 154
1866390 154
1866400 154
1866410 154
1866420 154
1866430 154
1866440 154
1866450 154
1866460 154
1866470 154
1866480 154
1866490 154
1866500 154
1866510 154
1866520 154
1866530 154
1866540 154
1866550 154
1866560 154
1866570 154
1866580 154
1866590 154
1866600 154
1866610 154
1866620 154
1866630 154
1866640 154
1866650 154
1866660 154
1866670 154
1866680 154
1866690 154
1866700 154
1866710 154
1866720 154
1866730 154
1866740 154
1866750 154
1866760 154
1866770 154
1866780 154
1866790 154
1866800 154
1866810 154
1866820 154
1866830 154
1866840 154
1866850 154
1866860 154
1866870 154
1866880 154
1866890 154
1866900 154
1866910 154
1866920 154
1866930 154
1866940 154
1866950 154
1866960 154
1866970 154
1866980 154
1866990 154
1867000 154
1867010 154
1867020 154
1867030 154
1867040 155
1867050 155
1867060 155
1867070 156
1867080 156
1867090 156
1867100 157
1867110 157
1867120 157
1867130 157
1867140 157
1867150 157
1867160 157
1867170 157
1867180 157
1867190 156
1867200 156
1867210 156
1867220 156
1867230 156
1867240 156
1867250 156
1867260 156
1867270 156
1867280 156
1867290 156
1867300 156
1867310 156
1867320 156
1867330 156
1867340 156
1867350 156
1867360 156
1867370 156
1867380 156
1867390 156
1867400 156
1867410 156
1867420 156
1867430 156
1867440 156
1867450 156
1867460 156
1867470 157
1867480 157
1867490 157
1867500 156
1867510 156
1867520 156
1867530 156
1867540 156
1867550 156
1867560 156
1867570 156
1867580 156
1867590 156
1867600 156
1867610 156
1867620 156
1867630 156
1867640 156
1867650 156
1867660 156
1867670 156
1867680 156
1867690 156
1867700 156
1867710 156
1867720 156
1867730 156
1867740 156
1867750 156
1867760 156
1867770 156
1867780 156
1867790 156
1867800 156
1867810 156
1867820 156
1867830 156
1867840 156
1867850 156
1867860 157
1867870 157
1867880 156
1867890 156
1867900 156
1867910 156
1867920 156
1867930 156
1867940 156
1867950 156
1867960 156
1867970 156
1867980 156
1867990 156
1868000 155
1868010 155
1868020 155
1868030 155
1868040 155
1868050 155
1868060 155
1868070 155
1868080 155
1868090 155
1868100 155
1868110 155
1868120 155
1868130 155
1868140 155
1868150 155
1868160 155
1868170 155
1868180 155
1868190 155
1868200 155
1868210 154
1868220 154
1868230 154
1868240 154
1868250 154
1868260 154
1868270 154
1868280 154
1868290 154
1868300 154
1868310 154
1868320 154
1868330 154
1868340 154
1868350 154
1868360 154
1868370 154
1868380 154
1868390 154
1868400 154
1868410 154
1868420 154
1868430 154
1868440 154
1868450 154
1868460 154
1868470 154
1868480 154
1868490 154
1868500 154
1868510 154
1868520 154
1868530 154
1868540 154
1868550 154
1868560 154
1868570 154
1868580 154
1868590 154
1868600 154
1868610 154
1868620 154
1868630 154
1868640 154
1868650 154
1868660 154
1868670 154
1868680 154
1868690 153
1868700 153
1868710 153
1868720 153
1868730 153
1868740 153
1868750 153
1868760 153
1868770 153
1868780 153
1868790 153
1868800 153
1868810 153
1868820 153
1868830 153
1868840 153
1868850 153
1868860 153
1868870 153
1868880 153
1868890 153
1868900 154
1868910 154
1868920 154
1868930 154
1868940 154
1868950 154
1868960 154
1868970 154
1868980 154
1868990 154
1869000 154
1869010 154
1869020 154
1869030 154
1869040 154
1869050 154
1869060 154
1869070 154
1869080 154
1869090 155
1869100 155
1869110 155
1869120 155
1869130 155
1869140 155
1869150 155
1869160 155
1869170 155
1869180 155
1869190 155
1869200 155
1869210 155
1869220 155
1869230 154
1869240 154
1869250 154
1869260 154
1869270 154
1869280 154
1869290 154
1869300 154
1869310 154
1869320 154
1869330 154
1869340 154
1869350 154
1869360 154
1869370 154
1869380 154
1869390 154
1869400 154
1869410 154
1869420 154
1869430 154
1869440 154
1869450 154
1869460 154
1869470 154
1869480 154
1869490 154
1869500 154
1869510 154
1869520 154
1869530 154
1869540 154
1869550 154
1869560 154
1869570 154
1869580 154
1869590 154
1869600 154
1869610 154
1869620 154
1869630 154
1869640 154
1869650 154
1869660 154
1869670 154
1869680 154
1869690 154
1869700 154
1869710 154
1869720 154
1869730 154
1869740 154
1869750 154
1869760 154
1869770 154
1869780 154
1869790 154
1869800 154
1869810 154
1869820 154
1869830 154
1869840 154
1869850 154
1869860 154
1869870 154
1869880 154
1869890 154
1869900 154
1869910 154
1869920 154
1869930 154
1869940 154
1869950 154
1869960 154
1869970 154
1869980 154
1869990 154
1870000 154
1870010 154
1870020 154
1870030 154
1870040 154
1870050 154
1870060 155
1870070 155
1870080 155
1870090 155
1870100 155
1870110 155
1870120 155
1870130 155
1870140 155
1870150 155
1870160 155
1870170 155
1870180 155
1870190 156
1870200 156
1870210 156
1870220 157
1870230 157
1870240 157
1870250 158
1870260 158
1870270 158
1870280 157
1870290 157
1870300 157
1870310 157
1870320 157
1870330 157
1870340 157
1870350 157
1870360 157
1870370 157
1870380 157
1870390 157
1870400 157
1870410 157
1870420 157
1870430 157
1870440 157
1870450 157
1870460 157
1870470 157
1870480 157
1870490 157
1870500 157
1870510 157
1870520 157
1870530 157
1870540 157
1870550 157
1870560 157
1870570 157
1870580 157
1870590 157
1870600 157
1870610 157
1870620 157
1870630 157
1870640 157
1870650 157
1870660 157
1870670 157
1870680 157
1870690 157
1870700 157
1870710 157
1870720 157
1870730 157
1870740 157
1870750 157
1870760 157
1870770 157
1870780 157
1870790 157
1870800 157
1870810 157
1870820 157
1870830 157
1870840 157
1870850 157
1870860 157
1870870 157
1870880 157
1870890 157
1870900 157
1870910 157
1870920 157
1870930 157
1870940 157
1870950 157
1870960 157
1870970 157
1870980 157
1870990 157
1871000 157
1871010 157
1871020 157
1871030 157
1871040 157
1871050 157
1871060 157
1871070 157
1871080 157
1871090 157
1871100 157
1871110 157
1871120 157
1871130 157
1871140 157
1871150 157
1871160 157
1871170 157
1871180 157
1871190 157
1871200 158
1871210 158
1871220 158
1871230 158
1871240 158
1871250 158
1871260 158
1871270 158
1871280 158
1871290 158
1871300 159
1871310 159
1871320 159
1871330 159
1871340 159
1871350 159
1871360 159
1871370 159
1871380 159
1871390 159
1871400 159
1871410 160
1871420 160
1871430 160
1871440 160
1871450 160
1871460 160
1871470 160
1871480 160
1871490 160
1871500 160
1871510 160
1871520 160
1871530 160
1871540 160
1871550 160
1871560 160
1871570 160
1871580 160
1871590 160
1871600 160
1871610 160
1871620 160
1871630 160
1871640 160
1871650 160
1871660 160
1871670 160
1871680 160
1871690 160
1871700 160
1871710 160
1871720 160
1871730 160
1871740 160
1871750 160
1871760 160
1871770 160
1871780 160
1871790 160
1871800 160
1871810 160
1871820 160
1871830 160
1871840 160
1871850 160
1871860 161
1871870 161
1871880 161
1871890 161
1871900 161
1871910 161
1871920 161
1871930 161
1871940 161
1871950 161
1871960 161
1871970 161
1871980 161
1871990 161
1872000 161
1872010 161
1872020 161
1872030 161
1872040 161
1872050 161
1872060 161
1872070 161
1872080 161
1872090 161
1872100 161
1872110 161
1872120 161
1872130 161
1872140 161
1872150 161
1872160 161
1872170 161
1872180 161
1872190 162
1872200 161
1872210 161
1872220 161
1872230 161
1872240 161
1872250 162
1872260 162
1872270 162
1872280 162
1872290 161
1872300 161
1872310 161
1872320 161
1872330 161
1872340 161
1872350 161
1872360 161
1872370 161
1872380 161
1872390 161
1872400 161
1872410 161
1872420 161
1872430 161
1872440 161
1872450 161
1872460 162
1872470 162
1872480 162
1872490 162
1872500 162
1872510 162
1872520 162
1872530 162
1872540 162
1872550 162
1872560 162
1872570 162
1872580 162
1872590 162
1872600 162
1872610 162
1872620 162
1872630 162
1872640 162
1872650 162
1872660 162
1872670 162
1872680 162
1872690 162
1872700 161
1872710 161
1872720 161
1872730 161
1872740 161
1872750 161
1872760 161
1872770 161
1872780 162
1872790 162
1872800 162
1872810 162
1872820 162
1872830 162
1872840 162
1872850 162
1872860 162
1872870 162
1872880 162
1872890 162
1872900 161
1872910 162
1872920 162
1872930 162
1872940 162
1872950 162
1872960 162
1872970 161
1872980 161
1872990 161
1873000 161
1873010 161
1873020 161
1873030 161
1873040 161
1873050 161
1873060 160
1873070 160
1873080 160
1873090 160
1873100 160
1873110 160
1873120 160
1873130 160
1873140 159
1873150 158
1873160 158
1873170 157
1873180 157
1873190 157
1873200 155
1873210 154
1873220 154
1873230 154
1873240 153
1873250 153
1873260 153
1873270 152
1873280 152
1873290 152
1873300 151
1873310 151
1873320 151
1873330 150
1873340 150
1873350 150
1873360 149
1873370 149
1873380 149
1873390 149
1873400 149
1873410 149
1873420 146
1873430 146
1873440 145
1873450 146
1873460 146
1873470 150
1873480 154
1873490 154
1873500 154
1873510 150
1873520 150
1873530 147
1873540 147
1873550 147
1873560 147
1873570 147
1873580 147
1873590 147
1873600 146
1873610 146
1873620 146
1873630 146
1873640 146
1873650 146
1873660 146
1873670 146
1873680 146
1873690 146
1873700 146
1873710 146
1873720 145
1873730 145
1873740 145
1873750 145
1873760 145
1873770 145
1873780 145
1873790 145
1873800 145
1873810 145
1873820 145
1873830 145
1873840 145
1873850 145
1873860 145
1873870 145
1873880 145
1873890 145
1873900 145
1873910 145
1873920 145
1873930 145
1873940 145
1873950 145
1873960 145
1873970 145
1873980 145
1873990 145
1874000 145
1874010 145
1874020 144
1874030 144
1874040 144
1874050 144
1874060 144
1874070 144
1874080 144
1874090 144
1874100 144
1874110 144
1874120 144
1874130 144
1874140 143
1874150 143
1874160 143
1874170 144
1874180 144
1874190 144
1874200 144
1874210 144
1874220 144
1874230 144
1874240 144
1874250 144
1874260 144
1874270 144
1874280 144
1874290 144
1874300 144
1874310 144
1874320 144
1874330 144
1874340 143
1874350 143
1874360 143
1874370 143
1874380 143
1874390 143
1874400 143
1874410 143
1874420 143
1874430 144
1874440 143
1874450 143
1874460 143
1874470 143
1874480 143
1874490 143
1874500 143
1874510 143
1874520 143
1874530 143
1874540 143
1874550 143
1874560 144
1874570 144
1874580 144
1874590 144
1874600 144
1874610 144
1874620 144
1874630 144
1874640 144
1874650 144
1874660 144
1874670 144
1874680 144
1874690 144
1874700 144
1874710 144
1874720 144
1874730 144
1874740 144
1874750 144
1874760 144
1874770 144
1874780 144
1874790 144
1874800 144
1874810 144
1874820 144
1874830 144
1874840 144
1874850 143
1874860 143
1874870 143
1874880 143
1874890 143
1874900 143
1874910 143
1874920 143
1874930 143
1874940 143
1874950 143
1874960 143
1874970 143
1874980 143
1874990 143
1875000 143
1875010 143
1875020 143
1875030 143
1875040 143
1875050 143
1875060 143
1875070 143
1875080 143
1875090 143
1875100 143
1875110 143
1875120 143
1875130 143
1875140 143
1875150 143
1875160 143
1875170 143
1875180 143
1875190 143
1875200 143
1875210 143
1875220 143
1875230 143
1875240 143
1875250 143
1875260 143
1875270 143
1875280 143
1875290 143
1875300 143
1875310 143
1875320 143
1875330 143
1875340 143
1875350 143
1875360 143
1875370 143
1875380 143
1875390 143
1875400 143
1875410 143
1875420 143
1875430 144
1875440 144
1875450 144
1875460 144
1875470 144
1875480 144
1875490 144
1875500 144
1875510 144
1875520 144
1875530 144
1875540 144
1875550 144
1875560 144
1875570 143
1875580 143
1875590 143
1875600 143
1875610 143
1875620 143
1875630 143
1875640 143
1875650 143
1875660 143
1875670 143
1875680 143
1875690 143
1875700 143
1875710 143
1875720 143
1875730 143
1875740 143
1875750 143
1875760 143
1875770 143
1875780 143
1875790 143
1875800 143
1875810 143
1875820 143
1875830 143
1875840 143
1875850 143
1875860 143
1875870 142
1875880 142
1875890 142
1875900 142
1875910 142
1875920 142
1875930 142
1875940 142
1875950 142
1875960 142
1875970 142
1875980 142
1875990 142
1876000 142
1876010 142
1876020 142
1876030 142
1876040 142
1876050 143
1876060 143
1876070 143
1876080 143
1876090 143
1876100 143
1876110 143
1876120 143
1876130 143
1876140 143
1876150 143
1876160 143
1876170 143
1876180 143
1876190 143
1876200 143
1876210 143
1876220 143
1876230 143
1876240 143
1876250 143
1876260 142
1876270 142
1876280 142
1876290 142
1876300 142
1876310 143
1876320 143
1876330 143
1876340 143
1876350 143
1876360 143
1876370 143
1876380 143
1876390 143
1876400 143
1876410 143
1876420 143
1876430 143
1876440 143
1876450 143
1876460 143
1876470 143
1876480 143
1876490 143
1876500 143
1876510 143
1876520 143
1876530 143
1876540 143
1876550 143
1876560 143
1876570 143
1876580 142
1876590 142
1876600 142
1876610 142
1876620 142
1876630 142
1876640 142
1876650 142
1876660 142
1876670 143
1876680 143
1876690 143
1876700 143
1876710 144
1876720 144
1876730 144
1876740 144
1876750 144
1876760 145
1876770 145
1876780 145
1876790 145
1876800 145
1876810 145
1876820 144
1876830 144
1876840 144
1876850 144
1876860 143
1876870 143
1876880 143
1876890 143
1876900 143
1876910 143
1876920 143
1876930 143
1876940 142
1876950 142
1876960 142
1876970 142
1876980 142
1876990 142
1877000 142
1877010 142
1877020 142
1877030 142
1877040 142
1877050 142
1877060 142
1877070 142
1877080 142
1877090 142
1877100 142
1877110 142
1877120 142
1877130 142
1877140 142
1877150 143
1877160 143
1877170 143
1877180 143
1877190 143
1877200 143
1877210 143
1877220 143
1877230 143
1877240 143
1877250 143
1877260 143
1877270 143
1877280 143
1877290 143
1877300 144
1877310 144
1877320 144
1877330 144
1877340 144
1877350 144
1877360 145
1877370 145
1877380 145
1877390 144
1877400 144
1877410 144
1877420 144
1877430 144
1877440 144
1877450 144
1877460 144
1877470 144
1877480 143
1877490 141
1877500 141
1877510 141
1877520 141
1877530 141
1877540 141
1877550 141
1877560 141
1877570 141
1877580 141
1877590 141
1877600 142
1877610 142
1877620 142
1877630 142
1877640 142
1877650 142
1877660 142
1877670 142
1877680 142
1877690 142
1877700 141
1877710 141
1877720 141
1877730 141
1877740 141
1877750 141
1877760 142
1877770 142
1877780 142
1877790 141
1877800 141
1877810 141
1877820 141
1877830 141
1877840 141
1877850 141
1877860 141
1877870 141
1877880 141
1877890 141
1877900 141
1877910 141
1877920 141
1877930 141
1877940 141
1877950 141
1877960 141
1877970 141
1877980 141
1877990 141
1878000 141
1878010 141
1878020 141
1878030 140
1878040 140
1878050 141
1878060 141
1878070 141
1878080 141
1878090 141
1878100 141
1878110 141
1878120 141
1878130 141
1878140 141
1878150 141
1878160 141
1878170 141
1878180 141
1878190 141
1878200 141
1878210 141
1878220 141
1878230 141
1878240 142
1878250 142
1878260 142
1878270 141
1878280 141
1878290 141
1878300 141
1878310 141
1878320 141
1878330 141
1878340 141
1878350 141
1878360 140
1878370 140
1878380 141
1878390 140
1878400 140
1878410 141
1878420 141
1878430 141
1878440 141
1878450 142
1878460 142
1878470 142
1878480 142
1878490 142
1878500 142
1878510 142
1878520 142
1878530 142
1878540 142
1878550 143
1878560 143
1878570 143
1878580 142
1878590 142
1878600 142
1878610 142
1878620 142
1878630 142
1878640 142
1878650 142
1878660 142
1878670 142
1878680 142
1878690 142
1878700 142
1878710 142
1878720 142
1878730 142
1878740 142
1878750 142
1878760 142
1878770 142
1878780 142
1878790 142
1878800 142
1878810 142
1878820 142
1878830 142
1878840 142
1878850 142
1878860 142
1878870 142
1878880 142
1878890 142
1878900 142
1878910 142
1878920 142
1878930 142
1878940 142
1878950 142
1878960 142
1878970 142
1878980 142
1878990 142
1879000 142
1879010 142
1879020 142
1879030 142
1879040 142
1879050 142
1879060 142
1879070 142
1879080 142
1879090 142
1879100 143
1879110 143
1879120 143
1879130 141
1879140 141
1879150 140
1879160 140
1879170 140
1879180 140
1879190 141
1879200 141
1879210 141
1879220 141
1879230 141
1879240 141
1879250 141
1879260 141
1879270 141
1879280 141
1879290 141
1879300 141
1879310 141
1879320 141
1879330 141
1879340 141
1879350 141
1879360 141
1879370 141
1879380 141
1879390 141
1879400 141
1879410 141
1879420 141
1879430 141
1879440 141
1879450 141
1879460 141
1879470 141
1879480 140
1879490 140
1879500 140
1879510 141
1879520 141
1879530 141
1879540 140
1879550 141
1879560 141
1879570 141
1879580 141
1879590 141
1879600 141
1879610 141
1879620 141
1879630 141
1879640 141
1879650 141
1879660 141
1879670 141
1879680 141
1879690 141
1879700 141
1879710 141
1879720 141
1879730 141
1879740 141
1879750 140
1879760 140
1879770 140
1879780 141
1879790 140
1879800 140
1879810 141
1879820 141
1879830 141
1879840 141
1879850 141
1879860 141
1879870 141
1879880 141
1879890 141
1879900 141
1879910 141
1879920 141
1879930 140
1879940 141
1879950 141
1879960 141
1879970 141
1879980 141
1879990 141
