1860000 155
1860010 155
1860020 155
1860030 154
1860040 154
1860050 154
1860060 154
1860070 154
1860080 155
1860090 155
1860100 155
1860110 155
1860120 154
1860130 154
1860140 154
1860150 153
1860160 153
1860170 153
1860180 153
1860190 153
1860200 153
1860210 152
1860220 152
1860230 152
1860240 152
1860250 152
1860260 152
1860270 152
1860280 152
1860290 152
1860300 152
1860310 152
1860320 152
1860330 152
1860340 152
1860350 152
1860360 152
1860370 152
1860380 152
1860390 152
1860400 152
1860410 152
1860420 152
1860430 152
1860440 152
1860450 152
1860460 152
1860470 152
1860480 153
1860490 153
1860500 153
1860510 153
1860520 153
1860530 153
1860540 153
1860550 153
1860560 151
1860570 152
1860580 152
1860590 153
1860600 154
1860610 154
1860620 153
1860630 154
1860640 154
1860650 155
1860660 154
1860670 154
1860680 154
1860690 154
1860700 154
1860710 154
1860720 154
1860730 154
1860740 153
1860750 153
1860760 153
1860770 153
1860780 153
1860790 153
1860800 153
1860810 153
1860820 153
1860830 153
1860840 153
1860850 153
1860860 153
1860870 153
1860880 153
1860890 153
1860900 153
1860910 153
1860920 153
1860930 152
1860940 152
1860950 152
1860960 152
1860970 152
1860980 152
1860990 152
1861000 152
1861010 152
1861020 152
1861030 152
1861040 152
1861050 152
1861060 152
1861070 152
1861080 152
1861090 152
1861100 152
1861110 152
1861120 152
1861130 151
1861140 152
1861150 152
1861160 151
1861170 151
1861180 151
1861190 151
1861200 151
1861210 151
1861220 151
1861230 151
1861240 151
1861250 151
1861260 151
1861270 151
1861280 151
1861290 151
1861300 151
1861310 151
1861320 151
1861330 151
1861340 151
1861350 151
1861360 151
1861370 151
1861380 151
1861390 151
1861400 151
1861410 151
1861420 151
1861430 151
1861440 151
1861450 151
1861460 151
1861470 151
1861480 151
1861490 151
1861500 151
1861510 151
1861520 151
1861530 151
1861540 151
1861550 151
1861560 151
1861570 151
1861580 151
1861590 151
1861600 151
1861610 151
1861620 151
1861630 151
1861640 151
1861650 151
1861660 151
1861670 151
1861680 151
1861690 151
1861700 151
1861710 151
1861720 151
1861730 152
1861740 152
1861750 152
1861760 152
1861770 152
1861780 152
1861790 152
1861800 152
1861810 152
1861820 152
1861830 152
1861840 152
1861850 152
1861860 152
1861870 152
1861880 152
1861890 152
1861900 152
1861910 152
1861920 152
1861930 152
1861940 153
1861950 153
1861960 153
1861970 153
1861980 153
1861990 153
1862000 153
1862010 153
1862020 153
1862030 153
1862040 153
1862050 153
1862060 152
1862070 152
1862080 152
1862090 152
1862100 152
1862110 152
1862120 152
1862130 152
1862140 152
1862150 152
1862160 152
1862170 152
1862180 152
1862190 152
1862200 152
1862210 152
1862220 152
1862230 152
1862240 153
1862250 153
1862260 153
1862270 153
1862280 153
1862290 153
1862300 153
1862310 153
1862320 153
1862330 153
1862340 153
1862350 153
1862360 153
1862370 153
1862380 153
1862390 153
1862400 153
1862410 154
1862420 154
1862430 154
1862440 154
1862450 154
1862460 154
1862470 154
1862480 154
1862490 154
1862500 154
1862510 154
1862520 154
1862530 154
1862540 154
1862550 154
1862560 154
1862570 154
1862580 154
1862590 154
1862600 153
1862610 153
1862620 154
1862630 154
1862640 154
1862650 154
1862660 154
1862670 154
1862680 154
1862690 153
1862700 153
1862710 153
1862720 154
1862730 154
1862740 154
1862750 154
1862760 154
1862770 154
1862780 154
1862790 154
1862800 154
1862810 154
1862820 154
1862830 154
1862840 154
1862850 154
1862860 154
1862870 154
1862880 154
1862890 154
1862900 154
1862910 154
1862920 154
1862930 154
1862940 154
1862950 154
1862960 154
1862970 154
1862980 154
1862990 154
1863000 154
1863010 154
1863020 154
1863030 154
1863040 154
1863050 154
1863060 154
1863070 154
1863080 154
1863090 154
1863100 154
1863110 154
1863120 154
1863130 154
1863140 154
1863150 154
1863160 154
1863170 155
1863180 155
1863190 155
1863200 155
1863210 155
1863220 155
1863230 154
1863240 154
1863250 155
1863260 155
1863270 155
1863280 155
1863290 154
1863300 154
1863310 154
1863320 154
1863330 154
1863340 154
1863350 154
1863360 154
1863370 154
1863380 155
1863390 155
1863400 155
1863410 155
1863420 155
1863430 155
1863440 155
1863450 155
1863460 155
1863470 155
1863480 155
1863490 155
1863500 155
1863510 155
1863520 155
1863530 155
1863540 155
1863550 155
1863560 155
1863570 155
1863580 155
1863590 155
1863600 155
1863610 155
1863620 155
1863630 155
1863640 155
1863650 155
1863660 155
1863670 154
1863680 154
1863690 154
1863700 154
1863710 154
1863720 154
1863730 154
1863740 154
1863750 154
1863760 154
1863770 154
1863780 154
1863790 154
1863800 154
1863810 154
1863820 154
1863830 154
1863840 154
1863850 154
1863860 154
1863870 154
1863880 154
1863890 154
1863900 153
1863910 153
1863920 153
1863930 153
1863940 153
1863950 153
1863960 153
1863970 153
1863980 153
1863990 153
1864000 153
1864010 153
1864020 152
1864030 152
1864040 152
1864050 152
1864060 152
1864070 152
1864080 152
1864090 152
1864100 152
1864110 152
1864120 152
1864130 152
1864140 152
1864150 152
1864160 152
1864170 152
1864180 152
1864190 152
1864200 152
1864210 152
1864220 152
1864230 152
1864240 152
1864250 152
1864260 152
1864270 152
1864280 152
1864290 152
1864300 152
1864310 152
1864320 151
1864330 151
1864340 151
1864350 151
1864360 151
1864370 151
1864380 151
1864390 151
1864400 151
1864410 151
1864420 151
1864430 151
1864440 151
1864450 151
1864460 151
1864470 151
1864480 151
1864490 151
1864500 151
1864510 151
1864520 151
1864530 151
1864540 151
1864550 151
1864560 151
1864570 151
1864580 151
1864590 151
1864600 151
1864610 151
1864620 151
1864630 152
1864640 152
1864650 152
1864660 152
1864670 152
1864680 152
1864690 153
1864700 153
1864710 153
1864720 153
1864730 153
1864740 153
1864750 153
1864760 153
1864770 153
1864780 153
1864790 153
1864800 153
1864810 153
1864820 153
1864830 153
1864840 153
1864850 153
1864860 153
1864870 153
1864880 153
1864890 153
1864900 153
1864910 153
1864920 153
1864930 154
1864940 154
1864950 154
1864960 154
1864970 154
1864980 154
1864990 154
1865000 154
1865010 154
1865020 154
1865030 154
1865040 154
1865050 154
1865060 154
1865070 154
1865080 154
1865090 154
1865100 154
1865110 154
1865120 154
1865130 154
1865140 154
1865150 154
1865160 154
1865170 154
1865180 155
1865190 154
1865200 154
1865210 154
1865220 155
1865230 155
1865240 155
1865250 155
1865260 155
1865270 155
1865280 155
1865290 155
1865300 155
1865310 155
1865320 155
1865330 155
1865340 155
1865350 155
1865360 155
1865370 155
1865380 155
1865390 155
1865400 155
1865410 155
1865420 155
1865430 155
1865440 155
1865450 155
1865460 155
1865470 155
1865480 155
1865490 155
1865500 155
1865510 155
1865520 155
1865530 155
1865540 155
1865550 155
1865560 155
1865570 155
1865580 155
1865590 155
1865600 155
1865610 155
1865620 155
1865630 155
1865640 155
1865650 155
1865660 155
1865670 155
1865680 155
1865690 155
1865700 154
1865710 154
1865720 154
1865730 154
1865740 154
1865750 154
1865760 154
1865770 154
1865780 154
1865790 154
1865800 154
1865810 154
1865820 154
1865830 154
1865840 154
1865850 154
1865860 154
1865870 154
1865880 154
1865890 154
1865900 154
1865910 154
1865920 154
1865930 154
1865940 154
1865950 154
1865960 154
1865970 154
1865980 154
1865990 154
1866000 154
1866010 154
1866020 154
1866030 154
1866040 154
1866050 154
1866060 153
1866070 153
1866080 153
1866090 153
1866100 153
1866110 153
1866120 153
1866130 153
1866140 153
1866150 153
1866160 153
1866170 153
1866180 153
1866190 153
1866200 152
1866210 152
1866220 152
1866230 152
1866240 152
1866250 152
1866260 152
1866270 152
1866280 152
1866290 152
1866300 152
1866310 152
1866320 152
1866330 152
1866340 152
1866350 152
1866360 152
1866370 152
1866380 152
1866390 152
1866400 152
1866410 152
1866420 152
1866430 152
1866440 152
1866450 152
1866460 152
1866470 152
1866480 152
1866490 152
1866500 152
1866510 152
1866520 152
1866530 152
1866540 152
1866550 152
1866560 152
1866570 152
1866580 152
1866590 152
1866600 152
1866610 152
1866620 152
1866630 152
1866640 152
1866650 152
1866660 152
1866670 152
1866680 151
1866690 151
1866700 151
1866710 151
1866720 151
1866730 151
1866740 151
1866750 151
1866760 151
1866770 151
1866780 151
1866790 151
1866800 152
1866810 152
1866820 152
1866830 152
1866840 152
1866850 152
1866860 153
1866870 153
1866880 153
1866890 153
1866900 153
1866910 153
1866920 153
1866930 153
1866940 153
1866950 153
1866960 154
1866970 154
1866980 154
1866990 154
1867000 154
1867010 154
1867020 154
1867030 154
1867040 154
1867050 154
1867060 154
1867070 154
1867080 155
1867090 155
1867100 155
1867110 155
1867120 155
1867130 155
1867140 155
1867150 155
1867160 155
1867170 155
1867180 155
1867190 155
1867200 155
1867210 155
1867220 154
1867230 155
1867240 154
1867250 154
1867260 154
1867270 154
1867280 154
1867290 154
1867300 154
1867310 154
1867320 154
1867330 154
1867340 154
1867350 154
1867360 154
1867370 154
1867380 154
1867390 154
1867400 154
1867410 154
1867420 154
1867430 154
1867440 154
1867450 154
1867460 154
1867470 154
1867480 154
1867490 154
1867500 154
1867510 153
1867520 153
1867530 153
1867540 153
1867550 153
1867560 153
1867570 153
1867580 153
1867590 153
1867600 153
1867610 153
1867620 153
1867630 153
1867640 153
1867650 153
1867660 153
1867670 153
1867680 153
1867690 153
1867700 154
1867710 154
1867720 154
1867730 155
1867740 155
1867750 154
1867760 153
1867770 153
1867780 153
1867790 153
1867800 153
1867810 154
1867820 155
1867830 155
1867840 154
1867850 154
1867860 154
1867870 154
1867880 154
1867890 154
1867900 154
1867910 155
1867920 155
1867930 155
1867940 155
1867950 155
1867960 155
1867970 155
1867980 155
1867990 155
1868000 155
1868010 155
1868020 155
1868030 155
1868040 155
1868050 155
1868060 155
1868070 155
1868080 155
1868090 155
1868100 155
1868110 155
1868120 155
1868130 155
1868140 155
1868150 155
1868160 155
1868170 155
1868180 156
1868190 156
1868200 156
1868210 156
1868220 156
1868230 156
1868240 156
1868250 156
1868260 156
1868270 156
1868280 156
1868290 156
1868300 156
1868310 156
1868320 155
1868330 155
1868340 155
1868350 155
1868360 156
1868370 156
1868380 156
1868390 156
1868400 156
1868410 156
1868420 156
1868430 156
1868440 156
1868450 155
1868460 155
1868470 155
1868480 155
1868490 155
1868500 155
1868510 155
1868520 155
1868530 155
1868540 155
1868550 155
1868560 155
1868570 156
1868580 156
1868590 156
1868600 155
1868610 155
1868620 155
1868630 155
1868640 155
1868650 155
1868660 155
1868670 155
1868680 155
1868690 155
1868700 155
1868710 155
1868720 156
1868730 156
1868740 156
1868750 155
1868760 155
1868770 155
1868780 155
1868790 155
1868800 155
1868810 155
1868820 155
1868830 155
1868840 155
1868850 155
1868860 155
1868870 155
1868880 155
1868890 154
1868900 154
1868910 154
1868920 154
1868930 154
1868940 154
1868950 154
1868960 154
1868970 154
1868980 153
1868990 153
1869000 153
1869010 153
1869020 153
1869030 153
1869040 153
1869050 153
1869060 153
1869070 153
1869080 153
1869090 153
1869100 152
1869110 152
1869120 152
1869130 152
1869140 152
1869150 152
1869160 152
1869170 152
1869180 151
1869190 151
1869200 151
1869210 151
1869220 151
1869230 151
1869240 150
1869250 150
1869260 150
1869270 150
1869280 150
1869290 150
1869300 150
1869310 150
1869320 150
1869330 150
1869340 150
1869350 150
1869360 150
1869370 150
1869380 150
1869390 150
1869400 149
1869410 149
1869420 149
1869430 149
1869440 149
1869450 149
1869460 149
1869470 149
1869480 149
1869490 149
1869500 149
1869510 149
1869520 148
1869530 148
1869540 148
1869550 148
1869560 148
1869570 148
1869580 148
1869590 148
1869600 148
1869610 148
1869620 148
1869630 148
1869640 148
1869650 148
1869660 148
1869670 148
1869680 148
1869690 148
1869700 148
1869710 148
1869720 148
1869730 148
1869740 148
1869750 148
1869760 148
1869770 148
1869780 147
1869790 148
1869800 148
1869810 148
1869820 148
1869830 148
1869840 148
1869850 148
1869860 148
1869870 148
1869880 148
1869890 148
1869900 148
1869910 148
1869920 148
1869930 147
1869940 147
1869950 147
1869960 147
1869970 147
1869980 147
1869990 147
1870000 147
1870010 147
1870020 147
1870030 148
1870040 148
1870050 148
1870060 148
1870070 148
1870080 148
1870090 148
1870100 148
1870110 148
1870120 148
1870130 148
1870140 148
1870150 148
1870160 148
1870170 148
1870180 148
1870190 148
1870200 148
1870210 148
1870220 148
1870230 148
1870240 148
1870250 148
1870260 148
1870270 148
1870280 148
1870290 148
1870300 148
1870310 148
1870320 148
1870330 147
1870340 147
1870350 147
1870360 147
1870370 147
1870380 147
1870390 147
1870400 147
1870410 147
1870420 147
1870430 147
1870440 147
1870450 147
1870460 147
1870470 147
1870480 147
1870490 147
1870500 147
1870510 147
1870520 147
1870530 147
1870540 147
1870550 147
1870560 147
1870570 147
1870580 147
1870590 147
1870600 147
1870610 147
1870620 147
1870630 147
1870640 147
1870650 147
1870660 147
1870670 147
1870680 147
1870690 147
1870700 147
1870710 147
1870720 147
1870730 147
1870740 147
1870750 147
1870760 147
1870770 147
1870780 147
1870790 147
1870800 147
1870810 147
1870820 147
1870830 147
1870840 147
1870850 147
1870860 147
1870870 147
1870880 147
1870890 147
1870900 147
1870910 147
1870920 147
1870930 147
1870940 147
1870950 147
1870960 147
1870970 147
1870980 147
1870990 147
1871000 147
1871010 147
1871020 147
1871030 147
1871040 147
1871050 147
1871060 147
1871070 147
1871080 147
1871090 147
1871100 147
1871110 147
1871120 146
1871130 146
1871140 146
1871150 146
1871160 146
1871170 146
1871180 146
1871190 146
1871200 146
1871210 146
1871220 146
1871230 146
1871240 146
1871250 146
1871260 146
1871270 146
1871280 146
1871290 146
1871300 146
1871310 146
1871320 146
1871330 146
1871340 146
1871350 146
1871360 146
1871370 146
1871380 146
1871390 146
1871400 146
1871410 146
1871420 146
1871430 146
1871440 146
1871450 146
1871460 146
1871470 146
1871480 146
1871490 146
1871500 146
1871510 146
1871520 146
1871530 146
1871540 146
1871550 146
1871560 146
1871570 146
1871580 146
1871590 146
1871600 146
1871610 146
1871620 146
1871630 146
1871640 146
1871650 146
1871660 146
1871670 146
1871680 146
1871690 146
1871700 146
1871710 146
1871720 146
1871730 146
1871740 146
1871750 146
1871760 146
1871770 146
1871780 146
1871790 146
1871800 146
1871810 146
1871820 146
1871830 146
1871840 146
1871850 146
1871860 146
1871870 146
1871880 146
1871890 146
1871900 146
1871910 146
1871920 146
1871930 146
1871940 146
1871950 146
1871960 146
1871970 146
1871980 146
1871990 146
1872000 147
1872010 147
1872020 147
1872030 147
1872040 147
1872050 147
1872060 148
1872070 148
1872080 148
1872090 148
1872100 148
1872110 148
1872120 148
1872130 148
1872140 148
1872150 148
1872160 148
1872170 148
1872180 148
1872190 148
1872200 147
1872210 147
1872220 147
1872230 147
1872240 147
1872250 147
1872260 147
1872270 147
1872280 147
1872290 147
1872300 146
1872310 146
1872320 146
1872330 146
1872340 146
1872350 147
1872360 147
1872370 147
1872380 147
1872390 147
1872400 147
1872410 147
1872420 147
1872430 147
1872440 147
1872450 146
1872460 146
1872470 146
1872480 146
1872490 146
1872500 147
1872510 147
1872520 147
1872530 147
1872540 147
1872550 147
1872560 147
1872570 147
1872580 147
1872590 147
1872600 147
1872610 147
1872620 147
1872630 147
1872640 147
1872650 148
1872660 148
1872670 148
1872680 148
1872690 148
1872700 148
1872710 148
1872720 148
1872730 148
1872740 148
1872750 148
1872760 148
1872770 148
1872780 148
1872790 148
1872800 148
1872810 148
1872820 148
1872830 148
1872840 148
1872850 147
1872860 147
1872870 147
1872880 148
1872890 148
1872900 148
1872910 148
1872920 148
1872930 148
1872940 148
1872950 148
1872960 147
1872970 148
1872980 148
1872990 148
1873000 148
1873010 148
1873020 148
1873030 148
1873040 148
1873050 148
1873060 148
1873070 148
1873080 148
1873090 148
1873100 147
1873110 147
1873120 147
1873130 147
1873140 147
1873150 147
1873160 147
1873170 147
1873180 148
1873190 148
1873200 148
1873210 148
1873220 148
1873230 148
1873240 148
1873250 148
1873260 148
1873270 148
1873280 148
1873290 148
1873300 148
1873310 147
1873320 147
1873330 147
1873340 147
1873350 147
1873360 147
1873370 147
1873380 147
1873390 147
1873400 147
1873410 147
1873420 147
1873430 147
1873440 147
1873450 147
1873460 147
1873470 147
1873480 148
1873490 148
1873500 148
1873510 148
1873520 148
1873530 148
1873540 148
1873550 148
1873560 148
1873570 148
1873580 148
1873590 148
1873600 148
1873610 148
1873620 148
1873630 148
1873640 148
1873650 148
1873660 148
1873670 148
1873680 148
1873690 148
1873700 148
1873710 148
1873720 148
1873730 148
1873740 148
1873750 148
1873760 148
1873770 148
1873780 148
1873790 148
1873800 148
1873810 148
1873820 148
1873830 148
1873840 148
1873850 148
1873860 148
1873870 148
1873880 148
1873890 148
1873900 148
1873910 148
1873920 148
1873930 148
1873940 148
1873950 148
1873960 148
1873970 148
1873980 148
1873990 148
1874000 148
1874010 148
1874020 148
1874030 148
1874040 148
1874050 148
1874060 148
1874070 148
1874080 148
1874090 148
1874100 148
1874110 148
1874120 147
1874130 147
1874140 147
1874150 147
1874160 147
1874170 147
1874180 147
1874190 147
1874200 147
1874210 147
1874220 147
1874230 147
1874240 147
1874250 147
1874260 146
1874270 145
1874280 145
1874290 143
1874300 143
1874310 143
1874320 143
1874330 143
1874340 143
1874350 143
1874360 143
1874370 143
1874380 143
1874390 143
1874400 143
1874410 143
1874420 143
1874430 143
1874440 143
1874450 143
1874460 143
1874470 143
1874480 143
1874490 143
1874500 143
1874510 142
1874520 142
1874530 142
1874540 142
1874550 142
1874560 143
1874570 143
1874580 143
1874590 143
1874600 143
1874610 143
1874620 143
1874630 143
1874640 143
1874650 143
1874660 143
1874670 143
1874680 143
1874690 143
1874700 143
1874710 143
1874720 143
1874730 143
1874740 143
1874750 143
1874760 143
1874770 143
1874780 143
1874790 143
1874800 143
1874810 143
1874820 143
1874830 143
1874840 143
1874850 143
1874860 142
1874870 142
1874880 141
1874890 141
1874900 141
1874910 141
1874920 141
1874930 141
1874940 141
1874950 141
1874960 141
1874970 142
1874980 143
1874990 143
1875000 143
1875010 143
1875020 143
1875030 143
1875040 143
1875050 143
1875060 143
1875070 143
1875080 143
