1860000 165
1860010 165
1860020 165
1860030 165
1860040 165
1860050 165
1860060 165
1860070 165
1860080 165
1860090 165
1860100 165
1860110 165
1860120 165
1860130 165
1860140 166
1860150 166
1860160 166
1860170 166
1860180 166
1860190 166
1860200 166
1860210 166
1860220 166
1860230 166
1860240 166
1860250 166
1860260 166
1860270 166
1860280 166
1860290 166
1860300 166
1860310 166
1860320 166
1860330 166
1860340 166
1860350 166
1860360 166
1860370 166
1860380 166
1860390 166
1860400 166
1860410 166
1860420 166
1860430 166
1860440 166
1860450 165
1860460 165
1860470 165
1860480 165
1860490 165
1860500 165
1860510 165
1860520 165
1860530 165
1860540 165
1860550 165
1860560 164
1860570 164
1860580 164
1860590 164
1860600 163
1860610 163
1860620 163
1860630 163
1860640 163
1860650 163
1860660 162
1860670 162
1860680 162
1860690 162
1860700 162
1860710 162
1860720 162
1860730 162
1860740 161
1860750 161
1860760 161
1860770 160
1860780 160
1860790 160
1860800 160
1860810 160
1860820 160
1860830 160
1860840 159
1860850 159
1860860 159
1860870 159
1860880 159
1860890 160
1860900 160
1860910 160
1860920 159
1860930 160
1860940 160
1860950 160
1860960 160
1860970 160
1860980 159
1860990 159
1861000 159
1861010 159
1861020 159
1861030 159
1861040 159
1861050 159
1861060 159
1861070 159
1861080 159
1861090 159
1861100 159
1861110 160
1861120 160
1861130 160
1861140 160
1861150 160
1861160 160
1861170 160
1861180 160
1861190 160
1861200 161
1861210 161
1861220 161
1861230 161
1861240 161
1861250 161
1861260 161
1861270 162
1861280 162
1861290 162
1861300 162
1861310 162
1861320 162
1861330 162
1861340 162
1861350 162
1861360 162
1861370 162
1861380 162
1861390 162
1861400 162
1861410 162
1861420 162
1861430 162
1861440 162
1861450 162
1861460 161
1861470 161
1861480 161
1861490 161
1861500 161
1861510 161
1861520 161
1861530 161
1861540 161
1861550 161
1861560 161
1861570 161
1861580 162
1861590 162
1861600 162
1861610 162
1861620 162
1861630 162
1861640 162
1861650 162
1861660 162
1861670 163
1861680 163
1861690 163
1861700 163
1861710 163
1861720 163
1861730 163
1861740 163
1861750 163
1861760 163
1861770 163
1861780 163
1861790 163
1861800 163
1861810 163
1861820 163
1861830 163
1861840 163
1861850 163
1861860 163
1861870 163
1861880 163
1861890 163
1861900 164
1861910 164
1861920 164
1861930 164
1861940 164
1861950 164
1861960 164
1861970 165
1861980 165
1861990 165
1862000 165
1862010 165
1862020 165
1862030 165
1862040 165
1862050 165
1862060 166
1862070 166
1862080 166
1862090 166
1862100 166
1862110 166
1862120 166
1862130 166
1862140 165
1862150 165
1862160 165
1862170 165
1862180 166
1862190 166
1862200 166
1862210 166
1862220 166
1862230 165
1862240 165
1862250 165
1862260 165
1862270 166
1862280 166
1862290 166
1862300 166
1862310 166
1862320 166
1862330 166
1862340 166
1862350 167
1862360 167
1862370 167
1862380 167
1862390 167
1862400 167
1862410 167
1862420 167
1862430 167
1862440 167
1862450 167
1862460 167
1862470 167
1862480 167
1862490 167
1862500 167
1862510 168
1862520 168
1862530 168
1862540 168
1862550 168
1862560 169
1862570 169
1862580 169
1862590 169
1862600 169
1862610 169
1862620 169
1862630 169
1862640 169
1862650 169
1862660 170
1862670 170
1862680 170
1862690 170
1862700 170
1862710 171
1862720 171
1862730 171
1862740 171
1862750 170
1862760 170
1862770 170
1862780 170
1862790 170
1862800 170
1862810 170
1862820 170
1862830 170
1862840 170
1862850 170
1862860 170
1862870 169
1862880 169
1862890 169
1862900 169
1862910 169
1862920 169
1862930 169
1862940 169
1862950 169
1862960 169
1862970 169
1862980 169
1862990 169
1863000 169
1863010 169
1863020 169
1863030 169
1863040 168
1863050 168
1863060 168
1863070 168
1863080 167
1863090 167
1863100 167
1863110 167
1863120 167
1863130 166
1863140 166
1863150 166
1863160 166
1863170 165
1863180 165
1863190 165
1863200 164
1863210 164
1863220 164
1863230 164
1863240 164
1863250 163
1863260 163
1863270 163
1863280 163
1863290 163
1863300 162
1863310 162
1863320 162
1863330 162
1863340 162
1863350 162
1863360 162
1863370 161
1863380 161
1863390 161
1863400 161
1863410 161
1863420 161
1863430 161
1863440 161
1863450 161
1863460 161
1863470 161
1863480 161
1863490 161
1863500 161
1863510 161
1863520 161
1863530 161
1863540 161
1863550 161
1863560 161
1863570 161
1863580 161
1863590 161
1863600 161
1863610 161
1863620 161
1863630 161
1863640 161
1863650 161
1863660 161
1863670 161
1863680 162
1863690 161
1863700 162
1863710 162
1863720 162
1863730 162
1863740 162
1863750 161
1863760 161
1863770 161
1863780 161
1863790 162
1863800 162
1863810 162
1863820 162
1863830 162
1863840 162
1863850 162
1863860 162
1863870 162
1863880 162
1863890 162
1863900 162
1863910 162
1863920 162
1863930 163
1863940 163
1863950 163
1863960 163
1863970 163
1863980 163
1863990 163
1864000 163
1864010 163
1864020 164
1864030 164
1864040 164
1864050 164
1864060 165
1864070 165
1864080 165
1864090 165
1864100 165
1864110 166
1864120 166
1864130 166
1864140 166
1864150 166
1864160 166
1864170 166
1864180 166
1864190 166
1864200 166
1864210 166
1864220 166
1864230 166
1864240 166
1864250 166
1864260 167
1864270 167
1864280 167
1864290 167
1864300 168
1864310 168
1864320 168
1864330 168
1864340 168
1864350 168
1864360 168
1864370 169
1864380 169
1864390 169
1864400 169
1864410 169
1864420 169
1864430 169
1864440 169
1864450 170
1864460 170
1864470 170
1864480 170
1864490 170
1864500 170
1864510 170
1864520 170
1864530 171
1864540 171
1864550 171
1864560 171
1864570 171
1864580 171
1864590 172
1864600 172
1864610 172
1864620 172
1864630 172
1864640 172
1864650 172
1864660 172
1864670 172
1864680 172
1864690 172
1864700 172
1864710 172
1864720 172
1864730 172
1864740 172
1864750 172
1864760 172
1864770 172
1864780 172
1864790 172
1864800 173
1864810 173
1864820 173
1864830 173
1864840 173
1864850 173
1864860 173
1864870 173
1864880 173
1864890 173
1864900 173
1864910 173
1864920 174
1864930 174
1864940 174
1864950 174
1864960 174
1864970 174
1864980 174
1864990 174
1865000 175
1865010 175
1865020 175
1865030 175
1865040 175
1865050 175
1865060 176
1865070 176
1865080 176
1865090 176
1865100 176
1865110 176
1865120 176
1865130 176
1865140 176
1865150 176
1865160 176
1865170 176
1865180 176
1865190 176
1865200 176
1865210 176
1865220 176
1865230 176
1865240 176
1865250 176
1865260 176
1865270 176
1865280 176
1865290 176
1865300 176
1865310 176
1865320 176
1865330 176
1865340 176
1865350 176
1865360 176
1865370 176
1865380 176
1865390 176
1865400 176
1865410 176
1865420 176
1865430 176
1865440 176
1865450 175
1865460 175
1865470 175
1865480 175
1865490 175
1865500 175
1865510 175
1865520 175
1865530 175
1865540 175
1865550 175
1865560 175
1865570 175
1865580 174
1865590 174
1865600 174
1865610 174
1865620 174
1865630 174
1865640 174
1865650 174
1865660 174
1865670 173
1865680 173
1865690 173
1865700 173
1865710 173
1865720 173
1865730 172
1865740 172
1865750 172
1865760 172
1865770 172
1865780 172
1865790 172
1865800 172
1865810 172
1865820 173
1865830 173
1865840 173
1865850 173
1865860 173
1865870 173
1865880 173
1865890 173
1865900 173
1865910 173
1865920 173
1865930 173
1865940 173
1865950 173
1865960 173
1865970 173
1865980 173
1865990 174
1866000 174
1866010 174
1866020 174
1866030 174
1866040 174
1866050 174
1866060 174
1866070 174
1866080 174
1866090 174
1866100 174
1866110 175
1866120 175
1866130 175
1866140 175
1866150 175
1866160 175
1866170 175
1866180 175
1866190 175
1866200 175
1866210 175
1866220 175
1866230 175
1866240 175
1866250 175
1866260 175
1866270 175
1866280 175
1866290 175
1866300 175
1866310 175
1866320 175
1866330 175
1866340 175
1866350 175
1866360 175
1866370 175
1866380 175
1866390 175
1866400 175
1866410 175
1866420 175
1866430 175
1866440 175
1866450 175
1866460 175
1866470 175
1866480 175
1866490 175
1866500 175
1866510 175
1866520 175
1866530 175
1866540 175
1866550 175
1866560 175
1866570 175
1866580 175
1866590 175
1866600 175
1866610 175
1866620 175
1866630 175
1866640 175
1866650 175
1866660 175
1866670 175
1866680 175
1866690 175
1866700 175
1866710 174
1866720 174
1866730 174
1866740 174
1866750 174
1866760 174
1866770 174
1866780 174
1866790 174
1866800 174
1866810 174
1866820 173
1866830 173
1866840 173
1866850 173
1866860 173
1866870 173
1866880 173
1866890 172
1866900 172
1866910 172
1866920 172
1866930 172
1866940 171
1866950 171
1866960 171
1866970 171
1866980 171
1866990 171
1867000 170
1867010 170
1867020 170
1867030 170
1867040 169
1867050 169
1867060 169
1867070 169
1867080 169
1867090 168
1867100 168
1867110 168
1867120 167
1867130 167
1867140 167
1867150 167
1867160 166
1867170 166
1867180 164
1867190 162
1867200 162
1867210 165
1867220 165
1867230 165
1867240 164
1867250 164
1867260 164
1867270 164
1867280 164
1867290 164
1867300 163
1867310 163
1867320 163
1867330 163
1867340 163
1867350 163
1867360 162
1867370 162
1867380 162
1867390 162
1867400 162
1867410 162
1867420 162
1867430 162
1867440 162
1867450 162
1867460 162
1867470 162
1867480 161
1867490 161
1867500 161
1867510 161
1867520 161
1867530 161
1867540 161
1867550 161
1867560 161
1867570 161
1867580 161
1867590 161
1867600 161
1867610 161
1867620 161
1867630 161
1867640 161
1867650 161
1867660 161
1867670 161
1867680 161
1867690 160
1867700 160
1867710 160
1867720 160
1867730 160
1867740 160
1867750 160
1867760 160
1867770 160
1867780 160
1867790 160
1867800 160
1867810 160
1867820 160
1867830 160
1867840 160
1867850 160
1867860 160
1867870 160
1867880 160
1867890 160
1867900 160
1867910 160
1867920 160
1867930 160
1867940 160
1867950 160
1867960 160
1867970 160
1867980 160
1867990 160
1868000 160
1868010 160
1868020 160
1868030 160
1868040 160
1868050 160
1868060 161
1868070 161
1868080 161
1868090 161
1868100 161
1868110 161
1868120 161
1868130 161
1868140 161
1868150 161
1868160 162
1868170 161
1868180 161
1868190 162
1868200 162
1868210 162
1868220 163
1868230 163
1868240 163
1868250 163
1868260 163
1868270 163
1868280 163
1868290 164
1868300 164
1868310 164
1868320 164
1868330 164
1868340 164
1868350 164
1868360 164
1868370 164
1868380 164
1868390 164
1868400 164
1868410 164
1868420 164
1868430 164
1868440 164
1868450 165
1868460 165
1868470 165
1868480 165
1868490 165
1868500 164
1868510 164
1868520 164
1868530 164
1868540 164
1868550 164
1868560 164
1868570 164
1868580 165
1868590 165
1868600 165
1868610 165
1868620 165
1868630 165
1868640 165
1868650 166
1868660 166
1868670 166
1868680 166
1868690 166
1868700 166
1868710 167
1868720 167
1868730 167
1868740 167
1868750 167
1868760 167
1868770 167
1868780 167
1868790 168
1868800 168
1868810 168
1868820 168
1868830 168
1868840 168
1868850 169
1868860 169
1868870 169
1868880 169
1868890 169
1868900 169
1868910 169
1868920 169
1868930 169
1868940 169
1868950 168
1868960 168
1868970 168
1868980 168
1868990 168
1869000 168
1869010 168
1869020 168
1869030 168
1869040 168
1869050 168
1869060 168
1869070 168
1869080 168
1869090 168
1869100 168
1869110 168
1869120 168
1869130 168
1869140 168
1869150 168
1869160 168
1869170 168
1869180 168
1869190 168
1869200 168
1869210 168
1869220 168
1869230 168
1869240 167
1869250 167
1869260 167
1869270 167
1869280 167
1869290 167
1869300 167
1869310 166
1869320 166
1869330 166
1869340 166
1869350 166
1869360 166
1869370 166
1869380 166
1869390 165
1869400 165
1869410 165
1869420 165
1869430 164
1869440 164
1869450 164
1869460 164
1869470 163
1869480 163
1869490 163
1869500 163
1869510 163
1869520 163
1869530 163
1869540 163
1869550 163
1869560 163
1869570 163
1869580 163
1869590 163
1869600 163
1869610 163
1869620 163
1869630 163
1869640 163
1869650 163
1869660 163
1869670 163
1869680 163
1869690 164
1869700 164
1869710 164
1869720 164
1869730 164
1869740 164
1869750 165
1869760 165
1869770 165
1869780 165
1869790 165
1869800 165
1869810 166
1869820 166
1869830 166
1869840 166
1869850 166
1869860 166
1869870 166
1869880 166
1869890 166
1869900 166
1869910 166
1869920 166
1869930 166
1869940 166
1869950 166
1869960 166
1869970 166
1869980 166
1869990 166
1870000 166
1870010 166
1870020 166
1870030 166
1870040 166
1870050 166
1870060 166
1870070 166
1870080 166
1870090 166
1870100 166
1870110 165
1870120 165
1870130 165
1870140 165
1870150 165
1870160 165
1870170 165
1870180 165
1870190 165
1870200 165
1870210 165
1870220 165
1870230 165
1870240 165
1870250 165
1870260 165
1870270 165
1870280 165
1870290 165
1870300 165
1870310 166
1870320 166
1870330 166
1870340 166
1870350 166
1870360 166
1870370 166
1870380 166
1870390 166
1870400 166
1870410 166
1870420 166
1870430 166
1870440 166
1870450 166
1870460 167
1870470 167
1870480 167
1870490 167
1870500 167
1870510 167
1870520 167
1870530 167
1870540 167
1870550 167
1870560 167
1870570 167
1870580 167
1870590 168
1870600 168
1870610 168
1870620 168
1870630 168
1870640 168
1870650 168
1870660 168
1870670 168
1870680 168
1870690 168
1870700 168
1870710 168
1870720 168
1870730 168
1870740 168
1870750 168
1870760 168
1870770 169
1870780 169
1870790 169
1870800 169
1870810 169
1870820 169
1870830 169
1870840 169
1870850 169
1870860 169
1870870 169
1870880 169
1870890 169
1870900 169
1870910 169
1870920 169
1870930 169
1870940 169
1870950 169
1870960 169
1870970 169
1870980 169
1870990 169
1871000 169
1871010 169
1871020 169
1871030 169
1871040 169
1871050 169
1871060 169
1871070 169
1871080 169
1871090 169
1871100 168
1871110 168
1871120 168
1871130 168
1871140 168
1871150 168
1871160 168
1871170 168
1871180 168
1871190 168
1871200 168
1871210 168
1871220 167
1871230 167
1871240 167
1871250 167
1871260 167
1871270 167
1871280 167
1871290 166
1871300 166
1871310 166
1871320 166
1871330 166
1871340 166
1871350 166
1871360 165
1871370 165
1871380 165
1871390 165
1871400 165
1871410 165
1871420 165
1871430 165
1871440 164
1871450 164
1871460 164
1871470 164
1871480 164
1871490 164
1871500 164
1871510 164
1871520 164
1871530 163
1871540 163
1871550 163
1871560 163
1871570 163
1871580 163
1871590 163
1871600 163
1871610 163
1871620 163
1871630 162
1871640 162
1871650 162
1871660 162
1871670 162
1871680 162
1871690 162
1871700 162
1871710 162
1871720 162
1871730 162
1871740 162
1871750 162
1871760 162
1871770 161
1871780 161
1871790 161
1871800 161
1871810 161
1871820 161
1871830 160
1871840 160
1871850 160
1871860 160
1871870 159
1871880 159
1871890 159
1871900 159
1871910 159
1871920 158
1871930 158
1871940 158
1871950 158
1871960 157
1871970 157
1871980 157
1871990 157
1872000 157
1872010 156
1872020 156
1872030 156
1872040 156
1872050 156
1872060 156
1872070 156
1872080 155
1872090 155
1872100 155
1872110 155
1872120 155
1872130 155
1872140 155
1872150 155
1872160 154
1872170 154
1872180 154
1872190 154
1872200 154
1872210 154
1872220 154
1872230 153
1872240 153
1872250 153
1872260 153
1872270 153
1872280 153
1872290 152
1872300 152
1872310 153
1872320 153
1872330 153
1872340 152
1872350 152
1872360 152
1872370 152
1872380 153
1872390 153
1872400 153
1872410 153
1872420 153
1872430 152
1872440 153
1872450 153
1872460 153
1872470 153
1872480 153
1872490 153
1872500 154
1872510 154
1872520 154
1872530 153
1872540 153
1872550 154
1872560 154
1872570 154
1872580 154
1872590 154
1872600 154
1872610 154
1872620 154
1872630 154
1872640 154
1872650 154
1872660 154
1872670 154
1872680 154
1872690 154
1872700 154
1872710 154
1872720 154
1872730 153
1872740 153
1872750 153
1872760 153
1872770 153
1872780 153
1872790 153
1872800 153
1872810 153
1872820 152
1872830 153
1872840 152
1872850 152
1872860 152
1872870 152
1872880 152
1872890 152
1872900 152
1872910 152
1872920 152
1872930 152
1872940 152
1872950 152
1872960 152
1872970 151
1872980 151
1872990 151
1873000 151
1873010 151
1873020 151
1873030 151
1873040 151
1873050 151
1873060 151
1873070 151
1873080 151
1873090 151
1873100 151
1873110 151
1873120 151
1873130 151
1873140 151
1873150 151
1873160 151
1873170 151
1873180 151
1873190 151
1873200 151
1873210 150
1873220 150
1873230 150
1873240 150
1873250 150
1873260 150
1873270 150
1873280 150
1873290 150
1873300 150
1873310 150
1873320 150
1873330 150
1873340 150
1873350 150
1873360 149
1873370 149
1873380 149
1873390 148
1873400 148
1873410 146
1873420 145
1873430 145
1873440 145
1873450 144
1873460 144
1873470 144
1873480 144
1873490 144
1873500 144
1873510 144
1873520 144
1873530 144
1873540 144
1873550 144
1873560 144
1873570 144
1873580 144
1873590 144
1873600 144
1873610 144
1873620 144
1873630 147
1873640 147
1873650 148
1873660 145
1873670 145
1873680 144
1873690 144
1873700 144
1873710 144
1873720 144
1873730 144
1873740 144
1873750 144
1873760 144
1873770 144
1873780 144
1873790 144
1873800 144
1873810 144
1873820 144
1873830 144
1873840 144
1873850 144
1873860 144
1873870 144
1873880 144
1873890 144
1873900 144
1873910 144
1873920 144
1873930 144
1873940 144
1873950 144
1873960 144
1873970 144
1873980 145
1873990 145
1874000 145
1874010 145
1874020 142
1874030 142
1874040 143
1874050 143
1874060 143
1874070 142
1874080 143
1874090 143
1874100 143
1874110 143
1874120 143
1874130 143
1874140 143
1874150 143
1874160 143
1874170 143
1874180 143
1874190 143
1874200 143
1874210 143
1874220 143
1874230 143
1874240 143
1874250 143
1874260 143
1874270 143
1874280 143
1874290 143
1874300 143
1874310 144
1874320 144
1874330 144
1874340 144
1874350 144
1874360 144
1874370 144
1874380 144
1874390 144
1874400 144
1874410 144
1874420 144
1874430 144
1874440 144
1874450 144
1874460 144
1874470 144
1874480 144
1874490 144
1874500 144
1874510 144
1874520 144
1874530 144
1874540 143
1874550 143
1874560 143
1874570 143
1874580 143
1874590 143
1874600 143
1874610 143
1874620 143
1874630 143
1874640 143
1874650 143
1874660 142
1874670 142
1874680 142
1874690 142
1874700 141
1874710 141
1874720 142
1874730 142
1874740 142
1874750 142
1874760 142
1874770 142
1874780 142
1874790 143
1874800 143
1874810 143
1874820 144
1874830 144
1874840 144
1874850 144
1874860 144
1874870 143
1874880 143
1874890 143
1874900 143
1874910 144
1874920 144
1874930 143
1874940 143
1874950 143
1874960 144
1874970 144
1874980 144
1874990 144
1875000 144
1875010 144
1875020 144
1875030 144
1875040 144
1875050 144
1875060 144
1875070 144
1875080 144
1875090 144
1875100 144
1875110 144
1875120 144
1875130 144
1875140 143
1875150 143
1875160 143
1875170 143
1875180 143
1875190 143
1875200 143
1875210 143
1875220 143
1875230 144
1875240 143
1875250 143
1875260 143
1875270 143
1875280 143
1875290 143
1875300 143
1875310 143
1875320 143
1875330 143
1875340 143
1875350 143
1875360 143
1875370 143
1875380 143
1875390 144
1875400 144
1875410 144
1875420 144
1875430 144
1875440 144
1875450 144
1875460 144
1875470 144
1875480 144
1875490 144
1875500 144
1875510 144
1875520 144
1875530 144
1875540 144
1875550 144
1875560 144
1875570 144
1875580 144
1875590 143
1875600 144
1875610 144
1875620 144
1875630 144
1875640 144
1875650 144
1875660 144
1875670 144
1875680 144
1875690 143
1875700 143
1875710 142
1875720 142
1875730 142
1875740 145
1875750 145
1875760 145
1875770 144
1875780 142
1875790 142
1875800 141
1875810 141
1875820 141
1875830 141
1875840 141
1875850 141
1875860 141
1875870 141
1875880 141
1875890 143
1875900 144
1875910 144
1875920 143
1875930 143
1875940 143
1875950 143
