1860000 164
1860010 163
1860020 163
1860030 164
1860040 164
1860050 164
1860060 164
1860070 164
1860080 164
1860090 164
1860100 164
1860110 165
1860120 165
1860130 165
1860140 165
1860150 165
1860160 165
1860170 166
1860180 166
1860190 166
1860200 166
1860210 166
1860220 166
1860230 166
1860240 166
1860250 166
1860260 166
1860270 166
1860280 166
1860290 166
1860300 166
1860310 166
1860320 166
1860330 166
1860340 166
1860350 166
1860360 165
1860370 165
1860380 165
1860390 165
1860400 165
1860410 165
1860420 165
1860430 165
1860440 165
1860450 165
1860460 165
1860470 164
1860480 164
1860490 164
1860500 164
1860510 164
1860520 164
1860530 164
1860540 164
1860550 164
1860560 163
1860570 163
1860580 163
1860590 163
1860600 163
1860610 163
1860620 162
1860630 162
1860640 162
1860650 162
1860660 162
1860670 162
1860680 161
1860690 161
1860700 161
1860710 160
1860720 160
1860730 160
1860740 160
1860750 160
1860760 160
1860770 159
1860780 159
1860790 160
1860800 160
1860810 160
1860820 160
1860830 160
1860840 160
1860850 160
1860860 160
1860870 160
1860880 160
1860890 160
1860900 160
1860910 160
1860920 160
1860930 160
1860940 160
1860950 160
1860960 160
1860970 160
1860980 160
1860990 160
1861000 160
1861010 160
1861020 160
1861030 161
1861040 161
1861050 161
1861060 161
1861070 161
1861080 161
1861090 161
1861100 162
1861110 162
1861120 162
1861130 162
1861140 162
1861150 162
1861160 162
1861170 162
1861180 162
1861190 162
1861200 162
1861210 162
1861220 162
1861230 162
1861240 163
1861250 163
1861260 163
1861270 164
1861280 163
1861290 163
1861300 163
1861310 163
1861320 163
1861330 163
1861340 163
1861350 163
1861360 163
1861370 163
1861380 163
1861390 163
1861400 163
1861410 163
1861420 163
1861430 163
1861440 163
1861450 162
1861460 162
1861470 162
1861480 162
1861490 162
1861500 162
1861510 162
1861520 162
1861530 162
1861540 162
1861550 162
1861560 162
1861570 163
1861580 163
1861590 163
1861600 163
1861610 163
1861620 163
1861630 163
1861640 163
1861650 163
1861660 163
1861670 163
1861680 163
1861690 163
1861700 163
1861710 163
1861720 163
1861730 164
1861740 164
1861750 164
1861760 164
1861770 164
1861780 164
1861790 164
1861800 164
1861810 164
1861820 164
1861830 164
1861840 164
1861850 164
1861860 164
1861870 164
1861880 164
1861890 164
1861900 164
1861910 164
1861920 164
1861930 164
1861940 164
1861950 164
1861960 165
1861970 165
1861980 165
1861990 165
1862000 165
1862010 165
1862020 165
1862030 166
1862040 166
1862050 166
1862060 166
1862070 166
1862080 166
1862090 165
1862100 165
1862110 165
1862120 166
1862130 166
1862140 166
1862150 166
1862160 166
1862170 166
1862180 167
1862190 167
1862200 168
1862210 167
1862220 167
1862230 167
1862240 167
1862250 167
1862260 167
1862270 167
1862280 167
1862290 167
1862300 167
1862310 167
1862320 167
1862330 167
1862340 167
1862350 168
1862360 168
1862370 168
1862380 168
1862390 168
1862400 168
1862410 168
1862420 168
1862430 169
1862440 169
1862450 169
1862460 169
1862470 169
1862480 169
1862490 169
1862500 169
1862510 169
1862520 169
1862530 169
1862540 169
1862550 170
1862560 170
1862570 170
1862580 171
1862590 171
1862600 171
1862610 171
1862620 171
1862630 171
1862640 172
1862650 172
1862660 172
1862670 172
1862680 171
1862690 171
1862700 171
1862710 171
1862720 171
1862730 171
1862740 171
1862750 171
1862760 171
1862770 171
1862780 171
1862790 171
1862800 171
1862810 171
1862820 171
1862830 171
1862840 171
1862850 171
1862860 171
1862870 171
1862880 171
1862890 171
1862900 171
1862910 170
1862920 170
1862930 170
1862940 170
1862950 170
1862960 170
1862970 170
1862980 169
1862990 169
1863000 169
1863010 169
1863020 169
1863030 169
1863040 168
1863050 168
1863060 168
1863070 168
1863080 168
1863090 167
1863100 167
1863110 167
1863120 166
1863130 166
1863140 166
1863150 165
1863160 165
1863170 165
1863180 165
1863190 164
1863200 164
1863210 164
1863220 164
1863230 164
1863240 163
1863250 163
1863260 163
1863270 163
1863280 162
1863290 162
1863300 162
1863310 162
1863320 162
1863330 162
1863340 161
1863350 161
1863360 161
1863370 161
1863380 161
1863390 161
1863400 161
1863410 161
1863420 161
1863430 161
1863440 161
1863450 161
1863460 161
1863470 161
1863480 161
1863490 161
1863500 161
1863510 161
1863520 161
1863530 161
1863540 161
1863550 161
1863560 161
1863570 161
1863580 162
1863590 162
1863600 161
1863610 162
1863620 162
1863630 163
1863640 163
1863650 163
1863660 163
1863670 163
1863680 163
1863690 163
1863700 163
1863710 163
1863720 163
1863730 163
1863740 163
1863750 162
1863760 162
1863770 162
1863780 162
1863790 163
1863800 163
1863810 163
1863820 163
1863830 163
1863840 163
1863850 163
1863860 163
1863870 163
1863880 163
1863890 163
1863900 163
1863910 163
1863920 164
1863930 164
1863940 164
1863950 164
1863960 164
1863970 164
1863980 164
1863990 165
1864000 165
1864010 165
1864020 165
1864030 165
1864040 165
1864050 166
1864060 166
1864070 166
1864080 166
1864090 166
1864100 166
1864110 166
1864120 166
1864130 167
1864140 167
1864150 167
1864160 167
1864170 168
1864180 168
1864190 168
1864200 168
1864210 168
1864220 168
1864230 168
1864240 168
1864250 168
1864260 168
1864270 168
1864280 169
1864290 169
1864300 169
1864310 169
1864320 169
1864330 169
1864340 169
1864350 169
1864360 169
1864370 169
1864380 170
1864390 170
1864400 170
1864410 170
1864420 170
1864430 170
1864440 170
1864450 170
1864460 171
1864470 171
1864480 171
1864490 171
1864500 172
1864510 172
1864520 172
1864530 172
1864540 172
1864550 172
1864560 172
1864570 172
1864580 173
1864590 173
1864600 173
1864610 173
1864620 173
1864630 173
1864640 173
1864650 173
1864660 173
1864670 173
1864680 173
1864690 173
1864700 173
1864710 173
1864720 173
1864730 173
1864740 173
1864750 173
1864760 174
1864770 174
1864780 174
1864790 174
1864800 174
1864810 174
1864820 174
1864830 175
1864840 175
1864850 175
1864860 175
1864870 175
1864880 175
1864890 175
1864900 175
1864910 175
1864920 176
1864930 176
1864940 176
1864950 176
1864960 176
1864970 176
1864980 176
1864990 176
1865000 176
1865010 177
1865020 177
1865030 177
1865040 177
1865050 177
1865060 177
1865070 177
1865080 177
1865090 178
1865100 178
1865110 178
1865120 178
1865130 178
1865140 178
1865150 178
1865160 178
1865170 178
1865180 178
1865190 178
1865200 178
1865210 178
1865220 178
1865230 178
1865240 178
1865250 177
1865260 177
1865270 177
1865280 177
1865290 177
1865300 177
1865310 177
1865320 177
1865330 177
1865340 177
1865350 177
1865360 177
1865370 177
1865380 177
1865390 177
1865400 177
1865410 177
1865420 177
1865430 177
1865440 177
1865450 177
1865460 177
1865470 177
1865480 176
1865490 176
1865500 176
1865510 176
1865520 176
1865530 176
1865540 176
1865550 176
1865560 175
1865570 175
1865580 175
1865590 175
1865600 175
1865610 175
1865620 175
1865630 174
1865640 174
1865650 174
1865660 174
1865670 174
1865680 174
1865690 173
1865700 173
1865710 173
1865720 173
1865730 173
1865740 172
1865750 173
1865760 173
1865770 173
1865780 173
1865790 173
1865800 173
1865810 173
1865820 173
1865830 173
1865840 173
1865850 173
1865860 174
1865870 174
1865880 174
1865890 174
1865900 174
1865910 174
1865920 175
1865930 175
1865940 175
1865950 175
1865960 175
1865970 175
1865980 175
1865990 175
1866000 175
1866010 175
1866020 175
1866030 175
1866040 175
1866050 175
1866060 175
1866070 176
1866080 176
1866090 176
1866100 176
1866110 176
1866120 176
1866130 176
1866140 176
1866150 176
1866160 176
1866170 176
1866180 176
1866190 176
1866200 176
1866210 176
1866220 176
1866230 176
1866240 176
1866250 176
1866260 176
1866270 176
1866280 176
1866290 176
1866300 176
1866310 176
1866320 176
1866330 176
1866340 176
1866350 176
1866360 176
1866370 176
1866380 176
1866390 176
1866400 176
1866410 176
1866420 176
1866430 176
1866440 176
1866450 176
1866460 176
1866470 176
1866480 176
1866490 176
1866500 176
1866510 176
1866520 176
1866530 176
1866540 176
1866550 176
1866560 176
1866570 176
1866580 176
1866590 176
1866600 176
1866610 176
1866620 176
1866630 176
1866640 175
1866650 175
1866660 175
1866670 175
1866680 175
1866690 175
1866700 175
1866710 174
1866720 174
1866730 174
1866740 174
1866750 174
1866760 174
1866770 174
1866780 174
1866790 174
1866800 173
1866810 173
1866820 173
1866830 173
1866840 173
1866850 173
1866860 172
1866870 172
1866880 172
1866890 171
1866900 171
1866910 171
1866920 171
1866930 171
1866940 170
1866950 170
1866960 170
1866970 170
1866980 169
1866990 169
1867000 169
1867010 169
1867020 169
1867030 168
1867040 168
1867050 168
1867060 168
1867070 167
1867080 167
1867090 167
1867100 167
1867110 167
1867120 166
1867130 166
1867140 166
1867150 166
1867160 166
1867170 165
1867180 165
1867190 165
1867200 164
1867210 164
1867220 164
1867230 164
1867240 163
1867250 163
1867260 163
1867270 163
1867280 163
1867290 163
1867300 162
1867310 162
1867320 162
1867330 162
1867340 162
1867350 162
1867360 162
1867370 162
1867380 162
1867390 162
1867400 162
1867410 162
1867420 162
1867430 162
1867440 162
1867450 162
1867460 162
1867470 162
1867480 162
1867490 162
1867500 162
1867510 162
1867520 162
1867530 162
1867540 161
1867550 161
1867560 161
1867570 161
1867580 161
1867590 161
1867600 161
1867610 161
1867620 161
1867630 161
1867640 161
1867650 161
1867660 161
1867670 161
1867680 161
1867690 161
1867700 161
1867710 161
1867720 160
1867730 160
1867740 160
1867750 160
1867760 160
1867770 160
1867780 160
1867790 160
1867800 161
1867810 161
1867820 161
1867830 161
1867840 161
1867850 161
1867860 161
1867870 161
1867880 161
1867890 161
1867900 161
1867910 161
1867920 161
1867930 161
1867940 161
1867950 161
1867960 161
1867970 161
1867980 161
1867990 161
1868000 161
1868010 162
1868020 162
1868030 162
1868040 162
1868050 162
1868060 162
1868070 163
1868080 163
1868090 163
1868100 163
1868110 164
1868120 164
1868130 164
1868140 164
1868150 164
1868160 164
1868170 164
1868180 164
1868190 163
1868200 163
1868210 163
1868220 164
1868230 165
1868240 165
1868250 165
1868260 165
1868270 165
1868280 165
1868290 166
1868300 166
1868310 166
1868320 166
1868330 166
1868340 166
1868350 166
1868360 166
1868370 166
1868380 166
1868390 166
1868400 166
1868410 166
1868420 166
1868430 166
1868440 166
1868450 166
1868460 166
1868470 166
1868480 166
1868490 166
1868500 166
1868510 166
1868520 166
1868530 165
1868540 165
1868550 165
1868560 165
1868570 165
1868580 166
1868590 166
1868600 166
1868610 166
1868620 167
1868630 167
1868640 167
1868650 167
1868660 167
1868670 167
1868680 167
1868690 168
1868700 168
1868710 168
1868720 168
1868730 168
1868740 168
1868750 168
1868760 169
1868770 169
1868780 169
1868790 169
1868800 169
1868810 169
1868820 169
1868830 169
1868840 169
1868850 169
1868860 169
1868870 169
1868880 169
1868890 169
1868900 169
1868910 169
1868920 169
1868930 169
1868940 169
1868950 169
1868960 169
1868970 169
1868980 169
1868990 169
1869000 169
1869010 169
1869020 169
1869030 169
1869040 169
1869050 169
1869060 169
1869070 169
1869080 169
1869090 169
1869100 169
1869110 169
1869120 169
1869130 169
1869140 169
1869150 168
1869160 168
1869170 168
1869180 168
1869190 168
1869200 168
1869210 168
1869220 168
1869230 167
1869240 167
1869250 167
1869260 167
1869270 167
1869280 167
1869290 167
1869300 166
1869310 166
1869320 166
1869330 166
1869340 166
1869350 165
1869360 165
1869370 165
1869380 165
1869390 164
1869400 164
1869410 164
1869420 164
1869430 164
1869440 164
1869450 164
1869460 164
1869470 163
1869480 163
1869490 163
1869500 163
1869510 163
1869520 163
1869530 163
1869540 163
1869550 163
1869560 163
1869570 163
1869580 163
1869590 163
1869600 163
1869610 163
1869620 164
1869630 164
1869640 164
1869650 164
1869660 164
1869670 164
1869680 165
1869690 165
1869700 165
1869710 165
1869720 166
1869730 166
1869740 166
1869750 166
1869760 166
1869770 166
1869780 166
1869790 166
1869800 166
1869810 166
1869820 166
1869830 166
1869840 166
1869850 166
1869860 166
1869870 166
1869880 166
1869890 166
1869900 166
1869910 166
1869920 166
1869930 166
1869940 166
1869950 166
1869960 166
1869970 166
1869980 166
1869990 166
1870000 166
1870010 166
1870020 166
1870030 166
1870040 166
1870050 166
1870060 166
1870070 166
1870080 166
1870090 166
1870100 166
1870110 166
1870120 166
1870130 166
1870140 166
1870150 166
1870160 166
1870170 166
1870180 166
1870190 166
1870200 166
1870210 166
1870220 166
1870230 166
1870240 166
1870250 166
1870260 166
1870270 166
1870280 166
1870290 166
1870300 167
1870310 167
1870320 167
1870330 167
1870340 167
1870350 167
1870360 167
1870370 167
1870380 167
1870390 168
1870400 168
1870410 168
1870420 168
1870430 168
1870440 168
1870450 168
1870460 168
1870470 168
1870480 168
1870490 168
1870500 168
1870510 168
1870520 168
1870530 168
1870540 168
1870550 168
1870560 168
1870570 169
1870580 169
1870590 169
1870600 169
1870610 169
1870620 169
1870630 169
1870640 169
1870650 169
1870660 169
1870670 169
1870680 169
1870690 169
1870700 170
1870710 170
1870720 170
1870730 170
1870740 170
1870750 170
1870760 170
1870770 170
1870780 170
1870790 170
1870800 170
1870810 170
1870820 170
1870830 170
1870840 170
1870850 170
1870860 170
1870870 170
1870880 170
1870890 170
1870900 170
1870910 171
1870920 171
1870930 171
1870940 171
1870950 171
1870960 171
1870970 171
1870980 171
1870990 171
1871000 171
1871010 171
1871020 170
1871030 170
1871040 170
1871050 170
1871060 170
1871070 170
1871080 170
1871090 170
1871100 170
1871110 169
1871120 169
1871130 169
1871140 169
1871150 169
1871160 169
1871170 169
1871180 168
1871190 168
1871200 168
1871210 168
1871220 168
1871230 168
1871240 168
1871250 168
1871260 167
1871270 167
1871280 167
1871290 167
1871300 167
1871310 167
1871320 167
1871330 167
1871340 167
1871350 166
1871360 166
1871370 166
1871380 166
1871390 166
1871400 166
1871410 166
1871420 165
1871430 165
1871440 165
1871450 165
1871460 165
1871470 165
1871480 165
1871490 165
1871500 165
1871510 164
1871520 164
1871530 164
1871540 164
1871550 164
1871560 164
1871570 164
1871580 164
1871590 163
1871600 163
1871610 163
1871620 163
1871630 163
1871640 163
1871650 163
1871660 163
1871670 163
1871680 162
1871690 162
1871700 162
1871710 162
1871720 162
1871730 162
1871740 162
1871750 161
1871760 161
1871770 161
1871780 161
1871790 161
1871800 161
1871810 160
1871820 160
1871830 160
1871840 160
1871850 160
1871860 160
1871870 160
1871880 159
1871890 159
1871900 159
1871910 159
1871920 158
1871930 158
1871940 158
1871950 158
1871960 158
1871970 157
1871980 157
1871990 157
1872000 157
1872010 157
1872020 157
1872030 156
1872040 156
1872050 156
1872060 156
1872070 156
1872080 156
1872090 155
1872100 155
1872110 155
1872120 155
1872130 155
1872140 155
1872150 154
1872160 154
1872170 154
1872180 154
1872190 154
1872200 154
1872210 154
1872220 153
1872230 153
1872240 153
1872250 153
1872260 153
1872270 153
1872280 154
1872290 154
1872300 154
1872310 154
1872320 154
1872330 153
1872340 153
1872350 153
1872360 153
1872370 153
1872380 153
1872390 153
1872400 153
1872410 153
1872420 154
1872430 154
1872440 154
1872450 154
1872460 154
1872470 154
1872480 154
1872490 154
1872500 154
1872510 154
1872520 154
1872530 154
1872540 154
1872550 154
1872560 154
1872570 154
1872580 155
1872590 155
1872600 155
1872610 155
1872620 155
1872630 155
1872640 155
1872650 155
1872660 155
1872670 155
1872680 155
1872690 154
1872700 154
1872710 154
1872720 154
1872730 154
1872740 154
1872750 154
1872760 154
1872770 154
1872780 153
1872790 153
1872800 153
1872810 153
1872820 153
1872830 153
1872840 153
1872850 153
1872860 153
1872870 152
1872880 152
1872890 152
1872900 152
1872910 152
1872920 152
1872930 151
1872940 151
1872950 151
1872960 151
1872970 151
1872980 151
1872990 151
1873000 151
1873010 151
1873020 151
1873030 151
1873040 151
1873050 151
1873060 151
1873070 151
1873080 151
1873090 151
1873100 151
1873110 151
1873120 151
1873130 151
1873140 151
1873150 151
1873160 151
1873170 151
1873180 151
1873190 151
1873200 151
1873210 151
1873220 151
1873230 151
1873240 151
1873250 151
1873260 151
1873270 150
1873280 150
1873290 150
1873300 150
1873310 150
1873320 150
1873330 150
1873340 150
1873350 149
1873360 149
1873370 149
1873380 149
1873390 149
1873400 149
1873410 149
1873420 149
1873430 148
1873440 146
1873450 146
1873460 145
1873470 144
1873480 144
1873490 144
1873500 144
1873510 144
1873520 144
1873530 144
1873540 144
1873550 144
1873560 144
1873570 144
1873580 144
1873590 144
1873600 144
1873610 144
1873620 144
1873630 144
1873640 144
1873650 144
1873660 144
1873670 145
1873680 148
1873690 148
1873700 147
1873710 145
1873720 145
1873730 144
1873740 144
1873750 144
1873760 144
1873770 144
1873780 144
1873790 144
1873800 144
1873810 144
1873820 144
1873830 144
1873840 144
1873850 144
1873860 144
1873870 144
1873880 144
1873890 144
1873900 144
1873910 144
1873920 144
1873930 144
1873940 144
1873950 144
1873960 144
1873970 144
1873980 145
1873990 145
1874000 144
1874010 144
1874020 144
1874030 144
1874040 144
1874050 144
1874060 144
1874070 144
1874080 144
1874090 143
1874100 144
1874110 144
1874120 144
1874130 144
1874140 144
1874150 143
1874160 143
1874170 143
1874180 142
1874190 142
1874200 142
1874210 143
1874220 143
1874230 143
1874240 143
1874250 143
1874260 143
1874270 143
1874280 143
1874290 143
1874300 143
1874310 144
1874320 144
1874330 143
1874340 143
1874350 143
1874360 143
1874370 142
1874380 142
1874390 142
1874400 142
1874410 142
1874420 142
1874430 142
1874440 142
1874450 142
1874460 142
1874470 142
1874480 142
1874490 142
1874500 142
1874510 142
1874520 143
1874530 143
1874540 143
1874550 143
1874560 143
1874570 143
1874580 143
1874590 143
1874600 144
1874610 144
1874620 144
1874630 144
1874640 144
1874650 144
1874660 144
1874670 144
1874680 144
1874690 144
1874700 144
1874710 144
1874720 143
1874730 143
1874740 143
1874750 143
1874760 143
1874770 143
1874780 143
1874790 143
1874800 143
1874810 143
1874820 143
1874830 143
1874840 143
1874850 144
1874860 144
1874870 144
1874880 144
1874890 144
1874900 144
1874910 144
1874920 144
1874930 144
1874940 144
1874950 144
1874960 144
1874970 144
1874980 144
1874990 144
1875000 144
1875010 144
1875020 144
1875030 144
1875040 144
1875050 143
1875060 143
1875070 143
1875080 143
1875090 143
1875100 143
1875110 143
1875120 143
1875130 143
1875140 144
1875150 144
1875160 144
1875170 144
1875180 144
1875190 144
1875200 144
1875210 144
1875220 144
1875230 144
1875240 144
1875250 144
1875260 144
1875270 144
1875280 144
1875290 144
1875300 144
1875310 144
1875320 144
1875330 144
1875340 144
1875350 144
1875360 144
1875370 144
1875380 144
1875390 144
1875400 144
1875410 144
1875420 144
1875430 144
1875440 144
1875450 144
1875460 144
1875470 144
1875480 144
1875490 144
1875500 144
1875510 144
1875520 144
1875530 144
1875540 144
1875550 144
1875560 144
1875570 144
1875580 144
1875590 143
1875600 143
1875610 144
1875620 144
1875630 144
1875640 144
1875650 144
1875660 144
1875670 144
1875680 144
1875690 144
1875700 141
1875710 141
1875720 141
1875730 143
1875740 145
1875750 145
1875760 145
1875770 143
1875780 143
1875790 141
1875800 141
1875810 141
1875820 141
1875830 141
1875840 141
1875850 141
1875860 141
1875870 141
1875880 142
1875890 143
1875900 143
1875910 144
1875920 143
1875930 143
1875940 143
1875950 143
1875960 143
