1860000 163
1860010 163
1860020 163
1860030 163
1860040 163
1860050 163
1860060 163
1860070 163
1860080 163
1860090 163
1860100 163
1860110 163
1860120 163
1860130 163
1860140 163
1860150 163
1860160 163
1860170 163
1860180 163
1860190 163
1860200 163
1860210 163
1860220 163
1860230 163
1860240 163
1860250 163
1860260 162
1860270 162
1860280 162
1860290 163
1860300 163
1860310 162
1860320 162
1860330 162
1860340 162
1860350 162
1860360 162
1860370 162
1860380 162
1860390 162
1860400 162
1860410 162
1860420 162
1860430 162
1860440 162
1860450 162
1860460 162
1860470 162
1860480 162
1860490 162
1860500 162
1860510 162
1860520 162
1860530 162
1860540 162
1860550 162
1860560 162
1860570 162
1860580 163
1860590 163
1860600 163
1860610 164
1860620 164
1860630 164
1860640 163
1860650 163
1860660 163
1860670 163
1860680 163
1860690 163
1860700 163
1860710 163
1860720 163
1860730 163
1860740 163
1860750 163
1860760 163
1860770 163
1860780 163
1860790 163
1860800 163
1860810 163
1860820 163
1860830 163
1860840 163
1860850 163
1860860 163
1860870 163
1860880 163
1860890 163
1860900 163
1860910 163
1860920 163
1860930 164
1860940 164
1860950 164
1860960 164
1860970 164
1860980 164
1860990 164
1861000 164
1861010 164
1861020 164
1861030 164
1861040 164
1861050 164
1861060 164
1861070 164
1861080 164
1861090 165
1861100 165
1861110 165
1861120 165
1861130 165
1861140 165
1861150 165
1861160 165
1861170 165
1861180 165
1861190 165
1861200 165
1861210 166
1861220 166
1861230 166
1861240 166
1861250 166
1861260 166
1861270 166
1861280 166
1861290 167
1861300 167
1861310 167
1861320 167
1861330 167
1861340 167
1861350 167
1861360 168
1861370 168
1861380 168
1861390 169
1861400 169
1861410 169
1861420 170
1861430 170
1861440 170
1861450 170
1861460 170
1861470 170
1861480 171
1861490 171
1861500 171
1861510 171
1861520 171
1861530 171
1861540 172
1861550 172
1861560 172
1861570 172
1861580 172
1861590 172
1861600 172
1861610 172
1861620 173
1861630 173
1861640 173
1861650 174
1861660 174
1861670 174
1861680 174
1861690 174
1861700 174
1861710 175
1861720 175
1861730 175
1861740 175
1861750 176
1861760 176
1861770 176
1861780 176
1861790 176
1861800 176
1861810 177
1861820 177
1861830 177
1861840 178
1861850 178
1861860 179
1861870 179
1861880 179
1861890 180
1861900 181
1861910 181
1861920 182
1861930 183
1861940 183
1861950 184
1861960 185
1861970 184
1861980 184
1861990 184
1862000 184
1862010 184
1862020 183
1862030 183
1862040 183
1862050 182
1862060 182
1862070 182
1862080 181
1862090 181
1862100 181
1862110 180
1862120 180
1862130 180
1862140 180
1862150 180
1862160 180
1862170 180
1862180 180
1862190 180
1862200 180
1862210 180
1862220 181
1862230 182
1862240 182
1862250 182
1862260 182
1862270 182
1862280 182
1862290 181
1862300 181
1862310 182
1862320 182
1862330 182
1862340 183
1862350 183
1862360 183
1862370 182
1862380 181
1862390 181
1862400 181
1862410 181
1862420 181
1862430 180
1862440 179
1862450 179
1862460 179
1862470 179
1862480 179
1862490 178
1862500 178
1862510 178
1862520 177
1862530 177
1862540 177
1862550 176
1862560 176
1862570 175
1862580 175
1862590 175
1862600 174
1862610 174
1862620 174
1862630 174
1862640 173
1862650 173
1862660 173
1862670 173
1862680 173
1862690 172
1862700 172
1862710 172
1862720 172
1862730 172
1862740 172
1862750 172
1862760 172
1862770 172
1862780 171
1862790 171
1862800 171
1862810 171
1862820 170
1862830 170
1862840 170
1862850 170
1862860 170
1862870 170
1862880 170
1862890 170
1862900 171
1862910 171
1862920 171
1862930 170
1862940 170
1862950 170
1862960 170
1862970 170
1862980 170
1862990 170
1863000 169
1863010 169
1863020 169
1863030 168
1863040 168
1863050 168
1863060 168
1863070 168
1863080 168
1863090 168
1863100 168
1863110 167
1863120 167
1863130 167
1863140 167
1863150 168
1863160 168
1863170 168
1863180 167
1863190 167
1863200 167
1863210 167
1863220 167
1863230 166
1863240 166
1863250 166
1863260 165
1863270 165
1863280 165
1863290 165
1863300 165
1863310 165
1863320 165
1863330 165
1863340 165
1863350 166
1863360 166
1863370 166
1863380 166
1863390 166
1863400 166
1863410 166
1863420 166
1863430 166
1863440 167
1863450 167
1863460 167
1863470 167
1863480 167
1863490 167
1863500 168
1863510 168
1863520 168
1863530 168
1863540 169
1863550 169
1863560 170
1863570 170
1863580 170
1863590 171
1863600 172
1863610 172
1863620 173
1863630 173
1863640 173
1863650 174
1863660 175
1863670 175
1863680 175
1863690 176
1863700 176
1863710 177
1863720 177
1863730 177
1863740 177
1863750 178
1863760 178
1863770 178
1863780 178
1863790 178
1863800 178
1863810 179
1863820 179
1863830 179
1863840 180
1863850 180
1863860 180
1863870 180
1863880 180
1863890 182
1863900 183
1863910 183
1863920 183
1863930 183
1863940 183
1863950 183
1863960 183
1863970 183
1863980 184
1863990 184
1864000 184
1864010 184
1864020 185
1864030 185
1864040 185
1864050 185
1864060 185
1864070 185
1864080 185
1864090 186
1864100 186
1864110 186
1864120 186
1864130 186
1864140 186
1864150 186
1864160 187
1864170 187
1864180 186
1864190 182
1864200 182
1864210 179
1864220 179
1864230 179
1864240 177
1864250 176
1864260 176
1864270 176
1864280 177
1864290 177
1864300 182
1864310 186
1864320 186
1864330 189
1864340 189
1864350 189
1864360 189
1864370 190
1864380 190
1864390 191
1864400 191
1864410 191
1864420 192
1864430 191
1864440 191
1864450 192
1864460 192
1864470 192
1864480 193
1864490 193
1864500 193
1864510 194
1864520 194
1864530 194
1864540 194
1864550 194
1864560 194
1864570 195
1864580 195
1864590 195
1864600 194
1864610 194
1864620 194
1864630 194
1864640 194
1864650 194
1864660 193
1864670 193
1864680 193
1864690 192
1864700 192
1864710 193
1864720 192
1864730 192
1864740 192
1864750 192
1864760 191
1864770 191
1864780 191
1864790 191
1864800 191
1864810 191
1864820 191
1864830 191
1864840 191
1864850 191
1864860 191
1864870 191
1864880 191
1864890 191
1864900 190
1864910 190
1864920 190
1864930 190
1864940 190
1864950 190
1864960 189
1864970 189
1864980 189
1864990 189
1865000 189
1865010 189
1865020 188
1865030 188
1865040 188
1865050 188
1865060 188
1865070 188
1865080 189
1865090 189
1865100 189
1865110 189
1865120 190
1865130 190
1865140 190
1865150 190
1865160 190
1865170 191
1865180 191
1865190 191
1865200 190
1865210 190
1865220 190
1865230 190
1865240 189
1865250 189
1865260 189
1865270 189
1865280 189
1865290 189
1865300 188
1865310 188
1865320 188
1865330 188
1865340 188
1865350 188
1865360 188
1865370 188
1865380 187
1865390 187
1865400 187
1865410 187
1865420 187
1865430 187
1865440 187
1865450 187
1865460 187
1865470 186
1865480 186
1865490 186
1865500 186
1865510 186
1865520 186
1865530 186
1865540 185
1865550 185
1865560 185
1865570 185
1865580 185
1865590 185
1865600 184
1865610 184
1865620 184
1865630 184
1865640 184
1865650 184
1865660 184
1865670 183
1865680 183
1865690 183
1865700 183
1865710 182
1865720 182
1865730 182
1865740 181
1865750 181
1865760 181
1865770 181
1865780 181
1865790 180
1865800 180
1865810 180
1865820 180
1865830 180
1865840 180
1865850 179
1865860 179
1865870 179
1865880 179
1865890 179
1865900 179
1865910 179
1865920 179
1865930 179
1865940 179
1865950 179
1865960 179
1865970 179
1865980 179
1865990 179
1866000 179
1866010 180
1866020 180
1866030 180
1866040 180
1866050 180
1866060 180
1866070 180
1866080 181
1866090 181
1866100 180
1866110 180
1866120 180
1866130 180
1866140 180
1866150 180
1866160 180
1866170 180
1866180 180
1866190 181
1866200 181
1866210 180
1866220 180
1866230 180
1866240 180
1866250 179
1866260 179
1866270 179
1866280 178
1866290 178
1866300 177
1866310 177
1866320 177
1866330 177
1866340 177
1866350 177
1866360 178
1866370 178
1866380 178
1866390 178
1866400 179
1866410 179
1866420 180
1866430 181
1866440 181
1866450 182
1866460 183
1866470 183
1866480 183
1866490 183
1866500 183
1866510 183
1866520 183
1866530 183
1866540 183
1866550 183
1866560 183
1866570 183
1866580 183
1866590 183
1866600 182
1866610 182
1866620 182
1866630 182
1866640 182
1866650 182
1866660 182
1866670 182
1866680 182
1866690 182
1866700 182
1866710 182
1866720 181
1866730 181
1866740 181
1866750 181
1866760 180
1866770 180
1866780 180
1866790 179
1866800 179
1866810 179
1866820 178
1866830 178
1866840 178
1866850 178
1866860 178
1866870 179
1866880 179
1866890 179
1866900 179
1866910 179
1866920 179
1866930 179
1866940 179
1866950 179
1866960 179
1866970 179
1866980 179
1866990 178
1867000 178
1867010 178
1867020 178
1867030 178
1867040 178
1867050 178
1867060 177
1867070 177
1867080 177
1867090 177
1867100 177
1867110 177
1867120 178
1867130 178
1867140 178
1867150 178
1867160 178
1867170 178
1867180 178
1867190 178
1867200 179
1867210 179
1867220 179
1867230 179
1867240 179
1867250 179
1867260 179
1867270 179
1867280 179
1867290 179
1867300 179
1867310 179
1867320 179
1867330 179
1867340 179
1867350 179
1867360 179
1867370 179
1867380 179
1867390 179
1867400 179
1867410 179
1867420 179
1867430 179
1867440 179
1867450 179
1867460 179
1867470 178
1867480 178
1867490 177
1867500 176
1867510 176
1867520 175
1867530 174
1867540 174
1867550 172
1867560 171
1867570 171
1867580 170
1867590 169
1867600 169
1867610 169
1867620 168
1867630 168
1867640 168
1867650 168
1867660 168
1867670 168
1867680 168
1867690 168
1867700 169
1867710 171
1867720 171
1867730 172
1867740 174
1867750 174
1867760 176
1867770 177
1867780 178
1867790 179
1867800 179
1867810 179
1867820 179
1867830 178
1867840 178
1867850 178
1867860 177
1867870 177
1867880 177
1867890 177
1867900 177
1867910 177
1867920 176
1867930 176
1867940 176
1867950 176
1867960 176
1867970 176
1867980 176
1867990 176
1868000 176
1868010 176
1868020 176
1868030 177
1868040 177
1868050 177
1868060 177
1868070 177
1868080 177
1868090 177
1868100 177
1868110 177
1868120 175
1868130 175
1868140 175
1868150 174
1868160 173
1868170 173
1868180 173
1868190 172
1868200 172
1868210 172
1868220 172
1868230 172
1868240 172
1868250 172
1868260 172
1868270 172
1868280 172
1868290 172
1868300 172
1868310 172
1868320 172
1868330 172
1868340 172
1868350 172
1868360 171
1868370 171
1868380 171
1868390 171
1868400 171
1868410 171
1868420 171
1868430 171
1868440 171
1868450 170
1868460 171
1868470 171
1868480 171
1868490 170
1868500 170
1868510 170
1868520 170
1868530 170
1868540 170
1868550 170
1868560 170
1868570 171
1868580 171
1868590 171
1868600 171
1868610 171
1868620 171
1868630 171
1868640 171
1868650 171
1868660 171
1868670 172
1868680 172
1868690 172
1868700 172
1868710 172
1868720 172
1868730 172
1868740 172
1868750 172
1868760 172
1868770 173
1868780 173
1868790 173
1868800 173
1868810 173
1868820 173
1868830 173
1868840 173
1868850 173
1868860 173
1868870 172
1868880 172
1868890 172
1868900 172
1868910 172
1868920 171
1868930 171
1868940 171
1868950 171
1868960 171
1868970 171
1868980 171
1868990 170
1869000 170
1869010 170
1869020 170
1869030 170
1869040 170
1869050 170
1869060 170
1869070 170
1869080 170
1869090 170
1869100 170
1869110 170
1869120 170
1869130 170
1869140 170
1869150 170
1869160 170
1869170 170
1869180 170
1869190 170
1869200 170
1869210 170
1869220 170
1869230 171
1869240 171
1869250 171
1869260 171
1869270 171
1869280 171
1869290 172
1869300 172
1869310 172
1869320 172
1869330 172
1869340 172
1869350 172
1869360 172
1869370 172
1869380 172
1869390 172
1869400 173
1869410 173
1869420 173
1869430 173
1869440 173
1869450 173
1869460 173
1869470 174
1869480 174
1869490 174
1869500 174
1869510 174
1869520 174
1869530 175
1869540 175
1869550 175
1869560 175
1869570 175
1869580 175
1869590 175
1869600 175
1869610 175
1869620 175
1869630 175
1869640 175
1869650 175
1869660 175
1869670 175
1869680 175
1869690 175
1869700 175
1869710 175
1869720 175
1869730 175
1869740 175
1869750 175
1869760 175
1869770 174
1869780 174
1869790 174
1869800 174
1869810 174
1869820 174
1869830 173
1869840 173
1869850 173
1869860 173
1869870 173
1869880 173
1869890 172
1869900 172
1869910 172
1869920 172
1869930 172
1869940 172
1869950 171
1869960 171
1869970 171
1869980 171
1869990 171
1870000 170
1870010 170
1870020 170
1870030 170
1870040 169
1870050 169
1870060 169
1870070 169
1870080 169
1870090 169
1870100 169
1870110 169
1870120 169
1870130 169
1870140 169
1870150 168
1870160 168
1870170 168
1870180 168
1870190 168
1870200 168
1870210 168
1870220 167
1870230 167
1870240 167
1870250 167
1870260 167
1870270 167
1870280 167
1870290 167
1870300 167
1870310 167
1870320 167
1870330 167
1870340 167
1870350 167
1870360 167
1870370 167
1870380 167
1870390 167
1870400 167
1870410 167
1870420 167
1870430 167
1870440 167
1870450 167
1870460 167
1870470 166
1870480 166
1870490 166
1870500 166
1870510 166
1870520 166
1870530 166
1870540 166
1870550 166
1870560 166
1870570 166
1870580 166
1870590 165
1870600 165
1870610 165
1870620 165
1870630 165
1870640 165
1870650 165
1870660 165
1870670 165
1870680 165
1870690 165
1870700 165
1870710 165
1870720 165
1870730 165
1870740 166
1870750 166
1870760 166
1870770 166
1870780 166
1870790 166
1870800 166
1870810 166
1870820 166
1870830 166
1870840 166
1870850 166
1870860 166
1870870 165
1870880 165
1870890 165
1870900 165
1870910 165
1870920 165
1870930 165
1870940 165
1870950 165
1870960 165
1870970 165
1870980 164
1870990 164
1871000 164
1871010 164
1871020 164
1871030 164
1871040 164
1871050 164
1871060 164
1871070 163
1871080 163
1871090 163
1871100 163
1871110 163
1871120 163
1871130 163
1871140 163
1871150 163
1871160 163
1871170 163
1871180 163
1871190 162
1871200 162
1871210 162
1871220 162
1871230 162
1871240 162
1871250 162
1871260 161
1871270 161
1871280 161
1871290 161
1871300 161
1871310 161
1871320 160
1871330 160
1871340 160
1871350 160
1871360 160
1871370 160
1871380 160
1871390 160
1871400 159
1871410 159
1871420 159
1871430 159
1871440 159
1871450 159
1871460 159
1871470 158
1871480 158
1871490 158
1871500 159
1871510 159
1871520 159
1871530 158
1871540 158
1871550 158
1871560 158
1871570 158
1871580 158
1871590 158
1871600 158
1871610 158
1871620 158
1871630 158
1871640 158
1871650 158
1871660 158
1871670 158
1871680 159
1871690 159
1871700 159
1871710 159
1871720 159
1871730 158
1871740 158
1871750 158
1871760 158
1871770 158
1871780 158
1871790 158
1871800 158
1871810 158
1871820 158
1871830 158
1871840 158
1871850 158
1871860 158
1871870 157
1871880 157
1871890 157
1871900 157
1871910 157
1871920 157
1871930 157
1871940 157
1871950 157
1871960 157
1871970 157
1871980 157
1871990 157
1872000 157
1872010 157
1872020 157
1872030 157
1872040 157
1872050 157
1872060 157
1872070 157
1872080 157
1872090 157
1872100 157
1872110 157
1872120 157
1872130 157
1872140 157
1872150 157
1872160 157
1872170 157
1872180 157
1872190 157
1872200 156
1872210 156
1872220 156
1872230 156
1872240 156
1872250 156
1872260 156
1872270 156
1872280 156
1872290 156
1872300 156
1872310 156
1872320 156
1872330 155
1872340 155
1872350 155
1872360 155
1872370 155
1872380 155
1872390 155
1872400 155
1872410 155
1872420 155
1872430 155
1872440 155
1872450 155
1872460 155
1872470 155
1872480 155
1872490 155
1872500 155
1872510 155
1872520 155
1872530 155
1872540 155
1872550 155
1872560 155
1872570 155
1872580 155
1872590 155
1872600 154
1872610 154
1872620 154
1872630 154
1872640 154
1872650 153
1872660 153
1872670 153
1872680 152
1872690 152
1872700 152
1872710 152
1872720 151
1872730 151
1872740 151
1872750 151
1872760 151
1872770 151
1872780 151
1872790 151
1872800 151
1872810 151
1872820 151
1872830 151
1872840 150
1872850 150
1872860 150
1872870 150
1872880 150
1872890 151
1872900 151
1872910 151
1872920 151
1872930 151
1872940 151
1872950 151
1872960 150
1872970 150
1872980 150
1872990 150
1873000 150
1873010 150
1873020 150
1873030 150
1873040 150
1873050 151
1873060 151
1873070 151
1873080 151
1873090 151
1873100 151
1873110 151
1873120 151
1873130 151
1873140 151
1873150 151
1873160 152
1873170 152
1873180 153
1873190 153
1873200 153
1873210 153
1873220 153
1873230 154
1873240 154
1873250 154
1873260 154
1873270 154
1873280 154
1873290 154
1873300 154
1873310 155
1873320 155
1873330 155
1873340 155
1873350 155
1873360 155
1873370 155
1873380 155
1873390 154
1873400 154
1873410 154
1873420 154
1873430 154
1873440 154
1873450 154
1873460 154
1873470 154
1873480 154
1873490 154
1873500 154
1873510 154
1873520 154
1873530 154
1873540 154
1873550 154
1873560 154
1873570 153
1873580 153
1873590 153
1873600 153
1873610 153
1873620 153
1873630 152
1873640 152
1873650 152
1873660 152
1873670 152
1873680 152
1873690 152
1873700 152
1873710 152
1873720 152
1873730 152
1873740 152
1873750 152
1873760 152
1873770 152
1873780 152
1873790 151
1873800 151
1873810 152
1873820 151
1873830 151
1873840 151
1873850 150
1873860 150
1873870 150
1873880 150
1873890 150
1873900 150
1873910 150
1873920 150
1873930 150
1873940 150
1873950 150
1873960 149
1873970 149
1873980 149
1873990 149
1874000 149
1874010 149
1874020 149
1874030 148
1874040 148
1874050 148
1874060 149
1874070 149
1874080 149
1874090 149
1874100 149
1874110 149
1874120 149
1874130 149
1874140 149
1874150 149
1874160 149
1874170 149
1874180 149
1874190 149
1874200 150
1874210 150
1874220 150
1874230 149
1874240 149
1874250 149
1874260 149
1874270 149
1874280 149
1874290 149
1874300 148
1874310 148
1874320 148
1874330 147
1874340 147
1874350 147
1874360 145
1874370 145
1874380 144
1874390 144
1874400 144
1874410 144
1874420 144
1874430 144
1874440 144
1874450 144
1874460 144
1874470 144
1874480 144
1874490 144
1874500 144
1874510 144
1874520 144
1874530 143
1874540 143
1874550 143
1874560 142
1874570 142
1874580 142
1874590 142
1874600 142
1874610 142
1874620 142
1874630 142
1874640 142
1874650 142
1874660 143
1874670 143
1874680 143
1874690 144
1874700 144
1874710 144
1874720 144
1874730 144
1874740 144
1874750 144
1874760 144
1874770 144
1874780 144
1874790 144
1874800 144
1874810 144
1874820 144
1874830 144
1874840 144
1874850 144
1874860 144
1874870 144
1874880 144
1874890 144
1874900 144
1874910 144
1874920 144
1874930 144
1874940 144
1874950 144
1874960 144
1874970 144
1874980 144
1874990 144
1875000 145
1875010 145
1875020 145
1875030 145
1875040 145
1875050 145
1875060 145
1875070 145
1875080 145
1875090 145
1875100 145
1875110 145
1875120 145
1875130 145
1875140 145
1875150 145
1875160 145
1875170 145
1875180 144
1875190 144
1875200 144
1875210 144
1875220 144
1875230 144
1875240 144
1875250 144
1875260 144
1875270 144
1875280 144
1875290 144
1875300 143
1875310 143
1875320 143
1875330 143
1875340 144
1875350 144
1875360 144
1875370 144
1875380 144
1875390 144
1875400 144
1875410 144
1875420 144
1875430 144
1875440 144
1875450 144
1875460 144
1875470 144
1875480 144
1875490 144
1875500 144
1875510 144
1875520 144
1875530 144
1875540 144
1875550 144
1875560 144
1875570 144
1875580 144
1875590 144
1875600 145
1875610 147
1875620 147
1875630 146
1875640 144
1875650 144
1875660 144
1875670 144
1875680 144
1875690 144
1875700 144
1875710 144
1875720 143
1875730 142
1875740 142
1875750 142
1875760 142
1875770 142
1875780 142
1875790 142
1875800 142
1875810 142
1875820 143
1875830 143
1875840 144
1875850 144
1875860 144
1875870 144
1875880 143
1875890 143
1875900 143
