1860000 172
1860010 172
1860020 173
1860030 173
1860040 173
1860050 173
1860060 173
1860070 173
1860080 173
1860090 173
1860100 172
1860110 172
1860120 172
1860130 172
1860140 172
1860150 172
1860160 172
1860170 173
1860180 173
1860190 173
1860200 172
1860210 172
1860220 172
1860230 173
1860240 173
1860250 173
1860260 173
1860270 173
1860280 173
1860290 173
1860300 173
1860310 174
1860320 174
1860330 174
1860340 175
1860350 175
1860360 175
1860370 175
1860380 175
1860390 175
1860400 176
1860410 176
1860420 176
1860430 176
1860440 176
1860450 176
1860460 176
1860470 176
1860480 176
1860490 177
1860500 177
1860510 177
1860520 177
1860530 177
1860540 177
1860550 177
1860560 177
1860570 177
1860580 177
1860590 177
1860600 177
1860610 176
1860620 176
1860630 176
1860640 176
1860650 176
1860660 176
1860670 175
1860680 176
1860690 176
1860700 175
1860710 175
1860720 175
1860730 175
1860740 175
1860750 175
1860760 175
1860770 175
1860780 175
1860790 176
1860800 176
1860810 176
1860820 175
1860830 175
1860840 175
1860850 176
1860860 176
1860870 176
1860880 176
1860890 176
1860900 176
1860910 176
1860920 177
1860930 177
1860940 177
1860950 177
1860960 176
1860970 176
1860980 176
1860990 176
1861000 176
1861010 176
1861020 176
1861030 176
1861040 176
1861050 177
1861060 177
1861070 177
1861080 177
1861090 177
1861100 177
1861110 177
1861120 176
1861130 176
1861140 177
1861150 177
1861160 177
1861170 178
1861180 179
1861190 179
1861200 179
1861210 180
1861220 180
1861230 180
1861240 180
1861250 180
1861260 180
1861270 180
1861280 180
1861290 180
1861300 180
1861310 180
1861320 181
1861330 181
1861340 181
1861350 181
1861360 181
1861370 182
1861380 182
1861390 181
1861400 181
1861410 181
1861420 181
1861430 181
1861440 181
1861450 181
1861460 181
1861470 181
1861480 181
1861490 181
1861500 180
1861510 180
1861520 180
1861530 180
1861540 180
1861550 180
1861560 180
1861570 180
1861580 180
1861590 181
1861600 181
1861610 181
1861620 181
1861630 181
1861640 181
1861650 181
1861660 181
1861670 181
1861680 182
1861690 182
1861700 182
1861710 182
1861720 184
1861730 184
1861740 184
1861750 185
1861760 185
1861770 185
1861780 186
1861790 186
1861800 186
1861810 186
1861820 186
1861830 186
1861840 187
1861850 187
1861860 186
1861870 186
1861880 186
1861890 186
1861900 185
1861910 185
1861920 185
1861930 185
1861940 185
1861950 185
1861960 184
1861970 184
1861980 184
1861990 184
1862000 184
1862010 183
1862020 183
1862030 183
1862040 184
1862050 183
1862060 184
1862070 184
1862080 185
1862090 185
1862100 185
1862110 183
1862120 183
1862130 184
1862140 186
1862150 186
1862160 187
1862170 187
1862180 187
1862190 187
1862200 187
1862210 187
1862220 187
1862230 187
1862240 187
1862250 187
1862260 187
1862270 187
1862280 186
1862290 186
1862300 186
1862310 185
1862320 185
1862330 185
1862340 185
1862350 184
1862360 184
1862370 184
1862380 183
1862390 183
1862400 183
1862410 181
1862420 181
1862430 181
1862440 180
1862450 180
1862460 180
1862470 179
1862480 179
1862490 179
1862500 179
1862510 178
1862520 178
1862530 178
1862540 177
1862550 177
1862560 177
1862570 176
1862580 176
1862590 176
1862600 176
1862610 176
1862620 176
1862630 176
1862640 176
1862650 176
1862660 176
1862670 176
1862680 176
1862690 175
1862700 177
1862710 177
1862720 179
1862730 180
1862740 180
1862750 183
1862760 185
1862770 185
1862780 187
1862790 188
1862800 188
1862810 189
1862820 191
1862830 191
1862840 192
1862850 192
1862860 192
1862870 192
1862880 192
1862890 192
1862900 191
1862910 189
1862920 189
1862930 187
1862940 187
1862950 187
1862960 186
1862970 185
1862980 185
1862990 185
1863000 184
1863010 184
1863020 184
1863030 184
1863040 184
1863050 185
1863060 187
1863070 187
1863080 188
1863090 187
1863100 188
1863110 189
1863120 189
1863130 189
1863140 189
1863150 189
1863160 189
1863170 188
1863180 187
1863190 187
1863200 187
1863210 186
1863220 186
1863230 185
1863240 184
1863250 184
1863260 183
1863270 183
1863280 183
1863290 182
1863300 182
1863310 182
1863320 181
1863330 180
1863340 180
1863350 180
1863360 179
1863370 179
1863380 178
1863390 177
1863400 177
1863410 175
1863420 174
1863430 174
1863440 172
1863450 171
1863460 171
1863470 170
1863480 170
1863490 170
1863500 171
1863510 171
1863520 171
1863530 173
1863540 174
1863550 174
1863560 174
1863570 175
1863580 175
1863590 175
1863600 176
1863610 176
1863620 176
1863630 177
1863640 177
1863650 177
1863660 177
1863670 177
1863680 178
1863690 178
1863700 178
1863710 178
1863720 179
1863730 179
1863740 179
1863750 180
1863760 180
1863770 182
1863780 184
1863790 184
1863800 187
1863810 190
1863820 190
1863830 192
1863840 195
1863850 195
1863860 198
1863870 200
1863880 200
1863890 204
1863900 206
1863910 206
1863920 207
1863930 207
1863940 207
1863950 208
1863960 209
1863970 209
1863980 210
1863990 211
1864000 211
1864010 212
1864020 213
1864030 213
1864040 214
1864050 214
1864060 214
1864070 215
1864080 215
1864090 215
1864100 216
1864110 216
1864120 216
1864130 217
1864140 217
1864150 217
1864160 216
1864170 216
1864180 216
1864190 216
1864200 216
1864210 216
1864220 216
1864230 216
1864240 216
1864250 215
1864260 215
1864270 215
1864280 214
1864290 214
1864300 214
1864310 213
1864320 213
1864330 213
1864340 212
1864350 212
1864360 212
1864370 211
1864380 211
1864390 211
1864400 210
1864410 210
1864420 210
1864430 210
1864440 210
1864450 209
1864460 209
1864470 209
1864480 208
1864490 208
1864500 208
1864510 208
1864520 208
1864530 208
1864540 208
1864550 207
1864560 207
1864570 207
1864580 207
1864590 207
1864600 207
1864610 207
1864620 207
1864630 206
1864640 206
1864650 206
1864660 206
1864670 206
1864680 206
1864690 206
1864700 206
1864710 206
1864720 206
1864730 206
1864740 206
1864750 206
1864760 207
1864770 207
1864780 207
1864790 207
1864800 207
1864810 207
1864820 207
1864830 207
1864840 207
1864850 207
1864860 207
1864870 207
1864880 207
1864890 207
1864900 206
1864910 206
1864920 206
1864930 206
1864940 206
1864950 206
1864960 205
1864970 205
1864980 205
1864990 205
1865000 205
1865010 205
1865020 205
1865030 204
1865040 204
1865050 204
1865060 204
1865070 204
1865080 204
1865090 204
1865100 204
1865110 203
1865120 203
1865130 203
1865140 203
1865150 203
1865160 203
1865170 203
1865180 202
1865190 202
1865200 202
1865210 202
1865220 202
1865230 201
1865240 201
1865250 201
1865260 201
1865270 201
1865280 201
1865290 200
1865300 200
1865310 200
1865320 200
1865330 199
1865340 199
1865350 199
1865360 199
1865370 199
1865380 198
1865390 198
1865400 198
1865410 198
1865420 198
1865430 198
1865440 197
1865450 197
1865460 197
1865470 197
1865480 197
1865490 197
1865500 196
1865510 196
1865520 196
1865530 196
1865540 196
1865550 196
1865560 195
1865570 195
1865580 195
1865590 195
1865600 195
1865610 194
1865620 194
1865630 194
1865640 193
1865650 193
1865660 193
1865670 193
1865680 192
1865690 192
1865700 192
1865710 192
1865720 192
1865730 191
1865740 191
1865750 191
1865760 191
1865770 191
1865780 191
1865790 191
1865800 191
1865810 191
1865820 191
1865830 191
1865840 191
1865850 191
1865860 190
1865870 190
1865880 191
1865890 191
1865900 191
1865910 191
1865920 191
1865930 191
1865940 191
1865950 191
1865960 191
1865970 191
1865980 191
1865990 191
1866000 191
1866010 192
1866020 192
1866030 192
1866040 192
1866050 192
1866060 192
1866070 192
1866080 192
1866090 192
1866100 192
1866110 192
1866120 192
1866130 192
1866140 192
1866150 192
1866160 192
1866170 192
1866180 192
1866190 192
1866200 192
1866210 192
1866220 192
1866230 192
1866240 192
1866250 192
1866260 192
1866270 192
1866280 192
1866290 192
1866300 192
1866310 192
1866320 192
1866330 192
1866340 192
1866350 192
1866360 192
1866370 192
1866380 192
1866390 192
1866400 192
1866410 192
1866420 192
1866430 192
1866440 192
1866450 192
1866460 192
1866470 192
1866480 192
1866490 192
1866500 192
1866510 192
1866520 192
1866530 192
1866540 192
1866550 192
1866560 192
1866570 192
1866580 192
1866590 192
1866600 192
1866610 192
1866620 192
1866630 192
1866640 192
1866650 192
1866660 192
1866670 192
1866680 192
1866690 192
1866700 192
1866710 192
1866720 192
1866730 192
1866740 192
1866750 192
1866760 192
1866770 192
1866780 192
1866790 192
1866800 192
1866810 191
1866820 191
1866830 191
1866840 191
1866850 191
1866860 191
1866870 191
1866880 190
1866890 190
1866900 190
1866910 189
1866920 189
1866930 189
1866940 188
1866950 188
1866960 188
1866970 187
1866980 187
1866990 187
1867000 186
1867010 186
1867020 185
1867030 185
1867040 185
1867050 184
1867060 184
1867070 184
1867080 183
1867090 183
1867100 182
1867110 181
1867120 181
1867130 180
1867140 179
1867150 179
1867160 178
1867170 177
1867180 177
1867190 176
1867200 174
1867210 174
1867220 174
1867230 174
1867240 174
1867250 173
1867260 173
1867270 173
1867280 173
1867290 173
1867300 173
1867310 173
1867320 173
1867330 173
1867340 174
1867350 176
1867360 176
1867370 177
1867380 178
1867390 178
1867400 180
1867410 181
1867420 181
1867430 184
1867440 187
1867450 187
1867460 190
1867470 193
1867480 193
1867490 194
1867500 194
1867510 194
1867520 193
1867530 193
1867540 193
1867550 192
1867560 191
1867570 191
1867580 191
1867590 190
1867600 190
1867610 189
1867620 189
1867630 189
1867640 189
1867650 189
1867660 189
1867670 189
1867680 189
1867690 189
1867700 189
1867710 188
1867720 188
1867730 187
1867740 186
1867750 186
1867760 185
1867770 185
1867780 185
1867790 184
1867800 183
1867810 183
1867820 183
1867830 182
1867840 182
1867850 182
1867860 181
1867870 181
1867880 181
1867890 181
1867900 181
1867910 180
1867920 180
1867930 180
1867940 180
1867950 180
1867960 180
1867970 180
1867980 179
1867990 179
1868000 179
1868010 179
1868020 179
1868030 179
1868040 179
1868050 179
1868060 179
1868070 179
1868080 179
1868090 178
1868100 178
1868110 178
1868120 178
1868130 178
1868140 178
1868150 177
1868160 177
1868170 177
1868180 176
1868190 176
1868200 176
1868210 176
1868220 175
1868230 175
1868240 174
1868250 174
1868260 174
1868270 174
1868280 174
1868290 174
1868300 173
1868310 173
1868320 173
1868330 173
1868340 173
1868350 173
1868360 172
1868370 172
1868380 172
1868390 172
1868400 172
1868410 172
1868420 172
1868430 172
1868440 172
1868450 171
1868460 171
1868470 171
1868480 171
1868490 171
1868500 171
1868510 171
1868520 171
1868530 171
1868540 171
1868550 171
1868560 171
1868570 170
1868580 170
1868590 170
1868600 170
1868610 170
1868620 170
1868630 170
1868640 170
1868650 170
1868660 170
1868670 170
1868680 170
1868690 170
1868700 170
1868710 170
1868720 169
1868730 169
1868740 169
1868750 169
1868760 169
1868770 169
1868780 169
1868790 169
1868800 169
1868810 168
1868820 168
1868830 168
1868840 168
1868850 168
1868860 168
1868870 168
1868880 168
1868890 169
1868900 169
1868910 169
1868920 169
1868930 169
1868940 169
1868950 169
1868960 169
1868970 169
1868980 169
1868990 169
1869000 169
1869010 169
1869020 169
1869030 169
1869040 169
1869050 168
1869060 168
1869070 168
1869080 168
1869090 168
1869100 168
1869110 168
1869120 168
1869130 168
1869140 168
1869150 168
1869160 168
1869170 168
1869180 168
1869190 168
1869200 168
1869210 168
1869220 168
1869230 167
1869240 167
1869250 167
1869260 167
1869270 167
1869280 167
1869290 167
1869300 167
1869310 167
1869320 167
1869330 167
1869340 166
1869350 166
1869360 166
1869370 166
1869380 165
1869390 165
1869400 165
1869410 165
1869420 165
1869430 164
1869440 164
1869450 164
1869460 164
1869470 164
1869480 164
1869490 163
1869500 164
1869510 164
1869520 164
1869530 163
1869540 163
1869550 163
1869560 163
1869570 163
1869580 163
1869590 162
1869600 162
1869610 162
1869620 162
1869630 162
1869640 162
1869650 162
1869660 162
1869670 162
1869680 162
1869690 162
1869700 162
1869710 162
1869720 162
1869730 162
1869740 161
1869750 161
1869760 161
1869770 161
1869780 161
1869790 161
1869800 161
1869810 161
1869820 161
1869830 161
1869840 161
1869850 160
1869860 160
1869870 160
1869880 161
1869890 161
1869900 161
1869910 160
1869920 160
1869930 160
1869940 160
1869950 161
1869960 161
1869970 160
1869980 160
1869990 160
1870000 161
1870010 161
1870020 161
1870030 160
1870040 160
1870050 160
1870060 160
1870070 160
1870080 160
1870090 160
1870100 160
1870110 160
1870120 160
1870130 160
1870140 160
1870150 160
1870160 160
1870170 160
1870180 160
1870190 160
1870200 160
1870210 160
1870220 160
1870230 160
1870240 160
1870250 160
1870260 160
1870270 160
1870280 160
1870290 160
1870300 160
1870310 160
1870320 159
1870330 158
1870340 158
1870350 158
1870360 158
1870370 158
1870380 158
1870390 158
1870400 158
1870410 159
1870420 158
1870430 158
1870440 158
1870450 158
1870460 158
1870470 158
1870480 158
1870490 158
1870500 158
1870510 158
1870520 158
1870530 158
1870540 158
1870550 158
1870560 158
1870570 158
1870580 158
1870590 158
1870600 158
1870610 158
1870620 158
1870630 158
1870640 158
1870650 159
1870660 159
1870670 159
1870680 158
1870690 158
1870700 158
1870710 158
1870720 158
1870730 158
1870740 157
1870750 157
1870760 157
1870770 157
1870780 157
1870790 157
1870800 157
1870810 157
1870820 157
1870830 157
1870840 157
1870850 157
1870860 157
1870870 157
1870880 157
1870890 157
1870900 157
1870910 157
1870920 156
1870930 156
1870940 156
1870950 157
1870960 157
1870970 157
1870980 157
1870990 157
1871000 157
1871010 157
1871020 157
1871030 157
1871040 157
1871050 157
1871060 157
1871070 157
1871080 157
1871090 157
1871100 157
1871110 157
1871120 157
1871130 157
1871140 157
1871150 157
1871160 157
1871170 158
1871180 158
1871190 158
1871200 159
1871210 159
1871220 159
1871230 159
1871240 159
1871250 160
1871260 160
1871270 160
1871280 160
1871290 160
1871300 160
1871310 160
1871320 160
1871330 160
1871340 160
1871350 160
1871360 160
1871370 160
1871380 159
1871390 159
1871400 159
1871410 159
1871420 159
1871430 159
1871440 159
1871450 159
1871460 159
1871470 159
1871480 159
1871490 159
1871500 158
1871510 158
1871520 158
1871530 158
1871540 158
1871550 158
1871560 158
1871570 158
1871580 158
1871590 158
1871600 157
1871610 157
1871620 157
1871630 157
1871640 157
1871650 157
1871660 157
1871670 156
1871680 156
1871690 156
1871700 156
1871710 156
1871720 156
1871730 156
1871740 156
1871750 156
1871760 156
1871770 156
1871780 156
1871790 156
1871800 156
1871810 156
1871820 156
1871830 156
1871840 156
1871850 156
1871860 156
1871870 156
1871880 156
1871890 156
1871900 156
1871910 156
1871920 156
1871930 156
1871940 157
1871950 157
1871960 157
1871970 157
1871980 157
1871990 158
1872000 158
1872010 158
1872020 158
1872030 158
1872040 158
1872050 158
1872060 158
1872070 158
1872080 158
1872090 158
1872100 158
1872110 159
1872120 159
1872130 159
1872140 159
1872150 159
1872160 159
1872170 159
1872180 159
1872190 159
1872200 160
1872210 160
1872220 160
1872230 160
1872240 160
1872250 160
1872260 160
1872270 161
1872280 161
1872290 161
1872300 161
1872310 161
1872320 161
1872330 160
1872340 160
1872350 160
1872360 160
1872370 160
1872380 160
1872390 160
1872400 160
1872410 160
1872420 160
1872430 160
1872440 160
1872450 161
1872460 161
1872470 161
1872480 161
1872490 161
1872500 160
1872510 160
1872520 160
1872530 160
1872540 160
1872550 160
1872560 160
1872570 160
1872580 160
1872590 160
1872600 159
1872610 159
1872620 159
1872630 159
1872640 159
1872650 159
1872660 159
1872670 159
1872680 158
1872690 158
1872700 158
1872710 158
1872720 158
1872730 158
1872740 157
1872750 157
1872760 157
1872770 157
1872780 156
1872790 156
1872800 156
1872810 156
1872820 156
1872830 156
1872840 156
1872850 156
1872860 156
1872870 156
1872880 156
1872890 155
1872900 155
1872910 155
1872920 155
1872930 155
1872940 155
1872950 155
1872960 155
1872970 155
1872980 155
1872990 155
1873000 155
1873010 155
1873020 155
1873030 155
1873040 155
1873050 155
1873060 155
1873070 155
1873080 155
1873090 155
1873100 155
1873110 155
1873120 155
1873130 155
1873140 155
1873150 156
1873160 156
1873170 156
1873180 156
1873190 156
1873200 156
1873210 156
1873220 156
1873230 156
1873240 157
1873250 157
1873260 157
1873270 157
1873280 157
1873290 157
1873300 157
1873310 157
1873320 157
1873330 157
1873340 158
1873350 158
1873360 158
1873370 158
1873380 158
1873390 158
1873400 158
1873410 158
1873420 158
1873430 158
1873440 158
1873450 159
1873460 159
1873470 159
1873480 159
1873490 159
1873500 159
1873510 159
1873520 159
1873530 159
1873540 159
1873550 159
1873560 159
1873570 159
1873580 159
1873590 159
1873600 159
1873610 158
1873620 158
1873630 158
1873640 158
1873650 158
1873660 158
1873670 157
1873680 157
1873690 157
1873700 157
1873710 157
1873720 156
1873730 156
1873740 156
1873750 156
1873760 156
1873770 156
1873780 156
1873790 156
1873800 156
1873810 156
1873820 156
1873830 156
1873840 156
1873850 156
1873860 156
1873870 157
1873880 157
1873890 157
1873900 158
1873910 158
1873920 158
1873930 159
1873940 159
1873950 159
1873960 159
1873970 159
1873980 159
1873990 159
1874000 159
1874010 159
1874020 159
1874030 159
1874040 159
1874050 159
1874060 159
1874070 159
1874080 158
1874090 158
1874100 158
1874110 158
1874120 157
1874130 157
1874140 156
1874150 156
1874160 156
1874170 156
1874180 155
1874190 155
1874200 155
1874210 155
1874220 155
1874230 155
1874240 155
1874250 155
1874260 155
1874270 154
1874280 154
1874290 153
1874300 153
1874310 153
1874320 153
1874330 153
1874340 153
1874350 154
1874360 154
1874370 154
1874380 154
1874390 154
1874400 154
1874410 154
1874420 154
1874430 154
1874440 151
1874450 151
1874460 151
1874470 150
1874480 150
1874490 150
1874500 149
1874510 149
1874520 149
1874530 150
1874540 153
1874550 153
1874560 154
1874570 154
1874580 154
1874590 154
1874600 154
1874610 154
1874620 154
1874630 154
1874640 152
1874650 149
1874660 149
1874670 147
1874680 147
1874690 147
1874700 146
1874710 146
1874720 146
1874730 146
1874740 145
1874750 145
1874760 145
1874770 145
1874780 145
1874790 145
1874800 145
1874810 145
1874820 145
1874830 145
1874840 145
1874850 145
1874860 145
1874870 145
1874880 145
1874890 145
1874900 145
1874910 145
1874920 144
1874930 144
1874940 144
1874950 144
1874960 144
1874970 144
1874980 144
1874990 144
1875000 144
1875010 144
1875020 144
1875030 144
1875040 144
1875050 144
1875060 144
1875070 144
1875080 144
1875090 144
1875100 144
1875110 144
1875120 144
1875130 144
1875140 144
1875150 144
1875160 144
1875170 144
1875180 144
1875190 144
1875200 144
1875210 144
1875220 144
1875230 144
1875240 144
1875250 144
1875260 144
1875270 144
1875280 144
1875290 144
1875300 144
1875310 144
1875320 144
1875330 144
1875340 144
1875350 144
1875360 144
1875370 144
1875380 144
1875390 144
1875400 144
1875410 144
1875420 144
1875430 144
1875440 144
1875450 144
1875460 144
1875470 144
1875480 144
1875490 144
1875500 144
1875510 144
1875520 144
1875530 144
1875540 144
1875550 144
1875560 144
1875570 144
1875580 144
1875590 144
1875600 144
1875610 144
1875620 144
1875630 144
1875640 144
1875650 144
1875660 144
1875670 144
1875680 144
1875690 144
1875700 144
1875710 144
1875720 144
1875730 144
1875740 144
1875750 145
1875760 145
1875770 145
1875780 145
1875790 146
1875800 146
1875810 146
1875820 148
1875830 148
1875840 146
1875850 144
1875860 144
1875870 144
1875880 144
1875890 144
1875900 144
1875910 144
1875920 144
1875930 144
1875940 144
1875950 144
1875960 144
1875970 143
1875980 143
1875990 144
1876000 143
1876010 143
1876020 143
1876030 143
1876040 143
1876050 143
1876060 143
1876070 143
1876080 143
1876090 143
1876100 144
1876110 144
1876120 144
1876130 144
1876140 144
1876150 144
1876160 142
1876170 142
1876180 142
1876190 142
1876200 142
1876210 142
1876220 142
1876230 142
1876240 142
1876250 142
1876260 142
1876270 142
1876280 142
1876290 142
1876300 142
1876310 144
