1860000 168
1860010 168
1860020 168
1860030 168
1860040 168
1860050 168
1860060 168
1860070 168
1860080 168
1860090 168
1860100 167
1860110 167
1860120 167
1860130 167
1860140 167
1860150 166
1860160 166
1860170 166
1860180 166
1860190 166
1860200 166
1860210 166
1860220 167
1860230 167
1860240 167
1860250 167
1860260 167
1860270 168
1860280 168
1860290 168
1860300 169
1860310 170
1860320 170
1860330 171
1860340 172
1860350 172
1860360 174
1860370 174
1860380 174
1860390 175
1860400 175
1860410 175
1860420 175
1860430 174
1860440 174
1860450 173
1860460 171
1860470 171
1860480 171
1860490 170
1860500 170
1860510 169
1860520 169
1860530 169
1860540 168
1860550 168
1860560 168
1860570 168
1860580 168
1860590 168
1860600 168
1860610 167
1860620 167
1860630 167
1860640 168
1860650 168
1860660 168
1860670 167
1860680 167
1860690 168
1860700 168
1860710 168
1860720 168
1860730 168
1860740 168
1860750 168
1860760 168
1860770 168
1860780 168
1860790 168
1860800 168
1860810 168
1860820 168
1860830 168
1860840 168
1860850 168
1860860 168
1860870 168
1860880 168
1860890 168
1860900 168
1860910 168
1860920 168
1860930 168
1860940 168
1860950 168
1860960 168
1860970 168
1860980 168
1860990 168
1861000 168
1861010 168
1861020 168
1861030 168
1861040 168
1861050 168
1861060 168
1861070 168
1861080 168
1861090 168
1861100 168
1861110 168
1861120 168
1861130 168
1861140 168
1861150 168
1861160 168
1861170 168
1861180 168
1861190 169
1861200 169
1861210 169
1861220 169
1861230 170
1861240 170
1861250 170
1861260 171
1861270 171
1861280 171
1861290 172
1861300 172
1861310 172
1861320 173
1861330 173
1861340 173
1861350 174
1861360 174
1861370 174
1861380 174
1861390 174
1861400 175
1861410 175
1861420 175
1861430 176
1861440 176
1861450 176
1861460 176
1861470 176
1861480 176
1861490 175
1861500 175
1861510 175
1861520 175
1861530 175
1861540 175
1861550 175
1861560 175
1861570 175
1861580 175
1861590 175
1861600 175
1861610 174
1861620 174
1861630 174
1861640 174
1861650 174
1861660 174
1861670 174
1861680 174
1861690 174
1861700 174
1861710 174
1861720 174
1861730 174
1861740 175
1861750 175
1861760 175
1861770 175
1861780 175
1861790 175
1861800 175
1861810 175
1861820 175
1861830 176
1861840 176
1861850 176
1861860 176
1861870 176
1861880 176
1861890 176
1861900 176
1861910 177
1861920 177
1861930 177
1861940 177
1861950 177
1861960 177
1861970 177
1861980 178
1861990 178
1862000 178
1862010 178
1862020 178
1862030 178
1862040 178
1862050 178
1862060 178
1862070 178
1862080 178
1862090 178
1862100 178
1862110 178
1862120 178
1862130 178
1862140 178
1862150 179
1862160 180
1862170 180
1862180 180
1862190 180
1862200 180
1862210 180
1862220 180
1862230 180
1862240 180
1862250 181
1862260 181
1862270 181
1862280 181
1862290 181
1862300 182
1862310 182
1862320 182
1862330 183
1862340 183
1862350 183
1862360 183
1862370 183
1862380 183
1862390 184
1862400 183
1862410 183
1862420 183
1862430 183
1862440 183
1862450 183
1862460 183
1862470 183
1862480 183
1862490 183
1862500 182
1862510 182
1862520 182
1862530 182
1862540 182
1862550 182
1862560 181
1862570 181
1862580 181
1862590 180
1862600 180
1862610 180
1862620 179
1862630 179
1862640 179
1862650 178
1862660 178
1862670 178
1862680 178
1862690 178
1862700 178
1862710 178
1862720 178
1862730 178
1862740 177
1862750 177
1862760 177
1862770 176
1862780 175
1862790 175
1862800 174
1862810 173
1862820 173
1862830 172
1862840 172
1862850 172
1862860 172
1862870 175
1862880 175
1862890 176
1862900 178
1862910 178
1862920 180
1862930 181
1862940 181
1862950 181
1862960 181
1862970 181
1862980 180
1862990 179
1863000 179
1863010 178
1863020 177
1863030 177
1863040 176
1863050 176
1863060 176
1863070 176
1863080 177
1863090 177
1863100 178
1863110 179
1863120 179
1863130 179
1863140 179
1863150 179
1863160 178
1863170 179
1863180 180
1863190 179
1863200 179
1863210 179
1863220 178
1863230 178
1863240 178
1863250 178
1863260 177
1863270 177
1863280 174
1863290 172
1863300 172
1863310 170
1863320 170
1863330 170
1863340 169
1863350 168
1863360 168
1863370 168
1863380 168
1863390 168
1863400 168
1863410 168
1863420 168
1863430 168
1863440 168
1863450 168
1863460 168
1863470 168
1863480 168
1863490 170
1863500 171
1863510 171
1863520 170
1863530 172
1863540 172
1863550 173
1863560 174
1863570 174
1863580 175
1863590 176
1863600 176
1863610 178
1863620 179
1863630 179
1863640 180
1863650 181
1863660 181
1863670 182
1863680 183
1863690 183
1863700 183
1863710 182
1863720 182
1863730 182
1863740 181
1863750 181
1863760 181
1863770 181
1863780 181
1863790 181
1863800 182
1863810 182
1863820 182
1863830 183
1863840 183
1863850 183
1863860 184
1863870 184
1863880 185
1863890 185
1863900 185
1863910 185
1863920 186
1863930 186
1863940 186
1863950 187
1863960 187
1863970 188
1863980 190
1863990 190
1864000 191
1864010 192
1864020 192
1864030 193
1864040 195
1864050 195
1864060 195
1864070 195
1864080 196
1864090 196
1864100 196
1864110 196
1864120 197
1864130 197
1864140 197
1864150 198
1864160 198
1864170 200
1864180 202
1864190 202
1864200 204
1864210 206
1864220 206
1864230 208
1864240 209
1864250 209
1864260 209
1864270 209
1864280 209
1864290 209
1864300 208
1864310 208
1864320 208
1864330 208
1864340 208
1864350 208
1864360 208
1864370 208
1864380 207
1864390 207
1864400 207
1864410 206
1864420 206
1864430 206
1864440 206
1864450 206
1864460 206
1864470 206
1864480 205
1864490 205
1864500 205
1864510 204
1864520 204
1864530 204
1864540 204
1864550 204
1864560 204
1864570 204
1864580 204
1864590 204
1864600 204
1864610 204
1864620 204
1864630 203
1864640 203
1864650 203
1864660 203
1864670 203
1864680 203
1864690 203
1864700 203
1864710 203
1864720 202
1864730 202
1864740 202
1864750 202
1864760 202
1864770 202
1864780 202
1864790 202
1864800 202
1864810 202
1864820 202
1864830 202
1864840 202
1864850 202
1864860 201
1864870 201
1864880 201
1864890 201
1864900 201
1864910 201
1864920 201
1864930 201
1864940 201
1864950 200
1864960 200
1864970 200
1864980 200
1864990 200
1865000 200
1865010 200
1865020 200
1865030 200
1865040 200
1865050 199
1865060 199
1865070 199
1865080 198
1865090 198
1865100 198
1865110 198
1865120 198
1865130 198
1865140 198
1865150 198
1865160 199
1865170 199
1865180 199
1865190 199
1865200 199
1865210 199
1865220 200
1865230 200
1865240 200
1865250 200
1865260 200
1865270 200
1865280 200
1865290 200
1865300 200
1865310 200
1865320 200
1865330 200
1865340 200
1865350 200
1865360 200
1865370 199
1865380 199
1865390 199
1865400 199
1865410 198
1865420 198
1865430 198
1865440 198
1865450 198
1865460 197
1865470 197
1865480 197
1865490 197
1865500 196
1865510 196
1865520 196
1865530 196
1865540 196
1865550 196
1865560 195
1865570 195
1865580 195
1865590 195
1865600 195
1865610 194
1865620 194
1865630 194
1865640 194
1865650 194
1865660 193
1865670 193
1865680 193
1865690 193
1865700 193
1865710 193
1865720 192
1865730 192
1865740 192
1865750 192
1865760 192
1865770 192
1865780 191
1865790 191
1865800 191
1865810 191
1865820 190
1865830 190
1865840 190
1865850 190
1865860 190
1865870 190
1865880 190
1865890 190
1865900 189
1865910 189
1865920 189
1865930 188
1865940 188
1865950 188
1865960 188
1865970 188
1865980 188
1865990 188
1866000 188
1866010 188
1866020 188
1866030 188
1866040 188
1866050 188
1866060 189
1866070 189
1866080 189
1866090 189
1866100 189
1866110 190
1866120 190
1866130 190
1866140 191
1866150 191
1866160 191
1866170 191
1866180 192
1866190 192
1866200 192
1866210 192
1866220 192
1866230 192
1866240 192
1866250 192
1866260 193
1866270 193
1866280 193
1866290 193
1866300 193
1866310 193
1866320 193
1866330 193
1866340 193
1866350 193
1866360 193
1866370 193
1866380 193
1866390 193
1866400 193
1866410 192
1866420 192
1866430 192
1866440 192
1866450 191
1866460 191
1866470 191
1866480 190
1866490 190
1866500 190
1866510 189
1866520 189
1866530 189
1866540 189
1866550 189
1866560 189
1866570 189
1866580 189
1866590 188
1866600 189
1866610 189
1866620 188
1866630 188
1866640 188
1866650 188
1866660 188
1866670 188
1866680 188
1866690 188
1866700 188
1866710 188
1866720 188
1866730 188
1866740 187
1866750 187
1866760 187
1866770 187
1866780 187
1866790 187
1866800 187
1866810 187
1866820 187
1866830 186
1866840 186
1866850 186
1866860 186
1866870 186
1866880 186
1866890 185
1866900 185
1866910 185
1866920 185
1866930 185
1866940 185
1866950 185
1866960 185
1866970 185
1866980 185
1866990 185
1867000 185
1867010 185
1867020 185
1867030 185
1867040 185
1867050 184
1867060 184
1867070 184
1867080 184
1867090 184
1867100 184
1867110 184
1867120 184
1867130 184
1867140 184
1867150 184
1867160 183
1867170 183
1867180 183
1867190 183
1867200 183
1867210 182
1867220 182
1867230 182
1867240 181
1867250 181
1867260 181
1867270 180
1867280 179
1867290 179
1867300 178
1867310 177
1867320 177
1867330 176
1867340 174
1867350 174
1867360 173
1867370 173
1867380 173
1867390 172
1867400 172
1867410 172
1867420 172
1867430 171
1867440 171
1867450 171
1867460 172
1867470 172
1867480 172
1867490 173
1867500 173
1867510 174
1867520 175
1867530 175
1867540 177
1867550 177
1867560 177
1867570 177
1867580 175
1867590 175
1867600 174
1867610 174
1867620 175
1867630 174
1867640 174
1867650 174
1867660 175
1867670 176
1867680 176
1867690 177
1867700 178
1867710 178
1867720 179
1867730 180
1867740 180
1867750 181
1867760 181
1867770 181
1867780 181
1867790 181
1867800 181
1867810 181
1867820 181
1867830 181
1867840 181
1867850 181
1867860 181
1867870 181
1867880 181
1867890 181
1867900 181
1867910 180
1867920 180
1867930 180
1867940 180
1867950 180
1867960 179
1867970 179
1867980 179
1867990 179
1868000 178
1868010 178
1868020 178
1868030 178
1868040 178
1868050 177
1868060 177
1868070 177
1868080 177
1868090 177
1868100 177
1868110 176
1868120 176
1868130 176
1868140 176
1868150 175
1868160 175
1868170 175
1868180 175
1868190 175
1868200 174
1868210 174
1868220 174
1868230 174
1868240 174
1868250 174
1868260 175
1868270 175
1868280 175
1868290 175
1868300 176
1868310 176
1868320 176
1868330 176
1868340 176
1868350 176
1868360 176
1868370 176
1868380 176
1868390 176
1868400 176
1868410 175
1868420 175
1868430 175
1868440 175
1868450 175
1868460 175
1868470 174
1868480 174
1868490 174
1868500 174
1868510 174
1868520 174
1868530 173
1868540 173
1868550 173
1868560 173
1868570 173
1868580 173
1868590 172
1868600 172
1868610 172
1868620 172
1868630 172
1868640 172
1868650 172
1868660 172
1868670 172
1868680 172
1868690 172
1868700 171
1868710 171
1868720 171
1868730 171
1868740 171
1868750 171
1868760 171
1868770 171
1868780 171
1868790 171
1868800 171
1868810 171
1868820 171
1868830 171
1868840 171
1868850 171
1868860 171
1868870 171
1868880 171
1868890 171
1868900 171
1868910 171
1868920 171
1868930 171
1868940 171
1868950 171
1868960 171
1868970 171
1868980 170
1868990 170
1869000 170
1869010 170
1869020 170
1869030 170
1869040 170
1869050 170
1869060 171
1869070 170
1869080 170
1869090 171
1869100 171
1869110 171
1869120 171
1869130 171
1869140 171
1869150 171
1869160 171
1869170 171
1869180 171
1869190 171
1869200 171
1869210 171
1869220 172
1869230 172
1869240 172
1869250 172
1869260 172
1869270 172
1869280 173
1869290 173
1869300 173
1869310 173
1869320 173
1869330 173
1869340 173
1869350 173
1869360 173
1869370 173
1869380 173
1869390 173
1869400 172
1869410 172
1869420 172
1869430 172
1869440 172
1869450 172
1869460 171
1869470 171
1869480 171
1869490 170
1869500 170
1869510 170
1869520 170
1869530 170
1869540 169
1869550 169
1869560 169
1869570 169
1869580 168
1869590 168
1869600 168
1869610 167
1869620 167
1869630 167
1869640 167
1869650 166
1869660 166
1869670 166
1869680 166
1869690 165
1869700 165
1869710 165
1869720 165
1869730 164
1869740 164
1869750 164
1869760 164
1869770 164
1869780 164
1869790 163
1869800 163
1869810 163
1869820 163
1869830 163
1869840 163
1869850 163
1869860 163
1869870 162
1869880 162
1869890 162
1869900 162
1869910 162
1869920 162
1869930 162
1869940 162
1869950 162
1869960 162
1869970 161
1869980 161
1869990 161
1870000 161
1870010 161
1870020 161
1870030 161
1870040 161
1870050 161
1870060 161
1870070 161
1870080 161
1870090 161
1870100 161
1870110 161
1870120 161
1870130 161
1870140 161
1870150 161
1870160 161
1870170 161
1870180 161
1870190 161
1870200 161
1870210 161
1870220 162
1870230 162
1870240 162
1870250 162
1870260 162
1870270 162
1870280 162
1870290 162
1870300 162
1870310 162
1870320 162
1870330 161
1870340 161
1870350 161
1870360 161
1870370 161
1870380 161
1870390 161
1870400 160
1870410 160
1870420 160
1870430 160
1870440 160
1870450 160
1870460 159
1870470 159
1870480 159
1870490 159
1870500 159
1870510 159
1870520 159
1870530 159
1870540 159
1870550 159
1870560 159
1870570 159
1870580 159
1870590 159
1870600 159
1870610 159
1870620 159
1870630 159
1870640 160
1870650 160
1870660 160
1870670 159
1870680 159
1870690 159
1870700 159
1870710 159
1870720 159
1870730 160
1870740 160
1870750 160
1870760 160
1870770 160
1870780 160
1870790 161
1870800 161
1870810 161
1870820 161
1870830 161
1870840 161
1870850 162
1870860 162
1870870 162
1870880 162
1870890 162
1870900 162
1870910 162
1870920 162
1870930 162
1870940 161
1870950 161
1870960 161
1870970 161
1870980 161
1870990 161
1871000 160
1871010 160
1871020 160
1871030 160
1871040 159
1871050 159
1871060 159
1871070 159
1871080 159
1871090 158
1871100 158
1871110 158
1871120 158
1871130 157
1871140 157
1871150 157
1871160 157
1871170 157
1871180 157
1871190 156
1871200 156
1871210 156
1871220 156
1871230 156
1871240 156
1871250 156
1871260 156
1871270 156
1871280 155
1871290 155
1871300 155
1871310 155
1871320 155
1871330 155
1871340 155
1871350 155
1871360 155
1871370 155
1871380 155
1871390 155
1871400 155
1871410 155
1871420 155
1871430 155
1871440 155
1871450 155
1871460 155
1871470 155
1871480 155
1871490 155
1871500 155
1871510 155
1871520 155
1871530 155
1871540 155
1871550 155
1871560 155
1871570 155
1871580 155
1871590 155
1871600 155
1871610 155
1871620 155
1871630 155
1871640 155
1871650 155
1871660 155
1871670 155
1871680 155
1871690 155
1871700 155
1871710 155
1871720 155
1871730 155
1871740 155
1871750 155
1871760 155
1871770 155
1871780 155
1871790 155
1871800 155
1871810 155
1871820 155
1871830 155
1871840 155
1871850 155
1871860 155
1871870 155
1871880 155
1871890 155
1871900 155
1871910 155
1871920 155
1871930 154
1871940 154
1871950 154
1871960 154
1871970 154
1871980 154
1871990 154
1872000 154
1872010 154
1872020 154
1872030 154
1872040 154
1872050 154
1872060 154
1872070 154
1872080 154
1872090 154
1872100 154
1872110 154
1872120 154
1872130 154
1872140 154
1872150 154
1872160 154
1872170 154
1872180 154
1872190 154
1872200 154
1872210 154
1872220 154
1872230 154
1872240 154
1872250 154
1872260 154
1872270 154
1872280 154
1872290 155
1872300 155
1872310 155
1872320 155
1872330 155
1872340 155
1872350 156
1872360 156
1872370 156
1872380 156
1872390 156
1872400 156
1872410 156
1872420 156
1872430 156
1872440 156
1872450 156
1872460 156
1872470 157
1872480 157
1872490 157
1872500 157
1872510 157
1872520 157
1872530 157
1872540 157
1872550 157
1872560 157
1872570 157
1872580 158
1872590 158
1872600 158
1872610 158
1872620 158
1872630 158
1872640 158
1872650 158
1872660 158
1872670 158
1872680 158
1872690 158
1872700 158
1872710 158
1872720 158
1872730 158
1872740 158
1872750 158
1872760 158
1872770 158
1872780 158
1872790 158
1872800 158
1872810 158
1872820 158
1872830 157
1872840 157
1872850 157
1872860 157
1872870 157
1872880 157
1872890 157
1872900 157
1872910 157
1872920 157
1872930 157
1872940 157
1872950 156
1872960 156
1872970 156
1872980 156
1872990 156
1873000 156
1873010 156
1873020 156
1873030 155
1873040 155
1873050 155
1873060 155
1873070 155
1873080 155
1873090 155
1873100 155
1873110 155
1873120 154
1873130 154
1873140 154
1873150 154
1873160 154
1873170 154
1873180 154
1873190 154
1873200 154
1873210 154
1873220 154
1873230 154
1873240 154
1873250 154
1873260 154
1873270 153
1873280 153
1873290 153
1873300 153
1873310 153
1873320 153
1873330 153
1873340 153
1873350 153
1873360 153
1873370 153
1873380 153
1873390 153
1873400 153
1873410 153
1873420 153
1873430 153
1873440 154
1873450 154
1873460 154
1873470 154
1873480 154
1873490 154
1873500 154
1873510 154
1873520 154
1873530 154
1873540 154
1873550 154
1873560 154
1873570 154
1873580 154
1873590 154
1873600 154
1873610 154
1873620 154
1873630 154
1873640 154
1873650 154
1873660 154
1873670 154
1873680 154
1873690 154
1873700 154
1873710 154
1873720 154
1873730 154
1873740 153
1873750 153
1873760 153
1873770 153
1873780 153
1873790 153
1873800 153
1873810 153
1873820 153
1873830 153
1873840 153
1873850 153
1873860 153
1873870 153
1873880 153
1873890 153
1873900 153
1873910 153
1873920 153
1873930 153
1873940 153
1873950 153
1873960 153
1873970 153
1873980 153
1873990 153
1874000 153
1874010 153
1874020 154
1874030 154
1874040 154
1874050 153
1874060 153
1874070 153
1874080 153
1874090 153
1874100 153
1874110 153
1874120 153
1874130 153
1874140 153
1874150 153
1874160 152
1874170 152
1874180 152
1874190 152
1874200 152
1874210 152
1874220 152
1874230 153
1874240 153
1874250 153
1874260 154
1874270 154
1874280 151
1874290 149
1874300 149
1874310 150
1874320 152
1874330 152
1874340 152
1874350 153
1874360 153
1874370 155
1874380 155
1874390 155
1874400 153
1874410 152
1874420 152
1874430 152
1874440 152
1874450 152
1874460 152
1874470 152
1874480 152
1874490 153
1874500 153
1874510 153
1874520 153
1874530 153
1874540 153
1874550 153
1874560 153
1874570 153
1874580 153
1874590 153
1874600 153
1874610 153
1874620 153
1874630 153
1874640 153
1874650 153
1874660 153
1874670 153
1874680 153
1874690 153
1874700 153
1874710 153
1874720 153
1874730 153
1874740 153
1874750 153
1874760 152
1874770 152
1874780 152
1874790 151
1874800 151
1874810 151
1874820 151
1874830 151
1874840 151
1874850 150
1874860 150
1874870 150
1874880 148
1874890 148
1874900 146
1874910 145
1874920 145
1874930 145
1874940 144
1874950 144
1874960 144
1874970 145
1874980 145
1874990 145
1875000 145
1875010 145
1875020 145
1875030 144
1875040 144
1875050 144
1875060 144
1875070 144
1875080 144
1875090 144
1875100 144
1875110 144
1875120 144
1875130 144
1875140 144
1875150 144
1875160 144
1875170 144
1875180 144
1875190 144
1875200 144
1875210 144
1875220 144
1875230 144
1875240 144
1875250 144
1875260 144
1875270 144
1875280 144
1875290 144
1875300 144
1875310 144
1875320 144
1875330 144
1875340 144
1875350 144
1875360 144
1875370 144
1875380 144
1875390 144
1875400 144
1875410 144
1875420 144
1875430 144
1875440 144
1875450 144
1875460 144
1875470 144
1875480 144
1875490 144
1875500 144
1875510 144
1875520 144
1875530 144
1875540 144
1875550 144
1875560 144
1875570 144
1875580 144
1875590 144
1875600 144
1875610 144
1875620 144
1875630 144
1875640 144
1875650 144
1875660 144
1875670 144
1875680 145
1875690 145
1875700 145
1875710 147
1875720 146
1875730 146
1875740 144
1875750 144
1875760 144
1875770 144
1875780 143
1875790 143
1875800 143
1875810 142
1875820 142
1875830 143
1875840 143
1875850 143
1875860 144
1875870 144
1875880 144
1875890 144
1875900 143
1875910 143
1875920 142
1875930 142
1875940 142
1875950 142
1875960 142
1875970 142
1875980 142
1875990 142
1876000 142
1876010 142
1876020 142
1876030 142
1876040 142
1876050 142
1876060 142
1876070 143
1876080 144
1876090 144
1876100 145
1876110 145
1876120 145
1876130 145
1876140 144
1876150 144
1876160 144
1876170 144
1876180 144
