1860000 209
1860010 209
1860020 209
1860030 210
1860040 210
1860050 211
1860060 211
1860070 213
1860080 213
1860090 215
1860100 217
1860110 217
1860120 219
1860130 221
1860140 221
1860150 222
1860160 223
1860170 223
1860180 224
1860190 225
1860200 225
1860210 226
1860220 227
1860230 227
1860240 228
1860250 229
1860260 229
1860270 230
1860280 232
1860290 232
1860300 235
1860310 237
1860320 237
1860330 238
1860340 240
1860350 240
1860360 241
1860370 242
1860380 242
1860390 243
1860400 243
1860410 243
1860420 244
1860430 244
1860440 244
1860450 245
1860460 245
1860470 245
1860480 245
1860490 245
1860500 245
1860510 245
1860520 245
1860530 246
1860540 246
1860550 246
1860560 246
1860570 246
1860580 246
1860590 245
1860600 245
1860610 245
1860620 245
1860630 245
1860640 245
1860650 244
1860660 244
1860670 244
1860680 243
1860690 242
1860700 242
1860710 242
1860720 241
1860730 241
1860740 241
1860750 240
1860760 240
1860770 239
1860780 239
1860790 239
1860800 238
1860810 238
1860820 238
1860830 238
1860840 238
1860850 238
1860860 238
1860870 239
1860880 239
1860890 238
1860900 238
1860910 238
1860920 236
1860930 235
1860940 235
1860950 233
1860960 232
1860970 232
1860980 231
1860990 231
1861000 231
1861010 231
1861020 231
1861030 231
1861040 231
1861050 231
1861060 231
1861070 232
1861080 233
1861090 235
1861100 237
1861110 239
1861120 239
1861130 240
1861140 241
1861150 241
1861160 242
1861170 242
1861180 242
1861190 243
1861200 243
1861210 243
1861220 244
1861230 244
1861240 244
1861250 244
1861260 244
1861270 244
1861280 244
1861290 244
1861300 244
1861310 243
1861320 243
1861330 243
1861340 242
1861350 241
1861360 241
1861370 240
1861380 238
1861390 238
1861400 237
1861410 236
1861420 236
1861430 234
1861440 233
1861450 233
1861460 232
1861470 231
1861480 231
1861490 231
1861500 230
1861510 230
1861520 229
1861530 227
1861540 227
1861550 225
1861560 224
1861570 224
1861580 222
1861590 221
1861600 221
1861610 220
1861620 219
1861630 219
1861640 218
1861650 217
1861660 217
1861670 216
1861680 215
1861690 215
1861700 214
1861710 213
1861720 213
1861730 212
1861740 212
1861750 212
1861760 211
1861770 210
1861780 211
1861790 211
1861800 211
1861810 211
1861820 211
1861830 210
1861840 210
1861850 210
1861860 211
1861870 211
1861880 211
1861890 212
1861900 212
1861910 213
1861920 215
1861930 215
1861940 216
1861950 218
1861960 218
1861970 219
1861980 219
1861990 219
1862000 218
1862010 218
1862020 218
1862030 217
1862040 217
1862050 217
1862060 217
1862070 217
1862080 216
1862090 216
1862100 216
1862110 216
1862120 216
1862130 216
1862140 216
1862150 218
1862160 218
1862170 219
1862180 219
1862190 219
1862200 220
1862210 221
1862220 221
1862230 223
1862240 224
1862250 224
1862260 225
1862270 226
1862280 226
1862290 226
1862300 226
1862310 226
1862320 226
1862330 225
1862340 225
1862350 225
1862360 224
1862370 224
1862380 223
1862390 222
1862400 222
1862410 221
1862420 220
1862430 220
1862440 219
1862450 218
1862460 218
1862470 218
1862480 218
1862490 218
1862500 218
1862510 218
1862520 218
1862530 218
1862540 218
1862550 218
1862560 217
1862570 217
1862580 217
1862590 217
1862600 217
1862610 217
1862620 216
1862630 216
1862640 216
1862650 216
1862660 216
1862670 216
1862680 215
1862690 215
1862700 215
1862710 215
1862720 215
1862730 215
1862740 215
1862750 215
1862760 215
1862770 214
1862780 213
1862790 213
1862800 213
1862810 212
1862820 212
1862830 212
1862840 211
1862850 211
1862860 210
1862870 209
1862880 209
1862890 208
1862900 207
1862910 207
1862920 205
1862930 204
1862940 204
1862950 203
1862960 201
1862970 201
1862980 200
1862990 198
1863000 198
1863010 197
1863020 195
1863030 195
1863040 194
1863050 193
1863060 193
1863070 192
1863080 191
1863090 191
1863100 190
1863110 188
1863120 188
1863130 187
1863140 187
1863150 187
1863160 186
1863170 185
1863180 185
1863190 185
1863200 184
1863210 184
1863220 184
1863230 184
1863240 184
1863250 185
1863260 186
1863270 186
1863280 187
1863290 190
1863300 190
1863310 192
1863320 193
1863330 193
1863340 195
1863350 196
1863360 196
1863370 197
1863380 198
1863390 198
1863400 200
1863410 201
1863420 201
1863430 202
1863440 203
1863450 203
1863460 203
1863470 203
1863480 203
1863490 203
1863500 201
1863510 201
1863520 201
1863530 201
1863540 200
1863550 200
1863560 200
1863570 199
1863580 199
1863590 199
1863600 199
1863610 199
1863620 199
1863630 198
1863640 198
1863650 198
1863660 197
1863670 197
1863680 197
1863690 197
1863700 197
1863710 197
1863720 197
1863730 197
1863740 197
1863750 197
1863760 198
1863770 198
1863780 198
1863790 198
1863800 198
1863810 199
1863820 199
1863830 199
1863840 200
1863850 200
1863860 200
1863870 201
1863880 201
1863890 201
1863900 202
1863910 203
1863920 203
1863930 203
1863940 203
1863950 203
1863960 204
1863970 204
1863980 204
1863990 205
1864000 205
1864010 205
1864020 205
1864030 205
1864040 205
1864050 206
1864060 206
1864070 206
1864080 205
1864090 206
1864100 206
1864110 206
1864120 206
1864130 206
1864140 207
1864150 207
1864160 207
1864170 208
1864180 210
1864190 210
1864200 210
1864210 210
1864220 210
1864230 210
1864240 211
1864250 211
1864260 211
1864270 212
1864280 212
1864290 211
1864300 211
1864310 211
1864320 210
1864330 210
1864340 210
1864350 210
1864360 209
1864370 209
1864380 209
1864390 209
1864400 209
1864410 209
1864420 209
1864430 209
1864440 208
1864450 209
1864460 209
1864470 209
1864480 209
1864490 209
1864500 209
1864510 208
1864520 208
1864530 208
1864540 207
1864550 207
1864560 207
1864570 206
1864580 206
1864590 205
1864600 205
1864610 205
1864620 205
1864630 205
1864640 205
1864650 205
1864660 205
1864670 205
1864680 205
1864690 205
1864700 205
1864710 204
1864720 204
1864730 204
1864740 204
1864750 204
1864760 204
1864770 204
1864780 204
1864790 204
1864800 204
1864810 204
1864820 204
1864830 204
1864840 203
1864850 203
1864860 203
1864870 203
1864880 203
1864890 202
1864900 202
1864910 202
1864920 201
1864930 201
1864940 201
1864950 200
1864960 200
1864970 200
1864980 199
1864990 199
1865000 199
1865010 199
1865020 199
1865030 198
1865040 198
1865050 198
1865060 198
1865070 198
1865080 198
1865090 197
1865100 196
1865110 196
1865120 196
1865130 195
1865140 195
1865150 195
1865160 194
1865170 194
1865180 194
1865190 194
1865200 194
1865210 193
1865220 193
1865230 193
1865240 193
1865250 193
1865260 193
1865270 193
1865280 192
1865290 192
1865300 192
1865310 192
1865320 192
1865330 191
1865340 191
1865350 191
1865360 191
1865370 191
1865380 191
1865390 191
1865400 191
1865410 191
1865420 191
1865430 191
1865440 191
1865450 192
1865460 193
1865470 193
1865480 193
1865490 193
1865500 193
1865510 193
1865520 192
1865530 192
1865540 191
1865550 190
1865560 190
1865570 190
1865580 190
1865590 190
1865600 190
1865610 191
1865620 191
1865630 193
1865640 194
1865650 194
1865660 195
1865670 195
1865680 195
1865690 196
1865700 197
1865710 197
1865720 197
1865730 197
1865740 197
1865750 198
1865760 198
1865770 198
1865780 198
1865790 198
1865800 198
1865810 198
1865820 196
1865830 196
1865840 196
1865850 196
1865860 196
1865870 197
1865880 198
1865890 199
1865900 200
1865910 202
1865920 202
1865930 203
1865940 203
1865950 203
1865960 202
1865970 202
1865980 202
1865990 201
1866000 201
1866010 201
1866020 201
1866030 200
1866040 200
1866050 200
1866060 199
1866070 199
1866080 199
1866090 199
1866100 199
1866110 200
1866120 201
1866130 201
1866140 202
1866150 203
1866160 203
1866170 205
1866180 206
1866190 206
1866200 207
1866210 207
1866220 207
1866230 208
1866240 208
1866250 208
1866260 209
1866270 208
1866280 208
1866290 208
1866300 208
1866310 208
1866320 208
1866330 208
1866340 208
1866350 208
1866360 208
1866370 208
1866380 208
1866390 208
1866400 208
1866410 208
1866420 208
1866430 207
1866440 207
1866450 207
1866460 207
1866470 207
1866480 207
1866490 206
1866500 206
1866510 206
1866520 205
1866530 205
1866540 205
1866550 204
1866560 203
1866570 203
1866580 202
1866590 202
1866600 202
1866610 201
1866620 201
1866630 201
1866640 200
1866650 199
1866660 199
1866670 199
1866680 198
1866690 198
1866700 198
1866710 197
1866720 197
1866730 196
1866740 196
1866750 196
1866760 196
1866770 195
1866780 195
1866790 195
1866800 195
1866810 195
1866820 194
1866830 194
1866840 194
1866850 194
1866860 194
1866870 194
1866880 193
1866890 193
1866900 193
1866910 193
1866920 192
1866930 192
1866940 192
1866950 192
1866960 192
1866970 192
1866980 191
1866990 191
1867000 191
1867010 191
1867020 191
1867030 190
1867040 190
1867050 190
1867060 189
1867070 189
1867080 189
1867090 188
1867100 187
1867110 187
1867120 187
1867130 186
1867140 186
1867150 186
1867160 186
1867170 186
1867180 185
1867190 185
1867200 185
1867210 185
1867220 184
1867230 184
1867240 184
1867250 183
1867260 182
1867270 182
1867280 181
1867290 181
1867300 181
1867310 180
1867320 180
1867330 180
1867340 180
1867350 180
1867360 180
1867370 179
1867380 179
1867390 179
1867400 179
1867410 179
1867420 178
1867430 178
1867440 178
1867450 178
1867460 178
1867470 178
1867480 177
1867490 177
1867500 177
1867510 177
1867520 177
1867530 177
1867540 176
1867550 176
1867560 176
1867570 176
1867580 176
1867590 176
1867600 175
1867610 175
1867620 175
1867630 175
1867640 174
1867650 174
1867660 174
1867670 174
1867680 174
1867690 174
1867700 174
1867710 174
1867720 174
1867730 174
1867740 174
1867750 174
1867760 175
1867770 175
1867780 175
1867790 175
1867800 175
1867810 176
1867820 176
1867830 176
1867840 176
1867850 176
1867860 176
1867870 176
1867880 176
1867890 176
1867900 176
1867910 176
1867920 176
1867930 175
1867940 175
1867950 175
1867960 174
1867970 174
1867980 173
1867990 172
1868000 172
1868010 172
1868020 171
1868030 171
1868040 170
1868050 169
1868060 169
1868070 168
1868080 167
1868090 167
1868100 166
1868110 166
1868120 166
1868130 165
1868140 165
1868150 165
1868160 164
1868170 164
1868180 164
1868190 163
1868200 163
1868210 163
1868220 163
1868230 163
1868240 163
1868250 163
1868260 163
1868270 163
1868280 163
1868290 163
1868300 163
1868310 163
1868320 163
1868330 163
1868340 163
1868350 163
1868360 163
1868370 163
1868380 163
1868390 163
1868400 163
1868410 163
1868420 163
1868430 163
1868440 163
1868450 163
1868460 163
1868470 163
1868480 163
1868490 163
1868500 163
1868510 163
1868520 163
1868530 162
1868540 162
1868550 162
1868560 162
1868570 162
1868580 162
1868590 162
1868600 162
1868610 162
1868620 162
1868630 162
1868640 162
1868650 162
1868660 162
1868670 162
1868680 162
1868690 162
1868700 162
1868710 162
1868720 162
1868730 162
1868740 162
1868750 162
1868760 162
1868770 162
1868780 162
1868790 161
1868800 161
1868810 161
1868820 161
1868830 161
1868840 161
1868850 161
1868860 161
1868870 161
1868880 161
1868890 161
1868900 161
1868910 162
1868920 162
1868930 162
1868940 162
1868950 162
1868960 162
1868970 161
1868980 160
1868990 160
1869000 160
1869010 160
1869020 160
1869030 160
1869040 160
1869050 160
1869060 161
1869070 162
1869080 162
1869090 162
1869100 162
1869110 162
1869120 162
1869130 162
1869140 162
1869150 161
1869160 161
1869170 161
1869180 161
1869190 161
1869200 161
1869210 161
1869220 161
1869230 161
1869240 161
1869250 161
1869260 161
1869270 161
1869280 161
1869290 161
1869300 161
1869310 161
1869320 161
1869330 162
1869340 162
1869350 162
1869360 162
1869370 162
1869380 163
1869390 164
1869400 164
1869410 165
1869420 165
1869430 165
1869440 164
1869450 163
1869460 163
1869470 162
1869480 162
1869490 162
1869500 161
1869510 161
1869520 161
1869530 161
1869540 161
1869550 161
1869560 161
1869570 161
1869580 161
1869590 161
1869600 161
1869610 161
1869620 161
1869630 161
1869640 161
1869650 161
1869660 161
1869670 161
1869680 160
1869690 160
1869700 160
1869710 160
1869720 160
1869730 160
1869740 160
1869750 161
1869760 161
1869770 161
1869780 161
1869790 161
1869800 160
1869810 161
1869820 161
1869830 160
1869840 161
1869850 161
1869860 161
1869870 160
1869880 160
1869890 161
1869900 160
1869910 160
1869920 160
1869930 160
1869940 160
1869950 160
1869960 160
1869970 161
1869980 160
1869990 160
1870000 160
1870010 160
1870020 160
1870030 160
1870040 160
1870050 160
1870060 160
1870070 160
1870080 161
1870090 161
1870100 161
1870110 161
1870120 161
1870130 161
1870140 161
1870150 161
1870160 161
1870170 161
1870180 161
1870190 161
1870200 161
1870210 161
1870220 161
1870230 161
1870240 161
1870250 161
1870260 161
1870270 161
1870280 161
1870290 161
1870300 161
1870310 162
1870320 162
1870330 162
1870340 162
1870350 162
1870360 162
1870370 162
1870380 162
1870390 162
1870400 162
1870410 162
1870420 162
1870430 162
1870440 162
1870450 162
1870460 162
1870470 163
1870480 163
1870490 163
1870500 163
1870510 163
1870520 163
1870530 163
1870540 163
1870550 163
1870560 163
1870570 163
1870580 163
1870590 163
1870600 163
1870610 163
1870620 163
1870630 163
1870640 164
1870650 164
1870660 164
1870670 164
1870680 164
1870690 164
1870700 164
1870710 164
1870720 164
1870730 165
1870740 165
1870750 165
1870760 165
1870770 165
1870780 165
1870790 166
1870800 166
1870810 166
1870820 167
1870830 167
1870840 168
1870850 168
1870860 168
1870870 169
1870880 169
1870890 169
1870900 169
1870910 169
1870920 169
1870930 169
1870940 169
1870950 169
1870960 168
1870970 168
1870980 169
1870990 169
1871000 169
1871010 169
1871020 170
1871030 170
1871040 170
1871050 170
1871060 170
1871070 170
1871080 171
1871090 171
1871100 171
1871110 171
1871120 171
1871130 171
1871140 171
1871150 171
1871160 171
1871170 171
1871180 171
1871190 171
1871200 171
1871210 171
1871220 171
1871230 171
1871240 171
1871250 171
1871260 171
1871270 171
1871280 171
1871290 171
1871300 171
1871310 171
1871320 172
1871330 172
1871340 172
1871350 172
1871360 172
1871370 172
1871380 172
1871390 172
1871400 172
1871410 172
1871420 171
1871430 171
1871440 171
1871450 171
1871460 171
1871470 171
1871480 172
1871490 172
1871500 174
1871510 176
1871520 176
1871530 177
1871540 179
1871550 179
1871560 181
1871570 182
1871580 182
1871590 183
1871600 184
1871610 184
1871620 184
1871630 184
1871640 184
1871650 185
1871660 185
1871670 185
1871680 185
1871690 185
1871700 185
1871710 184
1871720 184
1871730 184
1871740 184
1871750 183
1871760 183
1871770 183
1871780 182
1871790 182
1871800 182
1871810 182
1871820 182
1871830 182
1871840 182
1871850 182
1871860 182
1871870 182
1871880 182
1871890 182
1871900 182
1871910 182
1871920 182
1871930 181
1871940 181
1871950 181
1871960 181
1871970 181
1871980 181
1871990 182
1872000 182
1872010 181
1872020 181
1872030 181
1872040 181
1872050 180
1872060 180
1872070 180
1872080 180
1872090 180
1872100 179
1872110 179
1872120 179
1872130 178
1872140 178
1872150 178
1872160 177
1872170 177
1872180 177
1872190 176
1872200 176
1872210 176
1872220 176
1872230 176
1872240 175
1872250 173
1872260 173
1872270 172
1872280 172
1872290 172
1872300 172
1872310 171
1872320 172
1872330 171
1872340 171
1872350 171
1872360 171
1872370 172
1872380 172
1872390 172
1872400 173
1872410 173
1872420 173
1872430 172
1872440 172
1872450 173
1872460 173
1872470 173
1872480 173
1872490 173
1872500 173
1872510 173
1872520 173
1872530 173
1872540 172
1872550 172
1872560 172
1872570 172
1872580 172
1872590 172
1872600 172
1872610 172
1872620 172
1872630 172
1872640 172
1872650 172
1872660 172
1872670 172
1872680 172
1872690 172
1872700 172
1872710 172
1872720 172
1872730 172
1872740 172
1872750 172
1872760 172
1872770 172
1872780 172
1872790 172
1872800 172
1872810 172
1872820 172
1872830 172
1872840 172
1872850 172
1872860 172
1872870 172
1872880 171
1872890 171
1872900 171
1872910 171
1872920 171
1872930 171
1872940 171
1872950 171
1872960 171
1872970 170
1872980 170
1872990 170
1873000 170
1873010 170
1873020 170
1873030 169
1873040 169
1873050 169
1873060 168
1873070 168
1873080 168
1873090 168
1873100 168
1873110 168
1873120 168
1873130 168
1873140 168
1873150 168
1873160 168
1873170 168
1873180 168
1873190 168
1873200 168
1873210 168
1873220 168
1873230 168
1873240 167
1873250 167
1873260 167
1873270 166
1873280 166
1873290 166
1873300 166
1873310 166
1873320 166
1873330 166
1873340 166
1873350 166
1873360 166
1873370 166
1873380 166
1873390 165
1873400 165
1873410 165
1873420 165
1873430 165
1873440 165
1873450 165
1873460 165
1873470 165
1873480 165
1873490 165
1873500 165
1873510 165
1873520 165
1873530 165
1873540 165
1873550 165
1873560 165
1873570 165
1873580 165
1873590 165
1873600 165
1873610 165
1873620 165
1873630 165
1873640 165
1873650 165
1873660 165
1873670 165
1873680 165
1873690 165
1873700 165
1873710 165
1873720 165
1873730 165
1873740 165
1873750 165
1873760 165
1873770 165
1873780 165
1873790 165
1873800 165
1873810 165
1873820 165
1873830 165
1873840 165
1873850 165
1873860 165
1873870 165
1873880 165
1873890 166
1873900 166
1873910 166
1873920 166
1873930 166
1873940 166
1873950 166
1873960 166
1873970 166
1873980 166
1873990 166
1874000 166
1874010 166
1874020 166
1874030 166
1874040 166
1874050 166
1874060 166
1874070 166
1874080 166
1874090 166
1874100 167
1874110 167
1874120 167
1874130 167
1874140 167
1874150 167
1874160 167
1874170 167
1874180 167
1874190 167
1874200 167
1874210 167
1874220 167
1874230 167
1874240 167
1874250 167
1874260 167
1874270 167
1874280 167
1874290 167
1874300 168
1874310 168
1874320 168
1874330 168
1874340 168
1874350 168
1874360 168
1874370 168
1874380 168
1874390 169
1874400 169
1874410 169
1874420 169
1874430 169
1874440 169
1874450 169
1874460 169
1874470 169
1874480 169
1874490 170
1874500 170
1874510 170
1874520 171
1874530 171
1874540 171
1874550 171
1874560 171
1874570 172
1874580 172
1874590 172
1874600 172
1874610 172
1874620 172
1874630 173
1874640 173
1874650 173
1874660 174
1874670 175
1874680 175
1874690 176
1874700 177
1874710 177
1874720 178
1874730 179
1874740 179
1874750 180
1874760 181
1874770 181
1874780 182
1874790 182
1874800 182
1874810 183
1874820 183
1874830 183
1874840 183
1874850 184
1874860 184
1874870 184
1874880 184
1874890 184
1874900 183
1874910 183
1874920 183
1874930 182
1874940 182
1874950 182
1874960 181
1874970 181
1874980 181
1874990 180
1875000 180
1875010 180
1875020 178
1875030 178
1875040 175
1875050 173
1875060 173
1875070 172
1875080 172
1875090 172
1875100 169
1875110 165
1875120 165
1875130 161
1875140 153
1875150 153
1875160 151
1875170 150
1875180 150
1875190 149
1875200 147
1875210 147
1875220 148
1875230 149
1875240 149
1875250 148
1875260 147
1875270 147
1875280 145
1875290 144
1875300 144
1875310 144
1875320 144
1875330 144
1875340 144
1875350 144
1875360 144
1875370 144
1875380 144
1875390 144
1875400 144
1875410 144
1875420 144
1875430 144
1875440 144
1875450 144
1875460 144
1875470 144
1875480 144
1875490 144
1875500 144
1875510 144
1875520 144
1875530 145
1875540 145
1875550 145
1875560 144
1875570 144
1875580 144
1875590 144
1875600 144
1875610 144
1875620 144
1875630 144
1875640 145
1875650 146
1875660 146
1875670 148
1875680 145
1875690 145
1875700 144
1875710 144
1875720 144
1875730 144
1875740 145
1875750 145
1875760 145
1875770 145
1875780 145
1875790 145
1875800 145
1875810 145
1875820 145
1875830 145
1875840 145
1875850 145
1875860 145
1875870 145
1875880 145
1875890 145
1875900 145
1875910 145
1875920 145
1875930 145
1875940 145
1875950 145
1875960 145
1875970 145
1875980 145
1875990 145
1876000 145
1876010 144
1876020 144
1876030 144
1876040 144
1876050 144
1876060 144
1876070 144
1876080 144
1876090 144
1876100 144
1876110 144
1876120 144
1876130 143
1876140 143
1876150 142
1876160 142
1876170 142
1876180 142
1876190 142
1876200 142
1876210 142
1876220 142
1876230 142
1876240 142
1876250 144
1876260 144
1876270 144
1876280 144
1876290 144
1876300 143
1876310 143
1876320 143
1876330 143
