1860000 207
1860010 208
1860020 208
1860030 208
1860040 208
1860050 209
1860060 209
1860070 210
1860080 211
1860090 211
1860100 212
1860110 213
1860120 213
1860130 215
1860140 216
1860150 216
1860160 218
1860170 218
1860180 218
1860190 219
1860200 219
1860210 219
1860220 220
1860230 220
1860240 220
1860250 221
1860260 221
1860270 222
1860280 223
1860290 223
1860300 224
1860310 225
1860320 225
1860330 226
1860340 227
1860350 227
1860360 228
1860370 229
1860380 232
1860390 233
1860400 234
1860410 234
1860420 235
1860430 236
1860440 236
1860450 237
1860460 239
1860470 239
1860480 241
1860490 243
1860500 243
1860510 244
1860520 244
1860530 244
1860540 244
1860550 244
1860560 244
1860570 244
1860580 243
1860590 243
1860600 243
1860610 243
1860620 243
1860630 243
1860640 242
1860650 242
1860660 242
1860670 241
1860680 241
1860690 240
1860700 239
1860710 239
1860720 238
1860730 238
1860740 238
1860750 236
1860760 235
1860770 235
1860780 234
1860790 233
1860800 233
1860810 232
1860820 231
1860830 231
1860840 230
1860850 230
1860860 230
1860870 230
1860880 230
1860890 230
1860900 230
1860910 230
1860920 230
1860930 230
1860940 229
1860950 229
1860960 228
1860970 227
1860980 227
1860990 226
1861000 224
1861010 224
1861020 223
1861030 222
1861040 222
1861050 222
1861060 222
1861070 223
1861080 224
1861090 225
1861100 225
1861110 225
1861120 226
1861130 226
1861140 227
1861150 228
1861160 228
1861170 229
1861180 230
1861190 230
1861200 232
1861210 233
1861220 233
1861230 234
1861240 235
1861250 235
1861260 235
1861270 235
1861280 235
1861290 236
1861300 236
1861310 236
1861320 236
1861330 237
1861340 237
1861350 238
1861360 239
1861370 239
1861380 239
1861390 240
1861400 240
1861410 239
1861420 239
1861430 239
1861440 239
1861450 238
1861460 238
1861470 238
1861480 237
1861490 237
1861500 236
1861510 235
1861520 235
1861530 234
1861540 233
1861550 233
1861560 232
1861570 231
1861580 231
1861590 230
1861600 230
1861610 230
1861620 229
1861630 228
1861640 228
1861650 226
1861660 226
1861670 225
1861680 223
1861690 223
1861700 222
1861710 220
1861720 220
1861730 219
1861740 217
1861750 217
1861760 213
1861770 212
1861780 212
1861790 210
1861800 210
1861810 210
1861820 209
1861830 208
1861840 208
1861850 207
1861860 206
1861870 206
1861880 206
1861890 206
1861900 206
1861910 206
1861920 206
1861930 206
1861940 207
1861950 208
1861960 208
1861970 209
1861980 210
1861990 210
1862000 212
1862010 212
1862020 212
1862030 212
1862040 212
1862050 212
1862060 210
1862070 208
1862080 208
1862090 208
1862100 208
1862110 208
1862120 208
1862130 207
1862140 207
1862150 208
1862160 209
1862170 209
1862180 212
1862190 214
1862200 214
1862210 214
1862220 216
1862230 216
1862240 217
1862250 219
1862260 219
1862270 221
1862280 222
1862290 222
1862300 223
1862310 224
1862320 224
1862330 224
1862340 225
1862350 225
1862360 225
1862370 225
1862380 225
1862390 225
1862400 225
1862410 225
1862420 224
1862430 224
1862440 224
1862450 223
1862460 222
1862470 222
1862480 221
1862490 220
1862500 220
1862510 220
1862520 219
1862530 219
1862540 219
1862550 218
1862560 218
1862570 218
1862580 218
1862590 218
1862600 218
1862610 218
1862620 218
1862630 217
1862640 217
1862650 217
1862660 217
1862670 216
1862680 216
1862690 216
1862700 215
1862710 215
1862720 215
1862730 214
1862740 214
1862750 214
1862760 213
1862770 213
1862780 212
1862790 211
1862800 211
1862810 210
1862820 209
1862830 209
1862840 207
1862850 206
1862860 206
1862870 205
1862880 204
1862890 204
1862900 204
1862910 203
1862920 203
1862930 202
1862940 200
1862950 200
1862960 199
1862970 198
1862980 198
1862990 197
1863000 196
1863010 196
1863020 195
1863030 194
1863040 194
1863050 194
1863060 193
1863070 193
1863080 192
1863090 191
1863100 191
1863110 190
1863120 188
1863130 188
1863140 187
1863150 187
1863160 186
1863170 185
1863180 185
1863190 184
1863200 184
1863210 184
1863220 183
1863230 183
1863240 183
1863250 183
1863260 184
1863270 184
1863280 185
1863290 186
1863300 186
1863310 188
1863320 189
1863330 189
1863340 191
1863350 192
1863360 192
1863370 193
1863380 195
1863390 195
1863400 196
1863410 197
1863420 197
1863430 199
1863440 200
1863450 200
1863460 202
1863470 203
1863480 204
1863490 205
1863500 206
1863510 206
1863520 206
1863530 207
1863540 207
1863550 207
1863560 208
1863570 208
1863580 208
1863590 208
1863600 208
1863610 208
1863620 207
1863630 207
1863640 207
1863650 206
1863660 206
1863670 205
1863680 205
1863690 205
1863700 204
1863710 203
1863720 203
1863730 203
1863740 202
1863750 202
1863760 202
1863770 201
1863780 201
1863790 201
1863800 201
1863810 201
1863820 201
1863830 200
1863840 200
1863850 201
1863860 201
1863870 201
1863880 201
1863890 201
1863900 201
1863910 201
1863920 201
1863930 201
1863940 201
1863950 201
1863960 201
1863970 201
1863980 200
1863990 200
1864000 200
1864010 199
1864020 199
1864030 199
1864040 199
1864050 199
1864060 199
1864070 198
1864080 198
1864090 198
1864100 198
1864110 198
1864120 198
1864130 198
1864140 198
1864150 198
1864160 198
1864170 199
1864180 199
1864190 199
1864200 199
1864210 199
1864220 199
1864230 199
1864240 199
1864250 200
1864260 200
1864270 200
1864280 200
1864290 200
1864300 200
1864310 200
1864320 200
1864330 200
1864340 200
1864350 200
1864360 201
1864370 201
1864380 201
1864390 202
1864400 202
1864410 202
1864420 203
1864430 204
1864440 204
1864450 205
1864460 206
1864470 206
1864480 207
1864490 208
1864500 208
1864510 208
1864520 208
1864530 208
1864540 208
1864550 208
1864560 208
1864570 207
1864580 207
1864590 207
1864600 208
1864610 207
1864620 207
1864630 207
1864640 207
1864650 207
1864660 207
1864670 207
1864680 206
1864690 206
1864700 206
1864710 206
1864720 206
1864730 206
1864740 206
1864750 206
1864760 206
1864770 206
1864780 206
1864790 206
1864800 206
1864810 206
1864820 206
1864830 206
1864840 206
1864850 206
1864860 205
1864870 205
1864880 205
1864890 204
1864900 204
1864910 204
1864920 204
1864930 203
1864940 203
1864950 203
1864960 202
1864970 202
1864980 202
1864990 201
1865000 201
1865010 201
1865020 200
1865030 200
1865040 200
1865050 199
1865060 199
1865070 199
1865080 198
1865090 198
1865100 197
1865110 197
1865120 197
1865130 197
1865140 197
1865150 197
1865160 197
1865170 197
1865180 197
1865190 197
1865200 197
1865210 197
1865220 197
1865230 196
1865240 196
1865250 196
1865260 195
1865270 195
1865280 195
1865290 194
1865300 194
1865310 194
1865320 193
1865330 193
1865340 193
1865350 193
1865360 193
1865370 193
1865380 192
1865390 192
1865400 191
1865410 191
1865420 191
1865430 190
1865440 190
1865450 190
1865460 190
1865470 189
1865480 189
1865490 189
1865500 189
1865510 189
1865520 189
1865530 188
1865540 189
1865550 188
1865560 188
1865570 188
1865580 188
1865590 188
1865600 188
1865610 188
1865620 188
1865630 188
1865640 188
1865650 189
1865660 189
1865670 189
1865680 189
1865690 189
1865700 190
1865710 190
1865720 190
1865730 191
1865740 190
1865750 190
1865760 189
1865770 188
1865780 188
1865790 188
1865800 189
1865810 189
1865820 190
1865830 192
1865840 192
1865850 194
1865860 195
1865870 195
1865880 196
1865890 196
1865900 196
1865910 196
1865920 196
1865930 196
1865940 196
1865950 195
1865960 195
1865970 194
1865980 192
1865990 192
1866000 191
1866010 190
1866020 190
1866030 190
1866040 190
1866050 190
1866060 190
1866070 190
1866080 190
1866090 191
1866100 191
1866110 193
1866120 194
1866130 194
1866140 196
1866150 198
1866160 198
1866170 199
1866180 201
1866190 201
1866200 202
1866210 202
1866220 203
1866230 204
1866240 204
1866250 204
1866260 205
1866270 205
1866280 205
1866290 206
1866300 206
1866310 206
1866320 206
1866330 206
1866340 206
1866350 206
1866360 207
1866370 207
1866380 207
1866390 207
1866400 207
1866410 207
1866420 206
1866430 206
1866440 206
1866450 206
1866460 206
1866470 206
1866480 205
1866490 205
1866500 205
1866510 205
1866520 205
1866530 204
1866540 204
1866550 204
1866560 204
1866570 204
1866580 204
1866590 203
1866600 203
1866610 203
1866620 202
1866630 202
1866640 202
1866650 201
1866660 201
1866670 201
1866680 200
1866690 200
1866700 200
1866710 200
1866720 199
1866730 199
1866740 199
1866750 198
1866760 198
1866770 198
1866780 198
1866790 198
1866800 197
1866810 197
1866820 197
1866830 196
1866840 196
1866850 196
1866860 196
1866870 195
1866880 195
1866890 195
1866900 194
1866910 194
1866920 194
1866930 194
1866940 194
1866950 194
1866960 193
1866970 193
1866980 193
1866990 193
1867000 193
1867010 192
1867020 192
1867030 192
1867040 191
1867050 191
1867060 191
1867070 190
1867080 190
1867090 190
1867100 190
1867110 190
1867120 190
1867130 190
1867140 190
1867150 190
1867160 190
1867170 190
1867180 190
1867190 190
1867200 190
1867210 190
1867220 189
1867230 189
1867240 188
1867250 187
1867260 187
1867270 187
1867280 186
1867290 185
1867300 185
1867310 185
1867320 184
1867330 184
1867340 184
1867350 183
1867360 183
1867370 183
1867380 183
1867390 183
1867400 183
1867410 183
1867420 183
1867430 183
1867440 183
1867450 183
1867460 183
1867470 183
1867480 183
1867490 183
1867500 183
1867510 183
1867520 183
1867530 182
1867540 182
1867550 182
1867560 182
1867570 182
1867580 181
1867590 181
1867600 180
1867610 180
1867620 180
1867630 180
1867640 180
1867650 180
1867660 179
1867670 179
1867680 179
1867690 178
1867700 178
1867710 178
1867720 177
1867730 176
1867740 176
1867750 175
1867760 175
1867770 175
1867780 174
1867790 173
1867800 173
1867810 173
1867820 172
1867830 172
1867840 172
1867850 171
1867860 171
1867870 169
1867880 169
1867890 169
1867900 170
1867910 170
1867920 171
1867930 171
1867940 171
1867950 171
1867960 171
1867970 171
1867980 171
1867990 171
1868000 171
1868010 171
1868020 171
1868030 171
1868040 171
1868050 171
1868060 171
1868070 171
1868080 171
1868090 171
1868100 171
1868110 171
1868120 171
1868130 171
1868140 170
1868150 169
1868160 169
1868170 168
1868180 167
1868190 167
1868200 166
1868210 165
1868220 165
1868230 164
1868240 164
1868250 164
1868260 163
1868270 163
1868280 163
1868290 163
1868300 163
1868310 163
1868320 163
1868330 163
1868340 163
1868350 163
1868360 163
1868370 163
1868380 163
1868390 163
1868400 163
1868410 163
1868420 163
1868430 163
1868440 162
1868450 162
1868460 162
1868470 162
1868480 162
1868490 162
1868500 162
1868510 162
1868520 162
1868530 162
1868540 162
1868550 162
1868560 162
1868570 162
1868580 162
1868590 162
1868600 162
1868610 162
1868620 162
1868630 162
1868640 162
1868650 162
1868660 162
1868670 162
1868680 162
1868690 162
1868700 162
1868710 162
1868720 162
1868730 162
1868740 161
1868750 161
1868760 161
1868770 161
1868780 161
1868790 161
1868800 161
1868810 161
1868820 161
1868830 161
1868840 161
1868850 161
1868860 161
1868870 161
1868880 161
1868890 161
1868900 161
1868910 161
1868920 161
1868930 161
1868940 161
1868950 160
1868960 159
1868970 159
1868980 159
1868990 159
1869000 159
1869010 159
1869020 159
1869030 159
1869040 159
1869050 159
1869060 159
1869070 160
1869080 160
1869090 162
1869100 162
1869110 162
1869120 162
1869130 161
1869140 161
1869150 161
1869160 161
1869170 161
1869180 161
1869190 161
1869200 161
1869210 160
1869220 160
1869230 160
1869240 160
1869250 161
1869260 161
1869270 161
1869280 161
1869290 161
1869300 161
1869310 161
1869320 161
1869330 161
1869340 162
1869350 162
1869360 162
1869370 163
1869380 163
1869390 163
1869400 163
1869410 163
1869420 162
1869430 161
1869440 161
1869450 161
1869460 161
1869470 161
1869480 160
1869490 160
1869500 160
1869510 160
1869520 160
1869530 160
1869540 160
1869550 160
1869560 160
1869570 160
1869580 160
1869590 160
1869600 160
1869610 160
1869620 160
1869630 160
1869640 160
1869650 160
1869660 160
1869670 160
1869680 160
1869690 160
1869700 160
1869710 160
1869720 159
1869730 159
1869740 159
1869750 159
1869760 159
1869770 159
1869780 159
1869790 159
1869800 159
1869810 159
1869820 159
1869830 159
1869840 159
1869850 159
1869860 159
1869870 159
1869880 159
1869890 159
1869900 159
1869910 159
1869920 159
1869930 159
1869940 159
1869950 159
1869960 159
1869970 159
1869980 159
1869990 159
1870000 159
1870010 159
1870020 159
1870030 159
1870040 159
1870050 159
1870060 159
1870070 159
1870080 160
1870090 160
1870100 160
1870110 159
1870120 159
1870130 159
1870140 159
1870150 159
1870160 159
1870170 159
1870180 159
1870190 159
1870200 160
1870210 159
1870220 159
1870230 160
1870240 160
1870250 160
1870260 160
1870270 160
1870280 160
1870290 160
1870300 160
1870310 160
1870320 160
1870330 160
1870340 160
1870350 160
1870360 161
1870370 161
1870380 161
1870390 161
1870400 161
1870410 161
1870420 161
1870430 161
1870440 161
1870450 161
1870460 161
1870470 161
1870480 161
1870490 161
1870500 161
1870510 161
1870520 162
1870530 162
1870540 162
1870550 162
1870560 162
1870570 162
1870580 162
1870590 162
1870600 162
1870610 162
1870620 162
1870630 162
1870640 162
1870650 162
1870660 162
1870670 162
1870680 162
1870690 162
1870700 163
1870710 163
1870720 163
1870730 163
1870740 163
1870750 163
1870760 163
1870770 163
1870780 163
1870790 163
1870800 163
1870810 163
1870820 163
1870830 163
1870840 163
1870850 163
1870860 163
1870870 163
1870880 164
1870890 164
1870900 164
1870910 164
1870920 164
1870930 164
1870940 164
1870950 164
1870960 164
1870970 165
1870980 165
1870990 165
1871000 165
1871010 165
1871020 165
1871030 165
1871040 165
1871050 165
1871060 165
1871070 166
1871080 166
1871090 166
1871100 167
1871110 167
1871120 167
1871130 167
1871140 167
1871150 168
1871160 168
1871170 168
1871180 168
1871190 168
1871200 168
1871210 168
1871220 168
1871230 168
1871240 168
1871250 168
1871260 168
1871270 168
1871280 168
1871290 168
1871300 168
1871310 168
1871320 168
1871330 168
1871340 168
1871350 168
1871360 168
1871370 168
1871380 168
1871390 168
1871400 168
1871410 168
1871420 168
1871430 169
1871440 169
1871450 169
1871460 169
1871470 169
1871480 169
1871490 169
1871500 169
1871510 169
1871520 170
1871530 170
1871540 170
1871550 172
1871560 172
1871570 173
1871580 174
1871590 174
1871600 175
1871610 176
1871620 176
1871630 177
1871640 179
1871650 179
1871660 180
1871670 180
1871680 180
1871690 180
1871700 180
1871710 180
1871720 180
1871730 179
1871740 179
1871750 179
1871760 179
1871770 179
1871780 178
1871790 178
1871800 178
1871810 178
1871820 177
1871830 177
1871840 177
1871850 177
1871860 177
1871870 176
1871880 176
1871890 177
1871900 177
1871910 177
1871920 177
1871930 177
1871940 177
1871950 177
1871960 176
1871970 176
1871980 177
1871990 177
1872000 177
1872010 177
1872020 177
1872030 177
1872040 177
1872050 177
1872060 177
1872070 177
1872080 177
1872090 177
1872100 177
1872110 177
1872120 177
1872130 176
1872140 175
1872150 175
1872160 175
1872170 174
1872180 174
1872190 173
1872200 173
1872210 173
1872220 172
1872230 171
1872240 171
1872250 171
1872260 170
1872270 170
1872280 170
1872290 170
1872300 170
1872310 170
1872320 170
1872330 170
1872340 170
1872350 170
1872360 170
1872370 170
1872380 170
1872390 170
1872400 170
1872410 170
1872420 170
1872430 170
1872440 170
1872450 170
1872460 170
1872470 170
1872480 170
1872490 170
1872500 170
1872510 170
1872520 171
1872530 171
1872540 171
1872550 170
1872560 170
1872570 170
1872580 170
1872590 170
1872600 170
1872610 170
1872620 170
1872630 170
1872640 170
1872650 171
1872660 171
1872670 171
1872680 171
1872690 171
1872700 171
1872710 171
1872720 171
1872730 171
1872740 171
1872750 171
1872760 171
1872770 171
1872780 171
1872790 171
1872800 171
1872810 171
1872820 171
1872830 171
1872840 171
1872850 171
1872860 171
1872870 171
1872880 171
1872890 171
1872900 171
1872910 170
1872920 170
1872930 170
1872940 170
1872950 170
1872960 170
1872970 169
1872980 169
1872990 169
1873000 169
1873010 169
1873020 169
1873030 168
1873040 168
1873050 168
1873060 168
1873070 167
1873080 167
1873090 167
1873100 167
1873110 167
1873120 167
1873130 167
1873140 167
1873150 166
1873160 166
1873170 166
1873180 166
1873190 166
1873200 166
1873210 166
1873220 166
1873230 166
1873240 166
1873250 166
1873260 166
1873270 165
1873280 165
1873290 165
1873300 165
1873310 165
1873320 165
1873330 165
1873340 165
1873350 165
1873360 165
1873370 165
1873380 165
1873390 165
1873400 165
1873410 165
1873420 165
1873430 165
1873440 165
1873450 165
1873460 165
1873470 165
1873480 165
1873490 165
1873500 165
1873510 165
1873520 165
1873530 165
1873540 164
1873550 164
1873560 164
1873570 164
1873580 164
1873590 164
1873600 164
1873610 164
1873620 164
1873630 164
1873640 164
1873650 164
1873660 164
1873670 164
1873680 164
1873690 164
1873700 164
1873710 164
1873720 164
1873730 164
1873740 164
1873750 164
1873760 164
1873770 164
1873780 164
1873790 164
1873800 165
1873810 165
1873820 165
1873830 165
1873840 165
1873850 165
1873860 165
1873870 165
1873880 165
1873890 165
1873900 165
1873910 165
1873920 165
1873930 165
1873940 165
1873950 165
1873960 165
1873970 165
1873980 165
1873990 165
1874000 165
1874010 165
1874020 165
1874030 165
1874040 165
1874050 165
1874060 165
1874070 165
1874080 165
1874090 165
1874100 165
1874110 165
1874120 165
1874130 165
1874140 166
1874150 166
1874160 166
1874170 166
1874180 166
1874190 166
1874200 166
1874210 166
1874220 166
1874230 166
1874240 166
1874250 167
1874260 168
1874270 168
1874280 166
1874290 166
1874300 166
1874310 166
1874320 167
1874330 167
1874340 167
1874350 167
1874360 167
1874370 167
1874380 167
1874390 167
1874400 167
1874410 167
1874420 167
1874430 167
1874440 167
1874450 167
1874460 167
1874470 167
1874480 167
1874490 167
1874500 167
1874510 167
1874520 167
1874530 167
1874540 167
1874550 168
1874560 168
1874570 168
1874580 168
1874590 168
1874600 168
1874610 169
1874620 169
1874630 169
1874640 169
1874650 171
1874660 171
1874670 171
1874680 172
1874690 172
1874700 173
1874710 173
1874720 173
1874730 174
1874740 175
1874750 175
1874760 176
1874770 176
1874780 176
1874790 176
1874800 176
1874810 177
1874820 178
1874830 178
1874840 178
1874850 178
1874860 178
1874870 179
1874880 179
1874890 179
1874900 179
1874910 180
1874920 180
1874930 180
1874940 179
1874950 179
1874960 179
1874970 179
1874980 179
1874990 179
1875000 178
1875010 178
1875020 177
1875030 176
1875040 176
1875050 176
1875060 175
1875070 175
1875080 175
1875090 174
1875100 174
1875110 172
1875120 168
1875130 168
1875140 157
1875150 148
1875160 148
1875170 147
1875180 147
1875190 147
1875200 146
1875210 147
1875220 147
1875230 148
1875240 147
1875250 147
1875260 145
1875270 144
1875280 144
1875290 144
1875300 144
1875310 144
1875320 144
1875330 144
1875340 144
1875350 144
1875360 144
1875370 144
1875380 144
1875390 144
1875400 144
1875410 144
1875420 144
1875430 144
1875440 143
1875450 144
1875460 144
1875470 144
1875480 144
1875490 144
1875500 144
1875510 144
1875520 144
1875530 144
1875540 144
1875550 144
1875560 144
1875570 144
1875580 144
1875590 144
1875600 144
1875610 144
1875620 144
1875630 144
1875640 144
1875650 144
1875660 144
1875670 144
1875680 145
1875690 146
1875700 146
1875710 148
1875720 146
1875730 146
1875740 144
1875750 144
1875760 144
1875770 144
1875780 144
1875790 144
1875800 144
1875810 144
1875820 144
1875830 144
1875840 144
1875850 144
1875860 144
1875870 144
1875880 144
1875890 144
1875900 144
1875910 144
1875920 144
1875930 144
1875940 144
1875950 144
1875960 144
1875970 144
1875980 144
1875990 144
1876000 144
1876010 144
1876020 144
1876030 144
1876040 145
1876050 145
1876060 145
1876070 145
1876080 145
1876090 145
1876100 145
1876110 145
1876120 145
1876130 145
1876140 145
1876150 145
1876160 145
1876170 144
1876180 144
1876190 142
1876200 142
1876210 142
1876220 142
1876230 142
1876240 142
1876250 142
1876260 142
1876270 142
1876280 142
1876290 142
1876300 143
1876310 144
1876320 144
1876330 144
1876340 144
1876350 144
1876360 143
1876370 143
1876380 143
1876390 143
