1860000 207
1860010 208
1860020 208
1860030 208
1860040 208
1860050 209
1860060 209
1860070 209
1860080 210
1860090 210
1860100 211
1860110 212
1860120 212
1860130 213
1860140 215
1860150 215
1860160 215
1860170 216
1860180 216
1860190 217
1860200 217
1860210 217
1860220 218
1860230 218
1860240 218
1860250 219
1860260 222
1860270 222
1860280 223
1860290 224
1860300 224
1860310 225
1860320 225
1860330 226
1860340 227
1860350 227
1860360 228
1860370 229
1860380 229
1860390 230
1860400 232
1860410 232
1860420 234
1860430 235
1860440 235
1860450 236
1860460 238
1860470 238
1860480 240
1860490 242
1860500 242
1860510 243
1860520 244
1860530 244
1860540 244
1860550 244
1860560 244
1860570 244
1860580 243
1860590 243
1860600 243
1860610 243
1860620 243
1860630 243
1860640 242
1860650 242
1860660 242
1860670 241
1860680 241
1860690 240
1860700 239
1860710 239
1860720 238
1860730 237
1860740 237
1860750 236
1860760 235
1860770 235
1860780 234
1860790 232
1860800 232
1860810 231
1860820 230
1860830 230
1860840 229
1860850 229
1860860 229
1860870 228
1860880 228
1860890 228
1860900 228
1860910 228
1860920 228
1860930 228
1860940 227
1860950 227
1860960 228
1860970 227
1860980 227
1860990 226
1861000 224
1861010 224
1861020 223
1861030 222
1861040 222
1861050 222
1861060 222
1861070 222
1861080 222
1861090 223
1861100 223
1861110 224
1861120 224
1861130 224
1861140 225
1861150 226
1861160 226
1861170 227
1861180 228
1861190 228
1861200 230
1861210 231
1861220 231
1861230 232
1861240 232
1861250 232
1861260 233
1861270 233
1861280 233
1861290 233
1861300 236
1861310 236
1861320 236
1861330 237
1861340 237
1861350 238
1861360 239
1861370 239
1861380 239
1861390 240
1861400 240
1861410 239
1861420 239
1861430 239
1861440 239
1861450 238
1861460 238
1861470 238
1861480 237
1861490 237
1861500 236
1861510 235
1861520 235
1861530 235
1861540 234
1861550 234
1861560 233
1861570 232
1861580 232
1861590 232
1861600 231
1861610 231
1861620 230
1861630 229
1861640 229
1861650 226
1861660 225
1861670 225
1861680 223
1861690 222
1861700 222
1861710 220
1861720 219
1861730 219
1861740 217
1861750 215
1861760 215
1861770 213
1861780 211
1861790 211
1861800 210
1861810 210
1861820 209
1861830 208
1861840 208
1861850 207
1861860 206
1861870 206
1861880 206
1861890 205
1861900 205
1861910 205
1861920 205
1861930 205
1861940 205
1861950 206
1861960 206
1861970 207
1861980 208
1861990 210
1862000 212
1862010 212
1862020 212
1862030 212
1862040 212
1862050 212
1862060 210
1862070 208
1862080 208
1862090 208
1862100 208
1862110 208
1862120 207
1862130 207
1862140 207
1862150 207
1862160 207
1862170 207
1862180 208
1862190 212
1862200 212
1862210 213
1862220 215
1862230 215
1862240 216
1862250 218
1862260 218
1862270 220
1862280 221
1862290 221
1862300 222
1862310 223
1862320 223
1862330 224
1862340 225
1862350 225
1862360 225
1862370 225
1862380 225
1862390 225
1862400 225
1862410 225
1862420 224
1862430 224
1862440 224
1862450 223
1862460 222
1862470 222
1862480 222
1862490 221
1862500 221
1862510 220
1862520 219
1862530 219
1862540 219
1862550 218
1862560 218
1862570 218
1862580 218
1862590 218
1862600 218
1862610 218
1862620 218
1862630 217
1862640 217
1862650 217
1862660 217
1862670 217
1862680 216
1862690 216
1862700 215
1862710 215
1862720 215
1862730 214
1862740 214
1862750 214
1862760 213
1862770 213
1862780 212
1862790 211
1862800 211
1862810 210
1862820 209
1862830 209
1862840 207
1862850 206
1862860 206
1862870 205
1862880 204
1862890 204
1862900 203
1862910 202
1862920 202
1862930 201
1862940 200
1862950 200
1862960 199
1862970 198
1862980 198
1862990 197
1863000 197
1863010 197
1863020 195
1863030 194
1863040 194
1863050 194
1863060 193
1863070 193
1863080 192
1863090 191
1863100 191
1863110 190
1863120 188
1863130 188
1863140 187
1863150 186
1863160 186
1863170 185
1863180 184
1863190 184
1863200 184
1863210 183
1863220 183
1863230 183
1863240 183
1863250 183
1863260 183
1863270 184
1863280 184
1863290 186
1863300 186
1863310 187
1863320 189
1863330 189
1863340 190
1863350 191
1863360 191
1863370 193
1863380 195
1863390 195
1863400 196
1863410 197
1863420 197
1863430 199
1863440 200
1863450 200
1863460 202
1863470 203
1863480 203
1863490 204
1863500 205
1863510 205
1863520 206
1863530 206
1863540 206
1863550 207
1863560 207
1863570 207
1863580 207
1863590 208
1863600 208
1863610 207
1863620 207
1863630 207
1863640 207
1863650 206
1863660 206
1863670 206
1863680 205
1863690 205
1863700 204
1863710 203
1863720 203
1863730 203
1863740 202
1863750 202
1863760 202
1863770 201
1863780 201
1863790 201
1863800 201
1863810 201
1863820 201
1863830 201
1863840 201
1863850 201
1863860 201
1863870 201
1863880 201
1863890 201
1863900 201
1863910 201
1863920 201
1863930 201
1863940 201
1863950 200
1863960 200
1863970 200
1863980 200
1863990 200
1864000 199
1864010 199
1864020 199
1864030 199
1864040 198
1864050 199
1864060 199
1864070 198
1864080 198
1864090 198
1864100 198
1864110 198
1864120 198
1864130 198
1864140 198
1864150 198
1864160 198
1864170 198
1864180 198
1864190 198
1864200 198
1864210 198
1864220 198
1864230 198
1864240 198
1864250 198
1864260 198
1864270 199
1864280 199
1864290 199
1864300 199
1864310 199
1864320 199
1864330 199
1864340 200
1864350 200
1864360 200
1864370 200
1864380 200
1864390 201
1864400 202
1864410 202
1864420 203
1864430 204
1864440 204
1864450 205
1864460 206
1864470 206
1864480 207
1864490 208
1864500 208
1864510 208
1864520 208
1864530 208
1864540 208
1864550 208
1864560 208
1864570 207
1864580 207
1864590 207
1864600 208
1864610 208
1864620 208
1864630 207
1864640 207
1864650 207
1864660 207
1864670 207
1864680 207
1864690 206
1864700 207
1864710 207
1864720 206
1864730 206
1864740 206
1864750 206
1864760 206
1864770 206
1864780 206
1864790 206
1864800 206
1864810 206
1864820 206
1864830 206
1864840 206
1864850 206
1864860 205
1864870 205
1864880 205
1864890 205
1864900 204
1864910 204
1864920 204
1864930 204
1864940 204
1864950 203
1864960 203
1864970 203
1864980 202
1864990 202
1865000 202
1865010 201
1865020 201
1865030 201
1865040 200
1865050 200
1865060 200
1865070 199
1865080 198
1865090 198
1865100 197
1865110 197
1865120 197
1865130 197
1865140 197
1865150 197
1865160 197
1865170 197
1865180 197
1865190 197
1865200 197
1865210 197
1865220 197
1865230 197
1865240 197
1865250 196
1865260 196
1865270 196
1865280 195
1865290 195
1865300 195
1865310 194
1865320 194
1865330 194
1865340 194
1865350 193
1865360 193
1865370 193
1865380 193
1865390 193
1865400 192
1865410 192
1865420 191
1865430 190
1865440 190
1865450 190
1865460 190
1865470 189
1865480 189
1865490 189
1865500 189
1865510 189
1865520 189
1865530 188
1865540 188
1865550 188
1865560 188
1865570 188
1865580 188
1865590 188
1865600 188
1865610 188
1865620 188
1865630 188
1865640 188
1865650 188
1865660 188
1865670 188
1865680 188
1865690 188
1865700 188
1865710 189
1865720 189
1865730 189
1865740 188
1865750 188
1865760 188
1865770 188
1865780 188
1865790 188
1865800 189
1865810 189
1865820 190
1865830 192
1865840 192
1865850 194
1865860 195
1865870 195
1865880 195
1865890 196
1865900 196
1865910 196
1865920 196
1865930 196
1865940 196
1865950 195
1865960 195
1865970 194
1865980 191
1865990 191
1866000 190
1866010 189
1866020 189
1866030 189
1866040 188
1866050 188
1866060 189
1866070 189
1866080 189
1866090 190
1866100 192
1866110 193
1866120 194
1866130 196
1866140 196
1866150 198
1866160 199
1866170 199
1866180 201
1866190 202
1866200 202
1866210 202
1866220 202
1866230 203
1866240 204
1866250 204
1866260 204
1866270 204
1866280 204
1866290 205
1866300 205
1866310 205
1866320 205
1866330 206
1866340 206
1866350 206
1866360 206
1866370 206
1866380 206
1866390 206
1866400 206
1866410 206
1866420 206
1866430 206
1866440 206
1866450 206
1866460 206
1866470 206
1866480 205
1866490 205
1866500 205
1866510 205
1866520 205
1866530 204
1866540 204
1866550 204
1866560 204
1866570 203
1866580 203
1866590 203
1866600 203
1866610 203
1866620 202
1866630 202
1866640 202
1866650 201
1866660 201
1866670 201
1866680 201
1866690 200
1866700 200
1866710 200
1866720 200
1866730 200
1866740 199
1866750 199
1866760 199
1866770 198
1866780 198
1866790 198
1866800 197
1866810 197
1866820 197
1866830 196
1866840 196
1866850 196
1866860 196
1866870 195
1866880 195
1866890 195
1866900 195
1866910 195
1866920 195
1866930 194
1866940 194
1866950 194
1866960 194
1866970 194
1866980 194
1866990 193
1867000 193
1867010 193
1867020 192
1867030 192
1867040 192
1867050 191
1867060 191
1867070 191
1867080 191
1867090 191
1867100 190
1867110 190
1867120 190
1867130 190
1867140 190
1867150 190
1867160 190
1867170 190
1867180 190
1867190 190
1867200 190
1867210 190
1867220 189
1867230 189
1867240 189
1867250 188
1867260 188
1867270 188
1867280 187
1867290 186
1867300 186
1867310 186
1867320 185
1867330 185
1867340 185
1867350 184
1867360 184
1867370 184
1867380 184
1867390 184
1867400 184
1867410 184
1867420 184
1867430 184
1867440 184
1867450 184
1867460 184
1867470 183
1867480 183
1867490 183
1867500 183
1867510 183
1867520 183
1867530 182
1867540 182
1867550 182
1867560 182
1867570 182
1867580 182
1867590 181
1867600 181
1867610 181
1867620 181
1867630 181
1867640 181
1867650 180
1867660 180
1867670 180
1867680 180
1867690 179
1867700 179
1867710 179
1867720 178
1867730 177
1867740 177
1867750 177
1867760 176
1867770 176
1867780 175
1867790 174
1867800 174
1867810 173
1867820 172
1867830 172
1867840 172
1867850 171
1867860 171
1867870 169
1867880 169
1867890 169
1867900 170
1867910 170
1867920 170
1867930 170
1867940 170
1867950 170
1867960 170
1867970 170
1867980 170
1867990 170
1868000 170
1868010 170
1868020 170
1868030 170
1868040 170
1868050 170
1868060 170
1868070 170
1868080 170
1868090 170
1868100 170
1868110 171
1868120 170
1868130 170
1868140 170
1868150 169
1868160 169
1868170 168
1868180 167
1868190 167
1868200 166
1868210 165
1868220 165
1868230 164
1868240 164
1868250 164
1868260 163
1868270 163
1868280 163
1868290 163
1868300 163
1868310 163
1868320 163
1868330 163
1868340 163
1868350 163
1868360 163
1868370 163
1868380 163
1868390 163
1868400 163
1868410 163
1868420 162
1868430 162
1868440 162
1868450 162
1868460 162
1868470 162
1868480 162
1868490 162
1868500 162
1868510 162
1868520 162
1868530 162
1868540 162
1868550 162
1868560 162
1868570 162
1868580 162
1868590 162
1868600 162
1868610 162
1868620 162
1868630 162
1868640 162
1868650 162
1868660 162
1868670 162
1868680 162
1868690 162
1868700 162
1868710 162
1868720 162
1868730 162
1868740 161
1868750 161
1868760 161
1868770 161
1868780 161
1868790 161
1868800 161
1868810 161
1868820 161
1868830 161
1868840 161
1868850 161
1868860 161
1868870 161
1868880 161
1868890 161
1868900 161
1868910 161
1868920 161
1868930 161
1868940 161
1868950 159
1868960 159
1868970 159
1868980 159
1868990 159
1869000 159
1869010 159
1869020 159
1869030 159
1869040 159
1869050 159
1869060 159
1869070 161
1869080 162
1869090 162
1869100 162
1869110 161
1869120 161
1869130 161
1869140 161
1869150 160
1869160 161
1869170 161
1869180 161
1869190 161
1869200 161
1869210 160
1869220 160
1869230 160
1869240 160
1869250 161
1869260 161
1869270 161
1869280 161
1869290 161
1869300 161
1869310 161
1869320 161
1869330 161
1869340 162
1869350 162
1869360 163
1869370 163
1869380 163
1869390 163
1869400 162
1869410 162
1869420 162
1869430 161
1869440 161
1869450 161
1869460 160
1869470 160
1869480 160
1869490 160
1869500 160
1869510 160
1869520 160
1869530 160
1869540 160
1869550 160
1869560 160
1869570 160
1869580 160
1869590 160
1869600 160
1869610 160
1869620 160
1869630 160
1869640 160
1869650 160
1869660 160
1869670 160
1869680 160
1869690 159
1869700 159
1869710 159
1869720 159
1869730 159
1869740 159
1869750 159
1869760 159
1869770 159
1869780 159
1869790 159
1869800 159
1869810 159
1869820 159
1869830 159
1869840 159
1869850 159
1869860 159
1869870 159
1869880 159
1869890 159
1869900 159
1869910 159
1869920 159
1869930 159
1869940 159
1869950 159
1869960 159
1869970 159
1869980 159
1869990 159
1870000 159
1870010 159
1870020 159
1870030 159
1870040 159
1870050 159
1870060 159
1870070 159
1870080 160
1870090 160
1870100 160
1870110 159
1870120 159
1870130 159
1870140 159
1870150 159
1870160 159
1870170 159
1870180 159
1870190 159
1870200 160
1870210 159
1870220 159
1870230 160
1870240 160
1870250 160
1870260 160
1870270 160
1870280 160
1870290 160
1870300 160
1870310 160
1870320 160
1870330 160
1870340 160
1870350 160
1870360 161
1870370 161
1870380 161
1870390 161
1870400 161
1870410 161
1870420 161
1870430 161
1870440 161
1870450 161
1870460 161
1870470 161
1870480 161
1870490 161
1870500 161
1870510 161
1870520 162
1870530 162
1870540 162
1870550 162
1870560 162
1870570 162
1870580 162
1870590 162
1870600 162
1870610 162
1870620 162
1870630 162
1870640 162
1870650 162
1870660 162
1870670 162
1870680 163
1870690 163
1870700 163
1870710 163
1870720 163
1870730 163
1870740 163
1870750 163
1870760 163
1870770 163
1870780 163
1870790 163
1870800 163
1870810 163
1870820 163
1870830 163
1870840 163
1870850 163
1870860 163
1870870 163
1870880 164
1870890 164
1870900 164
1870910 164
1870920 164
1870930 164
1870940 164
1870950 164
1870960 164
1870970 164
1870980 164
1870990 164
1871000 164
1871010 164
1871020 164
1871030 164
1871040 164
1871050 164
1871060 164
1871070 165
1871080 165
1871090 165
1871100 166
1871110 166
1871120 166
1871130 166
1871140 166
1871150 167
1871160 167
1871170 167
1871180 167
1871190 168
1871200 168
1871210 168
1871220 168
1871230 168
1871240 168
1871250 168
1871260 168
1871270 168
1871280 168
1871290 168
1871300 168
1871310 168
1871320 168
1871330 168
1871340 168
1871350 168
1871360 168
1871370 168
1871380 168
1871390 168
1871400 168
1871410 168
1871420 168
1871430 168
1871440 168
1871450 168
1871460 168
1871470 168
1871480 168
1871490 168
1871500 168
1871510 169
1871520 169
1871530 170
1871540 170
1871550 172
1871560 172
1871570 173
1871580 174
1871590 174
1871600 175
1871610 176
1871620 176
1871630 177
1871640 178
1871650 178
1871660 178
1871670 179
1871680 179
1871690 179
1871700 179
1871710 179
1871720 179
1871730 179
1871740 179
1871750 178
1871760 178
1871770 178
1871780 178
1871790 177
1871800 177
1871810 177
1871820 177
1871830 177
1871840 176
1871850 176
1871860 177
1871870 176
1871880 177
1871890 177
1871900 177
1871910 177
1871920 177
1871930 177
1871940 177
1871950 177
1871960 176
1871970 176
1871980 176
1871990 176
1872000 176
1872010 176
1872020 176
1872030 176
1872040 177
1872050 177
1872060 177
1872070 177
1872080 177
1872090 177
1872100 176
1872110 176
1872120 176
1872130 175
1872140 175
1872150 175
1872160 174
1872170 174
1872180 174
1872190 173
1872200 173
1872210 173
1872220 172
1872230 171
1872240 171
1872250 171
1872260 170
1872270 170
1872280 170
1872290 170
1872300 170
1872310 170
1872320 169
1872330 169
1872340 169
1872350 169
1872360 169
1872370 169
1872380 169
1872390 169
1872400 169
1872410 169
1872420 169
1872430 169
1872440 169
1872450 169
1872460 169
1872470 169
1872480 169
1872490 170
1872500 170
1872510 170
1872520 170
1872530 171
1872540 171
1872550 170
1872560 170
1872570 170
1872580 170
1872590 170
1872600 170
1872610 170
1872620 170
1872630 170
1872640 170
1872650 170
1872660 170
1872670 170
1872680 170
1872690 170
1872700 171
1872710 171
1872720 171
1872730 171
1872740 171
1872750 171
1872760 171
1872770 171
1872780 171
1872790 171
1872800 171
1872810 171
1872820 171
1872830 171
1872840 171
1872850 171
1872860 171
1872870 171
1872880 171
1872890 171
1872900 171
1872910 170
1872920 170
1872930 170
1872940 170
1872950 170
1872960 170
1872970 169
1872980 169
1872990 169
1873000 169
1873010 168
1873020 168
1873030 168
1873040 168
1873050 168
1873060 167
1873070 167
1873080 167
1873090 167
1873100 167
1873110 167
1873120 167
1873130 166
1873140 166
1873150 166
1873160 166
1873170 166
1873180 166
1873190 166
1873200 166
1873210 166
1873220 166
1873230 166
1873240 166
1873250 166
1873260 166
1873270 165
1873280 165
1873290 165
1873300 165
1873310 165
1873320 165
1873330 165
1873340 165
1873350 165
1873360 165
1873370 165
1873380 165
1873390 165
1873400 165
1873410 165
1873420 165
1873430 165
1873440 165
1873450 165
1873460 165
1873470 165
1873480 165
1873490 165
1873500 165
1873510 165
1873520 165
1873530 165
1873540 164
1873550 164
1873560 164
1873570 164
1873580 164
1873590 164
1873600 164
1873610 164
1873620 164
1873630 164
1873640 164
1873650 164
1873660 164
1873670 164
1873680 164
1873690 164
1873700 164
1873710 164
1873720 164
1873730 164
1873740 164
1873750 164
1873760 164
1873770 164
1873780 164
1873790 164
1873800 164
1873810 165
1873820 165
1873830 165
1873840 165
1873850 165
1873860 165
1873870 165
1873880 165
1873890 165
1873900 165
1873910 165
1873920 165
1873930 165
1873940 165
1873950 165
1873960 165
1873970 165
1873980 165
1873990 165
1874000 165
1874010 165
1874020 165
1874030 165
1874040 165
1874050 165
1874060 165
1874070 165
1874080 165
1874090 165
1874100 165
1874110 165
1874120 165
1874130 165
1874140 165
1874150 165
1874160 165
1874170 166
1874180 166
1874190 166
1874200 166
1874210 166
1874220 166
1874230 166
1874240 166
1874250 167
1874260 168
1874270 168
1874280 166
1874290 166
1874300 166
1874310 166
1874320 167
1874330 167
1874340 167
1874350 167
1874360 167
1874370 167
1874380 167
1874390 167
1874400 167
1874410 167
1874420 167
1874430 167
1874440 167
1874450 167
1874460 167
1874470 167
1874480 167
1874490 167
1874500 167
1874510 167
1874520 167
1874530 167
1874540 167
1874550 168
1874560 168
1874570 168
1874580 168
1874590 168
1874600 168
1874610 169
1874620 169
1874630 169
1874640 169
1874650 170
1874660 170
1874670 171
1874680 171
1874690 171
1874700 171
1874710 172
1874720 172
1874730 173
1874740 174
1874750 174
1874760 174
1874770 175
1874780 175
1874790 175
1874800 176
1874810 176
1874820 177
1874830 178
1874840 178
1874850 178
1874860 178
1874870 179
1874880 179
1874890 179
1874900 179
1874910 180
1874920 180
1874930 180
1874940 179
1874950 179
1874960 179
1874970 179
1874980 179
1874990 178
1875000 177
1875010 177
1875020 176
1875030 175
1875040 175
1875050 175
1875060 174
1875070 174
1875080 174
1875090 173
1875100 173
1875110 172
1875120 166
1875130 166
1875140 156
1875150 147
1875160 147
1875170 147
1875180 146
1875190 146
1875200 146
1875210 147
1875220 147
1875230 148
1875240 147
1875250 147
1875260 145
1875270 144
1875280 144
1875290 144
1875300 144
1875310 144
1875320 144
1875330 144
1875340 144
1875350 144
1875360 144
1875370 144
1875380 144
1875390 144
1875400 144
1875410 144
1875420 144
1875430 144
1875440 144
1875450 143
1875460 143
1875470 144
1875480 144
1875490 144
1875500 144
1875510 144
1875520 144
1875530 144
1875540 144
1875550 144
1875560 144
1875570 144
1875580 144
1875590 144
1875600 144
1875610 144
1875620 144
1875630 144
1875640 144
1875650 144
1875660 144
1875670 144
1875680 145
1875690 145
1875700 145
1875710 147
1875720 147
1875730 147
1875740 145
1875750 144
1875760 144
1875770 144
1875780 144
1875790 144
1875800 144
1875810 144
1875820 144
1875830 144
1875840 144
1875850 144
1875860 144
1875870 144
1875880 144
1875890 144
1875900 144
1875910 144
1875920 144
1875930 144
1875940 144
1875950 144
1875960 144
1875970 144
1875980 144
1875990 144
1876000 144
1876010 144
1876020 144
1876030 144
1876040 145
1876050 145
1876060 145
1876070 145
1876080 145
1876090 145
1876100 145
1876110 145
1876120 145
1876130 145
1876140 145
1876150 145
1876160 145
1876170 145
1876180 145
1876190 143
1876200 142
1876210 142
1876220 142
1876230 142
1876240 142
1876250 142
1876260 142
1876270 142
1876280 142
1876290 143
1876300 143
1876310 144
1876320 144
1876330 144
1876340 144
1876350 144
1876360 143
1876370 143
1876380 143
1876390 143
