1860000 209
1860010 209
1860020 209
1860030 209
1860040 210
1860050 210
1860060 211
1860070 212
1860080 212
1860090 214
1860100 216
1860110 216
1860120 217
1860130 220
1860140 220
1860150 221
1860160 223
1860170 223
1860180 224
1860190 225
1860200 225
1860210 225
1860220 226
1860230 226
1860240 227
1860250 228
1860260 228
1860270 229
1860280 231
1860290 231
1860300 234
1860310 236
1860320 236
1860330 237
1860340 239
1860350 239
1860360 240
1860370 241
1860380 241
1860390 241
1860400 241
1860410 241
1860420 241
1860430 242
1860440 242
1860450 243
1860460 243
1860470 243
1860480 244
1860490 244
1860500 244
1860510 245
1860520 245
1860530 245
1860540 245
1860550 245
1860560 245
1860570 245
1860580 245
1860590 245
1860600 245
1860610 245
1860620 245
1860630 244
1860640 244
1860650 244
1860660 243
1860670 243
1860680 243
1860690 242
1860700 241
1860710 241
1860720 240
1860730 239
1860740 239
1860750 238
1860760 237
1860770 237
1860780 236
1860790 236
1860800 236
1860810 235
1860820 235
1860830 235
1860840 235
1860850 237
1860860 237
1860870 237
1860880 237
1860890 237
1860900 236
1860910 236
1860920 235
1860930 234
1860940 234
1860950 233
1860960 231
1860970 231
1860980 230
1860990 230
1861000 230
1861010 229
1861020 229
1861030 229
1861040 230
1861050 230
1861060 230
1861070 230
1861080 230
1861090 230
1861100 232
1861110 233
1861120 233
1861130 235
1861140 236
1861150 236
1861160 237
1861170 238
1861180 238
1861190 240
1861200 242
1861210 242
1861220 243
1861230 243
1861240 243
1861250 243
1861260 243
1861270 243
1861280 243
1861290 243
1861300 243
1861310 243
1861320 243
1861330 243
1861340 242
1861350 242
1861360 242
1861370 241
1861380 240
1861390 240
1861400 238
1861410 237
1861420 237
1861430 236
1861440 236
1861450 236
1861460 235
1861470 234
1861480 234
1861490 233
1861500 232
1861510 232
1861520 231
1861530 229
1861540 228
1861550 227
1861560 225
1861570 225
1861580 223
1861590 222
1861600 222
1861610 221
1861620 220
1861630 220
1861640 219
1861650 218
1861660 218
1861670 216
1861680 215
1861690 215
1861700 214
1861710 213
1861720 213
1861730 213
1861740 212
1861750 212
1861760 211
1861770 210
1861780 210
1861790 210
1861800 209
1861810 209
1861820 209
1861830 209
1861840 209
1861850 209
1861860 209
1861870 209
1861880 209
1861890 210
1861900 210
1861910 211
1861920 213
1861930 213
1861940 214
1861950 216
1861960 216
1861970 217
1861980 218
1861990 218
1862000 218
1862010 217
1862020 217
1862030 217
1862040 216
1862050 216
1862060 216
1862070 215
1862080 215
1862090 215
1862100 215
1862110 215
1862120 214
1862130 214
1862140 214
1862150 214
1862160 216
1862170 216
1862180 217
1862190 218
1862200 218
1862210 219
1862220 221
1862230 222
1862240 223
1862250 223
1862260 224
1862270 225
1862280 225
1862290 226
1862300 226
1862310 226
1862320 226
1862330 226
1862340 226
1862350 225
1862360 225
1862370 225
1862380 224
1862390 223
1862400 223
1862410 222
1862420 221
1862430 221
1862440 220
1862450 219
1862460 219
1862470 219
1862480 219
1862490 219
1862500 219
1862510 219
1862520 219
1862530 218
1862540 218
1862550 218
1862560 218
1862570 218
1862580 218
1862590 217
1862600 217
1862610 217
1862620 217
1862630 216
1862640 216
1862650 216
1862660 215
1862670 215
1862680 215
1862690 215
1862700 215
1862710 215
1862720 215
1862730 215
1862740 215
1862750 214
1862760 214
1862770 214
1862780 213
1862790 213
1862800 212
1862810 211
1862820 211
1862830 211
1862840 210
1862850 210
1862860 209
1862870 208
1862880 208
1862890 207
1862900 206
1862910 206
1862920 205
1862930 204
1862940 204
1862950 202
1862960 201
1862970 201
1862980 199
1862990 198
1863000 198
1863010 196
1863020 195
1863030 195
1863040 194
1863050 192
1863060 192
1863070 191
1863080 190
1863090 190
1863100 189
1863110 188
1863120 188
1863130 187
1863140 187
1863150 187
1863160 186
1863170 185
1863180 185
1863190 184
1863200 184
1863210 184
1863220 184
1863230 184
1863240 184
1863250 184
1863260 185
1863270 185
1863280 187
1863290 190
1863300 190
1863310 192
1863320 193
1863330 193
1863340 194
1863350 196
1863360 196
1863370 197
1863380 198
1863390 198
1863400 200
1863410 201
1863420 201
1863430 202
1863440 203
1863450 203
1863460 204
1863470 204
1863480 204
1863490 204
1863500 205
1863510 205
1863520 205
1863530 204
1863540 204
1863550 204
1863560 204
1863570 204
1863580 203
1863590 203
1863600 203
1863610 200
1863620 200
1863630 200
1863640 200
1863650 200
1863660 200
1863670 199
1863680 198
1863690 198
1863700 198
1863710 198
1863720 198
1863730 198
1863740 198
1863750 198
1863760 198
1863770 198
1863780 198
1863790 199
1863800 199
1863810 199
1863820 199
1863830 199
1863840 200
1863850 200
1863860 200
1863870 201
1863880 201
1863890 201
1863900 201
1863910 202
1863920 202
1863930 202
1863940 202
1863950 203
1863960 203
1863970 203
1863980 203
1863990 204
1864000 204
1864010 204
1864020 204
1864030 204
1864040 204
1864050 204
1864060 204
1864070 204
1864080 204
1864090 204
1864100 204
1864110 204
1864120 204
1864130 204
1864140 205
1864150 205
1864160 205
1864170 205
1864180 205
1864190 205
1864200 206
1864210 206
1864220 206
1864230 206
1864240 206
1864250 206
1864260 207
1864270 207
1864280 207
1864290 209
1864300 209
1864310 209
1864320 209
1864330 208
1864340 208
1864350 208
1864360 208
1864370 208
1864380 208
1864390 207
1864400 207
1864410 207
1864420 207
1864430 207
1864440 207
1864450 208
1864460 208
1864470 208
1864480 209
1864490 209
1864500 209
1864510 209
1864520 209
1864530 208
1864540 208
1864550 208
1864560 207
1864570 207
1864580 207
1864590 206
1864600 206
1864610 206
1864620 206
1864630 205
1864640 205
1864650 205
1864660 205
1864670 205
1864680 205
1864690 205
1864700 205
1864710 204
1864720 204
1864730 204
1864740 204
1864750 205
1864760 205
1864770 205
1864780 205
1864790 205
1864800 205
1864810 204
1864820 204
1864830 204
1864840 204
1864850 204
1864860 203
1864870 203
1864880 203
1864890 203
1864900 202
1864910 202
1864920 202
1864930 201
1864940 201
1864950 201
1864960 200
1864970 200
1864980 200
1864990 199
1865000 199
1865010 199
1865020 199
1865030 199
1865040 198
1865050 198
1865060 198
1865070 198
1865080 197
1865090 197
1865100 196
1865110 196
1865120 196
1865130 195
1865140 195
1865150 195
1865160 195
1865170 194
1865180 194
1865190 195
1865200 195
1865210 195
1865220 195
1865230 195
1865240 194
1865250 194
1865260 194
1865270 194
1865280 193
1865290 193
1865300 193
1865310 192
1865320 192
1865330 192
1865340 191
1865350 191
1865360 191
1865370 191
1865380 191
1865390 191
1865400 190
1865410 190
1865420 190
1865430 190
1865440 190
1865450 190
1865460 191
1865470 191
1865480 192
1865490 192
1865500 192
1865510 192
1865520 191
1865530 191
1865540 190
1865550 189
1865560 189
1865570 189
1865580 189
1865590 189
1865600 189
1865610 190
1865620 190
1865630 191
1865640 192
1865650 192
1865660 194
1865670 195
1865680 195
1865690 195
1865700 196
1865710 196
1865720 197
1865730 196
1865740 196
1865750 196
1865760 196
1865770 196
1865780 196
1865790 195
1865800 195
1865810 195
1865820 194
1865830 194
1865840 195
1865850 195
1865860 195
1865870 196
1865880 197
1865890 197
1865900 197
1865910 199
1865920 199
1865930 200
1865940 201
1865950 201
1865960 200
1865970 198
1865980 198
1865990 197
1866000 198
1866010 198
1866020 198
1866030 198
1866040 198
1866050 198
1866060 197
1866070 197
1866080 197
1866090 198
1866100 198
1866110 198
1866120 199
1866130 199
1866140 201
1866150 202
1866160 202
1866170 204
1866180 205
1866190 205
1866200 206
1866210 207
1866220 207
1866230 207
1866240 207
1866250 207
1866260 208
1866270 208
1866280 208
1866290 208
1866300 208
1866310 208
1866320 208
1866330 208
1866340 208
1866350 208
1866360 208
1866370 208
1866380 208
1866390 208
1866400 208
1866410 208
1866420 207
1866430 207
1866440 207
1866450 207
1866460 207
1866470 207
1866480 206
1866490 206
1866500 206
1866510 205
1866520 205
1866530 205
1866540 204
1866550 204
1866560 204
1866570 203
1866580 203
1866590 202
1866600 202
1866610 202
1866620 201
1866630 201
1866640 201
1866650 200
1866660 200
1866670 200
1866680 199
1866690 199
1866700 198
1866710 197
1866720 197
1866730 197
1866740 196
1866750 196
1866760 196
1866770 196
1866780 196
1866790 195
1866800 195
1866810 195
1866820 195
1866830 194
1866840 194
1866850 194
1866860 194
1866870 194
1866880 194
1866890 194
1866900 194
1866910 193
1866920 193
1866930 193
1866940 193
1866950 193
1866960 193
1866970 192
1866980 192
1866990 192
1867000 192
1867010 191
1867020 191
1867030 190
1867040 190
1867050 190
1867060 189
1867070 189
1867080 189
1867090 188
1867100 188
1867110 188
1867120 187
1867130 187
1867140 187
1867150 186
1867160 186
1867170 186
1867180 186
1867190 186
1867200 186
1867210 185
1867220 185
1867230 185
1867240 184
1867250 184
1867260 184
1867270 183
1867280 182
1867290 182
1867300 182
1867310 181
1867320 181
1867330 181
1867340 181
1867350 181
1867360 181
1867370 180
1867380 180
1867390 179
1867400 179
1867410 179
1867420 179
1867430 179
1867440 179
1867450 178
1867460 178
1867470 178
1867480 178
1867490 178
1867500 178
1867510 178
1867520 177
1867530 177
1867540 177
1867550 177
1867560 177
1867570 176
1867580 176
1867590 176
1867600 176
1867610 176
1867620 176
1867630 176
1867640 175
1867650 175
1867660 175
1867670 175
1867680 175
1867690 175
1867700 174
1867710 173
1867720 173
1867730 173
1867740 173
1867750 173
1867760 174
1867770 174
1867780 174
1867790 174
1867800 174
1867810 174
1867820 174
1867830 174
1867840 175
1867850 175
1867860 175
1867870 175
1867880 175
1867890 175
1867900 175
1867910 175
1867920 175
1867930 175
1867940 175
1867950 175
1867960 175
1867970 174
1867980 174
1867990 174
1868000 174
1868010 174
1868020 173
1868030 172
1868040 172
1868050 170
1868060 169
1868070 169
1868080 168
1868090 168
1868100 168
1868110 167
1868120 167
1868130 166
1868140 165
1868150 165
1868160 165
1868170 164
1868180 164
1868190 164
1868200 163
1868210 163
1868220 163
1868230 163
1868240 163
1868250 163
1868260 163
1868270 163
1868280 163
1868290 163
1868300 163
1868310 163
1868320 163
1868330 163
1868340 163
1868350 163
1868360 163
1868370 163
1868380 163
1868390 163
1868400 163
1868410 163
1868420 163
1868430 163
1868440 163
1868450 163
1868460 163
1868470 163
1868480 163
1868490 163
1868500 163
1868510 163
1868520 162
1868530 162
1868540 162
1868550 163
1868560 162
1868570 162
1868580 162
1868590 162
1868600 162
1868610 162
1868620 162
1868630 162
1868640 162
1868650 162
1868660 162
1868670 162
1868680 162
1868690 162
1868700 162
1868710 162
1868720 162
1868730 162
1868740 162
1868750 162
1868760 162
1868770 161
1868780 161
1868790 161
1868800 161
1868810 161
1868820 161
1868830 161
1868840 161
1868850 161
1868860 161
1868870 161
1868880 161
1868890 161
1868900 161
1868910 161
1868920 162
1868930 162
1868940 162
1868950 161
1868960 161
1868970 160
1868980 160
1868990 160
1869000 160
1869010 159
1869020 159
1869030 159
1869040 159
1869050 159
1869060 160
1869070 160
1869080 160
1869090 162
1869100 162
1869110 162
1869120 162
1869130 162
1869140 162
1869150 162
1869160 161
1869170 161
1869180 161
1869190 161
1869200 161
1869210 161
1869220 161
1869230 161
1869240 161
1869250 161
1869260 161
1869270 161
1869280 161
1869290 161
1869300 161
1869310 161
1869320 161
1869330 162
1869340 162
1869350 162
1869360 162
1869370 162
1869380 162
1869390 164
1869400 165
1869410 165
1869420 164
1869430 164
1869440 164
1869450 163
1869460 162
1869470 162
1869480 162
1869490 161
1869500 161
1869510 161
1869520 161
1869530 161
1869540 161
1869550 161
1869560 161
1869570 161
1869580 161
1869590 161
1869600 161
1869610 161
1869620 161
1869630 161
1869640 161
1869650 160
1869660 160
1869670 160
1869680 160
1869690 160
1869700 160
1869710 160
1869720 160
1869730 160
1869740 160
1869750 160
1869760 160
1869770 160
1869780 160
1869790 160
1869800 160
1869810 160
1869820 160
1869830 160
1869840 160
1869850 160
1869860 160
1869870 160
1869880 160
1869890 160
1869900 160
1869910 160
1869920 160
1869930 160
1869940 160
1869950 160
1869960 160
1869970 160
1869980 160
1869990 160
1870000 160
1870010 160
1870020 160
1870030 160
1870040 160
1870050 160
1870060 160
1870070 160
1870080 160
1870090 160
1870100 161
1870110 161
1870120 161
1870130 161
1870140 160
1870150 160
1870160 160
1870170 161
1870180 161
1870190 161
1870200 161
1870210 161
1870220 161
1870230 161
1870240 161
1870250 161
1870260 161
1870270 161
1870280 161
1870290 161
1870300 161
1870310 161
1870320 161
1870330 161
1870340 161
1870350 161
1870360 161
1870370 161
1870380 161
1870390 161
1870400 161
1870410 162
1870420 162
1870430 162
1870440 162
1870450 162
1870460 162
1870470 162
1870480 162
1870490 162
1870500 162
1870510 162
1870520 162
1870530 163
1870540 163
1870550 163
1870560 163
1870570 163
1870580 163
1870590 163
1870600 163
1870610 162
1870620 162
1870630 162
1870640 163
1870650 163
1870660 163
1870670 163
1870680 163
1870690 163
1870700 163
1870710 164
1870720 164
1870730 164
1870740 164
1870750 164
1870760 164
1870770 165
1870780 165
1870790 165
1870800 165
1870810 165
1870820 166
1870830 167
1870840 167
1870850 167
1870860 168
1870870 168
1870880 168
1870890 168
1870900 168
1870910 168
1870920 168
1870930 168
1870940 168
1870950 167
1870960 167
1870970 168
1870980 168
1870990 168
1871000 168
1871010 168
1871020 168
1871030 169
1871040 169
1871050 169
1871060 169
1871070 169
1871080 169
1871090 170
1871100 170
1871110 170
1871120 170
1871130 170
1871140 170
1871150 170
1871160 170
1871170 170
1871180 170
1871190 170
1871200 170
1871210 170
1871220 170
1871230 170
1871240 170
1871250 170
1871260 170
1871270 170
1871280 170
1871290 170
1871300 170
1871310 170
1871320 170
1871330 170
1871340 170
1871350 170
1871360 171
1871370 171
1871380 171
1871390 171
1871400 171
1871410 171
1871420 171
1871430 171
1871440 170
1871450 170
1871460 170
1871470 171
1871480 171
1871490 171
1871500 173
1871510 175
1871520 175
1871530 176
1871540 178
1871550 178
1871560 180
1871570 181
1871580 181
1871590 182
1871600 183
1871610 183
1871620 183
1871630 183
1871640 183
1871650 183
1871660 184
1871670 184
1871680 183
1871690 183
1871700 183
1871710 183
1871720 183
1871730 183
1871740 182
1871750 182
1871760 183
1871770 182
1871780 182
1871790 182
1871800 181
1871810 181
1871820 181
1871830 181
1871840 181
1871850 181
1871860 181
1871870 181
1871880 181
1871890 181
1871900 181
1871910 181
1871920 181
1871930 181
1871940 181
1871950 181
1871960 181
1871970 181
1871980 180
1871990 180
1872000 180
1872010 180
1872020 180
1872030 180
1872040 180
1872050 179
1872060 179
1872070 179
1872080 179
1872090 179
1872100 179
1872110 178
1872120 178
1872130 178
1872140 177
1872150 177
1872160 177
1872170 176
1872180 176
1872190 176
1872200 176
1872210 176
1872220 174
1872230 173
1872240 173
1872250 172
1872260 172
1872270 172
1872280 171
1872290 171
1872300 171
1872310 171
1872320 171
1872330 171
1872340 171
1872350 171
1872360 171
1872370 171
1872380 171
1872390 171
1872400 171
1872410 171
1872420 172
1872430 172
1872440 172
1872450 172
1872460 172
1872470 172
1872480 172
1872490 172
1872500 172
1872510 172
1872520 172
1872530 172
1872540 172
1872550 172
1872560 172
1872570 172
1872580 172
1872590 172
1872600 172
1872610 172
1872620 172
1872630 172
1872640 172
1872650 172
1872660 172
1872670 172
1872680 172
1872690 172
1872700 172
1872710 172
1872720 172
1872730 172
1872740 172
1872750 172
1872760 172
1872770 172
1872780 172
1872790 172
1872800 172
1872810 172
1872820 172
1872830 172
1872840 172
1872850 172
1872860 172
1872870 171
1872880 171
1872890 171
1872900 171
1872910 171
1872920 171
1872930 171
1872940 171
1872950 171
1872960 170
1872970 170
1872980 170
1872990 170
1873000 170
1873010 170
1873020 169
1873030 169
1873040 169
1873050 169
1873060 168
1873070 168
1873080 168
1873090 168
1873100 168
1873110 167
1873120 167
1873130 167
1873140 167
1873150 167
1873160 167
1873170 167
1873180 167
1873190 167
1873200 167
1873210 167
1873220 167
1873230 167
1873240 167
1873250 167
1873260 167
1873270 166
1873280 166
1873290 166
1873300 166
1873310 166
1873320 166
1873330 165
1873340 165
1873350 165
1873360 165
1873370 165
1873380 165
1873390 165
1873400 165
1873410 165
1873420 165
1873430 165
1873440 165
1873450 165
1873460 165
1873470 165
1873480 165
1873490 165
1873500 165
1873510 165
1873520 165
1873530 165
1873540 165
1873550 165
1873560 165
1873570 165
1873580 165
1873590 165
1873600 165
1873610 165
1873620 165
1873630 165
1873640 165
1873650 165
1873660 165
1873670 165
1873680 165
1873690 165
1873700 165
1873710 165
1873720 165
1873730 165
1873740 165
1873750 165
1873760 165
1873770 165
1873780 165
1873790 165
1873800 165
1873810 165
1873820 165
1873830 165
1873840 165
1873850 165
1873860 165
1873870 165
1873880 165
1873890 165
1873900 165
1873910 166
1873920 166
1873930 166
1873940 166
1873950 166
1873960 166
1873970 166
1873980 166
1873990 166
1874000 166
1874010 166
1874020 166
1874030 166
1874040 166
1874050 166
1874060 166
1874070 166
1874080 166
1874090 166
1874100 166
1874110 166
1874120 166
1874130 166
1874140 166
1874150 166
1874160 166
1874170 166
1874180 166
1874190 167
1874200 167
1874210 166
1874220 167
1874230 167
1874240 167
1874250 167
1874260 167
1874270 167
1874280 167
1874290 167
1874300 167
1874310 168
1874320 168
1874330 168
1874340 168
1874350 168
1874360 168
1874370 168
1874380 168
1874390 168
1874400 168
1874410 168
1874420 168
1874430 168
1874440 168
1874450 168
1874460 169
1874470 169
1874480 169
1874490 169
1874500 169
1874510 169
1874520 170
1874530 170
1874540 170
1874550 170
1874560 170
1874570 171
1874580 172
1874590 172
1874600 172
1874610 172
1874620 172
1874630 172
1874640 172
1874650 172
1874660 173
1874670 174
1874680 174
1874690 174
1874700 175
1874710 175
1874720 176
1874730 177
1874740 177
1874750 178
1874760 179
1874770 180
1874780 180
1874790 181
1874800 181
1874810 182
1874820 182
1874830 182
1874840 182
1874850 183
1874860 183
1874870 184
1874880 183
1874890 183
1874900 183
1874910 183
1874920 183
1874930 182
1874940 182
1874950 182
1874960 181
1874970 180
1874980 180
1874990 180
1875000 180
1875010 180
1875020 178
1875030 176
1875040 176
1875050 175
1875060 174
1875070 174
1875080 172
1875090 172
1875100 172
1875110 167
1875120 159
1875130 159
1875140 153
1875150 150
1875160 150
1875170 149
1875180 147
1875190 147
1875200 147
1875210 148
1875220 148
1875230 149
1875240 149
1875250 149
1875260 147
1875270 143
1875280 143
1875290 143
1875300 143
1875310 144
1875320 144
1875330 144
1875340 144
1875350 144
1875360 144
1875370 144
1875380 144
1875390 144
1875400 144
1875410 144
1875420 144
1875430 144
1875440 145
1875450 145
1875460 144
1875470 144
1875480 144
1875490 144
1875500 144
1875510 144
1875520 144
1875530 145
1875540 145
1875550 145
1875560 144
1875570 144
1875580 144
1875590 144
1875600 144
1875610 144
1875620 144
1875630 144
1875640 144
1875650 145
1875660 145
1875670 147
1875680 148
1875690 148
1875700 145
1875710 144
1875720 144
1875730 144
1875740 144
1875750 144
1875760 144
1875770 144
1875780 144
1875790 145
1875800 145
1875810 145
1875820 145
1875830 145
1875840 145
1875850 145
1875860 145
1875870 145
1875880 145
1875890 145
1875900 145
1875910 145
1875920 145
1875930 145
1875940 145
1875950 145
1875960 145
1875970 144
1875980 144
1875990 144
1876000 144
1876010 144
1876020 144
1876030 144
1876040 144
1876050 144
1876060 144
1876070 144
1876080 144
1876090 144
1876100 144
1876110 144
1876120 144
1876130 144
1876140 144
1876150 142
1876160 142
1876170 142
1876180 142
1876190 142
1876200 142
1876210 142
1876220 142
1876230 142
1876240 142
1876250 143
1876260 143
1876270 144
1876280 144
1876290 144
1876300 144
1876310 143
1876320 143
1876330 143
1876340 143
1876350 143
