1860000 253
1860010 253
1860020 253
1860030 253
1860040 253
1860050 253
1860060 253
1860070 253
1860080 253
1860090 253
1860100 253
1860110 253
1860120 253
1860130 253
1860140 253
1860150 253
1860160 253
1860170 253
1860180 252
1860190 252
1860200 252
1860210 252
1860220 252
1860230 252
1860240 251
1860250 251
1860260 251
1860270 251
1860280 251
1860290 251
1860300 251
1860310 249
1860320 249
1860330 249
1860340 248
1860350 248
1860360 248
1860370 247
1860380 247
1860390 246
1860400 246
1860410 246
1860420 245
1860430 244
1860440 244
1860450 243
1860460 243
1860470 243
1860480 242
1860490 242
1860500 242
1860510 241
1860520 241
1860530 241
1860540 241
1860550 241
1860560 241
1860570 241
1860580 242
1860590 242
1860600 242
1860610 243
1860620 243
1860630 244
1860640 244
1860650 245
1860660 246
1860670 248
1860680 248
1860690 248
1860700 249
1860710 249
1860720 250
1860730 250
1860740 250
1860750 251
1860760 251
1860770 251
1860780 252
1860790 252
1860800 252
1860810 252
1860820 253
1860830 253
1860840 253
1860850 253
1860860 253
1860870 253
1860880 254
1860890 254
1860900 254
1860910 254
1860920 254
1860930 254
1860940 254
1860950 254
1860960 254
1860970 255
1860980 255
1860990 255
1861000 255
1861010 255
1861020 256
1861030 256
1861040 256
1861050 256
1861060 256
1861070 256
1861080 256
1861090 256
1861100 256
1861110 256
1861120 256
1861130 256
1861140 256
1861150 256
1861160 256
1861170 256
1861180 256
1861190 256
1861200 256
1861210 256
1861220 256
1861230 256
1861240 256
1861250 256
1861260 256
1861270 256
1861280 256
1861290 256
1861300 256
1861310 256
1861320 256
1861330 255
1861340 256
1861350 255
1861360 255
1861370 255
1861380 255
1861390 254
1861400 254
1861410 254
1861420 254
1861430 253
1861440 252
1861450 252
1861460 251
1861470 251
1861480 251
1861490 250
1861500 250
1861510 250
1861520 249
1861530 249
1861540 249
1861550 249
1861560 249
1861570 249
1861580 249
1861590 249
1861600 249
1861610 250
1861620 251
1861630 251
1861640 252
1861650 253
1861660 253
1861670 253
1861680 254
1861690 255
1861700 255
1861710 255
1861720 255
1861730 254
1861740 254
1861750 254
1861760 254
1861770 254
1861780 254
1861790 253
1861800 252
1861810 252
1861820 251
1861830 250
1861840 250
1861850 249
1861860 247
1861870 247
1861880 246
1861890 244
1861900 244
1861910 243
1861920 241
1861930 241
1861940 239
1861950 237
1861960 237
1861970 235
1861980 233
1861990 233
1862000 231
1862010 230
1862020 230
1862030 227
1862040 225
1862050 225
1862060 224
1862070 224
1862080 224
1862090 223
1862100 222
1862110 222
1862120 222
1862130 222
1862140 222
1862150 222
1862160 225
1862170 225
1862180 226
1862190 228
1862200 228
1862210 229
1862220 231
1862230 231
1862240 232
1862250 233
1862260 233
1862270 233
1862280 233
1862290 233
1862300 233
1862310 234
1862320 234
1862330 234
1862340 234
1862350 234
1862360 234
1862370 234
1862380 234
1862390 234
1862400 233
1862410 233
1862420 233
1862430 233
1862440 233
1862450 233
1862460 232
1862470 232
1862480 232
1862490 231
1862500 231
1862510 231
1862520 230
1862530 230
1862540 230
1862550 229
1862560 229
1862570 229
1862580 229
1862590 229
1862600 228
1862610 228
1862620 228
1862630 227
1862640 227
1862650 227
1862660 227
1862670 226
1862680 226
1862690 226
1862700 225
1862710 225
1862720 225
1862730 224
1862740 224
1862750 223
1862760 222
1862770 222
1862780 221
1862790 221
1862800 221
1862810 221
1862820 221
1862830 221
1862840 221
1862850 221
1862860 221
1862870 221
1862880 221
1862890 221
1862900 221
1862910 221
1862920 221
1862930 221
1862940 221
1862950 221
1862960 221
1862970 221
1862980 222
1862990 222
1863000 222
1863010 222
1863020 222
1863030 222
1863040 221
1863050 220
1863060 220
1863070 219
1863080 218
1863090 218
1863100 217
1863110 216
1863120 216
1863130 216
1863140 215
1863150 215
1863160 215
1863170 215
1863180 215
1863190 214
1863200 214
1863210 214
1863220 214
1863230 215
1863240 215
1863250 216
1863260 217
1863270 217
1863280 218
1863290 219
1863300 219
1863310 220
1863320 221
1863330 221
1863340 221
1863350 222
1863360 222
1863370 222
1863380 222
1863390 222
1863400 222
1863410 222
1863420 222
1863430 223
1863440 223
1863450 223
1863460 223
1863470 223
1863480 223
1863490 223
1863500 223
1863510 223
1863520 222
1863530 222
1863540 222
1863550 222
1863560 221
1863570 221
1863580 221
1863590 220
1863600 220
1863610 220
1863620 219
1863630 219
1863640 219
1863650 218
1863660 218
1863670 218
1863680 217
1863690 217
1863700 217
1863710 216
1863720 216
1863730 216
1863740 215
1863750 215
1863760 215
1863770 214
1863780 214
1863790 214
1863800 214
1863810 214
1863820 214
1863830 214
1863840 214
1863850 213
1863860 213
1863870 213
1863880 213
1863890 213
1863900 213
1863910 213
1863920 213
1863930 213
1863940 213
1863950 213
1863960 213
1863970 214
1863980 214
1863990 214
1864000 214
1864010 214
1864020 214
1864030 214
1864040 214
1864050 214
1864060 215
1864070 215
1864080 215
1864090 215
1864100 216
1864110 216
1864120 216
1864130 216
1864140 216
1864150 216
1864160 216
1864170 216
1864180 216
1864190 216
1864200 216
1864210 216
1864220 215
1864230 215
1864240 214
1864250 214
1864260 213
1864270 213
1864280 213
1864290 212
1864300 211
1864310 211
1864320 211
1864330 211
1864340 211
1864350 211
1864360 211
1864370 211
1864380 211
1864390 212
1864400 212
1864410 212
1864420 213
1864430 213
1864440 214
1864450 214
1864460 214
1864470 214
1864480 215
1864490 215
1864500 216
1864510 216
1864520 216
1864530 217
1864540 218
1864550 218
1864560 218
1864570 219
1864580 219
1864590 219
1864600 220
1864610 220
1864620 220
1864630 220
1864640 220
1864650 221
1864660 221
1864670 221
1864680 221
1864690 221
1864700 221
1864710 221
1864720 221
1864730 221
1864740 221
1864750 221
1864760 221
1864770 221
1864780 221
1864790 221
1864800 220
1864810 220
1864820 220
1864830 221
1864840 221
1864850 221
1864860 221
1864870 221
1864880 221
1864890 222
1864900 222
1864910 222
1864920 222
1864930 222
1864940 222
1864950 222
1864960 222
1864970 222
1864980 222
1864990 223
1865000 223
1865010 223
1865020 223
1865030 223
1865040 223
1865050 223
1865060 223
1865070 223
1865080 223
1865090 223
1865100 223
1865110 223
1865120 223
1865130 223
1865140 223
1865150 223
1865160 222
1865170 222
1865180 222
1865190 222
1865200 222
1865210 222
1865220 221
1865230 221
1865240 221
1865250 221
1865260 221
1865270 221
1865280 221
1865290 220
1865300 220
1865310 220
1865320 220
1865330 220
1865340 220
1865350 219
1865360 219
1865370 219
1865380 219
1865390 219
1865400 218
1865410 218
1865420 218
1865430 218
1865440 217
1865450 217
1865460 217
1865470 217
1865480 217
1865490 216
1865500 216
1865510 216
1865520 215
1865530 215
1865540 215
1865550 214
1865560 214
1865570 214
1865580 213
1865590 213
1865600 213
1865610 212
1865620 212
1865630 212
1865640 211
1865650 211
1865660 211
1865670 210
1865680 210
1865690 210
1865700 209
1865710 209
1865720 209
1865730 209
1865740 209
1865750 209
1865760 209
1865770 209
1865780 209
1865790 209
1865800 209
1865810 210
1865820 210
1865830 210
1865840 211
1865850 211
1865860 211
1865870 211
1865880 211
1865890 211
1865900 212
1865910 212
1865920 212
1865930 211
1865940 211
1865950 211
1865960 211
1865970 211
1865980 211
1865990 210
1866000 210
1866010 210
1866020 209
1866030 209
1866040 209
1866050 208
1866060 207
1866070 207
1866080 207
1866090 206
1866100 206
1866110 205
1866120 205
1866130 205
1866140 204
1866150 203
1866160 203
1866170 203
1866180 202
1866190 202
1866200 201
1866210 201
1866220 201
1866230 200
1866240 200
1866250 200
1866260 200
1866270 199
1866280 199
1866290 199
1866300 198
1866310 198
1866320 198
1866330 197
1866340 197
1866350 197
1866360 196
1866370 196
1866380 196
1866390 195
1866400 195
1866410 194
1866420 193
1866430 193
1866440 193
1866450 192
1866460 192
1866470 191
1866480 190
1866490 190
1866500 189
1866510 188
1866520 188
1866530 187
1866540 187
1866550 187
1866560 186
1866570 186
1866580 186
1866590 186
1866600 185
1866610 185
1866620 185
1866630 185
1866640 185
1866650 183
1866660 182
1866670 182
1866680 181
1866690 181
1866700 181
1866710 181
1866720 181
1866730 181
1866740 181
1866750 181
1866760 181
1866770 182
1866780 184
1866790 184
1866800 185
1866810 186
1866820 186
1866830 187
1866840 188
1866850 188
1866860 188
1866870 188
1866880 188
1866890 188
1866900 188
1866910 188
1866920 188
1866930 188
1866940 188
1866950 188
1866960 187
1866970 187
1866980 187
1866990 186
1867000 186
1867010 186
1867020 185
1867030 185
1867040 185
1867050 185
1867060 185
1867070 185
1867080 185
1867090 185
1867100 185
1867110 185
1867120 185
1867130 185
1867140 185
1867150 185
1867160 185
1867170 186
1867180 186
1867190 185
1867200 185
1867210 185
1867220 184
1867230 184
1867240 183
1867250 183
1867260 183
1867270 182
1867280 182
1867290 182
1867300 181
1867310 181
1867320 181
1867330 181
1867340 181
1867350 181
1867360 181
1867370 181
1867380 181
1867390 181
1867400 182
1867410 182
1867420 183
1867430 183
1867440 183
1867450 184
1867460 184
1867470 184
1867480 185
1867490 185
1867500 185
1867510 185
1867520 184
1867530 184
1867540 182
1867550 180
1867560 180
1867570 178
1867580 177
1867590 177
1867600 175
1867610 174
1867620 174
1867630 174
1867640 173
1867650 173
1867660 173
1867670 173
1867680 173
1867690 173
1867700 172
1867710 172
1867720 172
1867730 172
1867740 172
1867750 172
1867760 172
1867770 172
1867780 171
1867790 171
1867800 171
1867810 171
1867820 171
1867830 171
1867840 171
1867850 171
1867860 171
1867870 171
1867880 171
1867890 171
1867900 171
1867910 171
1867920 171
1867930 172
1867940 172
1867950 172
1867960 173
1867970 174
1867980 174
1867990 174
1868000 174
1868010 174
1868020 174
1868030 174
1868040 174
1868050 174
1868060 174
1868070 174
1868080 174
1868090 175
1868100 175
1868110 175
1868120 177
1868130 177
1868140 178
1868150 178
1868160 178
1868170 179
1868180 179
1868190 180
1868200 180
1868210 180
1868220 180
1868230 180
1868240 180
1868250 180
1868260 181
1868270 181
1868280 181
1868290 182
1868300 183
1868310 183
1868320 180
1868330 184
1868340 184
1868350 184
1868360 183
1868370 183
1868380 183
1868390 182
1868400 182
1868410 181
1868420 180
1868430 180
1868440 180
1868450 178
1868460 178
1868470 177
1868480 177
1868490 176
1868500 176
1868510 176
1868520 176
1868530 178
1868540 178
1868550 179
1868560 179
1868570 179
1868580 179
1868590 180
1868600 180
1868610 182
1868620 185
1868630 185
1868640 189
1868650 191
1868660 191
1868670 192
1868680 194
1868690 194
1868700 195
1868710 197
1868720 197
1868730 198
1868740 199
1868750 199
1868760 199
1868770 200
1868780 200
1868790 200
1868800 201
1868810 201
1868820 202
1868830 202
1868840 202
1868850 203
1868860 203
1868870 204
1868880 205
1868890 205
1868900 205
1868910 206
1868920 206
1868930 206
1868940 206
1868950 207
1868960 207
1868970 207
1868980 206
1868990 206
1869000 208
1869010 209
1869020 209
1869030 209
1869040 209
1869050 209
1869060 209
1869070 209
1869080 209
1869090 209
1869100 209
1869110 209
1869120 207
1869130 209
1869140 209
1869150 210
1869160 210
1869170 210
1869180 210
1869190 210
1869200 210
1869210 211
1869220 210
1869230 210
1869240 210
1869250 211
1869260 211
1869270 210
1869280 209
1869290 209
1869300 207
1869310 206
1869320 206
1869330 204
1869340 201
1869350 201
1869360 200
1869370 199
1869380 199
1869390 198
1869400 197
1869410 197
1869420 197
1869430 197
1869440 197
1869450 199
1869460 200
1869470 200
1869480 202
1869490 203
1869500 203
1869510 204
1869520 204
1869530 204
1869540 204
1869550 204
1869560 204
1869570 200
1869580 203
1869590 203
1869600 203
1869610 204
1869620 204
1869630 202
1869640 206
1869650 206
1869660 207
1869670 208
1869680 208
1869690 208
1869700 208
1869710 208
1869720 208
1869730 208
1869740 208
1869750 208
1869760 208
1869770 208
1869780 207
1869790 207
1869800 207
1869810 206
1869820 205
1869830 205
1869840 205
1869850 204
1869860 204
1869870 204
1869880 203
1869890 203
1869900 202
1869910 202
1869920 201
1869930 200
1869940 200
1869950 199
1869960 198
1869970 198
1869980 197
1869990 196
1870000 196
1870010 194
1870020 192
1870030 192
1870040 191
1870050 189
1870060 189
1870070 188
1870080 187
1870090 187
1870100 187
1870110 186
1870120 186
1870130 186
1870140 186
1870150 186
1870160 186
1870170 186
1870180 186
1870190 187
1870200 188
1870210 188
1870220 189
1870230 191
1870240 191
1870250 193
1870260 195
1870270 195
1870280 197
1870290 199
1870300 199
1870310 201
1870320 202
1870330 202
1870340 203
1870350 204
1870360 204
1870370 205
1870380 207
1870390 207
1870400 207
1870410 207
1870420 207
1870430 206
1870440 205
1870450 205
1870460 204
1870470 202
1870480 202
1870490 201
1870500 199
1870510 199
1870520 200
1870530 200
1870540 200
1870550 201
1870560 203
1870570 203
1870580 204
1870590 206
1870600 206
1870610 207
1870620 207
1870630 207
1870640 207
1870650 207
1870660 207
1870670 206
1870680 205
1870690 205
1870700 204
1870710 203
1870720 203
1870730 202
1870740 202
1870750 202
1870760 201
1870770 200
1870780 200
1870790 199
1870800 198
1870810 198
1870820 198
1870830 197
1870840 197
1870850 197
1870860 196
1870870 196
1870880 195
1870890 195
1870900 193
1870910 193
1870920 192
1870930 192
1870940 192
1870950 191
1870960 191
1870970 191
1870980 189
1870990 189
1871000 189
1871010 190
1871020 190
1871030 190
1871040 190
1871050 190
1871060 190
1871070 189
1871080 189
1871090 188
1871100 188
1871110 188
1871120 188
1871130 189
1871140 189
1871150 189
1871160 190
1871170 190
1871180 191
1871190 191
1871200 191
1871210 191
1871220 191
1871230 192
1871240 193
1871250 194
1871260 194
1871270 195
1871280 195
1871290 197
1871300 200
1871310 200
1871320 202
1871330 204
1871340 204
1871350 206
1871360 208
1871370 208
1871380 210
1871390 211
1871400 211
1871410 212
1871420 212
1871430 212
1871440 213
1871450 214
1871460 214
1871470 214
1871480 215
1871490 215
1871500 215
1871510 215
1871520 215
1871530 214
1871540 214
1871550 214
1871560 213
1871570 212
1871580 212
1871590 211
1871600 210
1871610 210
1871620 209
1871630 208
1871640 208
1871650 205
1871660 204
1871670 204
1871680 202
1871690 200
1871700 200
1871710 198
1871720 195
1871730 195
1871740 194
1871750 193
1871760 193
1871770 192
1871780 191
1871790 191
1871800 190
1871810 190
1871820 190
1871830 190
1871840 190
1871850 190
1871860 190
1871870 190
1871880 190
1871890 190
1871900 190
1871910 191
1871920 191
1871930 191
1871940 191
1871950 192
1871960 194
1871970 194
1871980 195
1871990 196
1872000 196
1872010 197
1872020 197
1872030 197
1872040 197
1872050 197
1872060 197
1872070 196
1872080 195
1872090 195
1872100 194
1872110 194
1872120 194
1872130 195
1872140 195
1872150 195
1872160 196
1872170 198
1872180 198
1872190 200
1872200 202
1872210 202
1872220 204
1872230 205
1872240 206
1872250 207
1872260 208
1872270 208
1872280 208
1872290 208
1872300 208
1872310 208
1872320 208
1872330 208
1872340 208
1872350 207
1872360 207
1872370 206
1872380 205
1872390 205
1872400 203
1872410 201
1872420 201
1872430 200
1872440 198
1872450 198
1872460 197
1872470 196
1872480 196
1872490 195
1872500 194
1872510 194
1872520 193
1872530 193
1872540 193
1872550 192
1872560 191
1872570 191
1872580 190
1872590 189
1872600 189
1872610 189
1872620 188
1872630 188
1872640 188
1872650 188
1872660 186
1872670 185
1872680 185
1872690 184
1872700 183
1872710 183
1872720 182
1872730 181
1872740 181
1872750 181
1872760 180
1872770 180
1872780 180
1872790 180
1872800 180
1872810 181
1872820 181
1872830 181
1872840 181
1872850 181
1872860 181
1872870 182
1872880 183
1872890 183
1872900 183
1872910 184
1872920 184
1872930 185
1872940 187
1872950 187
1872960 189
1872970 190
1872980 190
1872990 192
1873000 193
1873010 193
1873020 193
1873030 194
1873040 194
1873050 195
1873060 195
1873070 195
1873080 195
1873090 195
1873100 195
1873110 195
1873120 195
1873130 195
1873140 195
1873150 195
1873160 195
1873170 195
1873180 194
1873190 194
1873200 194
1873210 194
1873220 194
1873230 193
1873240 192
1873250 193
1873260 192
1873270 191
1873280 191
1873290 191
1873300 190
1873310 190
1873320 190
1873330 190
1873340 190
1873350 189
1873360 189
1873370 189
1873380 189
1873390 189
1873400 189
1873410 188
1873420 188
1873430 188
1873440 188
1873450 187
1873460 187
1873470 187
1873480 187
1873490 187
1873500 186
1873510 186
1873520 186
1873530 185
1873540 185
1873550 185
1873560 185
1873570 185
1873580 185
1873590 185
1873600 185
1873610 185
1873620 184
1873630 184
1873640 184
1873650 183
1873660 183
1873670 183
1873680 182
1873690 181
1873700 181
1873710 180
1873720 180
1873730 180
1873740 179
1873750 179
1873760 179
1873770 180
1873780 180
1873790 180
1873800 181
1873810 181
1873820 181
1873830 182
1873840 182
1873850 182
1873860 183
1873870 184
1873880 184
1873890 185
1873900 186
1873910 186
1873920 189
1873930 190
1873940 190
1873950 191
1873960 192
1873970 192
1873980 193
1873990 194
1874000 194
1874010 194
1874020 195
1874030 195
1874040 195
1874050 195
1874060 196
1874070 196
1874080 196
1874090 197
1874100 197
1874110 197
1874120 197
1874130 198
1874140 198
1874150 198
1874160 198
1874170 198
1874180 198
1874190 199
1874200 199
1874210 199
1874220 198
1874230 198
1874240 198
1874250 197
1874260 197
1874270 197
1874280 195
1874290 195
1874300 194
1874310 193
1874320 193
1874330 192
1874340 191
1874350 191
1874360 190
1874370 189
1874380 189
1874390 189
1874400 188
1874410 188
1874420 187
1874430 187
1874440 187
1874450 186
1874460 186
1874470 186
1874480 186
1874490 185
1874500 185
1874510 185
1874520 184
1874530 184
1874540 184
1874550 184
1874560 184
1874570 183
1874580 182
1874590 182
1874600 182
1874610 182
1874620 182
1874630 181
1874640 181
1874650 181
1874660 180
1874670 180
1874680 180
1874690 180
1874700 179
1874710 179
1874720 179
1874730 178
1874740 178
1874750 178
1874760 178
1874770 178
1874780 177
1874790 177
1874800 177
1874810 177
1874820 177
1874830 177
1874840 177
1874850 177
1874860 177
1874870 177
1874880 178
1874890 178
1874900 179
1874910 179
1874920 180
1874930 181
1874940 178
1874950 178
1874960 174
1874970 171
1874980 171
1874990 165
1875000 162
1875010 162
1875020 160
1875030 161
1875040 161
1875050 161
1875060 160
1875070 160
1875080 156
1875090 154
1875100 154
1875110 154
1875120 154
1875130 154
1875140 154
1875150 153
1875160 153
1875170 149
1875180 147
1875190 147
1875200 147
1875210 147
1875220 147
1875230 147
1875240 146
1875250 146
1875260 146
1875270 146
1875280 146
1875290 147
1875300 147
1875310 147
1875320 148
1875330 148
1875340 148
1875350 146
1875360 143
1875370 143
1875380 143
1875390 142
1875400 142
1875410 142
1875420 143
1875430 143
1875440 144
1875450 144
1875460 144
1875470 145
1875480 145
1875490 144
1875500 145
1875510 145
1875520 145
1875530 145
1875540 145
1875550 145
1875560 145
1875570 145
1875580 145
1875590 145
1875600 145
1875610 145
1875620 145
1875630 145
1875640 145
1875650 145
1875660 145
1875670 145
1875680 145
1875690 145
1875700 145
1875710 145
1875720 145
1875730 145
1875740 145
1875750 145
1875760 142
1875770 142
1875780 142
1875790 142
1875800 142
1875810 142
1875820 142
1875830 142
1875840 142
1875850 142
1875860 144
1875870 144
1875880 145
1875890 144
1875900 144
1875910 144
1875920 144
1875930 144
1875940 145
