1860000 253
1860010 254
1860020 254
1860030 254
1860040 254
1860050 254
1860060 254
1860070 254
1860080 254
1860090 254
1860100 254
1860110 254
1860120 254
1860130 254
1860140 254
1860150 254
1860160 254
1860170 254
1860180 254
1860190 254
1860200 254
1860210 254
1860220 254
1860230 253
1860240 253
1860250 253
1860260 253
1860270 253
1860280 253
1860290 253
1860300 253
1860310 252
1860320 252
1860330 252
1860340 252
1860350 252
1860360 252
1860370 251
1860380 251
1860390 251
1860400 251
1860410 250
1860420 250
1860430 250
1860440 249
1860450 249
1860460 249
1860470 248
1860480 248
1860490 247
1860500 247
1860510 247
1860520 246
1860530 246
1860540 246
1860550 245
1860560 245
1860570 245
1860580 245
1860590 245
1860600 245
1860610 245
1860620 245
1860630 245
1860640 244
1860650 244
1860660 244
1860670 245
1860680 246
1860690 246
1860700 247
1860710 247
1860720 248
1860730 249
1860740 249
1860750 250
1860760 251
1860770 251
1860780 251
1860790 251
1860800 251
1860810 251
1860820 251
1860830 251
1860840 252
1860850 252
1860860 252
1860870 252
1860880 252
1860890 252
1860900 253
1860910 253
1860920 253
1860930 253
1860940 253
1860950 253
1860960 254
1860970 254
1860980 254
1860990 254
1861000 254
1861010 254
1861020 254
1861030 254
1861040 254
1861050 255
1861060 255
1861070 255
1861080 255
1861090 255
1861100 255
1861110 255
1861120 255
1861130 255
1861140 255
1861150 255
1861160 255
1861170 255
1861180 255
1861190 255
1861200 255
1861210 255
1861220 255
1861230 255
1861240 254
1861250 254
1861260 254
1861270 254
1861280 254
1861290 254
1861300 254
1861310 254
1861320 254
1861330 254
1861340 254
1861350 253
1861360 253
1861370 253
1861380 253
1861390 252
1861400 252
1861410 250
1861420 249
1861430 249
1861440 248
1861450 247
1861460 247
1861470 246
1861480 245
1861490 245
1861500 245
1861510 244
1861520 244
1861530 243
1861540 243
1861550 243
1861560 243
1861570 243
1861580 243
1861590 243
1861600 243
1861610 243
1861620 244
1861630 244
1861640 244
1861650 245
1861660 245
1861670 245
1861680 247
1861690 247
1861700 247
1861710 248
1861720 249
1861730 249
1861740 249
1861750 250
1861760 250
1861770 250
1861780 250
1861790 250
1861800 250
1861810 250
1861820 250
1861830 249
1861840 249
1861850 249
1861860 249
1861870 248
1861880 248
1861890 247
1861900 246
1861910 246
1861920 245
1861930 243
1861940 243
1861950 241
1861960 238
1861970 238
1861980 236
1861990 234
1862000 234
1862010 233
1862020 231
1862030 231
1862040 228
1862050 226
1862060 226
1862070 224
1862080 222
1862090 222
1862100 221
1862110 220
1862120 220
1862130 220
1862140 220
1862150 220
1862160 219
1862170 219
1862180 221
1862190 223
1862200 223
1862210 224
1862220 225
1862230 225
1862240 226
1862250 227
1862260 227
1862270 228
1862280 228
1862290 228
1862300 230
1862310 230
1862320 230
1862330 231
1862340 231
1862350 231
1862360 231
1862370 232
1862380 232
1862390 232
1862400 232
1862410 232
1862420 231
1862430 231
1862440 231
1862450 230
1862460 230
1862470 230
1862480 229
1862490 229
1862500 229
1862510 228
1862520 228
1862530 228
1862540 227
1862550 227
1862560 227
1862570 226
1862580 225
1862590 225
1862600 225
1862610 224
1862620 224
1862630 223
1862640 223
1862650 223
1862660 223
1862670 223
1862680 223
1862690 223
1862700 222
1862710 223
1862720 222
1862730 221
1862740 221
1862750 220
1862760 219
1862770 219
1862780 217
1862790 216
1862800 216
1862810 215
1862820 215
1862830 215
1862840 215
1862850 215
1862860 215
1862870 215
1862880 214
1862890 214
1862900 214
1862910 214
1862920 214
1862930 214
1862940 214
1862950 214
1862960 215
1862970 216
1862980 216
1862990 217
1863000 218
1863010 218
1863020 219
1863030 220
1863040 220
1863050 220
1863060 220
1863070 220
1863080 219
1863090 218
1863100 218
1863110 216
1863120 215
1863130 215
1863140 214
1863150 213
1863160 213
1863170 213
1863180 212
1863190 212
1863200 212
1863210 212
1863220 212
1863230 212
1863240 213
1863250 213
1863260 214
1863270 215
1863280 215
1863290 216
1863300 217
1863310 217
1863320 218
1863330 219
1863340 219
1863350 219
1863360 220
1863370 220
1863380 221
1863390 222
1863400 222
1863410 223
1863420 223
1863430 223
1863440 223
1863450 223
1863460 223
1863470 223
1863480 223
1863490 223
1863500 223
1863510 223
1863520 223
1863530 223
1863540 223
1863550 223
1863560 223
1863570 223
1863580 223
1863590 222
1863600 222
1863610 222
1863620 222
1863630 222
1863640 221
1863650 221
1863660 221
1863670 220
1863680 220
1863690 220
1863700 219
1863710 219
1863720 219
1863730 218
1863740 218
1863750 217
1863760 217
1863770 216
1863780 216
1863790 216
1863800 215
1863810 215
1863820 215
1863830 215
1863840 215
1863850 214
1863860 214
1863870 214
1863880 214
1863890 214
1863900 214
1863910 213
1863920 213
1863930 213
1863940 213
1863950 213
1863960 213
1863970 213
1863980 212
1863990 212
1864000 212
1864010 212
1864020 212
1864030 212
1864040 212
1864050 212
1864060 212
1864070 212
1864080 212
1864090 213
1864100 214
1864110 214
1864120 214
1864130 214
1864140 214
1864150 215
1864160 215
1864170 215
1864180 215
1864190 215
1864200 215
1864210 215
1864220 215
1864230 215
1864240 214
1864250 214
1864260 214
1864270 213
1864280 212
1864290 212
1864300 211
1864310 211
1864320 211
1864330 210
1864340 210
1864350 210
1864360 210
1864370 210
1864380 210
1864390 210
1864400 210
1864410 210
1864420 210
1864430 211
1864440 211
1864450 212
1864460 212
1864470 212
1864480 213
1864490 214
1864500 214
1864510 215
1864520 215
1864530 215
1864540 216
1864550 216
1864560 216
1864570 217
1864580 217
1864590 217
1864600 218
1864610 218
1864620 218
1864630 219
1864640 219
1864650 219
1864660 219
1864670 219
1864680 219
1864690 219
1864700 219
1864710 219
1864720 219
1864730 220
1864740 220
1864750 220
1864760 219
1864770 220
1864780 219
1864790 219
1864800 219
1864810 219
1864820 219
1864830 219
1864840 220
1864850 220
1864860 220
1864870 220
1864880 220
1864890 220
1864900 220
1864910 220
1864920 220
1864930 220
1864940 220
1864950 220
1864960 220
1864970 220
1864980 220
1864990 220
1865000 220
1865010 221
1865020 221
1865030 221
1865040 221
1865050 221
1865060 221
1865070 221
1865080 222
1865090 222
1865100 222
1865110 222
1865120 223
1865130 223
1865140 223
1865150 223
1865160 222
1865170 222
1865180 222
1865190 222
1865200 222
1865210 222
1865220 222
1865230 222
1865240 222
1865250 222
1865260 221
1865270 221
1865280 221
1865290 221
1865300 221
1865310 221
1865320 221
1865330 221
1865340 220
1865350 220
1865360 220
1865370 220
1865380 219
1865390 219
1865400 219
1865410 219
1865420 219
1865430 219
1865440 218
1865450 218
1865460 218
1865470 217
1865480 217
1865490 217
1865500 217
1865510 217
1865520 216
1865530 216
1865540 216
1865550 215
1865560 215
1865570 215
1865580 215
1865590 214
1865600 214
1865610 214
1865620 213
1865630 213
1865640 213
1865650 212
1865660 212
1865670 212
1865680 211
1865690 211
1865700 211
1865710 210
1865720 210
1865730 209
1865740 209
1865750 209
1865760 208
1865770 208
1865780 208
1865790 207
1865800 207
1865810 207
1865820 207
1865830 207
1865840 207
1865850 208
1865860 208
1865870 208
1865880 208
1865890 209
1865900 209
1865910 209
1865920 210
1865930 210
1865940 210
1865950 210
1865960 210
1865970 210
1865980 210
1865990 210
1866000 210
1866010 210
1866020 210
1866030 210
1866040 210
1866050 210
1866060 209
1866070 209
1866080 209
1866090 209
1866100 208
1866110 208
1866120 207
1866130 207
1866140 206
1866150 206
1866160 205
1866170 205
1866180 204
1866190 204
1866200 204
1866210 203
1866220 203
1866230 203
1866240 202
1866250 202
1866260 202
1866270 201
1866280 201
1866290 201
1866300 200
1866310 200
1866320 200
1866330 199
1866340 199
1866350 199
1866360 199
1866370 198
1866380 198
1866390 198
1866400 197
1866410 197
1866420 197
1866430 197
1866440 196
1866450 196
1866460 196
1866470 195
1866480 193
1866490 193
1866500 192
1866510 192
1866520 192
1866530 191
1866540 191
1866550 191
1866560 190
1866570 189
1866580 189
1866590 189
1866600 189
1866610 189
1866620 189
1866630 189
1866640 189
1866650 189
1866660 189
1866670 189
1866680 189
1866690 188
1866700 188
1866710 187
1866720 186
1866730 186
1866740 185
1866750 183
1866760 183
1866770 181
1866780 180
1866790 180
1866800 180
1866810 180
1866820 180
1866830 180
1866840 181
1866850 181
1866860 182
1866870 184
1866880 184
1866890 185
1866900 185
1866910 185
1866920 185
1866930 185
1866940 185
1866950 185
1866960 185
1866970 185
1866980 184
1866990 183
1867000 183
1867010 182
1867020 181
1867030 181
1867040 181
1867050 180
1867060 180
1867070 180
1867080 180
1867090 180
1867100 180
1867110 180
1867120 180
1867130 180
1867140 180
1867150 180
1867160 181
1867170 181
1867180 181
1867190 181
1867200 180
1867210 180
1867220 180
1867230 180
1867240 180
1867250 179
1867260 179
1867270 179
1867280 179
1867290 179
1867300 179
1867310 178
1867320 178
1867330 178
1867340 178
1867350 177
1867360 177
1867370 178
1867380 179
1867390 179
1867400 179
1867410 180
1867420 180
1867430 181
1867440 181
1867450 181
1867460 181
1867470 182
1867480 182
1867490 182
1867500 183
1867510 183
1867520 184
1867530 184
1867540 184
1867550 184
1867560 184
1867570 184
1867580 183
1867590 182
1867600 182
1867610 181
1867620 180
1867630 180
1867640 178
1867650 177
1867660 177
1867670 177
1867680 176
1867690 176
1867700 175
1867710 175
1867720 175
1867730 175
1867740 174
1867750 174
1867760 174
1867770 174
1867780 174
1867790 173
1867800 172
1867810 172
1867820 172
1867830 172
1867840 171
1867850 171
1867860 171
1867870 171
1867880 170
1867890 170
1867900 170
1867910 170
1867920 170
1867930 170
1867940 170
1867950 170
1867960 170
1867970 170
1867980 170
1867990 170
1868000 170
1868010 170
1868020 170
1868030 171
1868040 171
1868050 171
1868060 171
1868070 171
1868080 170
1868090 171
1868100 171
1868110 171
1868120 172
1868130 172
1868140 172
1868150 173
1868160 173
1868170 174
1868180 176
1868190 176
1868200 176
1868210 177
1868220 177
1868230 178
1868240 178
1868250 178
1868260 178
1868270 179
1868280 179
1868290 179
1868300 180
1868310 180
1868320 178
1868330 181
1868340 181
1868350 181
1868360 181
1868370 181
1868380 181
1868390 180
1868400 180
1868410 179
1868420 178
1868430 178
1868440 176
1868450 175
1868460 175
1868470 174
1868480 174
1868490 174
1868500 174
1868510 175
1868520 175
1868530 176
1868540 177
1868550 177
1868560 177
1868570 178
1868580 178
1868590 180
1868600 184
1868610 184
1868620 186
1868630 187
1868640 187
1868650 188
1868660 189
1868670 189
1868680 190
1868690 191
1868700 191
1868710 192
1868720 193
1868730 193
1868740 193
1868750 194
1868760 194
1868770 195
1868780 196
1868790 196
1868800 197
1868810 197
1868820 197
1868830 198
1868840 199
1868850 199
1868860 201
1868870 201
1868880 201
1868890 201
1868900 201
1868910 201
1868920 202
1868930 202
1868940 202
1868950 202
1868960 203
1868970 203
1868980 204
1868990 204
1869000 204
1869010 204
1869020 205
1869030 205
1869040 205
1869050 205
1869060 205
1869070 205
1869080 205
1869090 205
1869100 206
1869110 205
1869120 205
1869130 203
1869140 206
1869150 206
1869160 208
1869170 208
1869180 208
1869190 208
1869200 208
1869210 208
1869220 207
1869230 207
1869240 207
1869250 207
1869260 207
1869270 206
1869280 206
1869290 206
1869300 205
1869310 203
1869320 203
1869330 200
1869340 199
1869350 199
1869360 198
1869370 196
1869380 196
1869390 194
1869400 193
1869410 193
1869420 193
1869430 193
1869440 193
1869450 193
1869460 194
1869470 194
1869480 194
1869490 195
1869500 195
1869510 197
1869520 198
1869530 198
1869540 200
1869550 199
1869560 199
1869570 197
1869580 197
1869590 197
1869600 199
1869610 200
1869620 200
1869630 199
1869640 200
1869650 200
1869660 201
1869670 201
1869680 201
1869690 201
1869700 202
1869710 202
1869720 202
1869730 203
1869740 203
1869750 204
1869760 204
1869770 204
1869780 204
1869790 205
1869800 205
1869810 205
1869820 204
1869830 204
1869840 204
1869850 204
1869860 204
1869870 204
1869880 203
1869890 203
1869900 203
1869910 203
1869920 203
1869930 202
1869940 201
1869950 201
1869960 201
1869970 200
1869980 200
1869990 198
1870000 197
1870010 197
1870020 196
1870030 194
1870040 194
1870050 191
1870060 189
1870070 189
1870080 188
1870090 187
1870100 187
1870110 186
1870120 185
1870130 185
1870140 184
1870150 184
1870160 184
1870170 184
1870180 184
1870190 184
1870200 185
1870210 186
1870220 186
1870230 188
1870240 188
1870250 188
1870260 189
1870270 191
1870280 191
1870290 193
1870300 195
1870310 195
1870320 196
1870330 198
1870340 198
1870350 198
1870360 199
1870370 199
1870380 199
1870390 198
1870400 198
1870410 198
1870420 196
1870430 196
1870440 195
1870450 192
1870460 192
1870470 191
1870480 190
1870490 190
1870500 191
1870510 191
1870520 191
1870530 192
1870540 193
1870550 194
1870560 196
1870570 198
1870580 198
1870590 200
1870600 202
1870610 202
1870620 203
1870630 203
1870640 204
1870650 205
1870660 205
1870670 206
1870680 206
1870690 206
1870700 206
1870710 206
1870720 206
1870730 205
1870740 204
1870750 204
1870760 204
1870770 203
1870780 203
1870790 201
1870800 201
1870810 201
1870820 200
1870830 199
1870840 199
1870850 199
1870860 198
1870870 198
1870880 197
1870890 197
1870900 197
1870910 196
1870920 196
1870930 196
1870940 195
1870950 195
1870960 195
1870970 193
1870980 192
1870990 192
1871000 192
1871010 191
1871020 191
1871030 190
1871040 188
1871050 188
1871060 187
1871070 187
1871080 187
1871090 187
1871100 186
1871110 186
1871120 186
1871130 186
1871140 186
1871150 186
1871160 187
1871170 187
1871180 187
1871190 188
1871200 188
1871210 188
1871220 190
1871230 190
1871240 191
1871250 192
1871260 192
1871270 194
1871280 196
1871290 196
1871300 199
1871310 201
1871320 201
1871330 205
1871340 207
1871350 207
1871360 208
1871370 209
1871380 209
1871390 210
1871400 211
1871410 211
1871420 212
1871430 212
1871440 212
1871450 212
1871460 212
1871470 212
1871480 212
1871490 212
1871500 212
1871510 212
1871520 212
1871530 212
1871540 212
1871550 212
1871560 212
1871570 212
1871580 212
1871590 212
1871600 211
1871610 210
1871620 210
1871630 210
1871640 209
1871650 209
1871660 208
1871670 207
1871680 207
1871690 205
1871700 203
1871710 203
1871720 201
1871730 199
1871740 199
1871750 197
1871760 195
1871770 195
1871780 194
1871790 192
1871800 192
1871810 191
1871820 190
1871830 190
1871840 189
1871850 188
1871860 188
1871870 187
1871880 187
1871890 187
1871900 188
1871910 187
1871920 187
1871930 188
1871940 188
1871950 188
1871960 188
1871970 189
1871980 189
1871990 189
1872000 191
1872010 191
1872020 193
1872030 193
1872040 194
1872050 194
1872060 194
1872070 193
1872080 193
1872090 193
1872100 192
1872110 191
1872120 191
1872130 191
1872140 192
1872150 192
1872160 193
1872170 194
1872180 194
1872190 195
1872200 197
1872210 197
1872220 199
1872230 202
1872240 202
1872250 204
1872260 205
1872270 205
1872280 205
1872290 206
1872300 206
1872310 206
1872320 206
1872330 206
1872340 206
1872350 206
1872360 206
1872370 205
1872380 205
1872390 205
1872400 205
1872410 204
1872420 204
1872430 204
1872440 203
1872450 203
1872460 202
1872470 202
1872480 202
1872490 201
1872500 200
1872510 200
1872520 199
1872530 198
1872540 198
1872550 198
1872560 197
1872570 196
1872580 195
1872590 194
1872600 194
1872610 193
1872620 193
1872630 193
1872640 192
1872650 191
1872660 191
1872670 190
1872680 189
1872690 189
1872700 187
1872710 184
1872720 184
1872730 183
1872740 182
1872750 182
1872760 181
1872770 181
1872780 181
1872790 180
1872800 180
1872810 180
1872820 180
1872830 180
1872840 180
1872850 180
1872860 180
1872870 180
1872880 180
1872890 181
1872900 181
1872910 183
1872920 184
1872930 184
1872940 185
1872950 186
1872960 186
1872970 187
1872980 189
1872990 189
1873000 190
1873010 190
1873020 190
1873030 191
1873040 192
1873050 192
1873060 192
1873070 192
1873080 192
1873090 193
1873100 193
1873110 193
1873120 192
1873130 192
1873140 192
1873150 192
1873160 192
1873170 192
1873180 192
1873190 191
1873200 191
1873210 191
1873220 191
1873230 191
1873240 191
1873250 191
1873260 191
1873270 190
1873280 190
1873290 190
1873300 188
1873310 186
1873320 186
1873330 186
1873340 186
1873350 186
1873360 186
1873370 186
1873380 186
1873390 186
1873400 186
1873410 186
1873420 185
1873430 185
1873440 185
1873450 185
1873460 185
1873470 184
1873480 184
1873490 184
1873500 183
1873510 183
1873520 183
1873530 183
1873540 183
1873550 183
1873560 183
1873570 183
1873580 183
1873590 183
1873600 183
1873610 183
1873620 183
1873630 183
1873640 183
1873650 183
1873660 182
1873670 182
1873680 182
1873690 181
1873700 181
1873710 180
1873720 180
1873730 180
1873740 179
1873750 179
1873760 179
1873770 179
1873780 179
1873790 179
1873800 179
1873810 180
1873820 180
1873830 180
1873840 181
1873850 181
1873860 181
1873870 182
1873880 182
1873890 183
1873900 184
1873910 185
1873920 186
1873930 187
1873940 187
1873950 188
1873960 190
1873970 190
1873980 190
1873990 191
1874000 191
1874010 192
1874020 192
1874030 192
1874040 193
1874050 194
1874060 194
1874070 195
1874080 195
1874090 195
1874100 196
1874110 196
1874120 196
1874130 197
1874140 197
1874150 197
1874160 198
1874170 198
1874180 198
1874190 198
1874200 198
1874210 198
1874220 198
1874230 198
1874240 198
1874250 198
1874260 198
1874270 198
1874280 197
1874290 196
1874300 196
1874310 195
1874320 194
1874330 194
1874340 193
1874350 192
1874360 192
1874370 191
1874380 190
1874390 190
1874400 189
1874410 187
1874420 187
1874430 187
1874440 186
1874450 186
1874460 185
1874470 185
1874480 185
1874490 184
1874500 184
1874510 184
1874520 184
1874530 184
1874540 184
1874550 183
1874560 183
1874570 184
1874580 183
1874590 183
1874600 183
1874610 183
1874620 183
1874630 183
1874640 182
1874650 182
1874660 182
1874670 181
1874680 181
1874690 181
1874700 181
1874710 180
1874720 180
1874730 180
1874740 179
1874750 179
1874760 179
1874770 178
1874780 178
1874790 177
1874800 177
1874810 176
1874820 175
1874830 175
1874840 174
1874850 174
1874860 174
1874870 174
1874880 174
1874890 174
1874900 175
1874910 176
1874920 176
1874930 176
1874940 174
1874950 174
1874960 167
1874970 163
1874980 163
1874990 160
1875000 159
1875010 159
1875020 158
1875030 157
1875040 157
1875050 156
1875060 156
1875070 156
1875080 156
1875090 156
1875100 156
1875110 157
1875120 158
1875130 158
1875140 158
1875150 159
1875160 159
1875170 161
1875180 161
1875190 161
1875200 160
1875210 156
1875220 156
1875230 151
1875240 148
1875250 148
1875260 147
1875270 147
1875280 147
1875290 147
1875300 148
1875310 148
1875320 148
1875330 148
1875340 148
1875350 145
1875360 144
1875370 144
1875380 142
1875390 142
1875400 142
1875410 143
1875420 143
1875430 143
1875440 143
1875450 143
1875460 143
1875470 143
1875480 144
1875490 144
1875500 144
1875510 145
1875520 145
1875530 145
1875540 145
1875550 145
1875560 145
1875570 145
1875580 145
1875590 145
1875600 145
1875610 145
1875620 145
1875630 145
1875640 145
1875650 145
1875660 145
1875670 145
1875680 145
1875690 145
1875700 145
1875710 144
1875720 145
1875730 145
1875740 145
1875750 144
1875760 144
1875770 143
1875780 142
1875790 142
1875800 142
1875810 142
1875820 142
1875830 142
1875840 142
1875850 142
1875860 142
1875870 144
1875880 144
1875890 145
1875900 144
1875910 144
1875920 145
1875930 145
1875940 145
1875950 145
