1860000 226
1860010 225
1860020 225
1860030 225
1860040 224
1860050 224
1860060 224
1860070 225
1860080 226
1860090 226
1860100 226
1860110 227
1860120 227
1860130 228
1860140 230
1860150 230
1860160 231
1860170 234
1860180 234
1860190 236
1860200 238
1860210 238
1860220 240
1860230 242
1860240 242
1860250 244
1860260 245
1860270 245
1860280 246
1860290 247
1860300 247
1860310 248
1860320 249
1860330 249
1860340 249
1860350 250
1860360 250
1860370 250
1860380 251
1860390 251
1860400 251
1860410 251
1860420 251
1860430 252
1860440 252
1860450 253
1860460 253
1860470 253
1860480 253
1860490 253
1860500 253
1860510 253
1860520 253
1860530 253
1860540 253
1860550 252
1860560 252
1860570 252
1860580 252
1860590 252
1860600 252
1860610 252
1860620 252
1860630 252
1860640 252
1860650 252
1860660 252
1860670 252
1860680 252
1860690 252
1860700 252
1860710 252
1860720 252
1860730 251
1860740 251
1860750 251
1860760 251
1860770 251
1860780 251
1860790 251
1860800 251
1860810 251
1860820 251
1860830 251
1860840 251
1860850 251
1860860 251
1860870 251
1860880 251
1860890 251
1860900 251
1860910 251
1860920 251
1860930 251
1860940 251
1860950 251
1860960 251
1860970 251
1860980 251
1860990 251
1861000 251
1861010 251
1861020 251
1861030 251
1861040 251
1861050 251
1861060 251
1861070 251
1861080 251
1861090 251
1861100 251
1861110 251
1861120 251
1861130 251
1861140 251
1861150 251
1861160 251
1861170 251
1861180 251
1861190 251
1861200 250
1861210 250
1861220 250
1861230 249
1861240 249
1861250 249
1861260 248
1861270 247
1861280 247
1861290 246
1861300 245
1861310 245
1861320 243
1861330 241
1861340 241
1861350 240
1861360 238
1861370 238
1861380 237
1861390 236
1861400 236
1861410 234
1861420 233
1861430 233
1861440 232
1861450 231
1861460 231
1861470 232
1861480 232
1861490 232
1861500 231
1861510 231
1861520 231
1861530 230
1861540 230
1861550 230
1861560 230
1861570 229
1861580 229
1861590 229
1861600 230
1861610 230
1861620 230
1861630 231
1861640 231
1861650 232
1861660 233
1861670 233
1861680 234
1861690 235
1861700 235
1861710 236
1861720 237
1861730 237
1861740 238
1861750 238
1861760 238
1861770 238
1861780 237
1861790 237
1861800 237
1861810 237
1861820 237
1861830 236
1861840 236
1861850 236
1861860 236
1861870 236
1861880 236
1861890 235
1861900 235
1861910 235
1861920 234
1861930 234
1861940 233
1861950 233
1861960 233
1861970 232
1861980 232
1861990 232
1862000 231
1862010 231
1862020 231
1862030 230
1862040 230
1862050 230
1862060 229
1862070 229
1862080 229
1862090 228
1862100 228
1862110 228
1862120 227
1862130 226
1862140 226
1862150 226
1862160 223
1862170 223
1862180 222
1862190 220
1862200 220
1862210 219
1862220 218
1862230 218
1862240 217
1862250 216
1862260 216
1862270 215
1862280 214
1862290 214
1862300 213
1862310 213
1862320 213
1862330 212
1862340 211
1862350 211
1862360 211
1862370 210
1862380 210
1862390 209
1862400 208
1862410 208
1862420 208
1862430 207
1862440 207
1862450 206
1862460 206
1862470 206
1862480 206
1862490 206
1862500 205
1862510 205
1862520 206
1862530 206
1862540 207
1862550 209
1862560 209
1862570 210
1862580 212
1862590 212
1862600 213
1862610 214
1862620 214
1862630 215
1862640 215
1862650 215
1862660 215
1862670 214
1862680 214
1862690 213
1862700 213
1862710 213
1862720 213
1862730 212
1862740 212
1862750 212
1862760 211
1862770 211
1862780 210
1862790 210
1862800 210
1862810 209
1862820 209
1862830 209
1862840 208
1862850 208
1862860 208
1862870 207
1862880 206
1862890 206
1862900 206
1862910 205
1862920 205
1862930 204
1862940 203
1862950 203
1862960 202
1862970 201
1862980 201
1862990 200
1863000 199
1863010 199
1863020 198
1863030 197
1863040 197
1863050 195
1863060 194
1863070 194
1863080 193
1863090 191
1863100 191
1863110 190
1863120 189
1863130 189
1863140 188
1863150 187
1863160 187
1863170 187
1863180 187
1863190 188
1863200 188
1863210 188
1863220 188
1863230 188
1863240 189
1863250 189
1863260 189
1863270 190
1863280 190
1863290 191
1863300 191
1863310 191
1863320 193
1863330 193
1863340 193
1863350 194
1863360 194
1863370 195
1863380 195
1863390 195
1863400 195
1863410 196
1863420 196
1863430 196
1863440 196
1863450 196
1863460 196
1863470 196
1863480 196
1863490 196
1863500 197
1863510 197
1863520 197
1863530 197
1863540 197
1863550 196
1863560 196
1863570 196
1863580 196
1863590 196
1863600 196
1863610 197
1863620 198
1863630 198
1863640 199
1863650 200
1863660 200
1863670 201
1863680 202
1863690 202
1863700 203
1863710 203
1863720 203
1863730 204
1863740 205
1863750 205
1863760 205
1863770 206
1863780 206
1863790 206
1863800 207
1863810 207
1863820 207
1863830 208
1863840 208
1863850 209
1863860 211
1863870 211
1863880 213
1863890 215
1863900 215
1863910 216
1863920 217
1863930 217
1863940 218
1863950 219
1863960 219
1863970 219
1863980 219
1863990 219
1864000 220
1864010 220
1864020 220
1864030 220
1864040 220
1864050 220
1864060 220
1864070 220
1864080 220
1864090 220
1864100 219
1864110 219
1864120 219
1864130 219
1864140 219
1864150 219
1864160 219
1864170 219
1864180 218
1864190 218
1864200 218
1864210 217
1864220 217
1864230 217
1864240 217
1864250 216
1864260 216
1864270 216
1864280 215
1864290 215
1864300 214
1864310 214
1864320 214
1864330 213
1864340 213
1864350 213
1864360 212
1864370 212
1864380 212
1864390 211
1864400 210
1864410 210
1864420 210
1864430 209
1864440 209
1864450 209
1864460 208
1864470 208
1864480 208
1864490 207
1864500 207
1864510 207
1864520 206
1864530 206
1864540 206
1864550 206
1864560 205
1864570 205
1864580 205
1864590 205
1864600 204
1864610 204
1864620 204
1864630 203
1864640 202
1864650 202
1864660 201
1864670 201
1864680 201
1864690 201
1864700 201
1864710 201
1864720 201
1864730 200
1864740 200
1864750 200
1864760 199
1864770 199
1864780 199
1864790 199
1864800 199
1864810 199
1864820 199
1864830 198
1864840 198
1864850 198
1864860 197
1864870 197
1864880 197
1864890 197
1864900 197
1864910 197
1864920 196
1864930 196
1864940 196
1864950 196
1864960 196
1864970 196
1864980 195
1864990 195
1865000 195
1865010 195
1865020 195
1865030 195
1865040 195
1865050 196
1865060 196
1865070 196
1865080 196
1865090 196
1865100 196
1865110 196
1865120 196
1865130 197
1865140 196
1865150 196
1865160 196
1865170 196
1865180 196
1865190 196
1865200 196
1865210 196
1865220 197
1865230 198
1865240 198
1865250 200
1865260 201
1865270 201
1865280 202
1865290 203
1865300 203
1865310 204
1865320 204
1865330 204
1865340 205
1865350 206
1865360 206
1865370 206
1865380 206
1865390 206
1865400 206
1865410 206
1865420 206
1865430 204
1865440 202
1865450 202
1865460 201
1865470 200
1865480 200
1865490 199
1865500 198
1865510 198
1865520 198
1865530 199
1865540 199
1865550 200
1865560 201
1865570 201
1865580 202
1865590 206
1865600 206
1865610 207
1865620 207
1865630 207
1865640 208
1865650 208
1865660 208
1865670 209
1865680 209
1865690 209
1865700 210
1865710 210
1865720 210
1865730 210
1865740 211
1865750 211
1865760 211
1865770 211
1865780 211
1865790 211
1865800 211
1865810 211
1865820 211
1865830 211
1865840 211
1865850 211
1865860 211
1865870 211
1865880 211
1865890 211
1865900 211
1865910 211
1865920 211
1865930 211
1865940 211
1865950 211
1865960 211
1865970 210
1865980 210
1865990 210
1866000 210
1866010 210
1866020 210
1866030 209
1866040 209
1866050 209
1866060 209
1866070 209
1866080 209
1866090 209
1866100 209
1866110 209
1866120 209
1866130 209
1866140 209
1866150 208
1866160 208
1866170 208
1866180 208
1866190 208
1866200 208
1866210 207
1866220 207
1866230 207
1866240 207
1866250 207
1866260 207
1866270 206
1866280 206
1866290 205
1866300 205
1866310 205
1866320 204
1866330 203
1866340 203
1866350 203
1866360 202
1866370 202
1866380 202
1866390 201
1866400 201
1866410 201
1866420 200
1866430 200
1866440 200
1866450 200
1866460 200
1866470 199
1866480 199
1866490 199
1866500 199
1866510 198
1866520 198
1866530 198
1866540 198
1866550 198
1866560 197
1866570 196
1866580 196
1866590 196
1866600 195
1866610 194
1866620 194
1866630 194
1866640 194
1866650 193
1866660 193
1866670 193
1866680 192
1866690 192
1866700 192
1866710 191
1866720 191
1866730 191
1866740 190
1866750 190
1866760 190
1866770 189
1866780 189
1866790 189
1866800 189
1866810 188
1866820 188
1866830 187
1866840 187
1866850 187
1866860 186
1866870 185
1866880 185
1866890 184
1866900 184
1866910 184
1866920 183
1866930 183
1866940 183
1866950 183
1866960 182
1866970 182
1866980 182
1866990 182
1867000 182
1867010 182
1867020 182
1867030 182
1867040 182
1867050 182
1867060 182
1867070 182
1867080 181
1867090 181
1867100 181
1867110 181
1867120 181
1867130 181
1867140 180
1867150 180
1867160 180
1867170 180
1867180 180
1867190 180
1867200 180
1867210 180
1867220 180
1867230 180
1867240 180
1867250 179
1867260 179
1867270 179
1867280 179
1867290 179
1867300 179
1867310 179
1867320 179
1867330 179
1867340 180
1867350 180
1867360 180
1867370 181
1867380 181
1867390 181
1867400 182
1867410 182
1867420 182
1867430 182
1867440 182
1867450 182
1867460 182
1867470 182
1867480 182
1867490 181
1867500 181
1867510 181
1867520 180
1867530 180
1867540 180
1867550 179
1867560 179
1867570 179
1867580 178
1867590 177
1867600 177
1867610 177
1867620 176
1867630 176
1867640 175
1867650 175
1867660 175
1867670 174
1867680 174
1867690 174
1867700 173
1867710 173
1867720 173
1867730 172
1867740 172
1867750 171
1867760 170
1867770 170
1867780 169
1867790 168
1867800 168
1867810 168
1867820 167
1867830 167
1867840 166
1867850 166
1867860 166
1867870 166
1867880 165
1867890 165
1867900 165
1867910 165
1867920 165
1867930 165
1867940 165
1867950 165
1867960 165
1867970 165
1867980 165
1867990 165
1868000 164
1868010 164
1868020 164
1868030 164
1868040 164
1868050 164
1868060 164
1868070 164
1868080 164
1868090 164
1868100 164
1868110 164
1868120 164
1868130 164
1868140 164
1868150 164
1868160 164
1868170 164
1868180 164
1868190 164
1868200 164
1868210 164
1868220 164
1868230 164
1868240 164
1868250 164
1868260 163
1868270 163
1868280 163
1868290 164
1868300 163
1868310 164
1868320 164
1868330 164
1868340 164
1868350 164
1868360 164
1868370 164
1868380 164
1868390 164
1868400 164
1868410 164
1868420 164
1868430 164
1868440 164
1868450 164
1868460 164
1868470 164
1868480 164
1868490 164
1868500 164
1868510 164
1868520 164
1868530 164
1868540 164
1868550 164
1868560 164
1868570 164
1868580 164
1868590 164
1868600 164
1868610 164
1868620 164
1868630 164
1868640 164
1868650 164
1868660 164
1868670 164
1868680 164
1868690 164
1868700 164
1868710 165
1868720 165
1868730 165
1868740 165
1868750 165
1868760 165
1868770 165
1868780 165
1868790 165
1868800 165
1868810 165
1868820 165
1868830 165
1868840 166
1868850 166
1868860 166
1868870 166
1868880 166
1868890 166
1868900 166
1868910 166
1868920 165
1868930 165
1868940 165
1868950 165
1868960 165
1868970 165
1868980 165
1868990 166
1869000 166
1869010 166
1869020 166
1869030 166
1869040 167
1869050 167
1869060 167
1869070 168
1869080 168
1869090 168
1869100 168
1869110 168
1869120 168
1869130 169
1869140 169
1869150 169
1869160 169
1869170 169
1869180 169
1869190 169
1869200 169
1869210 169
1869220 169
1869230 169
1869240 170
1869250 170
1869260 170
1869270 170
1869280 170
1869290 170
1869300 170
1869310 169
1869320 169
1869330 170
1869340 169
1869350 169
1869360 169
1869370 168
1869380 168
1869390 168
1869400 168
1869410 168
1869420 167
1869430 167
1869440 167
1869450 168
1869460 168
1869470 168
1869480 169
1869490 169
1869500 169
1869510 169
1869520 168
1869530 168
1869540 168
1869550 167
1869560 167
1869570 167
1869580 167
1869590 167
1869600 167
1869610 168
1869620 168
1869630 168
1869640 168
1869650 168
1869660 169
1869670 169
1869680 169
1869690 170
1869700 170
1869710 170
1869720 170
1869730 170
1869740 170
1869750 170
1869760 170
1869770 170
1869780 170
1869790 170
1869800 170
1869810 171
1869820 171
1869830 171
1869840 171
1869850 170
1869860 170
1869870 171
1869880 171
1869890 171
1869900 171
1869910 171
1869920 171
1869930 171
1869940 172
1869950 172
1869960 173
1869970 173
1869980 173
1869990 173
1870000 174
1870010 174
1870020 174
1870030 174
1870040 174
1870050 174
1870060 174
1870070 174
1870080 174
1870090 174
1870100 174
1870110 174
1870120 174
1870130 174
1870140 174
1870150 174
1870160 174
1870170 174
1870180 172
1870190 172
1870200 173
1870210 173
1870220 173
1870230 173
1870240 173
1870250 173
1870260 172
1870270 172
1870280 172
1870290 171
1870300 171
1870310 171
1870320 171
1870330 171
1870340 172
1870350 172
1870360 173
1870370 173
1870380 173
1870390 173
1870400 173
1870410 174
1870420 174
1870430 174
1870440 174
1870450 174
1870460 174
1870470 174
1870480 174
1870490 174
1870500 174
1870510 173
1870520 173
1870530 173
1870540 173
1870550 173
1870560 173
1870570 173
1870580 172
1870590 172
1870600 172
1870610 171
1870620 170
1870630 170
1870640 170
1870650 170
1870660 170
1870670 170
1870680 171
1870690 171
1870700 173
1870710 174
1870720 174
1870730 175
1870740 176
1870750 176
1870760 176
1870770 177
1870780 177
1870790 178
1870800 178
1870810 178
1870820 179
1870830 179
1870840 179
1870850 179
1870860 179
1870870 179
1870880 179
1870890 179
1870900 179
1870910 179
1870920 179
1870930 179
1870940 179
1870950 180
1870960 180
1870970 180
1870980 180
1870990 180
1871000 180
1871010 181
1871020 181
1871030 182
1871040 182
1871050 182
1871060 182
1871070 183
1871080 183
1871090 183
1871100 183
1871110 183
1871120 183
1871130 184
1871140 184
1871150 184
1871160 184
1871170 184
1871180 183
1871190 184
1871200 184
1871210 184
1871220 183
1871230 183
1871240 183
1871250 183
1871260 183
1871270 183
1871280 182
1871290 182
1871300 180
1871310 179
1871320 179
1871330 178
1871340 177
1871350 177
1871360 176
1871370 173
1871380 173
1871390 176
1871400 177
1871410 177
1871420 179
1871430 181
1871440 181
1871450 182
1871460 184
1871470 184
1871480 185
1871490 187
1871500 187
1871510 188
1871520 189
1871530 189
1871540 190
1871550 190
1871560 190
1871570 191
1871580 191
1871590 191
1871600 191
1871610 192
1871620 192
1871630 192
1871640 192
1871650 192
1871660 192
1871670 192
1871680 192
1871690 193
1871700 192
1871710 192
1871720 192
1871730 192
1871740 192
1871750 192
1871760 192
1871770 192
1871780 192
1871790 191
1871800 191
1871810 191
1871820 191
1871830 191
1871840 190
1871850 190
1871860 190
1871870 190
1871880 189
1871890 189
1871900 189
1871910 188
1871920 188
1871930 188
1871940 188
1871950 188
1871960 187
1871970 187
1871980 187
1871990 186
1872000 186
1872010 186
1872020 186
1872030 186
1872040 186
1872050 186
1872060 186
1872070 185
1872080 185
1872090 185
1872100 185
1872110 184
1872120 184
1872130 184
1872140 184
1872150 184
1872160 183
1872170 182
1872180 182
1872190 181
1872200 180
1872210 180
1872220 178
1872230 177
1872240 177
1872250 176
1872260 176
1872270 176
1872280 176
1872290 176
1872300 176
1872310 176
1872320 176
1872330 176
1872340 177
1872350 178
1872360 178
1872370 179
1872380 180
1872390 180
1872400 180
1872410 180
1872420 180
1872430 180
1872440 180
1872450 180
1872460 181
1872470 180
1872480 180
1872490 180
1872500 180
1872510 180
1872520 180
1872530 181
1872540 181
1872550 180
1872560 180
1872570 180
1872580 180
1872590 181
1872600 181
1872610 181
1872620 181
1872630 181
1872640 180
1872650 180
1872660 180
1872670 180
1872680 180
1872690 181
1872700 180
1872710 180
1872720 180
1872730 180
1872740 179
1872750 179
1872760 179
1872770 178
1872780 178
1872790 178
1872800 178
1872810 178
1872820 177
1872830 177
1872840 177
1872850 177
1872860 177
1872870 177
1872880 176
1872890 176
1872900 176
1872910 175
1872920 175
1872930 175
1872940 174
1872950 174
1872960 174
1872970 174
1872980 173
1872990 173
1873000 172
1873010 172
1873020 172
1873030 172
1873040 172
1873050 172
1873060 171
1873070 171
1873080 171
1873090 171
1873100 171
1873110 171
1873120 170
1873130 170
1873140 170
1873150 170
1873160 170
1873170 170
1873180 169
1873190 169
1873200 169
1873210 169
1873220 169
1873230 169
1873240 169
1873250 169
1873260 169
1873270 169
1873280 168
1873290 168
1873300 168
1873310 168
1873320 168
1873330 167
1873340 167
1873350 167
1873360 167
1873370 167
1873380 167
1873390 167
1873400 167
1873410 167
1873420 167
1873430 167
1873440 167
1873450 167
1873460 167
1873470 167
1873480 167
1873490 167
1873500 167
1873510 166
1873520 166
1873530 166
1873540 166
1873550 166
1873560 166
1873570 166
1873580 166
1873590 166
1873600 166
1873610 166
1873620 166
1873630 166
1873640 166
1873650 167
1873660 167
1873670 167
1873680 167
1873690 167
1873700 168
1873710 168
1873720 168
1873730 168
1873740 169
1873750 169
1873760 169
1873770 169
1873780 169
1873790 169
1873800 170
1873810 170
1873820 170
1873830 170
1873840 170
1873850 170
1873860 170
1873870 170
1873880 170
1873890 170
1873900 171
1873910 171
1873920 171
1873930 171
1873940 171
1873950 171
1873960 171
1873970 171
1873980 171
1873990 172
1874000 172
1874010 172
1874020 172
1874030 173
1874040 173
1874050 173
1874060 173
1874070 173
1874080 173
1874090 173
1874100 173
1874110 173
1874120 173
1874130 173
1874140 173
1874150 173
1874160 173
1874170 173
1874180 173
1874190 173
1874200 173
1874210 173
1874220 172
1874230 172
1874240 172
1874250 171
1874260 172
1874270 172
1874280 172
1874290 173
1874300 173
1874310 173
1874320 174
1874330 174
1874340 174
1874350 175
1874360 175
1874370 176
1874380 177
1874390 177
1874400 178
1874410 179
1874420 179
1874430 180
1874440 180
1874450 180
1874460 181
1874470 182
1874480 182
1874490 182
1874500 183
1874510 183
1874520 184
1874530 185
1874540 185
1874550 186
1874560 186
1874570 186
1874580 187
1874590 188
1874600 188
1874610 188
1874620 189
1874630 189
1874640 189
1874650 189
1874660 189
1874670 189
1874680 189
1874690 189
1874700 190
1874710 190
1874720 190
1874730 190
1874740 190
1874750 190
1874760 189
1874770 189
1874780 189
1874790 189
1874800 188
1874810 188
1874820 188
1874830 188
1874840 187
1874850 187
1874860 187
1874870 186
1874880 185
1874890 185
1874900 185
1874910 183
1874920 183
1874930 183
1874940 183
1874950 183
1874960 182
1874970 182
1874980 182
1874990 181
1875000 181
1875010 181
1875020 180
1875030 180
1875040 180
1875050 180
1875060 179
1875070 179
1875080 179
1875090 179
1875100 179
1875110 179
1875120 179
1875130 179
1875140 179
1875150 178
1875160 178
1875170 178
1875180 177
1875190 177
1875200 176
1875210 175
1875220 175
1875230 167
1875240 155
1875250 155
1875260 149
1875270 149
1875280 149
1875290 148
1875300 146
1875310 146
1875320 143
1875330 143
1875340 143
1875350 144
1875360 145
1875370 144
1875380 145
1875390 145
1875400 145
1875410 145
1875420 144
1875430 144
1875440 144
1875450 144
1875460 144
1875470 144
1875480 143
1875490 143
1875500 143
1875510 143
1875520 143
1875530 145
1875540 147
1875550 147
1875560 147
1875570 145
1875580 145
1875590 144
1875600 144
1875610 144
1875620 144
1875630 144
1875640 144
1875650 144
1875660 144
1875670 144
1875680 144
1875690 144
1875700 144
1875710 144
1875720 144
1875730 144
1875740 144
1875750 144
1875760 144
1875770 145
1875780 145
1875790 145
1875800 144
1875810 145
1875820 145
1875830 145
1875840 145
1875850 145
1875860 145
1875870 145
1875880 145
1875890 145
1875900 145
1875910 145
1875920 145
1875930 145
1875940 145
1875950 145
1875960 145
1875970 145
1875980 144
1875990 144
1876000 144
1876010 143
1876020 142
1876030 142
1876040 142
1876050 142
1876060 142
1876070 142
1876080 142
1876090 142
1876100 142
1876110 142
1876120 142
1876130 144
1876140 145
1876150 145
1876160 144
1876170 144
1876180 144
1876190 144
1876200 144
1876210 144
1876220 144
