1860000 249
1860010 250
1860020 250
1860030 250
1860040 251
1860050 251
1860060 251
1860070 251
1860080 252
1860090 252
1860100 252
1860110 252
1860120 253
1860130 253
1860140 253
1860150 253
1860160 253
1860170 254
1860180 254
1860190 254
1860200 254
1860210 254
1860220 254
1860230 254
1860240 254
1860250 254
1860260 255
1860270 255
1860280 255
1860290 255
1860300 255
1860310 255
1860320 256
1860330 256
1860340 256
1860350 256
1860360 256
1860370 256
1860380 256
1860390 256
1860400 256
1860410 256
1860420 256
1860430 256
1860440 256
1860450 256
1860460 256
1860470 256
1860480 256
1860490 256
1860500 256
1860510 256
1860520 255
1860530 255
1860540 255
1860550 255
1860560 255
1860570 255
1860580 255
1860590 255
1860600 255
1860610 255
1860620 255
1860630 255
1860640 255
1860650 255
1860660 255
1860670 255
1860680 255
1860690 255
1860700 255
1860710 255
1860720 255
1860730 255
1860740 255
1860750 255
1860760 255
1860770 255
1860780 255
1860790 255
1860800 255
1860810 255
1860820 255
1860830 255
1860840 255
1860850 255
1860860 255
1860870 255
1860880 254
1860890 254
1860900 254
1860910 254
1860920 254
1860930 254
1860940 254
1860950 254
1860960 254
1860970 254
1860980 254
1860990 254
1861000 254
1861010 254
1861020 254
1861030 254
1861040 254
1861050 254
1861060 254
1861070 254
1861080 254
1861090 254
1861100 254
1861110 254
1861120 254
1861130 254
1861140 254
1861150 254
1861160 254
1861170 254
1861180 254
1861190 254
1861200 254
1861210 254
1861220 254
1861230 254
1861240 254
1861250 253
1861260 253
1861270 253
1861280 253
1861290 253
1861300 253
1861310 253
1861320 253
1861330 253
1861340 253
1861350 253
1861360 253
1861370 253
1861380 253
1861390 252
1861400 252
1861410 252
1861420 252
1861430 252
1861440 251
1861450 251
1861460 251
1861470 250
1861480 250
1861490 250
1861500 249
1861510 249
1861520 249
1861530 248
1861540 248
1861550 248
1861560 248
1861570 247
1861580 247
1861590 247
1861600 246
1861610 246
1861620 246
1861630 246
1861640 246
1861650 245
1861660 245
1861670 245
1861680 244
1861690 243
1861700 243
1861710 241
1861720 239
1861730 239
1861740 237
1861750 235
1861760 235
1861770 232
1861780 230
1861790 230
1861800 229
1861810 228
1861820 228
1861830 227
1861840 226
1861850 225
1861860 224
1861870 223
1861880 223
1861890 222
1861900 221
1861910 221
1861920 220
1861930 219
1861940 219
1861950 218
1861960 216
1861970 216
1861980 215
1861990 213
1862000 213
1862010 212
1862020 211
1862030 211
1862040 211
1862050 210
1862060 210
1862070 210
1862080 209
1862090 209
1862100 208
1862110 207
1862120 207
1862130 207
1862140 207
1862150 207
1862160 206
1862170 206
1862180 206
1862190 205
1862200 205
1862210 205
1862220 205
1862230 205
1862240 205
1862250 205
1862260 205
1862270 205
1862280 205
1862290 205
1862300 205
1862310 206
1862320 206
1862330 206
1862340 206
1862350 206
1862360 206
1862370 206
1862380 207
1862390 207
1862400 207
1862410 207
1862420 207
1862430 207
1862440 208
1862450 208
1862460 208
1862470 208
1862480 208
1862490 208
1862500 207
1862510 207
1862520 206
1862530 205
1862540 206
1862550 205
1862560 204
1862570 204
1862580 203
1862590 202
1862600 202
1862610 201
1862620 201
1862630 201
1862640 200
1862650 200
1862660 200
1862670 200
1862680 200
1862690 200
1862700 199
1862710 199
1862720 199
1862730 198
1862740 197
1862750 197
1862760 196
1862770 196
1862780 196
1862790 195
1862800 195
1862810 195
1862820 194
1862830 194
1862840 194
1862850 194
1862860 194
1862870 194
1862880 194
1862890 194
1862900 193
1862910 193
1862920 193
1862930 193
1862940 193
1862950 193
1862960 193
1862970 193
1862980 193
1862990 193
1863000 193
1863010 193
1863020 193
1863030 193
1863040 193
1863050 193
1863060 193
1863070 193
1863080 192
1863090 192
1863100 192
1863110 192
1863120 193
1863130 193
1863140 193
1863150 193
1863160 193
1863170 193
1863180 194
1863190 194
1863200 195
1863210 197
1863220 197
1863230 199
1863240 201
1863250 201
1863260 203
1863270 204
1863280 204
1863290 205
1863300 206
1863310 206
1863320 207
1863330 208
1863340 208
1863350 209
1863360 210
1863370 210
1863380 210
1863390 211
1863400 211
1863410 211
1863420 212
1863430 212
1863440 213
1863450 214
1863460 214
1863470 214
1863480 214
1863490 214
1863500 215
1863510 215
1863520 215
1863530 216
1863540 216
1863550 216
1863560 216
1863570 217
1863580 217
1863590 217
1863600 217
1863610 217
1863620 217
1863630 216
1863640 216
1863650 216
1863660 216
1863670 216
1863680 216
1863690 217
1863700 217
1863710 218
1863720 220
1863730 220
1863740 220
1863750 221
1863760 221
1863770 221
1863780 222
1863790 222
1863800 221
1863810 221
1863820 221
1863830 221
1863840 221
1863850 221
1863860 221
1863870 221
1863880 221
1863890 221
1863900 221
1863910 220
1863920 220
1863930 220
1863940 220
1863950 219
1863960 219
1863970 219
1863980 219
1863990 218
1864000 218
1864010 218
1864020 218
1864030 218
1864040 217
1864050 217
1864060 217
1864070 216
1864080 216
1864090 216
1864100 216
1864110 215
1864120 215
1864130 215
1864140 214
1864150 214
1864160 214
1864170 213
1864180 213
1864190 213
1864200 212
1864210 212
1864220 211
1864230 211
1864240 211
1864250 210
1864260 208
1864270 208
1864280 207
1864290 207
1864300 206
1864310 206
1864320 206
1864330 205
1864340 205
1864350 205
1864360 204
1864370 204
1864380 204
1864390 204
1864400 204
1864410 204
1864420 204
1864430 204
1864440 204
1864450 204
1864460 203
1864470 203
1864480 203
1864490 203
1864500 203
1864510 203
1864520 202
1864530 202
1864540 202
1864550 202
1864560 202
1864570 203
1864580 204
1864590 204
1864600 204
1864610 204
1864620 204
1864630 204
1864640 204
1864650 204
1864660 205
1864670 206
1864680 206
1864690 206
1864700 205
1864710 205
1864720 205
1864730 206
1864740 206
1864750 206
1864760 206
1864770 206
1864780 207
1864790 207
1864800 207
1864810 207
1864820 207
1864830 207
1864840 207
1864850 206
1864860 206
1864870 206
1864880 206
1864890 206
1864900 206
1864910 207
1864920 207
1864930 207
1864940 209
1864950 209
1864960 209
1864970 209
1864980 209
1864990 209
1865000 210
1865010 210
1865020 210
1865030 210
1865040 210
1865050 210
1865060 210
1865070 210
1865080 210
1865090 211
1865100 211
1865110 211
1865120 212
1865130 212
1865140 212
1865150 213
1865160 213
1865170 213
1865180 212
1865190 212
1865200 214
1865210 214
1865220 214
1865230 215
1865240 215
1865250 215
1865260 215
1865270 215
1865280 215
1865290 215
1865300 215
1865310 215
1865320 216
1865330 216
1865340 216
1865350 216
1865360 216
1865370 216
1865380 215
1865390 215
1865400 215
1865410 215
1865420 215
1865430 215
1865440 215
1865450 214
1865460 214
1865470 214
1865480 214
1865490 214
1865500 214
1865510 214
1865520 214
1865530 214
1865540 214
1865550 214
1865560 214
1865570 214
1865580 214
1865590 215
1865600 214
1865610 214
1865620 214
1865630 214
1865640 214
1865650 214
1865660 214
1865670 214
1865680 214
1865690 214
1865700 214
1865710 214
1865720 214
1865730 213
1865740 213
1865750 213
1865760 213
1865770 213
1865780 213
1865790 212
1865800 212
1865810 212
1865820 212
1865830 211
1865840 211
1865850 211
1865860 211
1865870 211
1865880 210
1865890 210
1865900 210
1865910 210
1865920 209
1865930 209
1865940 209
1865950 208
1865960 208
1865970 208
1865980 207
1865990 207
1866000 207
1866010 206
1866020 206
1866030 206
1866040 205
1866050 205
1866060 204
1866070 203
1866080 203
1866090 202
1866100 201
1866110 201
1866120 200
1866130 199
1866140 199
1866150 198
1866160 197
1866170 197
1866180 197
1866190 196
1866200 196
1866210 196
1866220 196
1866230 196
1866240 195
1866250 195
1866260 195
1866270 194
1866280 194
1866290 194
1866300 194
1866310 194
1866320 194
1866330 194
1866340 194
1866350 194
1866360 194
1866370 194
1866380 194
1866390 193
1866400 193
1866410 193
1866420 192
1866430 192
1866440 192
1866450 192
1866460 192
1866470 192
1866480 192
1866490 193
1866500 193
1866510 193
1866520 192
1866530 192
1866540 192
1866550 192
1866560 192
1866570 192
1866580 192
1866590 192
1866600 193
1866610 193
1866620 193
1866630 193
1866640 193
1866650 194
1866660 194
1866670 194
1866680 194
1866690 194
1866700 194
1866710 194
1866720 194
1866730 193
1866740 193
1866750 193
1866760 192
1866770 192
1866780 191
1866790 190
1866800 190
1866810 190
1866820 188
1866830 188
1866840 187
1866850 186
1866860 186
1866870 185
1866880 184
1866890 184
1866900 184
1866910 184
1866920 184
1866930 184
1866940 185
1866950 185
1866960 186
1866970 187
1866980 187
1866990 188
1867000 189
1867010 189
1867020 189
1867030 189
1867040 189
1867050 189
1867060 188
1867070 188
1867080 188
1867090 188
1867100 188
1867110 187
1867120 187
1867130 187
1867140 186
1867150 186
1867160 185
1867170 185
1867180 185
1867190 184
1867200 183
1867210 183
1867220 182
1867230 181
1867240 181
1867250 180
1867260 179
1867270 179
1867280 178
1867290 178
1867300 178
1867310 177
1867320 176
1867330 176
1867340 175
1867350 174
1867360 174
1867370 174
1867380 174
1867390 174
1867400 174
1867410 174
1867420 174
1867430 174
1867440 174
1867450 174
1867460 174
1867470 174
1867480 174
1867490 174
1867500 173
1867510 173
1867520 174
1867530 173
1867540 173
1867550 173
1867560 172
1867570 172
1867580 172
1867590 171
1867600 171
1867610 171
1867620 170
1867630 170
1867640 170
1867650 169
1867660 169
1867670 168
1867680 168
1867690 168
1867700 168
1867710 167
1867720 167
1867730 167
1867740 167
1867750 167
1867760 167
1867770 167
1867780 167
1867790 168
1867800 168
1867810 168
1867820 168
1867830 168
1867840 168
1867850 168
1867860 168
1867870 168
1867880 168
1867890 168
1867900 168
1867910 168
1867920 169
1867930 169
1867940 169
1867950 170
1867960 170
1867970 170
1867980 171
1867990 171
1868000 172
1868010 173
1868020 173
1868030 174
1868040 174
1868050 174
1868060 175
1868070 175
1868080 175
1868090 175
1868100 175
1868110 175
1868120 174
1868130 174
1868140 174
1868150 173
1868160 173
1868170 173
1868180 173
1868190 172
1868200 172
1868210 171
1868220 170
1868230 170
1868240 169
1868250 168
1868260 168
1868270 168
1868280 167
1868290 167
1868300 167
1868310 167
1868320 167
1868330 167
1868340 167
1868350 167
1868360 167
1868370 167
1868380 167
1868390 168
1868400 168
1868410 168
1868420 168
1868430 168
1868440 168
1868450 168
1868460 169
1868470 169
1868480 170
1868490 171
1868500 171
1868510 171
1868520 171
1868530 171
1868540 172
1868550 172
1868560 172
1868570 172
1868580 172
1868590 172
1868600 173
1868610 173
1868620 173
1868630 173
1868640 173
1868650 173
1868660 174
1868670 174
1868680 174
1868690 175
1868700 175
1868710 175
1868720 176
1868730 176
1868740 176
1868750 176
1868760 176
1868770 176
1868780 176
1868790 176
1868800 176
1868810 176
1868820 176
1868830 176
1868840 176
1868850 176
1868860 176
1868870 176
1868880 176
1868890 176
1868900 176
1868910 176
1868920 176
1868930 176
1868940 176
1868950 176
1868960 176
1868970 176
1868980 176
1868990 176
1869000 176
1869010 176
1869020 177
1869030 177
1869040 177
1869050 177
1869060 177
1869070 177
1869080 178
1869090 178
1869100 178
1869110 178
1869120 178
1869130 178
1869140 178
1869150 178
1869160 178
1869170 178
1869180 178
1869190 178
1869200 178
1869210 178
1869220 178
1869230 178
1869240 178
1869250 178
1869260 178
1869270 178
1869280 178
1869290 178
1869300 178
1869310 177
1869320 176
1869330 176
1869340 176
1869350 175
1869360 175
1869370 175
1869380 175
1869390 175
1869400 174
1869410 174
1869420 174
1869430 174
1869440 174
1869450 174
1869460 173
1869470 173
1869480 173
1869490 175
1869500 176
1869510 176
1869520 177
1869530 179
1869540 179
1869550 179
1869560 179
1869570 179
1869580 181
1869590 181
1869600 181
1869610 182
1869620 183
1869630 183
1869640 185
1869650 186
1869660 186
1869670 186
1869680 187
1869690 187
1869700 187
1869710 187
1869720 187
1869730 187
1869740 187
1869750 187
1869760 187
1869770 187
1869780 187
1869790 187
1869800 187
1869810 187
1869820 187
1869830 187
1869840 187
1869850 187
1869860 187
1869870 187
1869880 186
1869890 186
1869900 186
1869910 185
1869920 184
1869930 184
1869940 184
1869950 183
1869960 183
1869970 182
1869980 182
1869990 181
1870000 181
1870010 181
1870020 180
1870030 180
1870040 181
1870050 181
1870060 181
1870070 181
1870080 181
1870090 182
1870100 182
1870110 182
1870120 182
1870130 182
1870140 183
1870150 183
1870160 183
1870170 183
1870180 183
1870190 183
1870200 183
1870210 182
1870220 182
1870230 182
1870240 182
1870250 182
1870260 181
1870270 181
1870280 181
1870290 180
1870300 179
1870310 179
1870320 178
1870330 177
1870340 177
1870350 177
1870360 176
1870370 176
1870380 175
1870390 175
1870400 175
1870410 175
1870420 175
1870430 175
1870440 175
1870450 175
1870460 175
1870470 175
1870480 175
1870490 175
1870500 176
1870510 177
1870520 177
1870530 178
1870540 179
1870550 179
1870560 181
1870570 182
1870580 182
1870590 185
1870600 186
1870610 186
1870620 187
1870630 188
1870640 188
1870650 189
1870660 190
1870670 190
1870680 191
1870690 191
1870700 191
1870710 192
1870720 193
1870730 193
1870740 193
1870750 193
1870760 193
1870770 193
1870780 194
1870790 194
1870800 195
1870810 195
1870820 195
1870830 196
1870840 196
1870850 196
1870860 196
1870870 195
1870880 195
1870890 195
1870900 194
1870910 194
1870920 194
1870930 194
1870940 194
1870950 194
1870960 194
1870970 194
1870980 194
1870990 194
1871000 194
1871010 194
1871020 194
1871030 194
1871040 194
1871050 194
1871060 194
1871070 194
1871080 194
1871090 194
1871100 193
1871110 193
1871120 193
1871130 192
1871140 191
1871150 191
1871160 190
1871170 188
1871180 188
1871190 186
1871200 184
1871210 184
1871220 183
1871230 182
1871240 182
1871250 181
1871260 179
1871270 179
1871280 179
1871290 179
1871300 179
1871310 179
1871320 180
1871330 180
1871340 181
1871350 182
1871360 182
1871370 184
1871380 187
1871390 189
1871400 191
1871410 191
1871420 192
1871430 193
1871440 193
1871450 194
1871460 195
1871470 195
1871480 196
1871490 196
1871500 196
1871510 197
1871520 197
1871530 197
1871540 198
1871550 198
1871560 198
1871570 198
1871580 198
1871590 198
1871600 198
1871610 198
1871620 198
1871630 198
1871640 198
1871650 198
1871660 198
1871670 197
1871680 197
1871690 197
1871700 197
1871710 197
1871720 197
1871730 196
1871740 196
1871750 196
1871760 195
1871770 195
1871780 195
1871790 195
1871800 195
1871810 194
1871820 193
1871830 193
1871840 193
1871850 192
1871860 192
1871870 192
1871880 191
1871890 191
1871900 191
1871910 190
1871920 190
1871930 190
1871940 190
1871950 190
1871960 189
1871970 189
1871980 189
1871990 189
1872000 188
1872010 188
1872020 188
1872030 187
1872040 187
1872050 186
1872060 184
1872070 184
1872080 183
1872090 182
1872100 182
1872110 181
1872120 180
1872130 180
1872140 179
1872150 178
1872160 178
1872170 178
1872180 179
1872190 179
1872200 179
1872210 180
1872220 180
1872230 181
1872240 182
1872250 182
1872260 183
1872270 185
1872280 185
1872290 186
1872300 187
1872310 187
1872320 188
1872330 188
1872340 188
1872350 189
1872360 189
1872370 189
1872380 189
1872390 189
1872400 190
1872410 190
1872420 190
1872430 190
1872440 190
1872450 191
1872460 191
1872470 191
1872480 190
1872490 190
1872500 190
1872510 190
1872520 190
1872530 190
1872540 190
1872550 190
1872560 190
1872570 189
1872580 189
1872590 189
1872600 189
1872610 189
1872620 189
1872630 188
1872640 188
1872650 188
1872660 188
1872670 188
1872680 187
1872690 187
1872700 187
1872710 187
1872720 186
1872730 187
1872740 186
1872750 186
1872760 186
1872770 186
1872780 185
1872790 185
1872800 185
1872810 185
1872820 185
1872830 185
1872840 185
1872850 184
1872860 184
1872870 184
1872880 184
1872890 183
1872900 183
1872910 182
1872920 180
1872930 180
1872940 179
1872950 178
1872960 178
1872970 177
1872980 176
1872990 176
1873000 175
1873010 174
1873020 174
1873030 174
1873040 174
1873050 174
1873060 174
1873070 175
1873080 175
1873090 175
1873100 175
1873110 175
1873120 174
1873130 174
1873140 174
1873150 174
1873160 173
1873170 173
1873180 173
1873190 173
1873200 173
1873210 173
1873220 173
1873230 173
1873240 173
1873250 172
1873260 172
1873270 171
1873280 171
1873290 171
1873300 171
1873310 170
1873320 170
1873330 170
1873340 170
1873350 170
1873360 170
1873370 170
1873380 170
1873390 170
1873400 170
1873410 170
1873420 170
1873430 170
1873440 170
1873450 170
1873460 170
1873470 170
1873480 170
1873490 170
1873500 170
1873510 170
1873520 170
1873530 170
1873540 171
1873550 171
1873560 171
1873570 171
1873580 171
1873590 171
1873600 171
1873610 172
1873620 172
1873630 172
1873640 172
1873650 172
1873660 173
1873670 173
1873680 173
1873690 173
1873700 173
1873710 173
1873720 173
1873730 174
1873740 174
1873750 174
1873760 174
1873770 174
1873780 175
1873790 175
1873800 175
1873810 175
1873820 175
1873830 175
1873840 175
1873850 176
1873860 176
1873870 176
1873880 176
1873890 176
1873900 176
1873910 177
1873920 177
1873930 177
1873940 177
1873950 177
1873960 177
1873970 178
1873980 178
1873990 178
1874000 178
1874010 178
1874020 179
1874030 179
1874040 179
1874050 179
1874060 180
1874070 180
1874080 180
1874090 181
1874100 181
1874110 181
1874120 181
1874130 181
1874140 182
1874150 182
1874160 182
1874170 182
1874180 182
1874190 182
1874200 183
1874210 183
1874220 183
1874230 183
1874240 183
1874250 183
1874260 184
1874270 184
1874280 184
1874290 184
1874300 184
1874310 184
1874320 184
1874330 184
1874340 185
1874350 186
1874360 186
1874370 187
1874380 188
1874390 188
1874400 189
1874410 191
1874420 191
1874430 191
1874440 192
1874450 192
1874460 193
1874470 193
1874480 193
1874490 193
1874500 192
1874510 192
1874520 191
1874530 189
1874540 189
1874550 187
1874560 185
1874570 185
1874580 183
1874590 182
1874600 182
1874610 181
1874620 180
1874630 180
1874640 179
1874650 179
1874660 179
1874670 179
1874680 178
1874690 178
1874700 178
1874710 179
1874720 179
1874730 179
1874740 177
1874750 177
1874760 177
1874770 176
1874780 176
1874790 176
1874800 176
1874810 176
1874820 175
1874830 175
1874840 175
1874850 174
1874860 173
1874870 173
1874880 171
1874890 170
1874900 170
1874910 170
1874920 171
1874930 171
1874940 173
1874950 175
1874960 175
1874970 175
1874980 176
1874990 176
1875000 176
1875010 176
1875020 176
1875030 176
1875040 176
1875050 176
1875060 176
1875070 174
1875080 174
1875090 174
1875100 173
1875110 173
1875120 172
1875130 172
1875140 172
1875150 172
1875160 173
1875170 173
1875180 173
1875190 172
1875200 172
1875210 167
1875220 160
1875230 160
1875240 153
1875250 148
1875260 148
1875270 148
1875280 149
1875290 149
1875300 148
1875310 147
1875320 147
1875330 145
1875340 145
1875350 145
1875360 145
1875370 145
1875380 145
1875390 145
1875400 146
1875410 147
1875420 148
1875430 145
1875440 145
1875450 145
1875460 145
1875470 145
1875480 145
1875490 145
1875500 145
1875510 144
1875520 143
1875530 143
1875540 142
1875550 142
1875560 142
1875570 142
1875580 143
1875590 143
1875600 144
1875610 145
1875620 145
1875630 144
1875640 144
1875650 144
1875660 144
1875670 144
1875680 144
1875690 144
1875700 144
1875710 143
1875720 143
1875730 143
1875740 143
1875750 143
1875760 143
1875770 143
1875780 143
1875790 143
1875800 143
1875810 144
1875820 144
1875830 144
1875840 144
1875850 144
1875860 144
1875870 144
1875880 144
1875890 142
1875900 142
1875910 142
1875920 142
1875930 142
1875940 142
1875950 142
1875960 142
1875970 142
1875980 142
1875990 142
1876000 142
1876010 144
1876020 145
1876030 145
1876040 144
1876050 143
1876060 143
1876070 143
1876080 143
1876090 143
