1860000 244
1860010 244
1860020 245
1860030 245
1860040 245
1860050 246
1860060 247
1860070 247
1860080 247
1860090 248
1860100 248
1860110 248
1860120 250
1860130 250
1860140 250
1860150 251
1860160 251
1860170 252
1860180 252
1860190 252
1860200 252
1860210 252
1860220 252
1860230 253
1860240 253
1860250 253
1860260 254
1860270 254
1860280 254
1860290 254
1860300 254
1860310 254
1860320 255
1860330 255
1860340 255
1860350 255
1860360 255
1860370 255
1860380 255
1860390 255
1860400 255
1860410 255
1860420 255
1860430 255
1860440 255
1860450 255
1860460 255
1860470 255
1860480 255
1860490 255
1860500 255
1860510 255
1860520 255
1860530 255
1860540 255
1860550 255
1860560 255
1860570 255
1860580 255
1860590 256
1860600 256
1860610 256
1860620 256
1860630 256
1860640 256
1860650 255
1860660 255
1860670 255
1860680 255
1860690 255
1860700 255
1860710 255
1860720 255
1860730 255
1860740 255
1860750 255
1860760 255
1860770 255
1860780 255
1860790 255
1860800 255
1860810 255
1860820 255
1860830 255
1860840 255
1860850 255
1860860 255
1860870 255
1860880 255
1860890 255
1860900 255
1860910 255
1860920 255
1860930 255
1860940 255
1860950 255
1860960 255
1860970 254
1860980 254
1860990 254
1861000 254
1861010 254
1861020 254
1861030 254
1861040 254
1861050 254
1861060 254
1861070 254
1861080 254
1861090 254
1861100 254
1861110 254
1861120 254
1861130 254
1861140 254
1861150 254
1861160 254
1861170 254
1861180 253
1861190 253
1861200 253
1861210 253
1861220 252
1861230 252
1861240 252
1861250 252
1861260 253
1861270 252
1861280 252
1861290 252
1861300 252
1861310 252
1861320 252
1861330 252
1861340 251
1861350 251
1861360 251
1861370 251
1861380 251
1861390 251
1861400 251
1861410 251
1861420 250
1861430 250
1861440 250
1861450 250
1861460 250
1861470 250
1861480 249
1861490 249
1861500 249
1861510 249
1861520 248
1861530 248
1861540 248
1861550 248
1861560 248
1861570 248
1861580 247
1861590 247
1861600 247
1861610 247
1861620 247
1861630 246
1861640 246
1861650 246
1861660 246
1861670 245
1861680 245
1861690 245
1861700 245
1861710 245
1861720 244
1861730 244
1861740 244
1861750 243
1861760 242
1861770 242
1861780 241
1861790 240
1861800 240
1861810 239
1861820 237
1861830 237
1861840 236
1861850 235
1861860 235
1861870 233
1861880 232
1861890 232
1861900 230
1861910 228
1861920 228
1861930 226
1861940 224
1861950 223
1861960 222
1861970 220
1861980 220
1861990 219
1862000 218
1862010 218
1862020 217
1862030 216
1862040 216
1862050 216
1862060 215
1862070 215
1862080 215
1862090 214
1862100 214
1862110 213
1862120 211
1862130 211
1862140 210
1862150 209
1862160 209
1862170 208
1862180 207
1862190 207
1862200 206
1862210 206
1862220 206
1862230 206
1862240 205
1862250 205
1862260 205
1862270 204
1862280 204
1862290 204
1862300 203
1862310 203
1862320 203
1862330 203
1862340 203
1862350 202
1862360 202
1862370 202
1862380 202
1862390 202
1862400 202
1862410 202
1862420 202
1862430 202
1862440 202
1862450 202
1862460 202
1862470 202
1862480 202
1862490 202
1862500 202
1862510 202
1862520 201
1862530 201
1862540 201
1862550 200
1862560 200
1862570 200
1862580 199
1862590 199
1862600 199
1862610 198
1862620 198
1862630 198
1862640 197
1862650 197
1862660 197
1862670 197
1862680 196
1862690 196
1862700 196
1862710 196
1862720 196
1862730 196
1862740 195
1862750 195
1862760 195
1862770 195
1862780 195
1862790 195
1862800 195
1862810 195
1862820 195
1862830 194
1862840 194
1862850 194
1862860 194
1862870 194
1862880 194
1862890 194
1862900 194
1862910 193
1862920 193
1862930 193
1862940 193
1862950 192
1862960 192
1862970 192
1862980 192
1862990 192
1863000 192
1863010 192
1863020 192
1863030 191
1863040 191
1863050 191
1863060 191
1863070 191
1863080 191
1863090 191
1863100 191
1863110 191
1863120 191
1863130 191
1863140 191
1863150 191
1863160 191
1863170 191
1863180 192
1863190 192
1863200 192
1863210 193
1863220 194
1863230 194
1863240 195
1863250 197
1863260 197
1863270 198
1863280 199
1863290 199
1863300 201
1863310 202
1863320 202
1863330 203
1863340 204
1863350 204
1863360 206
1863370 207
1863380 207
1863390 208
1863400 208
1863410 208
1863420 209
1863430 210
1863440 210
1863450 211
1863460 212
1863470 212
1863480 212
1863490 212
1863500 212
1863510 212
1863520 212
1863530 212
1863540 212
1863550 212
1863560 212
1863570 211
1863580 210
1863590 210
1863600 209
1863610 208
1863620 208
1863630 207
1863640 207
1863650 207
1863660 208
1863670 209
1863680 209
1863690 210
1863700 211
1863710 211
1863720 212
1863730 215
1863740 215
1863750 216
1863760 218
1863770 218
1863780 220
1863790 220
1863800 220
1863810 220
1863820 221
1863830 221
1863840 221
1863850 221
1863860 221
1863870 221
1863880 221
1863890 221
1863900 221
1863910 221
1863920 221
1863930 221
1863940 221
1863950 221
1863960 221
1863970 221
1863980 220
1863990 220
1864000 220
1864010 220
1864020 219
1864030 219
1864040 219
1864050 218
1864060 218
1864070 218
1864080 218
1864090 218
1864100 217
1864110 217
1864120 217
1864130 217
1864140 216
1864150 216
1864160 216
1864170 215
1864180 215
1864190 215
1864200 215
1864210 215
1864220 214
1864230 214
1864240 214
1864250 213
1864260 213
1864270 213
1864280 212
1864290 212
1864300 212
1864310 211
1864320 210
1864330 210
1864340 209
1864350 208
1864360 207
1864370 206
1864380 205
1864390 205
1864400 205
1864410 204
1864420 204
1864430 204
1864440 203
1864450 203
1864460 203
1864470 203
1864480 203
1864490 203
1864500 202
1864510 202
1864520 202
1864530 202
1864540 202
1864550 202
1864560 202
1864570 202
1864580 202
1864590 202
1864600 202
1864610 203
1864620 203
1864630 203
1864640 203
1864650 203
1864660 203
1864670 203
1864680 203
1864690 203
1864700 203
1864710 203
1864720 203
1864730 204
1864740 204
1864750 204
1864760 204
1864770 204
1864780 204
1864790 204
1864800 204
1864810 204
1864820 205
1864830 205
1864840 205
1864850 204
1864860 203
1864870 203
1864880 202
1864890 202
1864900 202
1864910 203
1864920 203
1864930 203
1864940 204
1864950 204
1864960 204
1864970 205
1864980 205
1864990 205
1865000 205
1865010 204
1865020 204
1865030 205
1865040 205
1865050 206
1865060 206
1865070 206
1865080 206
1865090 207
1865100 207
1865110 207
1865120 208
1865130 208
1865140 208
1865150 209
1865160 209
1865170 209
1865180 210
1865190 210
1865200 210
1865210 210
1865220 211
1865230 211
1865240 211
1865250 211
1865260 211
1865270 212
1865280 212
1865290 212
1865300 213
1865310 213
1865320 213
1865330 213
1865340 213
1865350 213
1865360 213
1865370 213
1865380 213
1865390 213
1865400 213
1865410 213
1865420 213
1865430 213
1865440 212
1865450 211
1865460 211
1865470 210
1865480 210
1865490 210
1865500 209
1865510 209
1865520 209
1865530 210
1865540 211
1865550 211
1865560 212
1865570 213
1865580 213
1865590 213
1865600 213
1865610 213
1865620 213
1865630 213
1865640 213
1865650 214
1865660 214
1865670 214
1865680 214
1865690 214
1865700 214
1865710 213
1865720 213
1865730 213
1865740 213
1865750 213
1865760 213
1865770 213
1865780 213
1865790 213
1865800 213
1865810 212
1865820 212
1865830 212
1865840 212
1865850 212
1865860 211
1865870 211
1865880 211
1865890 211
1865900 211
1865910 211
1865920 210
1865930 210
1865940 210
1865950 209
1865960 209
1865970 209
1865980 209
1865990 208
1866000 208
1866010 208
1866020 207
1866030 207
1866040 207
1866050 206
1866060 206
1866070 205
1866080 204
1866090 204
1866100 203
1866110 203
1866120 203
1866130 202
1866140 201
1866150 201
1866160 200
1866170 199
1866180 199
1866190 199
1866200 198
1866210 198
1866220 198
1866230 197
1866240 197
1866250 197
1866260 197
1866270 197
1866280 196
1866290 196
1866300 196
1866310 196
1866320 195
1866330 195
1866340 195
1866350 195
1866360 195
1866370 194
1866380 193
1866390 193
1866400 193
1866410 192
1866420 192
1866430 192
1866440 192
1866450 192
1866460 192
1866470 191
1866480 191
1866490 191
1866500 191
1866510 191
1866520 191
1866530 191
1866540 191
1866550 190
1866560 190
1866570 190
1866580 190
1866590 190
1866600 190
1866610 190
1866620 189
1866630 189
1866640 189
1866650 189
1866660 189
1866670 189
1866680 189
1866690 189
1866700 189
1866710 189
1866720 189
1866730 189
1866740 189
1866750 190
1866760 191
1866770 191
1866780 191
1866790 191
1866800 191
1866810 191
1866820 190
1866830 190
1866840 189
1866850 188
1866860 188
1866870 186
1866880 185
1866890 185
1866900 184
1866910 183
1866920 183
1866930 183
1866940 182
1866950 182
1866960 182
1866970 182
1866980 182
1866990 183
1867000 184
1867010 184
1867020 184
1867030 184
1867040 184
1867050 185
1867060 185
1867070 185
1867080 185
1867090 187
1867100 187
1867110 187
1867120 187
1867130 187
1867140 187
1867150 187
1867160 187
1867170 186
1867180 186
1867190 186
1867200 185
1867210 185
1867220 185
1867230 184
1867240 183
1867250 183
1867260 182
1867270 182
1867280 182
1867290 181
1867300 180
1867310 180
1867320 179
1867330 178
1867340 178
1867350 177
1867360 177
1867370 177
1867380 177
1867390 176
1867400 176
1867410 176
1867420 176
1867430 176
1867440 176
1867450 175
1867460 175
1867470 175
1867480 175
1867490 175
1867500 175
1867510 175
1867520 175
1867530 175
1867540 175
1867550 175
1867560 174
1867570 174
1867580 174
1867590 173
1867600 173
1867610 173
1867620 172
1867630 171
1867640 171
1867650 170
1867660 170
1867670 170
1867680 169
1867690 168
1867700 168
1867710 168
1867720 168
1867730 168
1867740 167
1867750 167
1867760 167
1867770 167
1867780 167
1867790 167
1867800 167
1867810 166
1867820 166
1867830 166
1867840 166
1867850 166
1867860 166
1867870 166
1867880 166
1867890 166
1867900 166
1867910 166
1867920 166
1867930 166
1867940 166
1867950 166
1867960 167
1867970 167
1867980 167
1867990 167
1868000 167
1868010 167
1868020 167
1868030 167
1868040 168
1868050 168
1868060 168
1868070 169
1868080 170
1868090 170
1868100 171
1868110 172
1868120 172
1868130 172
1868140 172
1868150 172
1868160 172
1868170 172
1868180 172
1868190 172
1868200 172
1868210 171
1868220 171
1868230 171
1868240 171
1868250 170
1868260 170
1868270 170
1868280 169
1868290 169
1868300 169
1868310 168
1868320 168
1868330 167
1868340 167
1868350 167
1868360 166
1868370 166
1868380 166
1868390 166
1868400 166
1868410 166
1868420 167
1868430 167
1868440 167
1868450 167
1868460 167
1868470 167
1868480 168
1868490 169
1868500 169
1868510 170
1868520 170
1868530 170
1868540 170
1868550 170
1868560 170
1868570 170
1868580 170
1868590 170
1868600 171
1868610 171
1868620 171
1868630 171
1868640 171
1868650 171
1868660 171
1868670 172
1868680 172
1868690 172
1868700 172
1868710 172
1868720 172
1868730 173
1868740 173
1868750 173
1868760 173
1868770 173
1868780 173
1868790 173
1868800 173
1868810 173
1868820 173
1868830 173
1868840 173
1868850 173
1868860 173
1868870 173
1868880 173
1868890 173
1868900 173
1868910 173
1868920 173
1868930 173
1868940 173
1868950 173
1868960 173
1868970 173
1868980 173
1868990 173
1869000 174
1869010 174
1869020 174
1869030 174
1869040 174
1869050 174
1869060 174
1869070 174
1869080 174
1869090 174
1869100 174
1869110 174
1869120 174
1869130 175
1869140 175
1869150 175
1869160 175
1869170 174
1869180 174
1869190 174
1869200 174
1869210 174
1869220 174
1869230 174
1869240 174
1869250 174
1869260 174
1869270 174
1869280 174
1869290 174
1869300 174
1869310 174
1869320 173
1869330 173
1869340 173
1869350 172
1869360 171
1869370 171
1869380 171
1869390 172
1869400 172
1869410 171
1869420 171
1869430 171
1869440 171
1869450 171
1869460 171
1869470 173
1869480 174
1869490 174
1869500 175
1869510 176
1869520 176
1869530 177
1869540 175
1869550 175
1869560 175
1869570 175
1869580 176
1869590 178
1869600 178
1869610 178
1869620 181
1869630 181
1869640 181
1869650 182
1869660 182
1869670 182
1869680 183
1869690 183
1869700 183
1869710 183
1869720 183
1869730 183
1869740 183
1869750 183
1869760 183
1869770 183
1869780 183
1869790 183
1869800 182
1869810 183
1869820 183
1869830 183
1869840 183
1869850 183
1869860 183
1869870 183
1869880 183
1869890 183
1869900 183
1869910 183
1869920 183
1869930 183
1869940 182
1869950 182
1869960 182
1869970 182
1869980 181
1869990 181
1870000 181
1870010 180
1870020 180
1870030 179
1870040 179
1870050 179
1870060 178
1870070 178
1870080 178
1870090 178
1870100 178
1870110 178
1870120 178
1870130 178
1870140 178
1870150 179
1870160 179
1870170 179
1870180 179
1870190 179
1870200 179
1870210 179
1870220 179
1870230 179
1870240 179
1870250 178
1870260 178
1870270 179
1870280 179
1870290 179
1870300 179
1870310 180
1870320 180
1870330 180
1870340 179
1870350 179
1870360 179
1870370 178
1870380 178
1870390 177
1870400 176
1870410 176
1870420 175
1870430 174
1870440 174
1870450 174
1870460 173
1870470 173
1870480 173
1870490 173
1870500 173
1870510 173
1870520 174
1870530 174
1870540 176
1870550 177
1870560 177
1870570 177
1870580 178
1870590 178
1870600 178
1870610 179
1870620 179
1870630 181
1870640 182
1870650 182
1870660 184
1870670 185
1870680 185
1870690 186
1870700 187
1870710 187
1870720 187
1870730 187
1870740 187
1870750 187
1870760 187
1870770 187
1870780 188
1870790 189
1870800 189
1870810 190
1870820 191
1870830 191
1870840 191
1870850 192
1870860 192
1870870 192
1870880 192
1870890 192
1870900 192
1870910 192
1870920 192
1870930 192
1870940 191
1870950 191
1870960 191
1870970 191
1870980 191
1870990 191
1871000 191
1871010 191
1871020 191
1871030 191
1871040 191
1871050 191
1871060 191
1871070 191
1871080 192
1871090 192
1871100 192
1871110 191
1871120 191
1871130 191
1871140 191
1871150 191
1871160 190
1871170 189
1871180 189
1871190 188
1871200 186
1871210 186
1871220 185
1871230 183
1871240 183
1871250 182
1871260 181
1871270 181
1871280 180
1871290 177
1871300 177
1871310 177
1871320 178
1871330 178
1871340 178
1871350 179
1871360 179
1871370 180
1871380 182
1871390 182
1871400 184
1871410 187
1871420 187
1871430 189
1871440 191
1871450 191
1871460 191
1871470 192
1871480 192
1871490 194
1871500 195
1871510 195
1871520 195
1871530 196
1871540 196
1871550 196
1871560 197
1871570 197
1871580 197
1871590 197
1871600 197
1871610 197
1871620 197
1871630 197
1871640 197
1871650 197
1871660 197
1871670 197
1871680 197
1871690 197
1871700 196
1871710 196
1871720 196
1871730 196
1871740 196
1871750 196
1871760 196
1871770 195
1871780 195
1871790 195
1871800 195
1871810 195
1871820 194
1871830 194
1871840 194
1871850 193
1871860 193
1871870 193
1871880 192
1871890 192
1871900 192
1871910 191
1871920 190
1871930 190
1871940 190
1871950 189
1871960 189
1871970 188
1871980 188
1871990 188
1872000 187
1872010 187
1872020 187
1872030 186
1872040 186
1872050 186
1872060 185
1872070 184
1872080 184
1872090 183
1872100 183
1872110 183
1872120 182
1872130 181
1872140 181
1872150 180
1872160 179
1872170 179
1872180 178
1872190 177
1872200 177
1872210 178
1872220 178
1872230 178
1872240 179
1872250 180
1872260 180
1872270 181
1872280 182
1872290 182
1872300 183
1872310 184
1872320 184
1872330 185
1872340 185
1872350 185
1872360 186
1872370 186
1872380 186
1872390 186
1872400 186
1872410 186
1872420 186
1872430 186
1872440 187
1872450 187
1872460 187
1872470 187
1872480 187
1872490 187
1872500 187
1872510 187
1872520 187
1872530 187
1872540 187
1872550 187
1872560 187
1872570 187
1872580 187
1872590 187
1872600 186
1872610 186
1872620 186
1872630 186
1872640 186
1872650 186
1872660 185
1872670 185
1872680 185
1872690 185
1872700 185
1872710 185
1872720 185
1872730 185
1872740 184
1872750 184
1872760 184
1872770 184
1872780 184
1872790 184
1872800 183
1872810 183
1872820 183
1872830 183
1872840 183
1872850 183
1872860 183
1872870 183
1872880 183
1872890 182
1872900 182
1872910 182
1872920 181
1872930 180
1872940 180
1872950 179
1872960 178
1872970 178
1872980 176
1872990 176
1873000 176
1873010 174
1873020 174
1873030 174
1873040 173
1873050 173
1873060 173
1873070 173
1873080 173
1873090 173
1873100 173
1873110 173
1873120 173
1873130 173
1873140 173
1873150 173
1873160 173
1873170 173
1873180 173
1873190 171
1873200 171
1873210 171
1873220 171
1873230 170
1873240 170
1873250 170
1873260 170
1873270 170
1873280 170
1873290 170
1873300 170
1873310 169
1873320 169
1873330 169
1873340 169
1873350 169
1873360 169
1873370 169
1873380 168
1873390 168
1873400 168
1873410 168
1873420 168
1873430 169
1873440 169
1873450 169
1873460 169
1873470 169
1873480 169
1873490 169
1873500 170
1873510 170
1873520 170
1873530 170
1873540 170
1873550 170
1873560 171
1873570 171
1873580 171
1873590 171
1873600 171
1873610 171
1873620 172
1873630 172
1873640 172
1873650 172
1873660 172
1873670 172
1873680 172
1873690 172
1873700 172
1873710 173
1873720 173
1873730 173
1873740 173
1873750 173
1873760 173
1873770 174
1873780 174
1873790 174
1873800 174
1873810 174
1873820 175
1873830 175
1873840 175
1873850 175
1873860 175
1873870 176
1873880 176
1873890 176
1873900 176
1873910 176
1873920 176
1873930 176
1873940 176
1873950 176
1873960 176
1873970 177
1873980 177
1873990 177
1874000 177
1874010 177
1874020 177
1874030 177
1874040 177
1874050 178
1874060 178
1874070 178
1874080 178
1874090 178
1874100 178
1874110 179
1874120 179
1874130 179
1874140 179
1874150 179
1874160 179
1874170 179
1874180 180
1874190 180
1874200 180
1874210 180
1874220 180
1874230 180
1874240 180
1874250 180
1874260 180
1874270 180
1874280 180
1874290 180
1874300 180
1874310 180
1874320 181
1874330 182
1874340 182
1874350 183
1874360 183
1874370 183
1874380 184
1874390 185
1874400 185
1874410 186
1874420 187
1874430 187
1874440 188
1874450 189
1874460 189
1874470 189
1874480 190
1874490 190
1874500 191
1874510 192
1874520 192
1874530 192
1874540 192
1874550 192
1874560 191
1874570 190
1874580 190
1874590 189
1874600 189
1874610 189
1874620 188
1874630 188
1874640 188
1874650 188
1874660 188
1874670 188
1874680 187
1874690 187
1874700 187
1874710 186
1874720 185
1874730 185
1874740 184
1874750 183
1874760 183
1874770 183
1874780 182
1874790 182
1874800 181
1874810 180
1874820 180
1874830 179
1874840 177
1874850 177
1874860 175
1874870 174
1874880 174
1874890 173
1874900 176
1874910 176
1874920 177
1874930 178
1874940 178
1874950 178
1874960 178
1874970 178
1874980 178
1874990 179
1875000 179
1875010 179
1875020 179
1875030 179
1875040 179
1875050 179
1875060 179
1875070 179
1875080 179
1875090 179
1875100 178
1875110 178
1875120 178
1875130 178
1875140 178
1875150 178
1875160 177
1875170 176
1875180 176
1875190 176
1875200 175
1875210 175
1875220 175
1875230 175
1875240 166
1875250 157
1875260 157
1875270 151
1875280 149
1875290 149
1875300 148
1875310 146
1875320 146
1875330 144
1875340 144
1875350 144
1875360 144
1875370 144
1875380 144
1875390 144
1875400 144
1875410 144
1875420 144
1875430 145
1875440 145
1875450 146
1875460 148
1875470 148
1875480 146
1875490 144
1875500 144
1875510 144
1875520 144
1875530 144
1875540 144
1875550 144
1875560 144
1875570 144
1875580 144
1875590 144
1875600 144
1875610 145
1875620 145
1875630 145
1875640 145
1875650 145
1875660 145
1875670 145
1875680 145
1875690 144
1875700 144
1875710 144
1875720 144
1875730 143
1875740 143
1875750 143
1875760 143
1875770 143
1875780 143
1875790 144
1875800 144
1875810 144
1875820 144
1875830 144
1875840 144
1875850 144
1875860 144
1875870 144
1875880 144
1875890 144
1875900 143
1875910 143
1875920 143
1875930 142
1875940 142
1875950 142
1875960 142
1875970 142
1875980 142
1875990 142
1876000 142
1876010 142
1876020 142
1876030 143
1876040 143
1876050 143
1876060 143
1876070 143
1876080 143
1876090 143
1876100 143
1876110 143
1876120 143
1876130 143
1876140 143
