1860000 229
1860010 231
1860020 232
1860030 232
1860040 232
1860050 233
1860060 233
1860070 234
1860080 235
1860090 235
1860100 238
1860110 239
1860120 239
1860130 240
1860140 241
1860150 241
1860160 242
1860170 242
1860180 242
1860190 243
1860200 244
1860210 244
1860220 245
1860230 246
1860240 246
1860250 248
1860260 249
1860270 249
1860280 250
1860290 251
1860300 251
1860310 252
1860320 253
1860330 253
1860340 254
1860350 255
1860360 255
1860370 256
1860380 257
1860390 257
1860400 258
1860410 259
1860420 259
1860430 260
1860440 260
1860450 261
1860460 261
1860470 262
1860480 262
1860490 263
1860500 263
1860510 263
1860520 263
1860530 264
1860540 264
1860550 264
1860560 265
1860570 265
1860580 265
1860590 265
1860600 265
1860610 266
1860620 266
1860630 266
1860640 266
1860650 266
1860660 266
1860670 267
1860680 267
1860690 267
1860700 267
1860710 267
1860720 267
1860730 267
1860740 267
1860750 267
1860760 268
1860770 268
1860780 268
1860790 268
1860800 268
1860810 268
1860820 267
1860830 268
1860840 268
1860850 268
1860860 268
1860870 268
1860880 268
1860890 268
1860900 268
1860910 268
1860920 268
1860930 268
1860940 268
1860950 268
1860960 268
1860970 268
1860980 268
1860990 268
1861000 268
1861010 268
1861020 268
1861030 268
1861040 268
1861050 268
1861060 268
1861070 268
1861080 268
1861090 268
1861100 268
1861110 268
1861120 268
1861130 268
1861140 268
1861150 268
1861160 268
1861170 268
1861180 268
1861190 268
1861200 268
1861210 268
1861220 268
1861230 267
1861240 267
1861250 267
1861260 267
1861270 267
1861280 267
1861290 267
1861300 267
1861310 267
1861320 266
1861330 266
1861340 266
1861350 266
1861360 266
1861370 266
1861380 266
1861390 266
1861400 266
1861410 265
1861420 265
1861430 265
1861440 264
1861450 264
1861460 264
1861470 263
1861480 262
1861490 262
1861500 262
1861510 261
1861520 261
1861530 261
1861540 260
1861550 260
1861560 260
1861570 260
1861580 260
1861590 259
1861600 259
1861610 259
1861620 259
1861630 258
1861640 258
1861650 258
1861660 257
1861670 257
1861680 256
1861690 256
1861700 256
1861710 255
1861720 255
1861730 255
1861740 254
1861750 254
1861760 254
1861770 253
1861780 253
1861790 253
1861800 251
1861810 250
1861820 250
1861830 247
1861840 246
1861850 246
1861860 245
1861870 244
1861880 244
1861890 242
1861900 241
1861910 241
1861920 240
1861930 238
1861940 238
1861950 237
1861960 235
1861970 235
1861980 233
1861990 232
1862000 232
1862010 231
1862020 230
1862030 230
1862040 229
1862050 229
1862060 229
1862070 229
1862080 228
1862090 228
1862100 228
1862110 228
1862120 228
1862130 228
1862140 229
1862150 229
1862160 228
1862170 228
1862180 230
1862190 229
1862200 229
1862210 229
1862220 229
1862230 229
1862240 229
1862250 229
1862260 229
1862270 229
1862280 229
1862290 229
1862300 229
1862310 229
1862320 229
1862330 229
1862340 229
1862350 229
1862360 229
1862370 229
1862380 229
1862390 230
1862400 230
1862410 230
1862420 232
1862430 234
1862440 234
1862450 235
1862460 236
1862470 236
1862480 237
1862490 238
1862500 238
1862510 238
1862520 239
1862530 239
1862540 239
1862550 239
1862560 239
1862570 238
1862580 237
1862590 237
1862600 236
1862610 236
1862620 236
1862630 235
1862640 235
1862650 235
1862660 234
1862670 234
1862680 234
1862690 233
1862700 232
1862710 232
1862720 230
1862730 229
1862740 229
1862750 227
1862760 225
1862770 225
1862780 223
1862790 221
1862800 221
1862810 220
1862820 218
1862830 218
1862840 216
1862850 215
1862860 215
1862870 215
1862880 214
1862890 214
1862900 213
1862910 212
1862920 212
1862930 212
1862940 212
1862950 212
1862960 212
1862970 212
1862980 212
1862990 212
1863000 212
1863010 212
1863020 212
1863030 212
1863040 212
1863050 211
1863060 210
1863070 210
1863080 209
1863090 208
1863100 208
1863110 207
1863120 207
1863130 207
1863140 207
1863150 207
1863160 207
1863170 207
1863180 207
1863190 207
1863200 208
1863210 209
1863220 209
1863230 210
1863240 212
1863250 212
1863260 214
1863270 216
1863280 216
1863290 218
1863300 219
1863310 219
1863320 221
1863330 222
1863340 222
1863350 223
1863360 225
1863370 225
1863380 226
1863390 227
1863400 227
1863410 228
1863420 228
1863430 228
1863440 229
1863450 229
1863460 229
1863470 230
1863480 231
1863490 231
1863500 232
1863510 232
1863520 232
1863530 233
1863540 233
1863550 234
1863560 234
1863570 234
1863580 234
1863590 234
1863600 234
1863610 234
1863620 234
1863630 233
1863640 233
1863650 232
1863660 231
1863670 231
1863680 229
1863690 228
1863700 228
1863710 227
1863720 227
1863730 227
1863740 226
1863750 226
1863760 225
1863770 224
1863780 224
1863790 224
1863800 223
1863810 223
1863820 222
1863830 221
1863840 221
1863850 221
1863860 220
1863870 220
1863880 218
1863890 217
1863900 217
1863910 215
1863920 213
1863930 213
1863940 212
1863950 212
1863960 212
1863970 212
1863980 213
1863990 213
1864000 214
1864010 215
1864020 215
1864030 217
1864040 218
1864050 218
1864060 219
1864070 219
1864080 219
1864090 220
1864100 220
1864110 220
1864120 221
1864130 221
1864140 221
1864150 222
1864160 222
1864170 222
1864180 223
1864190 223
1864200 223
1864210 223
1864220 223
1864230 223
1864240 223
1864250 222
1864260 222
1864270 221
1864280 220
1864290 220
1864300 219
1864310 218
1864320 218
1864330 217
1864340 216
1864350 216
1864360 215
1864370 214
1864380 214
1864390 213
1864400 213
1864410 213
1864420 212
1864430 212
1864440 212
1864450 211
1864460 211
1864470 211
1864480 210
1864490 210
1864500 210
1864510 209
1864520 208
1864530 208
1864540 208
1864550 208
1864560 208
1864570 208
1864580 208
1864590 208
1864600 208
1864610 208
1864620 208
1864630 209
1864640 209
1864650 209
1864660 210
1864670 211
1864680 211
1864690 211
1864700 212
1864710 212
1864720 212
1864730 213
1864740 213
1864750 213
1864760 213
1864770 213
1864780 213
1864790 213
1864800 213
1864810 214
1864820 214
1864830 214
1864840 214
1864850 213
1864860 213
1864870 213
1864880 212
1864890 212
1864900 212
1864910 212
1864920 212
1864930 211
1864940 211
1864950 211
1864960 211
1864970 211
1864980 211
1864990 210
1865000 210
1865010 210
1865020 209
1865030 209
1865040 209
1865050 209
1865060 208
1865070 208
1865080 208
1865090 208
1865100 208
1865110 208
1865120 208
1865130 208
1865140 208
1865150 208
1865160 208
1865170 208
1865180 208
1865190 208
1865200 208
1865210 208
1865220 207
1865230 207
1865240 207
1865250 207
1865260 208
1865270 208
1865280 208
1865290 208
1865300 208
1865310 208
1865320 208
1865330 208
1865340 207
1865350 207
1865360 207
1865370 207
1865380 207
1865390 207
1865400 207
1865410 207
1865420 207
1865430 207
1865440 207
1865450 207
1865460 207
1865470 207
1865480 207
1865490 206
1865500 206
1865510 206
1865520 205
1865530 204
1865540 204
1865550 204
1865560 205
1865570 205
1865580 206
1865590 206
1865600 206
1865610 208
1865620 208
1865630 208
1865640 208
1865650 208
1865660 208
1865670 208
1865680 208
1865690 208
1865700 209
1865710 209
1865720 209
1865730 209
1865740 210
1865750 210
1865760 210
1865770 210
1865780 210
1865790 211
1865800 211
1865810 211
1865820 212
1865830 212
1865840 212
1865850 212
1865860 213
1865870 213
1865880 213
1865890 213
1865900 213
1865910 213
1865920 214
1865930 214
1865940 214
1865950 214
1865960 214
1865970 214
1865980 214
1865990 214
1866000 215
1866010 215
1866020 215
1866030 214
1866040 214
1866050 214
1866060 214
1866070 214
1866080 214
1866090 213
1866100 213
1866110 213
1866120 212
1866130 212
1866140 212
1866150 211
1866160 210
1866170 210
1866180 209
1866190 207
1866200 207
1866210 206
1866220 204
1866230 204
1866240 202
1866250 201
1866260 201
1866270 201
1866280 200
1866290 201
1866300 201
1866310 201
1866320 201
1866330 201
1866340 201
1866350 201
1866360 201
1866370 202
1866380 202
1866390 202
1866400 201
1866410 201
1866420 201
1866430 200
1866440 200
1866450 199
1866460 198
1866470 198
1866480 196
1866490 196
1866500 194
1866510 193
1866520 193
1866530 192
1866540 191
1866550 191
1866560 190
1866570 190
1866580 190
1866590 189
1866600 190
1866610 190
1866620 190
1866630 189
1866640 189
1866650 189
1866660 188
1866670 188
1866680 188
1866690 188
1866700 188
1866710 188
1866720 187
1866730 187
1866740 187
1866750 187
1866760 187
1866770 187
1866780 187
1866790 187
1866800 187
1866810 187
1866820 187
1866830 186
1866840 186
1866850 186
1866860 185
1866870 185
1866880 185
1866890 184
1866900 184
1866910 184
1866920 183
1866930 183
1866940 183
1866950 183
1866960 183
1866970 184
1866980 184
1866990 185
1867000 185
1867010 186
1867020 187
1867030 187
1867040 188
1867050 188
1867060 188
1867070 188
1867080 187
1867090 187
1867100 187
1867110 186
1867120 186
1867130 187
1867140 187
1867150 187
1867160 189
1867170 191
1867180 191
1867190 192
1867200 193
1867210 193
1867220 195
1867230 196
1867240 196
1867250 196
1867260 197
1867270 197
1867280 197
1867290 198
1867300 198
1867310 198
1867320 199
1867330 199
1867340 199
1867350 198
1867360 198
1867370 197
1867380 196
1867390 196
1867400 195
1867410 193
1867420 193
1867430 192
1867440 193
1867450 193
1867460 193
1867470 193
1867480 193
1867490 191
1867500 194
1867510 194
1867520 196
1867530 198
1867540 198
1867550 200
1867560 201
1867570 201
1867580 203
1867590 205
1867600 205
1867610 208
1867620 210
1867630 210
1867640 211
1867650 212
1867660 212
1867670 213
1867680 214
1867690 214
1867700 215
1867710 216
1867720 216
1867730 217
1867740 218
1867750 218
1867760 219
1867770 220
1867780 220
1867790 221
1867800 221
1867810 221
1867820 222
1867830 222
1867840 223
1867850 224
1867860 224
1867870 225
1867880 226
1867890 226
1867900 227
1867910 227
1867920 227
1867930 228
1867940 229
1867950 229
1867960 229
1867970 230
1867980 230
1867990 231
1868000 232
1868010 232
1868020 232
1868030 232
1868040 232
1868050 233
1868060 234
1868070 234
1868080 234
1868090 234
1868100 234
1868110 235
1868120 235
1868130 235
1868140 235
1868150 235
1868160 235
1868170 235
1868180 235
1868190 235
1868200 235
1868210 234
1868220 234
1868230 234
1868240 233
1868250 233
1868260 232
1868270 231
1868280 231
1868290 230
1868300 229
1868310 229
1868320 227
1868330 226
1868340 226
1868350 225
1868360 223
1868370 223
1868380 222
1868390 221
1868400 221
1868410 220
1868420 220
1868430 220
1868440 219
1868450 219
1868460 219
1868470 219
1868480 220
1868490 220
1868500 220
1868510 221
1868520 221
1868530 221
1868540 221
1868550 221
1868560 222
1868570 224
1868580 224
1868590 225
1868600 227
1868610 227
1868620 229
1868630 231
1868640 231
1868650 232
1868660 234
1868670 235
1868680 236
1868690 237
1868700 237
1868710 239
1868720 240
1868730 240
1868740 242
1868750 243
1868760 243
1868770 244
1868780 245
1868790 245
1868800 245
1868810 246
1868820 246
1868830 246
1868840 246
1868850 246
1868860 246
1868870 246
1868880 246
1868890 246
1868900 245
1868910 245
1868920 245
1868930 245
1868940 245
1868950 244
1868960 244
1868970 244
1868980 243
1868990 243
1869000 243
1869010 241
1869020 241
1869030 241
1869040 240
1869050 240
1869060 240
1869070 239
1869080 239
1869090 239
1869100 239
1869110 238
1869120 238
1869130 238
1869140 238
1869150 238
1869160 238
1869170 238
1869180 238
1869190 238
1869200 238
1869210 238
1869220 237
1869230 237
1869240 237
1869250 237
1869260 237
1869270 237
1869280 237
1869290 237
1869300 236
1869310 236
1869320 236
1869330 236
1869340 236
1869350 236
1869360 235
1869370 235
1869380 235
1869390 235
1869400 235
1869410 235
1869420 235
1869430 234
1869440 234
1869450 234
1869460 234
1869470 234
1869480 233
1869490 233
1869500 233
1869510 233
1869520 232
1869530 232
1869540 232
1869550 232
1869560 232
1869570 231
1869580 231
1869590 231
1869600 231
1869610 230
1869620 230
1869630 230
1869640 230
1869650 230
1869660 229
1869670 229
1869680 229
1869690 228
1869700 228
1869710 228
1869720 227
1869730 227
1869740 227
1869750 227
1869760 227
1869770 227
1869780 226
1869790 226
1869800 226
1869810 226
1869820 226
1869830 226
1869840 226
1869850 225
1869860 225
1869870 225
1869880 225
1869890 225
1869900 225
1869910 225
1869920 225
1869930 225
1869940 225
1869950 225
1869960 225
1869970 225
1869980 225
1869990 226
1870000 226
1870010 226
1870020 226
1870030 227
1870040 227
1870050 227
1870060 227
1870070 227
1870080 227
1870090 228
1870100 228
1870110 228
1870120 228
1870130 228
1870140 228
1870150 229
1870160 229
1870170 229
1870180 229
1870190 229
1870200 229
1870210 230
1870220 230
1870230 230
1870240 230
1870250 230
1870260 230
1870270 231
1870280 231
1870290 231
1870300 231
1870310 231
1870320 231
1870330 231
1870340 231
1870350 231
1870360 231
1870370 231
1870380 230
1870390 230
1870400 230
1870410 230
1870420 230
1870430 230
1870440 230
1870450 230
1870460 230
1870470 230
1870480 230
1870490 230
1870500 230
1870510 230
1870520 230
1870530 231
1870540 231
1870550 231
1870560 232
1870570 232
1870580 232
1870590 233
1870600 233
1870610 233
1870620 234
1870630 234
1870640 234
1870650 235
1870660 235
1870670 236
1870680 236
1870690 236
1870700 237
1870710 238
1870720 238
1870730 239
1870740 240
1870750 240
1870760 241
1870770 241
1870780 241
1870790 241
1870800 242
1870810 242
1870820 242
1870830 242
1870840 242
1870850 243
1870860 243
1870870 243
1870880 244
1870890 244
1870900 244
1870910 244
1870920 245
1870930 245
1870940 245
1870950 245
1870960 245
1870970 246
1870980 246
1870990 246
1871000 246
1871010 246
1871020 246
1871030 246
1871040 247
1871050 247
1871060 247
1871070 247
1871080 247
1871090 248
1871100 248
1871110 248
1871120 248
1871130 248
1871140 248
1871150 248
1871160 247
1871170 247
1871180 247
1871190 247
1871200 247
1871210 247
1871220 246
1871230 246
1871240 246
1871250 246
1871260 246
1871270 245
1871280 244
1871290 244
1871300 242
1871310 241
1871320 241
1871330 240
1871340 238
1871350 238
1871360 237
1871370 236
1871380 236
1871390 235
1871400 234
1871410 234
1871420 234
1871430 233
1871440 233
1871450 233
1871460 232
1871470 232
1871480 232
1871490 231
1871500 231
1871510 231
1871520 230
1871530 230
1871540 230
1871550 229
1871560 229
1871570 228
1871580 227
1871590 227
1871600 226
1871610 225
1871620 225
1871630 224
1871640 222
1871650 222
1871660 221
1871670 219
1871680 219
1871690 218
1871700 216
1871710 216
1871720 215
1871730 214
1871740 214
1871750 214
1871760 213
1871770 213
1871780 212
1871790 212
1871800 212
1871810 211
1871820 211
1871830 211
1871840 210
1871850 210
1871860 210
1871870 209
1871880 209
1871890 209
1871900 209
1871910 209
1871920 209
1871930 208
1871940 208
1871950 208
1871960 208
1871970 208
1871980 208
1871990 209
1872000 209
1872010 209
1872020 209
1872030 209
1872040 208
1872050 211
1872060 211
1872070 211
1872080 211
1872090 211
1872100 211
1872110 211
1872120 211
1872130 212
1872140 214
1872150 214
1872160 215
1872170 216
1872180 216
1872190 218
1872200 219
1872210 219
1872220 220
1872230 221
1872240 221
1872250 222
1872260 223
1872270 223
1872280 223
1872290 223
1872300 223
1872310 223
1872320 223
1872330 223
1872340 223
1872350 223
1872360 223
1872370 224
1872380 226
1872390 226
1872400 226
1872410 227
1872420 227
1872430 227
1872440 228
1872450 228
1872460 228
1872470 227
1872480 227
1872490 227
1872500 225
1872510 225
1872520 223
1872530 222
1872540 222
1872550 220
1872560 217
1872570 217
1872580 215
1872590 214
1872600 214
1872610 212
1872620 210
1872630 210
1872640 209
1872650 208
1872660 208
1872670 208
1872680 207
1872690 207
1872700 207
1872710 206
1872720 207
1872730 206
1872740 206
1872750 206
1872760 205
1872770 205
1872780 205
1872790 205
1872800 206
1872810 206
1872820 207
1872830 208
1872840 208
1872850 210
1872860 211
1872870 211
1872880 212
1872890 213
1872900 213
1872910 214
1872920 214
1872930 214
1872940 214
1872950 213
1872960 213
1872970 212
1872980 211
1872990 211
1873000 210
1873010 208
1873020 208
1873030 207
1873040 206
1873050 207
1873060 206
1873070 205
1873080 205
1873090 205
1873100 206
1873110 206
1873120 206
1873130 207
1873140 207
1873150 208
1873160 208
1873170 208
1873180 208
1873190 208
1873200 208
1873210 208
1873220 208
1873230 208
1873240 208
1873250 208
1873260 207
1873270 207
1873280 207
1873290 208
1873300 208
1873310 208
1873320 208
1873330 207
1873340 207
1873350 207
1873360 208
1873370 208
1873380 208
1873390 208
1873400 208
1873410 208
1873420 208
1873430 208
1873440 208
1873450 208
1873460 208
1873470 207
1873480 207
1873490 207
1873500 207
1873510 207
1873520 207
1873530 207
1873540 207
1873550 207
1873560 206
1873570 206
1873580 206
1873590 206
1873600 206
1873610 206
1873620 206
1873630 205
1873640 205
1873650 204
1873660 204
1873670 204
1873680 204
1873690 203
1873700 203
1873710 203
1873720 202
1873730 202
1873740 202
1873750 201
1873760 201
1873770 200
1873780 200
1873790 200
1873800 199
1873810 198
1873820 198
1873830 198
1873840 197
1873850 197
1873860 197
1873870 196
1873880 196
1873890 196
1873900 195
1873910 195
1873920 194
1873930 194
1873940 194
1873950 193
1873960 192
1873970 192
1873980 191
1873990 190
1874000 190
1874010 189
1874020 189
1874030 189
1874040 189
1874050 188
1874060 187
1874070 185
1874080 184
1874090 184
1874100 184
1874110 184
1874120 184
1874130 184
1874140 183
1874150 183
1874160 182
1874170 182
1874180 182
1874190 179
1874200 177
1874210 177
1874220 176
1874230 176
1874240 176
1874250 176
1874260 175
1874270 175
1874280 175
1874290 175
1874300 175
1874310 176
1874320 177
1874330 177
1874340 177
1874350 178
1874360 178
1874370 179
1874380 180
1874390 181
1874400 182
1874410 182
1874420 182
1874430 182
1874440 182
1874450 182
1874460 182
1874470 182
1874480 182
1874490 182
1874500 182
1874510 182
1874520 185
1874530 186
1874540 186
1874550 185
1874560 184
1874570 184
1874580 186
1874590 186
1874600 188
1874610 188
1874620 188
1874630 187
1874640 187
1874650 187
1874660 186
1874670 185
1874680 185
1874690 183
1874700 182
1874710 182
1874720 180
1874730 179
1874740 179
1874750 178
1874760 176
1874770 176
1874780 175
1874790 174
1874800 174
1874810 173
1874820 172
1874830 172
1874840 171
1874850 171
1874860 171
1874870 170
1874880 170
1874890 170
1874900 169
1874910 162
1874920 162
1874930 155
1874940 152
1874950 152
1874960 151
1874970 151
1874980 151
1874990 151
1875000 150
1875010 150
1875020 148
1875030 147
1875040 147
1875050 147
1875060 147
1875070 147
1875080 146
1875090 146
1875100 146
1875110 146
1875120 146
1875130 146
1875140 146
1875150 146
1875160 146
1875170 146
1875180 146
1875190 146
1875200 146
1875210 146
1875220 146
1875230 146
1875240 146
1875250 146
1875260 146
1875270 146
1875280 146
1875290 146
1875300 145
1875310 145
1875320 145
1875330 146
1875340 146
1875350 148
1875360 148
1875370 148
1875380 147
1875390 144
1875400 144
1875410 145
1875420 145
1875430 145
1875440 145
1875450 145
1875460 145
1875470 145
1875480 145
1875490 145
1875500 145
1875510 145
1875520 145
1875530 145
1875540 145
1875550 145
1875560 145
1875570 145
1875580 145
1875590 145
1875600 145
1875610 145
1875620 145
1875630 145
1875640 145
1875650 145
1875660 145
1875670 145
1875680 145
1875690 145
1875700 145
1875710 145
1875720 145
1875730 145
1875740 145
1875750 145
1875760 145
1875770 145
1875780 145
1875790 145
1875800 145
1875810 145
1875820 145
1875830 145
1875840 145
1875850 145
1875860 145
1875870 145
1875880 145
1875890 144
1875900 143
1875910 143
1875920 142
1875930 142
1875940 142
1875950 142
1875960 142
1875970 142
1875980 142
1875990 142
1876000 142
1876010 143
1876020 143
1876030 144
1876040 145
1876050 145
1876060 145
1876070 145
1876080 145
1876090 145
1876100 145
1876110 145
1876120 145
1876130 145
1876140 145
1876150 145
1876160 145
1876170 145
