1860000 244
1860010 244
1860020 245
1860030 246
1860040 246
1860050 247
1860060 248
1860070 248
1860080 249
1860090 250
1860100 250
1860110 250
1860120 251
1860130 251
1860140 252
1860150 252
1860160 252
1860170 253
1860180 254
1860190 254
1860200 255
1860210 255
1860220 255
1860230 256
1860240 257
1860250 257
1860260 257
1860270 258
1860280 258
1860290 258
1860300 259
1860310 259
1860320 259
1860330 260
1860340 260
1860350 260
1860360 261
1860370 261
1860380 261
1860390 261
1860400 261
1860410 262
1860420 262
1860430 262
1860440 262
1860450 262
1860460 262
1860470 263
1860480 263
1860490 263
1860500 263
1860510 263
1860520 263
1860530 263
1860540 263
1860550 263
1860560 263
1860570 263
1860580 263
1860590 263
1860600 263
1860610 263
1860620 263
1860630 262
1860640 262
1860650 262
1860660 262
1860670 262
1860680 262
1860690 262
1860700 262
1860710 261
1860720 261
1860730 261
1860740 261
1860750 262
1860760 262
1860770 262
1860780 262
1860790 262
1860800 262
1860810 262
1860820 262
1860830 262
1860840 262
1860850 262
1860860 263
1860870 263
1860880 263
1860890 263
1860900 263
1860910 263
1860920 263
1860930 263
1860940 263
1860950 263
1860960 263
1860970 263
1860980 263
1860990 263
1861000 263
1861010 263
1861020 263
1861030 263
1861040 262
1861050 262
1861060 262
1861070 262
1861080 262
1861090 262
1861100 262
1861110 262
1861120 262
1861130 262
1861140 262
1861150 262
1861160 262
1861170 262
1861180 262
1861190 262
1861200 263
1861210 263
1861220 263
1861230 263
1861240 263
1861250 264
1861260 264
1861270 264
1861280 264
1861290 264
1861300 264
1861310 265
1861320 264
1861330 264
1861340 264
1861350 264
1861360 264
1861370 264
1861380 264
1861390 263
1861400 263
1861410 263
1861420 262
1861430 261
1861440 261
1861450 261
1861460 260
1861470 260
1861480 260
1861490 259
1861500 259
1861510 258
1861520 258
1861530 258
1861540 257
1861550 256
1861560 256
1861570 255
1861580 254
1861590 254
1861600 254
1861610 253
1861620 253
1861630 252
1861640 251
1861650 251
1861660 250
1861670 249
1861680 249
1861690 248
1861700 247
1861710 247
1861720 246
1861730 245
1861740 245
1861750 243
1861760 243
1861770 243
1861780 242
1861790 241
1861800 241
1861810 241
1861820 240
1861830 240
1861840 240
1861850 240
1861860 240
1861870 240
1861880 240
1861890 240
1861900 241
1861910 241
1861920 241
1861930 241
1861940 242
1861950 242
1861960 243
1861970 244
1861980 244
1861990 245
1862000 246
1862010 246
1862020 247
1862030 248
1862040 248
1862050 249
1862060 250
1862070 250
1862080 250
1862090 252
1862100 252
1862110 253
1862120 253
1862130 253
1862140 253
1862150 253
1862160 253
1862170 252
1862180 252
1862190 252
1862200 252
1862210 252
1862220 252
1862230 252
1862240 251
1862250 251
1862260 251
1862270 250
1862280 250
1862290 250
1862300 249
1862310 249
1862320 249
1862330 249
1862340 249
1862350 249
1862360 249
1862370 249
1862380 249
1862390 250
1862400 250
1862410 250
1862420 250
1862430 250
1862440 249
1862450 247
1862460 247
1862470 245
1862480 243
1862490 243
1862500 241
1862510 239
1862520 239
1862530 238
1862540 236
1862550 236
1862560 234
1862570 233
1862580 233
1862590 231
1862600 230
1862610 230
1862620 230
1862630 229
1862640 229
1862650 229
1862660 230
1862670 230
1862680 231
1862690 232
1862700 232
1862710 231
1862720 231
1862730 230
1862740 229
1862750 229
1862760 228
1862770 227
1862780 226
1862790 224
1862800 223
1862810 223
1862820 222
1862830 221
1862840 221
1862850 219
1862860 218
1862870 218
1862880 216
1862890 214
1862900 214
1862910 212
1862920 210
1862930 210
1862940 209
1862950 208
1862960 208
1862970 207
1862980 206
1862990 206
1863000 205
1863010 205
1863020 205
1863030 205
1863040 206
1863050 206
1863060 206
1863070 206
1863080 206
1863090 207
1863100 209
1863110 209
1863120 210
1863130 213
1863140 213
1863150 215
1863160 216
1863170 216
1863180 218
1863190 219
1863200 219
1863210 219
1863220 219
1863230 219
1863240 218
1863250 218
1863260 218
1863270 219
1863280 220
1863290 220
1863300 221
1863310 222
1863320 222
1863330 223
1863340 225
1863350 225
1863360 226
1863370 228
1863380 228
1863390 230
1863400 232
1863410 232
1863420 233
1863430 234
1863440 234
1863450 235
1863460 235
1863470 236
1863480 236
1863490 236
1863500 236
1863510 236
1863520 236
1863530 236
1863540 236
1863550 236
1863560 236
1863570 236
1863580 236
1863590 236
1863600 236
1863610 236
1863620 236
1863630 236
1863640 235
1863650 235
1863660 235
1863670 234
1863680 234
1863690 233
1863700 231
1863710 231
1863720 230
1863730 228
1863740 228
1863750 226
1863760 225
1863770 225
1863780 224
1863790 223
1863800 223
1863810 222
1863820 219
1863830 219
1863840 217
1863850 214
1863860 214
1863870 212
1863880 210
1863890 210
1863900 210
1863910 209
1863920 209
1863930 209
1863940 209
1863950 209
1863960 210
1863970 213
1863980 213
1863990 216
1864000 219
1864010 219
1864020 220
1864030 221
1864040 221
1864050 222
1864060 222
1864070 222
1864080 221
1864090 221
1864100 220
1864110 219
1864120 219
1864130 217
1864140 215
1864150 215
1864160 211
1864170 210
1864180 210
1864190 210
1864200 210
1864210 210
1864220 211
1864230 212
1864240 212
1864250 212
1864260 213
1864270 213
1864280 213
1864290 213
1864300 213
1864310 213
1864320 213
1864330 213
1864340 213
1864350 213
1864360 213
1864370 212
1864380 212
1864390 212
1864400 211
1864410 210
1864420 210
1864430 209
1864440 208
1864450 208
1864460 208
1864470 206
1864480 206
1864490 205
1864500 203
1864510 203
1864520 203
1864530 204
1864540 204
1864550 204
1864560 205
1864570 205
1864580 206
1864590 207
1864600 207
1864610 208
1864620 209
1864630 209
1864640 209
1864650 209
1864660 209
1864670 210
1864680 210
1864690 210
1864700 211
1864710 211
1864720 211
1864730 211
1864740 211
1864750 211
1864760 211
1864770 211
1864780 211
1864790 211
1864800 211
1864810 211
1864820 211
1864830 211
1864840 211
1864850 211
1864860 211
1864870 211
1864880 211
1864890 211
1864900 211
1864910 211
1864920 211
1864930 211
1864940 212
1864950 212
1864960 212
1864970 212
1864980 212
1864990 212
1865000 212
1865010 213
1865020 213
1865030 213
1865040 214
1865050 214
1865060 214
1865070 215
1865080 215
1865090 215
1865100 214
1865110 214
1865120 215
1865130 215
1865140 215
1865150 215
1865160 215
1865170 215
1865180 216
1865190 217
1865200 217
1865210 217
1865220 217
1865230 217
1865240 218
1865250 218
1865260 218
1865270 219
1865280 219
1865290 219
1865300 219
1865310 219
1865320 219
1865330 219
1865340 219
1865350 219
1865360 219
1865370 218
1865380 218
1865390 217
1865400 216
1865410 216
1865420 215
1865430 213
1865440 213
1865450 212
1865460 212
1865470 211
1865480 210
1865490 210
1865500 209
1865510 209
1865520 209
1865530 210
1865540 211
1865550 211
1865560 211
1865570 211
1865580 211
1865590 211
1865600 211
1865610 211
1865620 211
1865630 211
1865640 211
1865650 211
1865660 211
1865670 211
1865680 211
1865690 212
1865700 212
1865710 212
1865720 213
1865730 213
1865740 213
1865750 214
1865760 214
1865770 214
1865780 214
1865790 214
1865800 215
1865810 215
1865820 215
1865830 215
1865840 216
1865850 216
1865860 216
1865870 216
1865880 216
1865890 216
1865900 217
1865910 217
1865920 217
1865930 216
1865940 216
1865950 216
1865960 215
1865970 215
1865980 215
1865990 214
1866000 214
1866010 214
1866020 213
1866030 213
1866040 213
1866050 212
1866060 212
1866070 211
1866080 211
1866090 211
1866100 210
1866110 209
1866120 209
1866130 209
1866140 208
1866150 208
1866160 207
1866170 206
1866180 206
1866190 206
1866200 206
1866210 205
1866220 205
1866230 204
1866240 204
1866250 203
1866260 201
1866270 201
1866280 200
1866290 199
1866300 199
1866310 197
1866320 196
1866330 196
1866340 195
1866350 195
1866360 195
1866370 195
1866380 195
1866390 195
1866400 195
1866410 196
1866420 196
1866430 197
1866440 199
1866450 199
1866460 201
1866470 202
1866480 202
1866490 202
1866500 202
1866510 202
1866520 203
1866530 204
1866540 204
1866550 206
1866560 206
1866570 206
1866580 206
1866590 206
1866600 206
1866610 205
1866620 205
1866630 205
1866640 205
1866650 204
1866660 204
1866670 204
1866680 204
1866690 204
1866700 203
1866710 203
1866720 203
1866730 202
1866740 201
1866750 201
1866760 201
1866770 200
1866780 200
1866790 198
1866800 198
1866810 197
1866820 195
1866830 195
1866840 192
1866850 191
1866860 191
1866870 191
1866880 190
1866890 191
1866900 190
1866910 189
1866920 189
1866930 189
1866940 189
1866950 189
1866960 188
1866970 188
1866980 188
1866990 188
1867000 188
1867010 188
1867020 189
1867030 189
1867040 189
1867050 190
1867060 191
1867070 191
1867080 193
1867090 196
1867100 196
1867110 197
1867120 198
1867130 198
1867140 199
1867150 199
1867160 199
1867170 200
1867180 201
1867190 201
1867200 201
1867210 202
1867220 202
1867230 203
1867240 204
1867250 204
1867260 205
1867270 205
1867280 205
1867290 206
1867300 206
1867310 206
1867320 207
1867330 208
1867340 208
1867350 209
1867360 209
1867370 209
1867380 211
1867390 212
1867400 212
1867410 213
1867420 213
1867430 213
1867440 213
1867450 212
1867460 212
1867470 211
1867480 209
1867490 209
1867500 208
1867510 206
1867520 206
1867530 205
1867540 204
1867550 204
1867560 204
1867570 204
1867580 204
1867590 204
1867600 204
1867610 204
1867620 205
1867630 206
1867640 206
1867650 207
1867660 208
1867670 208
1867680 209
1867690 212
1867700 212
1867710 215
1867720 219
1867730 219
1867740 222
1867750 225
1867760 225
1867770 228
1867780 230
1867790 230
1867800 231
1867810 232
1867820 232
1867830 233
1867840 236
1867850 236
1867860 237
1867870 237
1867880 237
1867890 238
1867900 239
1867910 239
1867920 240
1867930 240
1867940 240
1867950 241
1867960 241
1867970 241
1867980 242
1867990 242
1868000 242
1868010 243
1868020 243
1868030 243
1868040 243
1868050 243
1868060 243
1868070 244
1868080 244
1868090 244
1868100 243
1868110 243
1868120 243
1868130 243
1868140 243
1868150 243
1868160 242
1868170 242
1868180 242
1868190 242
1868200 242
1868210 242
1868220 241
1868230 241
1868240 241
1868250 241
1868260 241
1868270 241
1868280 240
1868290 240
1868300 240
1868310 240
1868320 240
1868330 240
1868340 240
1868350 240
1868360 239
1868370 239
1868380 239
1868390 239
1868400 238
1868410 238
1868420 238
1868430 237
1868440 237
1868450 237
1868460 237
1868470 237
1868480 237
1868490 238
1868500 238
1868510 238
1868520 239
1868530 239
1868540 240
1868550 241
1868560 241
1868570 242
1868580 243
1868590 244
1868600 245
1868610 245
1868620 245
1868630 245
1868640 246
1868650 246
1868660 246
1868670 246
1868680 246
1868690 246
1868700 246
1868710 246
1868720 246
1868730 246
1868740 246
1868750 246
1868760 246
1868770 246
1868780 245
1868790 245
1868800 245
1868810 243
1868820 242
1868830 242
1868840 241
1868850 239
1868860 239
1868870 238
1868880 237
1868890 237
1868900 235
1868910 234
1868920 234
1868930 233
1868940 232
1868950 232
1868960 231
1868970 231
1868980 231
1868990 230
1869000 230
1869010 230
1869020 231
1869030 231
1869040 231
1869050 232
1869060 232
1869070 232
1869080 232
1869090 233
1869100 233
1869110 233
1869120 233
1869130 233
1869140 233
1869150 233
1869160 233
1869170 233
1869180 233
1869190 233
1869200 233
1869210 233
1869220 233
1869230 233
1869240 233
1869250 233
1869260 233
1869270 233
1869280 233
1869290 233
1869300 233
1869310 233
1869320 233
1869330 233
1869340 233
1869350 233
1869360 233
1869370 233
1869380 233
1869390 233
1869400 233
1869410 233
1869420 232
1869430 232
1869440 232
1869450 231
1869460 231
1869470 231
1869480 231
1869490 231
1869500 229
1869510 229
1869520 228
1869530 227
1869540 227
1869550 226
1869560 225
1869570 225
1869580 225
1869590 224
1869600 224
1869610 223
1869620 223
1869630 223
1869640 222
1869650 221
1869660 221
1869670 220
1869680 219
1869690 219
1869700 219
1869710 218
1869720 218
1869730 217
1869740 217
1869750 217
1869760 217
1869770 217
1869780 217
1869790 217
1869800 218
1869810 218
1869820 219
1869830 221
1869840 221
1869850 221
1869860 222
1869870 222
1869880 223
1869890 223
1869900 223
1869910 224
1869920 225
1869930 225
1869940 226
1869950 226
1869960 226
1869970 226
1869980 227
1869990 227
1870000 228
1870010 228
1870020 228
1870030 229
1870040 229
1870050 229
1870060 230
1870070 230
1870080 230
1870090 230
1870100 231
1870110 231
1870120 231
1870130 231
1870140 231
1870150 231
1870160 231
1870170 231
1870180 232
1870190 232
1870200 232
1870210 232
1870220 232
1870230 232
1870240 232
1870250 233
1870260 233
1870270 233
1870280 233
1870290 233
1870300 233
1870310 234
1870320 234
1870330 234
1870340 234
1870350 234
1870360 235
1870370 235
1870380 235
1870390 235
1870400 236
1870410 236
1870420 236
1870430 236
1870440 236
1870450 237
1870460 237
1870470 237
1870480 237
1870490 238
1870500 238
1870510 238
1870520 238
1870530 238
1870540 239
1870550 239
1870560 239
1870570 240
1870580 240
1870590 240
1870600 241
1870610 242
1870620 242
1870630 243
1870640 243
1870650 243
1870660 244
1870670 245
1870680 245
1870690 245
1870700 246
1870710 246
1870720 246
1870730 247
1870740 247
1870750 248
1870760 248
1870770 248
1870780 248
1870790 249
1870800 249
1870810 249
1870820 250
1870830 250
1870840 250
1870850 250
1870860 250
1870870 251
1870880 251
1870890 251
1870900 251
1870910 251
1870920 251
1870930 252
1870940 252
1870950 252
1870960 252
1870970 252
1870980 252
1870990 252
1871000 252
1871010 252
1871020 252
1871030 252
1871040 252
1871050 251
1871060 251
1871070 251
1871080 251
1871090 251
1871100 251
1871110 250
1871120 250
1871130 250
1871140 250
1871150 250
1871160 250
1871170 249
1871180 249
1871190 249
1871200 249
1871210 249
1871220 248
1871230 248
1871240 248
1871250 247
1871260 247
1871270 247
1871280 247
1871290 246
1871300 246
1871310 246
1871320 245
1871330 245
1871340 244
1871350 243
1871360 243
1871370 242
1871380 242
1871390 242
1871400 241
1871410 240
1871420 240
1871430 239
1871440 238
1871450 238
1871460 237
1871470 236
1871480 236
1871490 235
1871500 234
1871510 234
1871520 233
1871530 231
1871540 231
1871550 230
1871560 230
1871570 230
1871580 229
1871590 228
1871600 228
1871610 227
1871620 227
1871630 228
1871640 227
1871650 228
1871660 228
1871670 228
1871680 228
1871690 228
1871700 227
1871710 227
1871720 227
1871730 227
1871740 227
1871750 227
1871760 228
1871770 228
1871780 228
1871790 228
1871800 229
1871810 229
1871820 229
1871830 230
1871840 230
1871850 230
1871860 231
1871870 231
1871880 232
1871890 232
1871900 232
1871910 233
1871920 233
1871930 233
1871940 234
1871950 234
1871960 235
1871970 235
1871980 236
1871990 236
1872000 236
1872010 236
1872020 236
1872030 236
1872040 236
1872050 236
1872060 236
1872070 236
1872080 236
1872090 237
1872100 237
1872110 237
1872120 237
1872130 237
1872140 237
1872150 237
1872160 236
1872170 236
1872180 236
1872190 236
1872200 236
1872210 236
1872220 236
1872230 236
1872240 236
1872250 236
1872260 236
1872270 236
1872280 236
1872290 236
1872300 236
1872310 236
1872320 236
1872330 235
1872340 235
1872350 235
1872360 234
1872370 234
1872380 234
1872390 234
1872400 234
1872410 233
1872420 232
1872430 232
1872440 232
1872450 231
1872460 231
1872470 231
1872480 230
1872490 230
1872500 229
1872510 229
1872520 229
1872530 228
1872540 227
1872550 227
1872560 227
1872570 226
1872580 226
1872590 226
1872600 225
1872610 225
1872620 225
1872630 224
1872640 225
1872650 224
1872660 224
1872670 224
1872680 224
1872690 223
1872700 223
1872710 223
1872720 223
1872730 223
1872740 222
1872750 222
1872760 222
1872770 222
1872780 222
1872790 222
1872800 221
1872810 221
1872820 221
1872830 221
1872840 220
1872850 220
1872860 220
1872870 219
1872880 219
1872890 219
1872900 219
1872910 219
1872920 219
1872930 219
1872940 219
1872950 218
1872960 217
1872970 215
1872980 213
1872990 211
1873000 211
1873010 209
1873020 207
1873030 207
1873040 204
1873050 202
1873060 202
1873070 200
1873080 198
1873090 198
1873100 196
1873110 195
1873120 195
1873130 193
1873140 192
1873150 192
1873160 191
1873170 191
1873180 191
1873190 190
1873200 189
1873210 189
1873220 189
1873230 189
1873240 189
1873250 188
1873260 188
1873270 188
1873280 188
1873290 189
1873300 189
1873310 187
1873320 187
1873330 187
1873340 188
1873350 188
1873360 188
1873370 189
1873380 190
1873390 190
1873400 191
1873410 192
1873420 192
1873430 195
1873440 197
1873450 197
1873460 197
1873470 197
1873480 197
1873490 197
1873500 197
1873510 197
1873520 198
1873530 198
1873540 200
1873550 201
1873560 201
1873570 201
1873580 201
1873590 201
1873600 201
1873610 201
1873620 201
1873630 201
1873640 200
1873650 200
1873660 199
1873670 199
1873680 199
1873690 198
1873700 197
1873710 197
1873720 197
1873730 196
1873740 196
1873750 195
1873760 195
1873770 195
1873780 194
1873790 194
1873800 194
1873810 193
1873820 193
1873830 193
1873840 192
1873850 192
1873860 192
1873870 192
1873880 191
1873890 191
1873900 191
1873910 190
1873920 190
1873930 190
1873940 190
1873950 190
1873960 190
1873970 190
1873980 191
1873990 191
1874000 191
1874010 191
1874020 191
1874030 191
1874040 191
1874050 191
1874060 191
1874070 191
1874080 192
1874090 192
1874100 192
1874110 193
1874120 193
1874130 193
1874140 194
1874150 194
1874160 194
1874170 195
1874180 195
1874190 195
1874200 195
1874210 189
1874220 189
1874230 184
1874240 191
1874250 191
1874260 194
1874270 194
1874280 194
1874290 193
1874300 193
1874310 194
1874320 196
1874330 195
1874340 195
1874350 194
1874360 195
1874370 195
1874380 197
1874390 197
1874400 197
1874410 196
1874420 196
1874430 196
1874440 195
1874450 194
1874460 194
1874470 194
1874480 193
1874490 193
1874500 191
1874510 190
1874520 190
1874530 188
1874540 186
1874550 186
1874560 185
1874570 184
1874580 184
1874590 182
1874600 181
1874610 181
1874620 180
1874630 179
1874640 179
1874650 177
1874660 175
1874670 175
1874680 174
1874690 171
1874700 171
1874710 170
1874720 169
1874730 169
1874740 168
1874750 168
1874760 168
1874770 169
1874780 171
1874790 171
1874800 172
1874810 172
1874820 172
1874830 171
1874840 170
1874850 170
1874860 168
1874870 168
1874880 163
1874890 156
1874900 156
1874910 153
1874920 152
1874930 152
1874940 150
1874950 148
1874960 148
1874970 147
1874980 147
1874990 147
1875000 146
1875010 145
1875020 145
1875030 145
1875040 145
1875050 145
1875060 145
1875070 145
1875080 145
1875090 145
1875100 145
1875110 145
1875120 145
1875130 145
1875140 145
1875150 145
1875160 145
1875170 145
1875180 145
1875190 145
1875200 145
1875210 146
1875220 145
1875230 145
1875240 145
1875250 145
1875260 145
1875270 145
1875280 145
1875290 145
1875300 145
1875310 146
1875320 146
1875330 145
1875340 146
1875350 146
1875360 148
1875370 147
1875380 147
1875390 148
1875400 146
1875410 146
1875420 145
1875430 145
1875440 145
1875450 145
1875460 145
1875470 145
1875480 145
1875490 145
1875500 145
1875510 145
1875520 145
1875530 145
1875540 145
1875550 145
1875560 145
1875570 145
1875580 145
1875590 145
1875600 145
1875610 143
1875620 143
1875630 143
1875640 143
1875650 143
1875660 143
1875670 142
1875680 142
1875690 143
1875700 143
1875710 143
1875720 143
1875730 143
1875740 143
1875750 144
1875760 144
1875770 144
1875780 144
1875790 144
1875800 144
1875810 144
1875820 144
1875830 144
1875840 144
1875850 144
1875860 144
1875870 144
1875880 144
1875890 144
1875900 144
1875910 145
1875920 145
1875930 145
1875940 145
1875950 145
1875960 145
1875970 145
1875980 145
1875990 145
1876000 145
1876010 145
1876020 145
1876030 145
1876040 145
1876050 145
1876060 143
1876070 143
1876080 142
1876090 142
1876100 142
1876110 142
1876120 142
1876130 142
1876140 142
1876150 142
1876160 142
1876170 142
1876180 142
1876190 142
1876200 144
1876210 145
1876220 145
1876230 145
1876240 145
1876250 144
1876260 144
1876270 144
1876280 144
1876290 144
1876300 144
1876310 145
1876320 145
1876330 145
1876340 145
1876350 145
1876360 145
1876370 145
