1860000 226
1860010 226
1860020 227
1860030 229
1860040 230
1860050 232
1860060 233
1860070 233
1860080 234
1860090 235
1860100 235
1860110 236
1860120 237
1860130 237
1860140 239
1860150 240
1860160 240
1860170 241
1860180 242
1860190 242
1860200 243
1860210 243
1860220 243
1860230 244
1860240 245
1860250 245
1860260 246
1860270 246
1860280 246
1860290 247
1860300 248
1860310 248
1860320 248
1860330 249
1860340 249
1860350 249
1860360 250
1860370 250
1860380 251
1860390 251
1860400 251
1860410 252
1860420 253
1860430 253
1860440 253
1860450 254
1860460 254
1860470 254
1860480 255
1860490 255
1860500 255
1860510 256
1860520 256
1860530 257
1860540 257
1860550 257
1860560 258
1860570 258
1860580 258
1860590 259
1860600 260
1860610 260
1860620 260
1860630 261
1860640 261
1860650 261
1860660 261
1860670 261
1860680 262
1860690 262
1860700 262
1860710 263
1860720 263
1860730 263
1860740 264
1860750 264
1860760 264
1860770 265
1860780 265
1860790 265
1860800 265
1860810 266
1860820 266
1860830 266
1860840 266
1860850 266
1860860 267
1860870 267
1860880 267
1860890 267
1860900 267
1860910 268
1860920 268
1860930 268
1860940 268
1860950 268
1860960 268
1860970 269
1860980 269
1860990 269
1861000 269
1861010 269
1861020 269
1861030 269
1861040 269
1861050 269
1861060 269
1861070 270
1861080 270
1861090 270
1861100 271
1861110 271
1861120 271
1861130 271
1861140 271
1861150 271
1861160 271
1861170 271
1861180 271
1861190 271
1861200 271
1861210 271
1861220 271
1861230 271
1861240 271
1861250 271
1861260 271
1861270 271
1861280 271
1861290 271
1861300 271
1861310 271
1861320 271
1861330 271
1861340 271
1861350 271
1861360 271
1861370 270
1861380 270
1861390 270
1861400 270
1861410 270
1861420 270
1861430 270
1861440 270
1861450 270
1861460 270
1861470 270
1861480 269
1861490 269
1861500 269
1861510 269
1861520 269
1861530 269
1861540 268
1861550 268
1861560 268
1861570 268
1861580 268
1861590 268
1861600 267
1861610 267
1861620 267
1861630 266
1861640 265
1861650 265
1861660 264
1861670 263
1861680 263
1861690 263
1861700 262
1861710 262
1861720 261
1861730 260
1861740 260
1861750 259
1861760 256
1861770 256
1861780 255
1861790 254
1861800 254
1861810 252
1861820 251
1861830 251
1861840 249
1861850 248
1861860 248
1861870 247
1861880 246
1861890 246
1861900 245
1861910 244
1861920 244
1861930 243
1861940 242
1861950 242
1861960 241
1861970 239
1861980 239
1861990 238
1862000 237
1862010 237
1862020 236
1862030 235
1862040 235
1862050 234
1862060 233
1862070 233
1862080 232
1862090 231
1862100 231
1862110 229
1862120 228
1862130 228
1862140 227
1862150 227
1862160 227
1862170 226
1862180 226
1862190 226
1862200 226
1862210 225
1862220 225
1862230 225
1862240 225
1862250 225
1862260 224
1862270 224
1862280 224
1862290 224
1862300 224
1862310 224
1862320 223
1862330 223
1862340 223
1862350 222
1862360 222
1862370 222
1862380 222
1862390 222
1862400 222
1862410 221
1862420 221
1862430 221
1862440 221
1862450 221
1862460 221
1862470 221
1862480 221
1862490 222
1862500 224
1862510 224
1862520 225
1862530 225
1862540 225
1862550 226
1862560 226
1862570 226
1862580 226
1862590 225
1862600 225
1862610 224
1862620 224
1862630 224
1862640 223
1862650 222
1862660 222
1862670 223
1862680 223
1862690 223
1862700 223
1862710 224
1862720 224
1862730 224
1862740 225
1862750 225
1862760 225
1862770 224
1862780 224
1862790 222
1862800 220
1862810 220
1862820 219
1862830 219
1862840 219
1862850 219
1862860 219
1862870 219
1862880 219
1862890 218
1862900 218
1862910 217
1862920 217
1862930 217
1862940 217
1862950 217
1862960 217
1862970 217
1862980 218
1862990 218
1863000 219
1863010 220
1863020 220
1863030 221
1863040 222
1863050 222
1863060 223
1863070 224
1863080 224
1863090 224
1863100 224
1863110 224
1863120 224
1863130 224
1863140 224
1863150 225
1863160 225
1863170 225
1863180 225
1863190 225
1863200 225
1863210 225
1863220 225
1863230 225
1863240 225
1863250 225
1863260 225
1863270 225
1863280 224
1863290 224
1863300 224
1863310 224
1863320 224
1863330 224
1863340 224
1863350 224
1863360 223
1863370 223
1863380 223
1863390 222
1863400 221
1863410 221
1863420 221
1863430 220
1863440 220
1863450 220
1863460 220
1863470 220
1863480 221
1863490 221
1863500 221
1863510 221
1863520 221
1863530 221
1863540 221
1863550 221
1863560 221
1863570 221
1863580 221
1863590 221
1863600 221
1863610 222
1863620 222
1863630 223
1863640 223
1863650 223
1863660 224
1863670 224
1863680 225
1863690 226
1863700 226
1863710 227
1863720 227
1863730 227
1863740 228
1863750 228
1863760 228
1863770 229
1863780 229
1863790 229
1863800 229
1863810 230
1863820 230
1863830 231
1863840 231
1863850 231
1863860 231
1863870 232
1863880 232
1863890 232
1863900 232
1863910 232
1863920 233
1863930 233
1863940 233
1863950 233
1863960 233
1863970 233
1863980 232
1863990 232
1864000 232
1864010 230
1864020 229
1864030 229
1864040 228
1864050 226
1864060 226
1864070 225
1864080 224
1864090 224
1864100 224
1864110 223
1864120 223
1864130 223
1864140 223
1864150 223
1864160 224
1864170 225
1864180 225
1864190 226
1864200 227
1864210 227
1864220 228
1864230 228
1864240 228
1864250 229
1864260 230
1864270 230
1864280 230
1864290 231
1864300 231
1864310 231
1864320 231
1864330 231
1864340 232
1864350 232
1864360 232
1864370 232
1864380 232
1864390 232
1864400 232
1864410 232
1864420 232
1864430 232
1864440 232
1864450 232
1864460 232
1864470 231
1864480 231
1864490 231
1864500 231
1864510 231
1864520 230
1864530 230
1864540 230
1864550 229
1864560 228
1864570 228
1864580 228
1864590 228
1864600 228
1864610 227
1864620 227
1864630 227
1864640 226
1864650 226
1864660 226
1864670 225
1864680 225
1864690 225
1864700 224
1864710 224
1864720 224
1864730 224
1864740 223
1864750 223
1864760 223
1864770 223
1864780 223
1864790 222
1864800 222
1864810 222
1864820 222
1864830 222
1864840 222
1864850 222
1864860 222
1864870 222
1864880 222
1864890 221
1864900 221
1864910 221
1864920 221
1864930 221
1864940 221
1864950 221
1864960 221
1864970 221
1864980 221
1864990 221
1865000 221
1865010 221
1865020 221
1865030 222
1865040 222
1865050 222
1865060 221
1865070 221
1865080 221
1865090 221
1865100 221
1865110 221
1865120 221
1865130 221
1865140 221
1865150 221
1865160 221
1865170 221
1865180 221
1865190 221
1865200 221
1865210 221
1865220 221
1865230 221
1865240 220
1865250 220
1865260 220
1865270 220
1865280 220
1865290 220
1865300 219
1865310 219
1865320 219
1865330 218
1865340 218
1865350 218
1865360 217
1865370 217
1865380 216
1865390 215
1865400 215
1865410 214
1865420 213
1865430 213
1865440 211
1865450 210
1865460 210
1865470 209
1865480 208
1865490 208
1865500 208
1865510 207
1865520 207
1865530 206
1865540 204
1865550 204
1865560 204
1865570 203
1865580 203
1865590 202
1865600 202
1865610 202
1865620 201
1865630 201
1865640 201
1865650 200
1865660 200
1865670 200
1865680 200
1865690 200
1865700 200
1865710 199
1865720 199
1865730 199
1865740 199
1865750 199
1865760 199
1865770 198
1865780 198
1865790 198
1865800 197
1865810 197
1865820 197
1865830 197
1865840 196
1865850 196
1865860 196
1865870 196
1865880 195
1865890 195
1865900 195
1865910 195
1865920 195
1865930 194
1865940 194
1865950 194
1865960 194
1865970 194
1865980 194
1865990 194
1866000 194
1866010 194
1866020 194
1866030 194
1866040 194
1866050 194
1866060 194
1866070 194
1866080 194
1866090 194
1866100 195
1866110 195
1866120 195
1866130 195
1866140 195
1866150 195
1866160 195
1866170 196
1866180 196
1866190 196
1866200 197
1866210 197
1866220 197
1866230 199
1866240 199
1866250 199
1866260 200
1866270 200
1866280 200
1866290 200
1866300 200
1866310 201
1866320 201
1866330 201
1866340 202
1866350 202
1866360 202
1866370 202
1866380 203
1866390 203
1866400 203
1866410 203
1866420 203
1866430 204
1866440 204
1866450 204
1866460 204
1866470 204
1866480 204
1866490 204
1866500 204
1866510 204
1866520 204
1866530 204
1866540 204
1866550 204
1866560 204
1866570 204
1866580 204
1866590 204
1866600 204
1866610 204
1866620 204
1866630 204
1866640 204
1866650 204
1866660 203
1866670 203
1866680 203
1866690 203
1866700 203
1866710 203
1866720 202
1866730 202
1866740 202
1866750 202
1866760 201
1866770 201
1866780 201
1866790 201
1866800 201
1866810 200
1866820 200
1866830 200
1866840 200
1866850 200
1866860 200
1866870 200
1866880 199
1866890 199
1866900 199
1866910 198
1866920 198
1866930 198
1866940 197
1866950 197
1866960 196
1866970 196
1866980 196
1866990 195
1867000 194
1867010 194
1867020 194
1867030 193
1867040 193
1867050 192
1867060 191
1867070 191
1867080 189
1867090 188
1867100 188
1867110 186
1867120 185
1867130 185
1867140 184
1867150 183
1867160 183
1867170 181
1867180 180
1867190 180
1867200 179
1867210 179
1867220 179
1867230 178
1867240 178
1867250 178
1867260 178
1867270 178
1867280 178
1867290 178
1867300 178
1867310 178
1867320 178
1867330 178
1867340 178
1867350 178
1867360 178
1867370 178
1867380 178
1867390 179
1867400 179
1867410 179
1867420 181
1867430 181
1867440 182
1867450 184
1867460 184
1867470 186
1867480 188
1867490 188
1867500 190
1867510 191
1867520 191
1867530 192
1867540 193
1867550 193
1867560 193
1867570 194
1867580 194
1867590 195
1867600 196
1867610 196
1867620 197
1867630 199
1867640 199
1867650 200
1867660 200
1867670 200
1867680 201
1867690 201
1867700 201
1867710 201
1867720 202
1867730 202
1867740 202
1867750 202
1867760 202
1867770 203
1867780 203
1867790 203
1867800 204
1867810 204
1867820 204
1867830 205
1867840 205
1867850 205
1867860 206
1867870 206
1867880 207
1867890 207
1867900 207
1867910 208
1867920 208
1867930 209
1867940 209
1867950 210
1867960 210
1867970 211
1867980 211
1867990 211
1868000 212
1868010 212
1868020 212
1868030 213
1868040 213
1868050 213
1868060 214
1868070 214
1868080 214
1868090 214
1868100 215
1868110 215
1868120 215
1868130 215
1868140 215
1868150 216
1868160 216
1868170 216
1868180 214
1868190 215
1868200 215
1868210 216
1868220 216
1868230 216
1868240 216
1868250 215
1868260 215
1868270 214
1868280 212
1868290 212
1868300 210
1868310 208
1868320 208
1868330 206
1868340 204
1868350 204
1868360 202
1868370 201
1868380 201
1868390 200
1868400 199
1868410 199
1868420 198
1868430 197
1868440 197
1868450 197
1868460 197
1868470 197
1868480 197
1868490 198
1868500 198
1868510 199
1868520 200
1868530 200
1868540 201
1868550 203
1868560 203
1868570 204
1868580 206
1868590 206
1868600 206
1868610 209
1868620 209
1868630 210
1868640 211
1868650 211
1868660 212
1868670 213
1868680 213
1868690 214
1868700 215
1868710 215
1868720 216
1868730 218
1868740 218
1868750 219
1868760 222
1868770 222
1868780 225
1868790 226
1868800 226
1868810 226
1868820 227
1868830 227
1868840 228
1868850 229
1868860 229
1868870 231
1868880 232
1868890 232
1868900 233
1868910 233
1868920 233
1868930 234
1868940 235
1868950 235
1868960 236
1868970 237
1868980 237
1868990 237
1869000 238
1869010 238
1869020 238
1869030 238
1869040 238
1869050 238
1869060 238
1869070 238
1869080 238
1869090 238
1869100 238
1869110 238
1869120 238
1869130 238
1869140 238
1869150 238
1869160 238
1869170 237
1869180 237
1869190 237
1869200 237
1869210 237
1869220 237
1869230 236
1869240 236
1869250 236
1869260 235
1869270 235
1869280 235
1869290 234
1869300 234
1869310 233
1869320 233
1869330 233
1869340 232
1869350 232
1869360 232
1869370 231
1869380 231
1869390 231
1869400 230
1869410 230
1869420 230
1869430 230
1869440 227
1869450 227
1869460 227
1869470 227
1869480 227
1869490 228
1869500 228
1869510 228
1869520 227
1869530 227
1869540 227
1869550 226
1869560 226
1869570 226
1869580 225
1869590 225
1869600 225
1869610 224
1869620 225
1869630 225
1869640 225
1869650 225
1869660 225
1869670 225
1869680 225
1869690 225
1869700 226
1869710 226
1869720 226
1869730 227
1869740 227
1869750 227
1869760 227
1869770 227
1869780 227
1869790 228
1869800 228
1869810 228
1869820 228
1869830 229
1869840 229
1869850 229
1869860 228
1869870 228
1869880 228
1869890 228
1869900 228
1869910 228
1869920 228
1869930 228
1869940 227
1869950 227
1869960 227
1869970 227
1869980 226
1869990 226
1870000 226
1870010 226
1870020 226
1870030 225
1870040 225
1870050 225
1870060 225
1870070 225
1870080 225
1870090 224
1870100 224
1870110 224
1870120 224
1870130 223
1870140 223
1870150 223
1870160 222
1870170 222
1870180 222
1870190 221
1870200 221
1870210 220
1870220 220
1870230 220
1870240 219
1870250 219
1870260 219
1870270 217
1870280 216
1870290 216
1870300 216
1870310 216
1870320 216
1870330 215
1870340 214
1870350 214
1870360 214
1870370 213
1870380 213
1870390 212
1870400 212
1870410 212
1870420 211
1870430 211
1870440 211
1870450 211
1870460 211
1870470 211
1870480 212
1870490 212
1870500 212
1870510 213
1870520 213
1870530 213
1870540 214
1870550 214
1870560 214
1870570 215
1870580 215
1870590 215
1870600 215
1870610 215
1870620 216
1870630 217
1870640 217
1870650 217
1870660 217
1870670 217
1870680 217
1870690 218
1870700 218
1870710 219
1870720 219
1870730 219
1870740 220
1870750 220
1870760 220
1870770 221
1870780 221
1870790 221
1870800 221
1870810 221
1870820 221
1870830 221
1870840 221
1870850 221
1870860 222
1870870 221
1870880 221
1870890 220
1870900 220
1870910 220
1870920 219
1870930 218
1870940 218
1870950 218
1870960 218
1870970 219
1870980 219
1870990 219
1871000 219
1871010 220
1871020 221
1871030 221
1871040 223
1871050 225
1871060 225
1871070 227
1871080 228
1871090 228
1871100 229
1871110 230
1871120 230
1871130 230
1871140 231
1871150 231
1871160 231
1871170 231
1871180 231
1871190 231
1871200 231
1871210 231
1871220 230
1871230 230
1871240 230
1871250 229
1871260 229
1871270 229
1871280 228
1871290 226
1871300 226
1871310 224
1871320 222
1871330 222
1871340 220
1871350 219
1871360 219
1871370 217
1871380 216
1871390 216
1871400 215
1871410 214
1871420 214
1871430 214
1871440 213
1871450 213
1871460 212
1871470 212
1871480 212
1871490 211
1871500 211
1871510 211
1871520 211
1871530 211
1871540 211
1871550 212
1871560 212
1871570 212
1871580 214
1871590 215
1871600 215
1871610 217
1871620 219
1871630 219
1871640 223
1871650 225
1871660 225
1871670 226
1871680 227
1871690 227
1871700 227
1871710 227
1871720 227
1871730 227
1871740 227
1871750 227
1871760 227
1871770 227
1871780 227
1871790 226
1871800 226
1871810 226
1871820 226
1871830 225
1871840 225
1871850 224
1871860 224
1871870 224
1871880 223
1871890 222
1871900 222
1871910 222
1871920 222
1871930 221
1871940 220
1871950 220
1871960 220
1871970 219
1871980 219
1871990 218
1872000 216
1872010 216
1872020 216
1872030 214
1872040 214
1872050 213
1872060 212
1872070 212
1872080 211
1872090 210
1872100 210
1872110 209
1872120 208
1872130 208
1872140 207
1872150 206
1872160 206
1872170 205
1872180 204
1872190 204
1872200 203
1872210 203
1872220 203
1872230 202
1872240 202
1872250 202
1872260 201
1872270 201
1872280 201
1872290 200
1872300 200
1872310 200
1872320 199
1872330 198
1872340 198
1872350 197
1872360 196
1872370 196
1872380 195
1872390 193
1872400 193
1872410 193
1872420 192
1872430 192
1872440 191
1872450 191
1872460 191
1872470 190
1872480 189
1872490 189
1872500 189
1872510 189
1872520 189
1872530 189
1872540 190
1872550 190
1872560 191
1872570 191
1872580 191
1872590 191
1872600 191
1872610 191
1872620 191
1872630 192
1872640 192
1872650 195
1872660 197
1872670 197
1872680 199
1872690 201
1872700 201
1872710 202
1872720 204
1872730 204
1872740 205
1872750 206
1872760 206
1872770 207
1872780 208
1872790 208
1872800 209
1872810 209
1872820 209
1872830 210
1872840 210
1872850 210
1872860 210
1872870 210
1872880 210
1872890 210
1872900 209
1872910 209
1872920 209
1872930 209
1872940 209
1872950 208
1872960 207
1872970 207
1872980 207
1872990 206
1873000 206
1873010 205
1873020 204
1873030 204
1873040 203
1873050 202
1873060 202
1873070 202
1873080 201
1873090 201
1873100 200
1873110 198
1873120 198
1873130 197
1873140 196
1873150 196
1873160 195
1873170 194
1873180 194
1873190 193
1873200 192
1873210 192
1873220 191
1873230 190
1873240 190
1873250 190
1873260 189
1873270 189
1873280 189
1873290 189
1873300 189
1873310 189
1873320 189
1873330 189
1873340 188
1873350 188
1873360 188
1873370 188
1873380 188
1873390 188
1873400 188
1873410 188
1873420 187
1873430 188
1873440 188
1873450 188
1873460 189
1873470 189
1873480 190
1873490 191
1873500 191
1873510 192
1873520 193
1873530 193
1873540 193
1873550 194
1873560 194
1873570 195
1873580 195
1873590 195
1873600 195
1873610 195
1873620 195
1873630 195
1873640 195
1873650 195
1873660 196
1873670 196
1873680 196
1873690 195
1873700 195
1873710 195
1873720 195
1873730 194
1873740 194
1873750 194
1873760 193
1873770 193
1873780 191
1873790 189
1873800 189
1873810 187
1873820 186
1873830 186
1873840 185
1873850 184
1873860 184
1873870 183
1873880 183
1873890 183
1873900 182
1873910 182
1873920 182
1873930 182
1873940 182
1873950 182
1873960 181
1873970 181
1873980 181
1873990 181
1874000 181
1874010 181
1874020 181
1874030 181
1874040 181
1874050 180
1874060 180
1874070 180
1874080 180
1874090 181
1874100 181
1874110 181
1874120 181
1874130 181
1874140 181
1874150 181
1874160 181
1874170 181
1874180 181
1874190 181
1874200 182
1874210 183
1874220 183
1874230 185
1874240 186
1874250 186
1874260 187
1874270 188
1874280 188
1874290 189
1874300 189
1874310 189
1874320 189
1874330 190
1874340 190
1874350 190
1874360 191
1874370 191
1874380 191
1874390 191
1874400 191
1874410 191
1874420 191
1874430 191
1874440 191
1874450 191
1874460 191
1874470 191
1874480 190
1874490 190
1874500 190
1874510 190
1874520 190
1874530 189
1874540 188
1874550 188
1874560 187
1874570 185
1874580 185
1874590 183
1874600 182
1874610 182
1874620 180
1874630 179
1874640 179
1874650 178
1874660 177
1874670 175
1874680 174
1874690 174
1874700 173
1874710 173
1874720 173
1874730 173
1874740 171
1874750 171
1874760 170
1874770 169
1874780 169
1874790 167
1874800 166
1874810 166
1874820 167
1874830 170
1874840 170
1874850 169
1874860 167
1874870 167
1874880 166
1874890 165
1874900 165
1874910 164
1874920 156
1874930 156
1874940 153
1874950 153
1874960 153
1874970 152
1874980 151
1874990 151
1875000 150
1875010 149
1875020 149
1875030 149
1875040 148
1875050 148
1875060 148
1875070 148
1875080 148
1875090 148
1875100 148
1875110 148
1875120 148
1875130 148
1875140 148
1875150 148
1875160 148
1875170 148
1875180 147
1875190 147
1875200 147
1875210 147
1875220 147
1875230 147
1875240 147
1875250 147
1875260 147
1875270 147
1875280 148
1875290 148
1875300 148
1875310 147
1875320 147
1875330 147
1875340 147
1875350 147
1875360 148
1875370 147
1875380 147
1875390 146
1875400 145
1875410 145
1875420 145
1875430 145
1875440 145
1875450 145
1875460 145
1875470 145
1875480 144
1875490 144
1875500 144
1875510 145
1875520 144
1875530 144
1875540 144
1875550 144
1875560 144
1875570 144
1875580 144
1875590 144
1875600 144
1875610 144
1875620 144
1875630 144
1875640 144
1875650 144
1875660 144
1875670 144
1875680 144
1875690 144
1875700 144
1875710 144
1875720 144
1875730 142
1875740 142
1875750 142
1875760 142
1875770 142
1875780 142
1875790 142
1875800 142
1875810 142
1875820 143
1875830 143
1875840 145
1875850 145
1875860 145
1875870 144
1875880 143
1875890 143
1875900 143
1875910 143
1875920 143
