1860000 236
1860010 237
1860020 238
1860030 238
1860040 239
1860050 240
1860060 240
1860070 241
1860080 242
1860090 242
1860100 242
1860110 242
1860120 242
1860130 242
1860140 243
1860150 243
1860160 243
1860170 244
1860180 244
1860190 244
1860200 244
1860210 244
1860220 245
1860230 245
1860240 245
1860250 246
1860260 246
1860270 246
1860280 247
1860290 247
1860300 247
1860310 248
1860320 249
1860330 249
1860340 249
1860350 250
1860360 250
1860370 251
1860380 252
1860390 252
1860400 252
1860410 253
1860420 253
1860430 254
1860440 255
1860450 255
1860460 255
1860470 256
1860480 256
1860490 257
1860500 258
1860510 258
1860520 258
1860530 259
1860540 259
1860550 260
1860560 260
1860570 260
1860580 261
1860590 262
1860600 262
1860610 262
1860620 263
1860630 263
1860640 263
1860650 264
1860660 264
1860670 264
1860680 265
1860690 265
1860700 265
1860710 265
1860720 265
1860730 266
1860740 266
1860750 266
1860760 267
1860770 267
1860780 267
1860790 268
1860800 268
1860810 268
1860820 268
1860830 268
1860840 269
1860850 269
1860860 269
1860870 269
1860880 269
1860890 269
1860900 269
1860910 270
1860920 270
1860930 270
1860940 270
1860950 270
1860960 271
1860970 271
1860980 271
1860990 271
1861000 271
1861010 271
1861020 271
1861030 271
1861040 271
1861050 271
1861060 271
1861070 271
1861080 271
1861090 272
1861100 272
1861110 272
1861120 272
1861130 272
1861140 272
1861150 272
1861160 272
1861170 272
1861180 271
1861190 271
1861200 271
1861210 271
1861220 271
1861230 271
1861240 271
1861250 271
1861260 271
1861270 271
1861280 271
1861290 271
1861300 271
1861310 271
1861320 271
1861330 270
1861340 270
1861350 270
1861360 270
1861370 270
1861380 270
1861390 270
1861400 270
1861410 270
1861420 270
1861430 270
1861440 269
1861450 269
1861460 269
1861470 269
1861480 268
1861490 268
1861500 268
1861510 268
1861520 268
1861530 267
1861540 267
1861550 267
1861560 266
1861570 266
1861580 266
1861590 265
1861600 265
1861610 265
1861620 264
1861630 263
1861640 263
1861650 261
1861660 260
1861670 260
1861680 259
1861690 258
1861700 258
1861710 256
1861720 255
1861730 255
1861740 254
1861750 252
1861760 252
1861770 251
1861780 250
1861790 250
1861800 250
1861810 248
1861820 248
1861830 247
1861840 246
1861850 246
1861860 245
1861870 244
1861880 244
1861890 243
1861900 242
1861910 242
1861920 241
1861930 240
1861940 240
1861950 239
1861960 238
1861970 238
1861980 238
1861990 237
1862000 237
1862010 237
1862020 236
1862030 236
1862040 236
1862050 235
1862060 235
1862070 234
1862080 234
1862090 234
1862100 234
1862110 233
1862120 233
1862130 232
1862140 231
1862150 231
1862160 230
1862170 230
1862180 229
1862190 228
1862200 228
1862210 228
1862220 227
1862230 227
1862240 227
1862250 227
1862260 227
1862270 228
1862280 228
1862290 228
1862300 229
1862310 229
1862320 229
1862330 229
1862340 228
1862350 228
1862360 228
1862370 227
1862380 227
1862390 226
1862400 225
1862410 225
1862420 224
1862430 222
1862440 222
1862450 220
1862460 219
1862470 218
1862480 217
1862490 217
1862500 217
1862510 216
1862520 216
1862530 216
1862540 216
1862550 215
1862560 215
1862570 215
1862580 214
1862590 214
1862600 214
1862610 214
1862620 214
1862630 214
1862640 214
1862650 214
1862660 214
1862670 214
1862680 214
1862690 214
1862700 214
1862710 214
1862720 213
1862730 213
1862740 213
1862750 213
1862760 213
1862770 213
1862780 213
1862790 213
1862800 213
1862810 213
1862820 214
1862830 214
1862840 214
1862850 214
1862860 214
1862870 213
1862880 213
1862890 213
1862900 213
1862910 212
1862920 212
1862930 211
1862940 211
1862950 211
1862960 210
1862970 210
1862980 210
1862990 210
1863000 210
1863010 210
1863020 211
1863030 214
1863040 214
1863050 216
1863060 218
1863070 218
1863080 220
1863090 221
1863100 221
1863110 222
1863120 222
1863130 222
1863140 223
1863150 223
1863160 222
1863170 222
1863180 222
1863190 222
1863200 222
1863210 222
1863220 222
1863230 221
1863240 221
1863250 221
1863260 221
1863270 221
1863280 221
1863290 221
1863300 221
1863310 221
1863320 220
1863330 220
1863340 220
1863350 219
1863360 218
1863370 218
1863380 218
1863390 218
1863400 218
1863410 218
1863420 218
1863430 218
1863440 219
1863450 219
1863460 219
1863470 220
1863480 221
1863490 221
1863500 222
1863510 223
1863520 223
1863530 224
1863540 225
1863550 225
1863560 226
1863570 226
1863580 226
1863590 227
1863600 227
1863610 228
1863620 228
1863630 228
1863640 229
1863650 229
1863660 229
1863670 230
1863680 230
1863690 230
1863700 231
1863710 231
1863720 231
1863730 232
1863740 232
1863750 232
1863760 233
1863770 233
1863780 233
1863790 233
1863800 234
1863810 234
1863820 234
1863830 235
1863840 235
1863850 236
1863860 236
1863870 236
1863880 236
1863890 236
1863900 236
1863910 236
1863920 236
1863930 236
1863940 235
1863950 235
1863960 235
1863970 234
1863980 233
1863990 233
1864000 231
1864010 230
1864020 230
1864030 228
1864040 227
1864050 227
1864060 227
1864070 226
1864080 226
1864090 226
1864100 227
1864110 227
1864120 227
1864130 228
1864140 228
1864150 228
1864160 229
1864170 229
1864180 229
1864190 229
1864200 229
1864210 230
1864220 230
1864230 230
1864240 230
1864250 229
1864260 229
1864270 229
1864280 229
1864290 229
1864300 229
1864310 229
1864320 229
1864330 229
1864340 229
1864350 229
1864360 229
1864370 229
1864380 229
1864390 229
1864400 229
1864410 229
1864420 228
1864430 228
1864440 228
1864450 228
1864460 228
1864470 228
1864480 228
1864490 227
1864500 227
1864510 227
1864520 227
1864530 226
1864540 225
1864550 224
1864560 224
1864570 223
1864580 223
1864590 223
1864600 222
1864610 222
1864620 222
1864630 222
1864640 221
1864650 221
1864660 221
1864670 221
1864680 221
1864690 221
1864700 221
1864710 221
1864720 221
1864730 221
1864740 221
1864750 220
1864760 220
1864770 220
1864780 220
1864790 220
1864800 220
1864810 219
1864820 220
1864830 220
1864840 220
1864850 220
1864860 220
1864870 220
1864880 220
1864890 220
1864900 220
1864910 220
1864920 220
1864930 220
1864940 220
1864950 220
1864960 220
1864970 220
1864980 220
1864990 220
1865000 220
1865010 220
1865020 220
1865030 220
1865040 220
1865050 220
1865060 220
1865070 220
1865080 220
1865090 220
1865100 220
1865110 220
1865120 220
1865130 220
1865140 220
1865150 220
1865160 220
1865170 219
1865180 219
1865190 219
1865200 219
1865210 219
1865220 216
1865230 215
1865240 215
1865250 214
1865260 213
1865270 213
1865280 212
1865290 211
1865300 211
1865310 209
1865320 208
1865330 208
1865340 208
1865350 207
1865360 207
1865370 206
1865380 205
1865390 205
1865400 205
1865410 204
1865420 204
1865430 203
1865440 203
1865450 203
1865460 202
1865470 202
1865480 202
1865490 201
1865500 200
1865510 200
1865520 200
1865530 200
1865540 200
1865550 199
1865560 199
1865570 199
1865580 198
1865590 198
1865600 198
1865610 198
1865620 197
1865630 197
1865640 197
1865650 197
1865660 197
1865670 197
1865680 196
1865690 196
1865700 196
1865710 196
1865720 196
1865730 196
1865740 196
1865750 196
1865760 196
1865770 196
1865780 196
1865790 196
1865800 197
1865810 197
1865820 197
1865830 197
1865840 197
1865850 197
1865860 197
1865870 197
1865880 198
1865890 198
1865900 198
1865910 198
1865920 198
1865930 198
1865940 198
1865950 198
1865960 198
1865970 199
1865980 199
1865990 199
1866000 199
1866010 199
1866020 199
1866030 200
1866040 200
1866050 200
1866060 200
1866070 201
1866080 201
1866090 201
1866100 201
1866110 201
1866120 202
1866130 202
1866140 202
1866150 203
1866160 203
1866170 203
1866180 204
1866190 204
1866200 204
1866210 204
1866220 205
1866230 205
1866240 206
1866250 207
1866260 207
1866270 207
1866280 207
1866290 207
1866300 208
1866310 208
1866320 208
1866330 208
1866340 208
1866350 208
1866360 208
1866370 208
1866380 208
1866390 208
1866400 208
1866410 207
1866420 207
1866430 207
1866440 207
1866450 207
1866460 207
1866470 207
1866480 207
1866490 207
1866500 206
1866510 206
1866520 206
1866530 206
1866540 206
1866550 206
1866560 206
1866570 205
1866580 205
1866590 205
1866600 205
1866610 205
1866620 204
1866630 204
1866640 204
1866650 204
1866660 203
1866670 203
1866680 203
1866690 202
1866700 202
1866710 202
1866720 201
1866730 201
1866740 201
1866750 200
1866760 200
1866770 200
1866780 200
1866790 200
1866800 199
1866810 198
1866820 198
1866830 198
1866840 197
1866850 197
1866860 197
1866870 196
1866880 196
1866890 196
1866900 195
1866910 195
1866920 194
1866930 194
1866940 194
1866950 193
1866960 193
1866970 193
1866980 192
1866990 192
1867000 192
1867010 191
1867020 190
1867030 190
1867040 189
1867050 188
1867060 188
1867070 187
1867080 185
1867090 185
1867100 183
1867110 182
1867120 182
1867130 182
1867140 181
1867150 181
1867160 180
1867170 180
1867180 180
1867190 179
1867200 179
1867210 179
1867220 179
1867230 178
1867240 178
1867250 178
1867260 179
1867270 179
1867280 181
1867290 183
1867300 183
1867310 183
1867320 180
1867330 180
1867340 179
1867350 179
1867360 179
1867370 179
1867380 179
1867390 179
1867400 180
1867410 181
1867420 181
1867430 183
1867440 186
1867450 186
1867460 189
1867470 192
1867480 192
1867490 193
1867500 194
1867510 194
1867520 195
1867530 196
1867540 196
1867550 197
1867560 198
1867570 198
1867580 198
1867590 199
1867600 200
1867610 201
1867620 201
1867630 201
1867640 202
1867650 203
1867660 203
1867670 204
1867680 205
1867690 205
1867700 205
1867710 205
1867720 206
1867730 207
1867740 207
1867750 207
1867760 208
1867770 208
1867780 208
1867790 209
1867800 209
1867810 209
1867820 210
1867830 210
1867840 210
1867850 211
1867860 211
1867870 211
1867880 212
1867890 212
1867900 212
1867910 213
1867920 213
1867930 213
1867940 215
1867950 215
1867960 215
1867970 216
1867980 216
1867990 217
1868000 217
1868010 217
1868020 218
1868030 218
1868040 218
1868050 218
1868060 219
1868070 219
1868080 219
1868090 220
1868100 220
1868110 220
1868120 220
1868130 220
1868140 220
1868150 220
1868160 220
1868170 220
1868180 220
1868190 220
1868200 220
1868210 220
1868220 220
1868230 220
1868240 219
1868250 219
1868260 218
1868270 217
1868280 218
1868290 216
1868300 214
1868310 214
1868320 212
1868330 210
1868340 210
1868350 208
1868360 206
1868370 206
1868380 204
1868390 203
1868400 203
1868410 203
1868420 202
1868430 202
1868440 201
1868450 201
1868460 201
1868470 202
1868480 203
1868490 203
1868500 204
1868510 205
1868520 205
1868530 206
1868540 208
1868550 208
1868560 210
1868570 212
1868580 212
1868590 214
1868600 216
1868610 216
1868620 218
1868630 220
1868640 220
1868650 222
1868660 223
1868670 223
1868680 225
1868690 226
1868700 226
1868710 227
1868720 229
1868730 229
1868740 230
1868750 231
1868760 231
1868770 231
1868780 232
1868790 232
1868800 233
1868810 234
1868820 234
1868830 235
1868840 236
1868850 236
1868860 236
1868870 237
1868880 237
1868890 238
1868900 238
1868910 238
1868920 239
1868930 239
1868940 239
1868950 240
1868960 241
1868970 241
1868980 241
1868990 242
1869000 242
1869010 242
1869020 242
1869030 242
1869040 242
1869050 241
1869060 241
1869070 241
1869080 241
1869090 241
1869100 241
1869110 241
1869120 241
1869130 241
1869140 241
1869150 240
1869160 240
1869170 240
1869180 240
1869190 240
1869200 240
1869210 239
1869220 239
1869230 239
1869240 238
1869250 238
1869260 238
1869270 237
1869280 237
1869290 237
1869300 237
1869310 236
1869320 236
1869330 236
1869340 235
1869350 235
1869360 235
1869370 234
1869380 234
1869390 234
1869400 233
1869410 233
1869420 233
1869430 233
1869440 233
1869450 232
1869460 232
1869470 232
1869480 232
1869490 231
1869500 231
1869510 231
1869520 230
1869530 230
1869540 230
1869550 230
1869560 230
1869570 229
1869580 230
1869590 230
1869600 229
1869610 229
1869620 229
1869630 229
1869640 229
1869650 229
1869660 229
1869670 229
1869680 229
1869690 229
1869700 229
1869710 229
1869720 229
1869730 228
1869740 228
1869750 228
1869760 228
1869770 228
1869780 227
1869790 227
1869800 227
1869810 226
1869820 226
1869830 226
1869840 226
1869850 226
1869860 226
1869870 225
1869880 225
1869890 225
1869900 225
1869910 225
1869920 225
1869930 225
1869940 225
1869950 225
1869960 225
1869970 225
1869980 225
1869990 224
1870000 224
1870010 224
1870020 224
1870030 224
1870040 224
1870050 224
1870060 224
1870070 224
1870080 224
1870090 224
1870100 224
1870110 224
1870120 224
1870130 224
1870140 224
1870150 223
1870160 223
1870170 223
1870180 223
1870190 223
1870200 223
1870210 223
1870220 223
1870230 222
1870240 222
1870250 222
1870260 222
1870270 222
1870280 222
1870290 222
1870300 221
1870310 222
1870320 222
1870330 222
1870340 222
1870350 221
1870360 221
1870370 221
1870380 220
1870390 219
1870400 219
1870410 218
1870420 218
1870430 218
1870440 217
1870450 217
1870460 217
1870470 217
1870480 217
1870490 218
1870500 219
1870510 219
1870520 219
1870530 219
1870540 219
1870550 220
1870560 220
1870570 220
1870580 221
1870590 221
1870600 221
1870610 221
1870620 222
1870630 222
1870640 222
1870650 224
1870660 224
1870670 226
1870680 226
1870690 226
1870700 226
1870710 226
1870720 226
1870730 226
1870740 226
1870750 226
1870760 226
1870770 226
1870780 226
1870790 226
1870800 227
1870810 227
1870820 227
1870830 228
1870840 228
1870850 228
1870860 228
1870870 228
1870880 228
1870890 229
1870900 229
1870910 229
1870920 229
1870930 229
1870940 229
1870950 229
1870960 229
1870970 229
1870980 229
1870990 230
1871000 230
1871010 231
1871020 231
1871030 231
1871040 232
1871050 232
1871060 233
1871070 234
1871080 234
1871090 234
1871100 235
1871110 235
1871120 235
1871130 235
1871140 235
1871150 234
1871160 234
1871170 234
1871180 233
1871190 232
1871200 232
1871210 231
1871220 230
1871230 230
1871240 228
1871250 227
1871260 227
1871270 226
1871280 225
1871290 225
1871300 224
1871310 223
1871320 223
1871330 224
1871340 223
1871350 223
1871360 223
1871370 223
1871380 223
1871390 223
1871400 223
1871410 223
1871420 223
1871430 223
1871440 223
1871450 224
1871460 224
1871470 224
1871480 225
1871490 226
1871500 226
1871510 226
1871520 227
1871530 227
1871540 228
1871550 228
1871560 228
1871570 228
1871580 228
1871590 228
1871600 228
1871610 227
1871620 227
1871630 227
1871640 228
1871650 228
1871660 225
1871670 224
1871680 224
1871690 224
1871700 223
1871710 223
1871720 222
1871730 222
1871740 222
1871750 222
1871760 221
1871770 221
1871780 220
1871790 220
1871800 220
1871810 219
1871820 219
1871830 218
1871840 219
1871850 219
1871860 218
1871870 217
1871880 217
1871890 217
1871900 216
1871910 216
1871920 216
1871930 215
1871940 215
1871950 214
1871960 214
1871970 214
1871980 214
1871990 213
1872000 212
1872010 211
1872020 211
1872030 211
1872040 210
1872050 209
1872060 209
1872070 209
1872080 207
1872090 207
1872100 206
1872110 205
1872120 205
1872130 204
1872140 203
1872150 203
1872160 202
1872170 201
1872180 201
1872190 200
1872200 199
1872210 199
1872220 198
1872230 197
1872240 197
1872250 196
1872260 196
1872270 196
1872280 195
1872290 194
1872300 194
1872310 194
1872320 193
1872330 194
1872340 194
1872350 194
1872360 194
1872370 193
1872380 194
1872390 194
1872400 194
1872410 195
1872420 195
1872430 195
1872440 195
1872450 195
1872460 195
1872470 195
1872480 195
1872490 195
1872500 195
1872510 195
1872520 195
1872530 195
1872540 195
1872550 195
1872560 196
1872570 196
1872580 196
1872590 197
1872600 197
1872610 198
1872620 199
1872630 199
1872640 200
1872650 201
1872660 201
1872670 204
1872680 205
1872690 205
1872700 207
1872710 209
1872720 209
1872730 210
1872740 210
1872750 210
1872760 211
1872770 211
1872780 211
1872790 211
1872800 211
1872810 211
1872820 210
1872830 210
1872840 210
1872850 209
1872860 208
1872870 208
1872880 207
1872890 206
1872900 206
1872910 204
1872920 202
1872930 202
1872940 202
1872950 201
1872960 201
1872970 200
1872980 200
1872990 200
1873000 199
1873010 199
1873020 199
1873030 198
1873040 197
1873050 197
1873060 197
1873070 196
1873080 196
1873090 195
1873100 194
1873110 194
1873120 193
1873130 193
1873140 193
1873150 192
1873160 192
1873170 192
1873180 192
1873190 192
1873200 193
1873210 193
1873220 193
1873230 193
1873240 194
1873250 194
1873260 194
1873270 193
1873280 193
1873290 193
1873300 192
1873310 192
1873320 191
1873330 190
1873340 190
1873350 190
1873360 190
1873370 190
1873380 190
1873390 191
1873400 191
1873410 192
1873420 193
1873430 193
1873440 194
1873450 195
1873460 195
1873470 196
1873480 197
1873490 197
1873500 198
1873510 199
1873520 199
1873530 199
1873540 199
1873550 199
1873560 199
1873570 199
1873580 199
1873590 199
1873600 199
1873610 199
1873620 199
1873630 199
1873640 199
1873650 199
1873660 198
1873670 198
1873680 197
1873690 196
1873700 196
1873710 195
1873720 193
1873730 193
1873740 191
1873750 189
1873760 189
1873770 187
1873780 186
1873790 186
1873800 185
1873810 184
1873820 184
1873830 184
1873840 184
1873850 184
1873860 183
1873870 183
1873880 183
1873890 183
1873900 183
1873910 183
1873920 184
1873930 184
1873940 184
1873950 184
1873960 184
1873970 184
1873980 183
1873990 183
1874000 183
1874010 182
1874020 182
1874030 182
1874040 181
1874050 181
1874060 181
1874070 181
1874080 180
1874090 180
1874100 180
1874110 179
1874120 179
1874130 179
1874140 179
1874150 179
1874160 179
1874170 179
1874180 179
1874190 179
1874200 179
1874210 179
1874220 181
1874230 181
1874240 181
1874250 181
1874260 182
1874270 182
1874280 183
1874290 184
1874300 184
1874310 185
1874320 186
1874330 186
1874340 186
1874350 186
1874360 186
1874370 187
1874380 187
1874390 187
1874400 187
1874410 186
1874420 186
1874430 186
1874440 185
1874450 185
1874460 184
1874470 183
1874480 183
1874490 182
1874500 181
1874510 181
1874520 179
1874530 176
1874540 176
1874550 173
1874560 173
1874570 172
1874580 172
1874590 172
1874600 172
1874610 171
1874620 171
1874630 171
1874640 169
1874650 169
1874660 168
1874670 166
1874680 165
1874690 161
1874700 161
1874710 161
1874720 161
1874730 160
1874740 160
1874750 160
1874760 159
1874770 159
1874780 158
1874790 158
1874800 158
1874810 157
1874820 156
1874830 156
1874840 156
1874850 155
1874860 155
1874870 155
1874880 155
1874890 155
1874900 155
1874910 154
1874920 154
1874930 153
1874940 153
1874950 153
1874960 153
1874970 152
1874980 152
1874990 152
1875000 152
1875010 151
1875020 151
1875030 151
1875040 151
1875050 150
1875060 150
1875070 150
1875080 150
1875090 149
1875100 149
1875110 148
1875120 147
1875130 147
1875140 147
1875150 147
1875160 147
1875170 147
1875180 147
1875190 147
1875200 147
1875210 147
1875220 147
1875230 146
1875240 147
1875250 147
1875260 148
1875270 148
1875280 148
1875290 146
1875300 147
1875310 147
1875320 147
1875330 148
1875340 148
1875350 147
1875360 148
1875370 148
1875380 147
1875390 145
1875400 145
1875410 145
1875420 145
1875430 145
1875440 145
1875450 145
1875460 145
1875470 145
1875480 145
1875490 145
1875500 145
1875510 145
1875520 145
1875530 145
1875540 145
1875550 145
1875560 145
1875570 145
1875580 145
1875590 145
1875600 145
1875610 145
1875620 145
1875630 145
1875640 145
1875650 145
1875660 145
1875670 145
1875680 145
1875690 145
1875700 145
1875710 145
1875720 145
1875730 145
1875740 144
1875750 143
1875760 143
1875770 142
1875780 142
1875790 142
1875800 142
1875810 142
1875820 142
1875830 142
1875840 142
1875850 142
1875860 144
1875870 145
1875880 145
1875890 145
1875900 145
1875910 144
1875920 144
1875930 144
1875940 144
1875950 144
1875960 144
