1860000 247
1860010 246
1860020 246
1860030 246
1860040 245
1860050 245
1860060 245
1860070 245
1860080 245
1860090 244
1860100 244
1860110 244
1860120 243
1860130 243
1860140 243
1860150 242
1860160 242
1860170 242
1860180 241
1860190 241
1860200 241
1860210 240
1860220 240
1860230 239
1860240 238
1860250 237
1860260 237
1860270 236
1860280 234
1860290 234
1860300 232
1860310 230
1860320 230
1860330 229
1860340 230
1860350 230
1860360 232
1860370 233
1860380 233
1860390 235
1860400 237
1860410 237
1860420 238
1860430 239
1860440 239
1860450 240
1860460 242
1860470 242
1860480 243
1860490 244
1860500 244
1860510 245
1860520 247
1860530 247
1860540 248
1860550 249
1860560 249
1860570 249
1860580 250
1860590 250
1860600 251
1860610 251
1860620 251
1860630 252
1860640 253
1860650 253
1860660 254
1860670 254
1860680 254
1860690 255
1860700 256
1860710 256
1860720 257
1860730 257
1860740 257
1860750 258
1860760 259
1860770 259
1860780 259
1860790 260
1860800 260
1860810 260
1860820 260
1860830 260
1860840 260
1860850 260
1860860 260
1860870 259
1860880 260
1860890 260
1860900 260
1860910 260
1860920 260
1860930 260
1860940 260
1860950 260
1860960 260
1860970 260
1860980 260
1860990 261
1861000 261
1861010 261
1861020 261
1861030 261
1861040 261
1861050 262
1861060 262
1861070 262
1861080 263
1861090 263
1861100 263
1861110 264
1861120 264
1861130 264
1861140 264
1861150 264
1861160 265
1861170 266
1861180 266
1861190 266
1861200 267
1861210 267
1861220 268
1861230 268
1861240 268
1861250 269
1861260 269
1861270 269
1861280 269
1861290 269
1861300 269
1861310 269
1861320 269
1861330 269
1861340 269
1861350 269
1861360 269
1861370 269
1861380 269
1861390 269
1861400 268
1861410 268
1861420 268
1861430 268
1861440 268
1861450 268
1861460 268
1861470 268
1861480 268
1861490 268
1861500 268
1861510 268
1861520 268
1861530 268
1861540 268
1861550 268
1861560 268
1861570 268
1861580 268
1861590 268
1861600 268
1861610 268
1861620 268
1861630 268
1861640 269
1861650 269
1861660 269
1861670 269
1861680 269
1861690 269
1861700 269
1861710 269
1861720 269
1861730 268
1861740 268
1861750 268
1861760 268
1861770 268
1861780 268
1861790 268
1861800 268
1861810 268
1861820 267
1861830 267
1861840 267
1861850 267
1861860 267
1861870 267
1861880 267
1861890 266
1861900 266
1861910 266
1861920 265
1861930 265
1861940 265
1861950 264
1861960 264
1861970 264
1861980 263
1861990 263
1862000 263
1862010 262
1862020 262
1862030 261
1862040 260
1862050 260
1862060 259
1862070 258
1862080 258
1862090 257
1862100 257
1862110 257
1862120 255
1862130 254
1862140 254
1862150 252
1862160 251
1862170 251
1862180 250
1862190 248
1862200 248
1862210 247
1862220 246
1862230 246
1862240 244
1862250 243
1862260 243
1862270 242
1862280 241
1862290 241
1862300 241
1862310 241
1862320 240
1862330 239
1862340 239
1862350 238
1862360 237
1862370 237
1862380 237
1862390 236
1862400 236
1862410 235
1862420 234
1862430 234
1862440 233
1862450 233
1862460 233
1862470 232
1862480 230
1862490 230
1862500 229
1862510 227
1862520 227
1862530 226
1862540 226
1862550 226
1862560 226
1862570 227
1862580 227
1862590 228
1862600 228
1862610 228
1862620 228
1862630 229
1862640 229
1862650 232
1862660 233
1862670 233
1862680 234
1862690 235
1862700 235
1862710 235
1862720 235
1862730 235
1862740 235
1862750 234
1862760 234
1862770 234
1862780 233
1862790 233
1862800 233
1862810 232
1862820 232
1862830 230
1862840 229
1862850 229
1862860 227
1862870 226
1862880 226
1862890 224
1862900 223
1862910 223
1862920 222
1862930 220
1862940 220
1862950 219
1862960 217
1862970 217
1862980 217
1862990 217
1863000 217
1863010 217
1863020 215
1863030 215
1863040 214
1863050 213
1863060 213
1863070 212
1863080 210
1863090 210
1863100 209
1863110 207
1863120 207
1863130 205
1863140 204
1863150 204
1863160 202
1863170 201
1863180 201
1863190 201
1863200 200
1863210 200
1863220 199
1863230 199
1863240 199
1863250 199
1863260 199
1863270 199
1863280 199
1863290 199
1863300 199
1863310 199
1863320 199
1863330 199
1863340 199
1863350 199
1863360 199
1863370 199
1863380 199
1863390 199
1863400 199
1863410 200
1863420 200
1863430 200
1863440 201
1863450 201
1863460 203
1863470 205
1863480 205
1863490 205
1863500 205
1863510 205
1863520 205
1863530 205
1863540 205
1863550 205
1863560 205
1863570 205
1863580 205
1863590 204
1863600 204
1863610 204
1863620 203
1863630 203
1863640 202
1863650 202
1863660 201
1863670 200
1863680 199
1863690 198
1863700 198
1863710 198
1863720 198
1863730 197
1863740 197
1863750 196
1863760 195
1863770 195
1863780 195
1863790 194
1863800 194
1863810 194
1863820 194
1863830 194
1863840 193
1863850 193
1863860 193
1863870 193
1863880 193
1863890 193
1863900 193
1863910 193
1863920 193
1863930 193
1863940 193
1863950 193
1863960 193
1863970 193
1863980 193
1863990 193
1864000 193
1864010 193
1864020 193
1864030 194
1864040 194
1864050 195
1864060 197
1864070 197
1864080 199
1864090 203
1864100 203
1864110 207
1864120 210
1864130 210
1864140 211
1864150 213
1864160 213
1864170 215
1864180 217
1864190 217
1864200 219
1864210 220
1864220 220
1864230 222
1864240 223
1864250 223
1864260 224
1864270 225
1864280 225
1864290 226
1864300 227
1864310 227
1864320 228
1864330 229
1864340 229
1864350 230
1864360 232
1864370 232
1864380 233
1864390 234
1864400 234
1864410 234
1864420 235
1864430 235
1864440 235
1864450 236
1864460 236
1864470 236
1864480 236
1864490 236
1864500 237
1864510 237
1864520 237
1864530 238
1864540 238
1864550 238
1864560 238
1864570 239
1864580 239
1864590 239
1864600 239
1864610 239
1864620 240
1864630 240
1864640 240
1864650 240
1864660 241
1864670 241
1864680 242
1864690 242
1864700 242
1864710 243
1864720 243
1864730 243
1864740 244
1864750 244
1864760 244
1864770 244
1864780 244
1864790 244
1864800 244
1864810 244
1864820 244
1864830 245
1864840 245
1864850 245
1864860 244
1864870 244
1864880 244
1864890 244
1864900 244
1864910 244
1864920 243
1864930 243
1864940 243
1864950 242
1864960 242
1864970 242
1864980 241
1864990 241
1865000 240
1865010 239
1865020 239
1865030 238
1865040 236
1865050 235
1865060 234
1865070 233
1865080 233
1865090 232
1865100 231
1865110 231
1865120 230
1865130 230
1865140 230
1865150 229
1865160 228
1865170 228
1865180 228
1865190 227
1865200 227
1865210 227
1865220 226
1865230 226
1865240 226
1865250 225
1865260 225
1865270 225
1865280 224
1865290 224
1865300 224
1865310 224
1865320 224
1865330 223
1865340 223
1865350 223
1865360 222
1865370 221
1865380 221
1865390 221
1865400 221
1865410 221
1865420 220
1865430 220
1865440 220
1865450 219
1865460 219
1865470 219
1865480 219
1865490 219
1865500 219
1865510 218
1865520 218
1865530 218
1865540 218
1865550 218
1865560 218
1865570 218
1865580 217
1865590 217
1865600 217
1865610 216
1865620 216
1865630 216
1865640 215
1865650 215
1865660 215
1865670 215
1865680 215
1865690 216
1865700 216
1865710 216
1865720 216
1865730 216
1865740 216
1865750 215
1865760 215
1865770 215
1865780 215
1865790 216
1865800 216
1865810 216
1865820 216
1865830 216
1865840 216
1865850 216
1865860 216
1865870 216
1865880 216
1865890 216
1865900 216
1865910 216
1865920 216
1865930 216
1865940 216
1865950 216
1865960 216
1865970 215
1865980 215
1865990 215
1866000 215
1866010 215
1866020 214
1866030 214
1866040 214
1866050 214
1866060 213
1866070 213
1866080 213
1866090 212
1866100 212
1866110 211
1866120 210
1866130 210
1866140 209
1866150 208
1866160 208
1866170 207
1866180 206
1866190 206
1866200 206
1866210 205
1866220 205
1866230 204
1866240 203
1866250 203
1866260 202
1866270 201
1866280 201
1866290 200
1866300 199
1866310 199
1866320 199
1866330 199
1866340 199
1866350 199
1866360 199
1866370 198
1866380 198
1866390 198
1866400 198
1866410 199
1866420 199
1866430 199
1866440 200
1866450 200
1866460 201
1866470 201
1866480 201
1866490 201
1866500 201
1866510 201
1866520 202
1866530 203
1866540 203
1866550 203
1866560 204
1866570 204
1866580 204
1866590 204
1866600 204
1866610 204
1866620 205
1866630 205
1866640 205
1866650 205
1866660 205
1866670 206
1866680 206
1866690 206
1866700 206
1866710 207
1866720 207
1866730 207
1866740 207
1866750 207
1866760 208
1866770 208
1866780 208
1866790 209
1866800 209
1866810 209
1866820 210
1866830 210
1866840 210
1866850 211
1866860 211
1866870 211
1866880 212
1866890 213
1866900 213
1866910 213
1866920 214
1866930 214
1866940 216
1866950 218
1866960 218
1866970 218
1866980 218
1866990 218
1867000 219
1867010 219
1867020 219
1867030 219
1867040 219
1867050 219
1867060 220
1867070 220
1867080 220
1867090 221
1867100 222
1867110 222
1867120 223
1867130 224
1867140 224
1867150 225
1867160 225
1867170 225
1867180 226
1867190 227
1867200 227
1867210 228
1867220 229
1867230 229
1867240 230
1867250 231
1867260 231
1867270 232
1867280 233
1867290 233
1867300 233
1867310 234
1867320 234
1867330 235
1867340 236
1867350 236
1867360 237
1867370 240
1867380 240
1867390 242
1867400 242
1867410 242
1867420 242
1867430 242
1867440 242
1867450 243
1867460 243
1867470 243
1867480 244
1867490 245
1867500 245
1867510 246
1867520 247
1867530 247
1867540 248
1867550 249
1867560 249
1867570 249
1867580 250
1867590 250
1867600 250
1867610 251
1867620 251
1867630 252
1867640 252
1867650 252
1867660 253
1867670 253
1867680 253
1867690 254
1867700 254
1867710 254
1867720 255
1867730 255
1867740 255
1867750 255
1867760 255
1867770 255
1867780 256
1867790 256
1867800 256
1867810 257
1867820 257
1867830 257
1867840 257
1867850 257
1867860 256
1867870 256
1867880 256
1867890 256
1867900 256
1867910 256
1867920 255
1867930 254
1867940 254
1867950 253
1867960 251
1867970 251
1867980 250
1867990 248
1868000 248
1868010 247
1868020 245
1868030 245
1868040 244
1868050 242
1868060 242
1868070 241
1868080 240
1868090 240
1868100 240
1868110 239
1868120 240
1868130 240
1868140 240
1868150 240
1868160 241
1868170 241
1868180 241
1868190 240
1868200 239
1868210 239
1868220 238
1868230 236
1868240 236
1868250 235
1868260 234
1868270 234
1868280 234
1868290 233
1868300 233
1868310 233
1868320 232
1868330 232
1868340 233
1868350 232
1868360 232
1868370 232
1868380 230
1868390 230
1868400 229
1868410 228
1868420 228
1868430 227
1868440 225
1868450 225
1868460 225
1868470 223
1868480 223
1868490 222
1868500 221
1868510 221
1868520 219
1868530 217
1868540 217
1868550 216
1868560 214
1868570 214
1868580 213
1868590 212
1868600 212
1868610 211
1868620 211
1868630 211
1868640 210
1868650 210
1868660 210
1868670 210
1868680 209
1868690 209
1868700 209
1868710 209
1868720 209
1868730 208
1868740 208
1868750 208
1868760 208
1868770 207
1868780 207
1868790 207
1868800 207
1868810 207
1868820 206
1868830 206
1868840 206
1868850 206
1868860 206
1868870 206
1868880 206
1868890 206
1868900 206
1868910 205
1868920 205
1868930 205
1868940 204
1868950 204
1868960 204
1868970 204
1868980 204
1868990 204
1869000 203
1869010 203
1869020 203
1869030 203
1869040 203
1869050 202
1869060 202
1869070 202
1869080 202
1869090 202
1869100 202
1869110 202
1869120 202
1869130 201
1869140 201
1869150 201
1869160 201
1869170 201
1869180 201
1869190 201
1869200 202
1869210 202
1869220 202
1869230 203
1869240 203
1869250 203
1869260 204
1869270 205
1869280 205
1869290 206
1869300 207
1869310 207
1869320 209
1869330 210
1869340 210
1869350 211
1869360 211
1869370 211
1869380 211
1869390 210
1869400 210
1869410 209
1869420 208
1869430 208
1869440 208
1869450 207
1869460 207
1869470 205
1869480 204
1869490 204
1869500 202
1869510 201
1869520 201
1869530 199
1869540 198
1869550 198
1869560 197
1869570 197
1869580 197
1869590 197
1869600 198
1869610 198
1869620 200
1869630 203
1869640 203
1869650 205
1869660 206
1869670 206
1869680 207
1869690 208
1869700 208
1869710 209
1869720 209
1869730 209
1869740 210
1869750 211
1869760 211
1869770 212
1869780 212
1869790 212
1869800 213
1869810 215
1869820 215
1869830 216
1869840 217
1869850 217
1869860 219
1869870 220
1869880 220
1869890 221
1869900 222
1869910 222
1869920 224
1869930 225
1869940 225
1869950 227
1869960 228
1869970 228
1869980 229
1869990 231
1870000 231
1870010 232
1870020 233
1870030 233
1870040 234
1870050 235
1870060 235
1870070 236
1870080 237
1870090 237
1870100 238
1870110 238
1870120 238
1870130 239
1870140 239
1870150 239
1870160 240
1870170 240
1870180 240
1870190 240
1870200 242
1870210 242
1870220 243
1870230 244
1870240 244
1870250 244
1870260 245
1870270 245
1870280 245
1870290 245
1870300 246
1870310 247
1870320 247
1870330 248
1870340 248
1870350 248
1870360 249
1870370 249
1870380 249
1870390 250
1870400 250
1870410 250
1870420 251
1870430 251
1870440 251
1870450 251
1870460 251
1870470 251
1870480 252
1870490 252
1870500 252
1870510 252
1870520 251
1870530 251
1870540 251
1870550 251
1870560 251
1870570 250
1870580 250
1870590 250
1870600 249
1870610 248
1870620 248
1870630 247
1870640 246
1870650 246
1870660 245
1870670 244
1870680 244
1870690 243
1870700 242
1870710 242
1870720 240
1870730 238
1870740 238
1870750 235
1870760 232
1870770 232
1870780 230
1870790 228
1870800 228
1870810 226
1870820 223
1870830 223
1870840 221
1870850 219
1870860 219
1870870 217
1870880 216
1870890 216
1870900 214
1870910 213
1870920 213
1870930 212
1870940 211
1870950 211
1870960 212
1870970 213
1870980 213
1870990 215
1871000 219
1871010 219
1871020 222
1871030 226
1871040 226
1871050 228
1871060 229
1871070 229
1871080 229
1871090 228
1871100 228
1871110 227
1871120 226
1871130 226
1871140 225
1871150 225
1871160 223
1871170 223
1871180 222
1871190 222
1871200 222
1871210 222
1871220 222
1871230 222
1871240 221
1871250 221
1871260 220
1871270 219
1871280 219
1871290 218
1871300 218
1871310 218
1871320 218
1871330 219
1871340 219
1871350 221
1871360 222
1871370 222
1871380 221
1871390 220
1871400 220
1871410 219
1871420 217
1871430 217
1871440 216
1871450 215
1871460 215
1871470 214
1871480 213
1871490 213
1871500 211
1871510 211
1871520 211
1871530 211
1871540 211
1871550 211
1871560 213
1871570 215
1871580 215
1871590 217
1871600 219
1871610 219
1871620 221
1871630 221
1871640 222
1871650 223
1871660 223
1871670 223
1871680 223
1871690 223
1871700 223
1871710 223
1871720 223
1871730 223
1871740 222
1871750 222
1871760 222
1871770 221
1871780 221
1871790 220
1871800 219
1871810 219
1871820 218
1871830 215
1871840 215
1871850 214
1871860 213
1871870 213
1871880 212
1871890 212
1871900 212
1871910 211
1871920 210
1871930 210
1871940 209
1871950 209
1871960 209
1871970 208
1871980 208
1871990 208
1872000 207
1872010 207
1872020 207
1872030 206
1872040 205
1872050 205
1872060 204
1872070 202
1872080 202
1872090 201
1872100 199
1872110 199
1872120 198
1872130 198
1872140 198
1872150 197
1872160 197
1872170 195
1872180 195
1872190 195
1872200 195
1872210 194
1872220 194
1872230 194
1872240 194
1872250 194
1872260 194
1872270 194
1872280 194
1872290 194
1872300 194
1872310 193
1872320 193
1872330 192
1872340 191
1872350 191
1872360 189
1872370 188
1872380 188
1872390 187
1872400 185
1872410 185
1872420 183
1872430 182
1872440 182
1872450 181
1872460 180
1872470 180
1872480 180
1872490 180
1872500 179
1872510 180
1872520 181
1872530 181
1872540 182
1872550 182
1872560 182
1872570 181
1872580 181
1872590 181
1872600 182
1872610 184
1872620 184
1872630 187
1872640 190
1872650 190
1872660 192
1872670 194
1872680 194
1872690 194
1872700 194
1872710 194
1872720 192
1872730 190
1872740 190
1872750 188
1872760 186
1872770 186
1872780 185
1872790 185
1872800 185
1872810 186
1872820 189
1872830 189
1872840 189
1872850 192
1872860 192
1872870 194
1872880 195
1872890 195
1872900 196
1872910 195
1872920 195
1872930 195
1872940 195
1872950 195
1872960 196
1872970 196
1872980 197
1872990 198
1873000 198
1873010 198
1873020 198
1873030 198
1873040 198
1873050 198
1873060 198
1873070 197
1873080 197
1873090 197
1873100 197
1873110 196
1873120 196
1873130 195
1873140 194
1873150 194
1873160 193
1873170 192
1873180 192
1873190 192
1873200 191
1873210 191
1873220 191
1873230 191
1873240 191
1873250 190
1873260 190
1873270 190
1873280 189
1873290 189
1873300 189
1873310 188
1873320 187
1873330 187
1873340 187
1873350 186
1873360 186
1873370 184
1873380 183
1873390 183
1873400 181
1873410 178
1873420 178
1873430 176
1873440 174
1873450 174
1873460 173
1873470 173
1873480 173
1873490 174
1873500 177
1873510 177
1873520 178
1873530 179
1873540 179
1873550 180
1873560 180
1873570 180
1873580 180
1873590 179
1873600 179
1873610 177
1873620 173
1873630 173
1873640 168
1873650 165
1873660 165
1873670 164
1873680 163
1873690 163
1873700 163
1873710 163
1873720 163
1873730 164
1873740 166
1873750 166
1873760 169
1873770 171
1873780 171
1873790 172
1873800 172
1873810 172
1873820 172
1873830 171
1873840 168
1873850 168
1873860 168
1873870 168
1873880 167
1873890 167
1873900 167
1873910 166
1873920 166
1873930 166
1873940 165
1873950 165
1873960 165
1873970 165
1873980 165
1873990 165
1874000 164
1874010 162
1874020 162
1874030 162
1874040 161
1874050 161
1874060 161
1874070 161
1874080 161
1874090 160
1874100 160
1874110 160
1874120 160
1874130 160
1874140 160
1874150 160
1874160 160
1874170 160
1874180 160
1874190 160
1874200 160
1874210 160
1874220 160
1874230 160
1874240 161
1874250 161
1874260 161
1874270 162
1874280 162
1874290 163
1874300 162
1874310 162
1874320 161
1874330 161
1874340 161
1874350 160
1874360 158
1874370 158
1874380 158
1874390 157
1874400 157
1874410 157
1874420 156
1874430 156
1874440 156
1874450 155
1874460 155
1874470 156
1874480 155
1874490 155
1874500 154
1874510 154
1874520 154
1874530 154
1874540 155
1874550 155
1874560 154
1874570 154
1874580 154
1874590 154
1874600 154
1874610 154
1874620 155
1874630 155
1874640 155
1874650 157
1874660 159
1874670 159
1874680 160
1874690 162
1874700 162
1874710 164
1874720 165
1874730 165
1874740 165
1874750 166
1874760 166
1874770 165
1874780 155
1874790 155
1874800 149
1874810 147
1874820 147
1874830 147
1874840 148
1874850 148
1874860 147
1874870 147
1874880 147
1874890 147
1874900 148
1874910 148
1874920 148
1874930 147
1874940 147
1874950 146
1874960 146
1874970 146
1874980 146
1874990 146
1875000 146
1875010 146
1875020 147
1875030 147
1875040 147
1875050 147
1875060 147
1875070 147
1875080 146
1875090 146
1875100 145
1875110 145
1875120 145
1875130 145
1875140 145
1875150 145
1875160 145
1875170 145
1875180 145
1875190 145
1875200 145
1875210 145
1875220 145
1875230 145
1875240 145
1875250 145
1875260 145
1875270 145
1875280 145
1875290 145
1875300 145
1875310 145
1875320 145
1875330 145
1875340 145
1875350 147
1875360 147
1875370 147
1875380 147
1875390 147
1875400 147
1875410 146
1875420 146
1875430 145
1875440 145
1875450 145
1875460 145
1875470 145
1875480 145
1875490 145
1875500 146
1875510 146
1875520 145
1875530 145
1875540 145
1875550 145
1875560 145
1875570 145
1875580 146
1875590 146
1875600 146
1875610 146
1875620 146
1875630 146
1875640 146
1875650 146
1875660 145
1875670 146
1875680 146
1875690 145
1875700 145
1875710 145
1875720 146
1875730 148
1875740 148
1875750 147
1875760 146
1875770 146
1875780 146
1875790 145
1875800 145
1875810 145
1875820 146
1875830 146
1875840 145
1875850 145
1875860 145
1875870 145
1875880 145
1875890 145
1875900 145
1875910 145
1875920 145
1875930 145
1875940 145
1875950 145
1875960 144
1875970 143
1875980 143
1875990 143
1876000 143
1876010 143
1876020 143
1876030 143
1876040 143
1876050 143
1876060 143
1876070 143
1876080 143
1876090 143
1876100 143
1876110 143
1876120 143
1876130 143
1876140 143
1876150 143
1876160 143
1876170 144
1876180 144
1876190 144
1876200 144
1876210 144
1876220 144
1876230 144
1876240 144
1876250 144
1876260 144
1876270 144
1876280 144
1876290 144
1876300 144
1876310 144
1876320 144
1876330 144
1876340 144
1876350 145
1876360 145
1876370 145
1876380 145
1876390 145
1876400 145
1876410 145
1876420 145
1876430 145
1876440 145
1876450 145
1876460 145
1876470 145
1876480 145
1876490 145
1876500 145
1876510 145
1876520 145
1876530 145
1876540 145
1876550 145
1876560 145
1876570 145
1876580 145
1876590 145
1876600 145
1876610 145
1876620 144
1876630 144
1876640 144
1876650 144
1876660 144
1876670 144
1876680 144
1876690 144
1876700 144
1876710 144
1876720 145
1876730 145
1876740 145
1876750 145
1876760 145
1876770 145
1876780 145
1876790 145
1876800 145
1876810 144
1876820 144
1876830 144
1876840 144
1876850 144
1876860 144
1876870 144
1876880 144
1876890 144
1876900 144
1876910 144
1876920 143
1876930 143
1876940 142
1876950 142
1876960 142
1876970 142
1876980 142
1876990 142
1877000 142
1877010 142
1877020 142
1877030 142
1877040 142
1877050 142
1877060 143
1877070 145
1877080 145
1877090 145
1877100 145
1877110 145
