1860000 254
1860010 254
1860020 254
1860030 255
1860040 255
1860050 255
1860060 255
1860070 256
1860080 256
1860090 256
1860100 256
1860110 256
1860120 256
1860130 256
1860140 256
1860150 256
1860160 255
1860170 255
1860180 255
1860190 255
1860200 255
1860210 255
1860220 255
1860230 255
1860240 255
1860250 255
1860260 255
1860270 255
1860280 256
1860290 256
1860300 256
1860310 256
1860320 256
1860330 256
1860340 255
1860350 255
1860360 256
1860370 256
1860380 256
1860390 256
1860400 256
1860410 256
1860420 256
1860430 256
1860440 256
1860450 256
1860460 256
1860470 256
1860480 256
1860490 256
1860500 256
1860510 256
1860520 256
1860530 256
1860540 255
1860550 255
1860560 255
1860570 255
1860580 254
1860590 254
1860600 253
1860610 253
1860620 253
1860630 252
1860640 250
1860650 250
1860660 249
1860670 246
1860680 246
1860690 243
1860700 241
1860710 241
1860720 239
1860730 239
1860740 237
1860750 235
1860760 235
1860770 234
1860780 233
1860790 231
1860800 230
1860810 228
1860820 228
1860830 227
1860840 228
1860850 228
1860860 232
1860870 236
1860880 236
1860890 239
1860900 241
1860910 241
1860920 243
1860930 243
1860940 243
1860950 243
1860960 243
1860970 243
1860980 244
1860990 244
1861000 244
1861010 244
1861020 245
1861030 245
1861040 245
1861050 245
1861060 245
1861070 245
1861080 245
1861090 245
1861100 245
1861110 245
1861120 245
1861130 244
1861140 243
1861150 243
1861160 243
1861170 242
1861180 242
1861190 240
1861200 240
1861210 240
1861220 242
1861230 243
1861240 243
1861250 243
1861260 243
1861270 243
1861280 243
1861290 244
1861300 244
1861310 244
1861320 244
1861330 244
1861340 244
1861350 244
1861360 244
1861370 244
1861380 244
1861390 244
1861400 244
1861410 244
1861420 244
1861430 244
1861440 243
1861450 243
1861460 243
1861470 244
1861480 245
1861490 245
1861500 245
1861510 245
1861520 245
1861530 245
1861540 245
1861550 246
1861560 246
1861570 246
1861580 246
1861590 246
1861600 246
1861610 246
1861620 246
1861630 246
1861640 246
1861650 246
1861660 246
1861670 246
1861680 245
1861690 245
1861700 245
1861710 245
1861720 245
1861730 245
1861740 245
1861750 245
1861760 246
1861770 246
1861780 246
1861790 246
1861800 247
1861810 247
1861820 247
1861830 248
1861840 248
1861850 248
1861860 248
1861870 248
1861880 248
1861890 248
1861900 248
1861910 248
1861920 248
1861930 248
1861940 247
1861950 247
1861960 247
1861970 247
1861980 247
1861990 247
1862000 247
1862010 247
1862020 246
1862030 246
1862040 246
1862050 245
1862060 245
1862070 245
1862080 245
1862090 245
1862100 245
1862110 244
1862120 244
1862130 244
1862140 244
1862150 244
1862160 244
1862170 244
1862180 244
1862190 244
1862200 244
1862210 244
1862220 244
1862230 244
1862240 244
1862250 244
1862260 243
1862270 243
1862280 243
1862290 243
1862300 243
1862310 243
1862320 243
1862330 243
1862340 243
1862350 244
1862360 244
1862370 244
1862380 243
1862390 243
1862400 243
1862410 243
1862420 243
1862430 243
1862440 243
1862450 243
1862460 243
1862470 243
1862480 243
1862490 243
1862500 243
1862510 243
1862520 245
1862530 245
1862540 245
1862550 245
1862560 244
1862570 243
1862580 243
1862590 242
1862600 242
1862610 242
1862620 242
1862630 242
1862640 242
1862650 241
1862660 241
1862670 241
1862680 241
1862690 241
1862700 241
1862710 241
1862720 241
1862730 241
1862740 241
1862750 241
1862760 241
1862770 241
1862780 241
1862790 241
1862800 241
1862810 241
1862820 241
1862830 240
1862840 238
1862850 238
1862860 236
1862870 235
1862880 235
1862890 233
1862900 232
1862910 232
1862920 231
1862930 231
1862940 231
1862950 230
1862960 230
1862970 230
1862980 230
1862990 231
1863000 231
1863010 232
1863020 234
1863030 234
1863040 235
1863050 236
1863060 236
1863070 237
1863080 238
1863090 238
1863100 239
1863110 240
1863120 240
1863130 242
1863140 243
1863150 243
1863160 244
1863170 245
1863180 245
1863190 245
1863200 244
1863210 244
1863220 243
1863230 242
1863240 242
1863250 242
1863260 241
1863270 241
1863280 241
1863290 241
1863300 241
1863310 242
1863320 242
1863330 242
1863340 242
1863350 242
1863360 242
1863370 242
1863380 242
1863390 241
1863400 241
1863410 241
1863420 241
1863430 240
1863440 240
1863450 240
1863460 240
1863470 240
1863480 239
1863490 239
1863500 239
1863510 238
1863520 237
1863530 237
1863540 237
1863550 236
1863560 236
1863570 235
1863580 234
1863590 234
1863600 232
1863610 231
1863620 231
1863630 229
1863640 228
1863650 228
1863660 226
1863670 225
1863680 225
1863690 223
1863700 221
1863710 221
1863720 220
1863730 218
1863740 218
1863750 217
1863760 216
1863770 216
1863780 215
1863790 214
1863800 214
1863810 213
1863820 212
1863830 212
1863840 211
1863850 210
1863860 210
1863870 210
1863880 209
1863890 209
1863900 210
1863910 210
1863920 210
1863930 211
1863940 212
1863950 212
1863960 212
1863970 213
1863980 213
1863990 214
1864000 216
1864010 216
1864020 217
1864030 218
1864040 218
1864050 220
1864060 220
1864070 220
1864080 221
1864090 222
1864100 222
1864110 223
1864120 224
1864130 224
1864140 225
1864150 225
1864160 225
1864170 225
1864180 225
1864190 225
1864200 225
1864210 225
1864220 225
1864230 224
1864240 224
1864250 224
1864260 224
1864270 223
1864280 223
1864290 222
1864300 222
1864310 222
1864320 221
1864330 221
1864340 221
1864350 220
1864360 219
1864370 219
1864380 218
1864390 217
1864400 217
1864410 216
1864420 215
1864430 215
1864440 214
1864450 213
1864460 213
1864470 211
1864480 210
1864490 210
1864500 209
1864510 208
1864520 208
1864530 206
1864540 205
1864550 205
1864560 203
1864570 203
1864580 200
1864590 198
1864600 198
1864610 196
1864620 195
1864630 195
1864640 193
1864650 192
1864660 192
1864670 192
1864680 191
1864690 191
1864700 191
1864710 191
1864720 191
1864730 191
1864740 191
1864750 191
1864760 192
1864770 192
1864780 192
1864790 193
1864800 194
1864810 194
1864820 195
1864830 196
1864840 196
1864850 197
1864860 198
1864870 198
1864880 199
1864890 200
1864900 200
1864910 201
1864920 203
1864930 203
1864940 203
1864950 203
1864960 203
1864970 202
1864980 201
1864990 201
1865000 201
1865010 200
1865020 200
1865030 200
1865040 200
1865050 200
1865060 200
1865070 200
1865080 200
1865090 200
1865100 199
1865110 199
1865120 198
1865130 197
1865140 197
1865150 196
1865160 195
1865170 195
1865180 194
1865190 193
1865200 193
1865210 191
1865220 190
1865230 190
1865240 189
1865250 188
1865260 188
1865270 187
1865280 186
1865290 186
1865300 185
1865310 184
1865320 184
1865330 183
1865340 183
1865350 183
1865360 182
1865370 182
1865380 182
1865390 182
1865400 181
1865410 181
1865420 181
1865430 181
1865440 181
1865450 180
1865460 180
1865470 180
1865480 180
1865490 180
1865500 180
1865510 180
1865520 180
1865530 180
1865540 180
1865550 181
1865560 181
1865570 183
1865580 186
1865590 186
1865600 189
1865610 191
1865620 191
1865630 194
1865640 197
1865650 197
1865660 199
1865670 200
1865680 200
1865690 200
1865700 200
1865710 200
1865720 199
1865730 199
1865740 199
1865750 199
1865760 200
1865770 200
1865780 200
1865790 201
1865800 201
1865810 201
1865820 201
1865830 201
1865840 201
1865850 201
1865860 201
1865870 200
1865880 200
1865890 200
1865900 199
1865910 199
1865920 198
1865930 198
1865940 198
1865950 197
1865960 196
1865970 196
1865980 195
1865990 194
1866000 194
1866010 192
1866020 190
1866030 190
1866040 188
1866050 186
1866060 186
1866070 184
1866080 183
1866090 183
1866100 182
1866110 181
1866120 181
1866130 181
1866140 181
1866150 181
1866160 181
1866170 182
1866180 182
1866190 183
1866200 185
1866210 185
1866220 186
1866230 188
1866240 188
1866250 190
1866260 193
1866270 193
1866280 195
1866290 197
1866300 197
1866310 199
1866320 201
1866330 201
1866340 202
1866350 204
1866360 204
1866370 206
1866380 208
1866390 208
1866400 208
1866410 210
1866420 210
1866430 211
1866440 212
1866450 212
1866460 213
1866470 213
1866480 213
1866490 214
1866500 214
1866510 214
1866520 215
1866530 215
1866540 215
1866550 215
1866560 215
1866570 215
1866580 215
1866590 215
1866600 215
1866610 215
1866620 215
1866630 217
1866640 218
1866650 219
1866660 219
1866670 219
1866680 221
1866690 221
1866700 223
1866710 225
1866720 225
1866730 227
1866740 229
1866750 229
1866760 231
1866770 233
1866780 233
1866790 235
1866800 237
1866810 237
1866820 238
1866830 239
1866840 239
1866850 241
1866860 242
1866870 242
1866880 243
1866890 244
1866900 244
1866910 245
1866920 246
1866930 246
1866940 246
1866950 247
1866960 247
1866970 248
1866980 248
1866990 248
1867000 249
1867010 250
1867020 250
1867030 251
1867040 251
1867050 251
1867060 252
1867070 253
1867080 253
1867090 253
1867100 253
1867110 253
1867120 253
1867130 253
1867140 254
1867150 254
1867160 254
1867170 254
1867180 254
1867190 254
1867200 254
1867210 254
1867220 254
1867230 254
1867240 254
1867250 254
1867260 253
1867270 252
1867280 252
1867290 252
1867300 252
1867310 252
1867320 252
1867330 252
1867340 252
1867350 252
1867360 252
1867370 252
1867380 252
1867390 252
1867400 252
1867410 252
1867420 251
1867430 251
1867440 251
1867450 251
1867460 251
1867470 251
1867480 250
1867490 250
1867500 250
1867510 250
1867520 250
1867530 249
1867540 249
1867550 249
1867560 249
1867570 248
1867580 248
1867590 248
1867600 247
1867610 247
1867620 247
1867630 247
1867640 247
1867650 246
1867660 245
1867670 245
1867680 243
1867690 243
1867700 243
1867710 243
1867720 242
1867730 242
1867740 241
1867750 239
1867760 239
1867770 238
1867780 236
1867790 236
1867800 234
1867810 231
1867820 231
1867830 228
1867840 225
1867850 225
1867860 222
1867870 219
1867880 219
1867890 217
1867900 215
1867910 215
1867920 213
1867930 212
1867940 212
1867950 210
1867960 208
1867970 208
1867980 206
1867990 204
1868000 204
1868010 202
1868020 200
1868030 200
1868040 198
1868050 197
1868060 197
1868070 196
1868080 195
1868090 195
1868100 195
1868110 194
1868120 194
1868130 194
1868140 195
1868150 195
1868160 196
1868170 198
1868180 198
1868190 202
1868200 205
1868210 205
1868220 209
1868230 213
1868240 213
1868250 216
1868260 219
1868270 219
1868280 221
1868290 223
1868300 223
1868310 224
1868320 224
1868330 223
1868340 224
1868350 224
1868360 224
1868370 224
1868380 225
1868390 225
1868400 225
1868410 225
1868420 225
1868430 224
1868440 224
1868450 224
1868460 224
1868470 224
1868480 224
1868490 223
1868500 223
1868510 223
1868520 223
1868530 223
1868540 223
1868550 222
1868560 222
1868570 222
1868580 222
1868590 222
1868600 221
1868610 221
1868620 221
1868630 220
1868640 219
1868650 219
1868660 219
1868670 218
1868680 218
1868690 217
1868700 217
1868710 217
1868720 216
1868730 216
1868740 216
1868750 215
1868760 215
1868770 215
1868780 214
1868790 213
1868800 213
1868810 212
1868820 211
1868830 211
1868840 209
1868850 208
1868860 208
1868870 207
1868880 206
1868890 206
1868900 205
1868910 204
1868920 204
1868930 203
1868940 202
1868950 202
1868960 201
1868970 200
1868980 200
1868990 199
1869000 197
1869010 197
1869020 196
1869030 194
1869040 194
1869050 193
1869060 191
1869070 191
1869080 189
1869090 187
1869100 187
1869110 185
1869120 183
1869130 183
1869140 181
1869150 180
1869160 180
1869170 179
1869180 179
1869190 179
1869200 179
1869210 180
1869220 180
1869230 183
1869240 186
1869250 186
1869260 189
1869270 192
1869280 192
1869290 194
1869300 196
1869310 196
1869320 198
1869330 200
1869340 200
1869350 202
1869360 204
1869370 204
1869380 205
1869390 206
1869400 206
1869410 208
1869420 209
1869430 209
1869440 210
1869450 211
1869460 211
1869470 211
1869480 211
1869490 211
1869500 211
1869510 211
1869520 211
1869530 210
1869540 210
1869550 210
1869560 208
1869570 207
1869580 207
1869590 206
1869600 206
1869610 206
1869620 206
1869630 208
1869640 208
1869650 209
1869660 211
1869670 211
1869680 212
1869690 211
1869700 213
1869710 215
1869720 215
1869730 217
1869740 218
1869750 218
1869760 220
1869770 222
1869780 222
1869790 224
1869800 227
1869810 227
1869820 229
1869830 233
1869840 233
1869850 236
1869860 238
1869870 238
1869880 241
1869890 242
1869900 242
1869910 242
1869920 243
1869930 243
1869940 243
1869950 244
1869960 244
1869970 244
1869980 244
1869990 244
1870000 245
1870010 245
1870020 245
1870030 246
1870040 247
1870050 247
1870060 247
1870070 248
1870080 248
1870090 248
1870100 248
1870110 248
1870120 249
1870130 249
1870140 249
1870150 249
1870160 249
1870170 249
1870180 249
1870190 249
1870200 249
1870210 249
1870220 249
1870230 249
1870240 249
1870250 249
1870260 249
1870270 249
1870280 248
1870290 248
1870300 248
1870310 248
1870320 248
1870330 248
1870340 248
1870350 248
1870360 247
1870370 246
1870380 246
1870390 246
1870400 246
1870410 246
1870420 245
1870430 245
1870440 245
1870450 244
1870460 244
1870470 244
1870480 243
1870490 243
1870500 243
1870510 242
1870520 242
1870530 242
1870540 241
1870550 241
1870560 241
1870570 241
1870580 240
1870590 240
1870600 240
1870610 239
1870620 239
1870630 239
1870640 238
1870650 238
1870660 238
1870670 238
1870680 238
1870690 237
1870700 237
1870710 237
1870720 236
1870730 236
1870740 236
1870750 236
1870760 235
1870770 235
1870780 235
1870790 235
1870800 235
1870810 234
1870820 234
1870830 234
1870840 234
1870850 234
1870860 234
1870870 233
1870880 232
1870890 232
1870900 231
1870910 229
1870920 229
1870930 228
1870940 228
1870950 226
1870960 224
1870970 224
1870980 222
1870990 221
1871000 221
1871010 222
1871020 225
1871030 225
1871040 225
1871050 228
1871060 228
1871070 229
1871080 229
1871090 229
1871100 227
1871110 224
1871120 224
1871130 222
1871140 221
1871150 221
1871160 222
1871170 223
1871180 223
1871190 225
1871200 227
1871210 227
1871220 228
1871230 228
1871240 228
1871250 228
1871260 228
1871270 228
1871280 227
1871290 227
1871300 227
1871310 227
1871320 226
1871330 226
1871340 225
1871350 225
1871360 225
1871370 225
1871380 225
1871390 225
1871400 224
1871410 223
1871420 223
1871430 222
1871440 222
1871450 222
1871460 221
1871470 220
1871480 220
1871490 218
1871500 217
1871510 217
1871520 215
1871530 213
1871540 213
1871550 212
1871560 211
1871570 211
1871580 210
1871590 209
1871600 209
1871610 209
1871620 209
1871630 209
1871640 209
1871650 209
1871660 209
1871670 210
1871680 210
1871690 210
1871700 210
1871710 210
1871720 210
1871730 211
1871740 211
1871750 211
1871760 212
1871770 212
1871780 212
1871790 213
1871800 213
1871810 213
1871820 214
1871830 215
1871840 215
1871850 215
1871860 216
1871870 216
1871880 216
1871890 217
1871900 217
1871910 217
1871920 217
1871930 217
1871940 217
1871950 217
1871960 217
1871970 217
1871980 217
1871990 217
1872000 217
1872010 217
1872020 217
1872030 217
1872040 217
1872050 217
1872060 216
1872070 216
1872080 216
1872090 216
1872100 216
1872110 216
1872120 215
1872130 215
1872140 215
1872150 215
1872160 215
1872170 215
1872180 214
1872190 214
1872200 214
1872210 214
1872220 214
1872230 213
1872240 213
1872250 213
1872260 212
1872270 212
1872280 212
1872290 211
1872300 211
1872310 211
1872320 210
1872330 210
1872340 210
1872350 209
1872360 208
1872370 208
1872380 204
1872390 203
1872400 203
1872410 202
1872420 202
1872430 202
1872440 202
1872450 202
1872460 202
1872470 201
1872480 201
1872490 201
1872500 201
1872510 200
1872520 200
1872530 200
1872540 199
1872550 199
1872560 198
1872570 197
1872580 197
1872590 197
1872600 196
1872610 196
1872620 195
1872630 194
1872640 194
1872650 194
1872660 193
1872670 193
1872680 192
1872690 192
1872700 192
1872710 191
1872720 189
1872730 189
1872740 188
1872750 187
1872760 187
1872770 186
1872780 185
1872790 185
1872800 185
1872810 183
1872820 183
1872830 182
1872840 181
1872850 181
1872860 180
1872870 178
1872880 178
1872890 177
1872900 176
1872910 176
1872920 175
1872930 174
1872940 174
1872950 173
1872960 173
1872970 173
1872980 172
1872990 172
1873000 172
1873010 172
1873020 173
1873030 173
1873040 173
1873050 173
1873060 173
1873070 174
1873080 175
1873090 175
1873100 176
1873110 177
1873120 177
1873130 177
1873140 178
1873150 178
1873160 178
1873170 179
1873180 179
1873190 180
1873200 182
1873210 182
1873220 183
1873230 184
1873240 184
1873250 185
1873260 186
1873270 186
1873280 187
1873290 188
1873300 188
1873310 189
1873320 189
1873330 189
1873340 190
1873350 191
1873360 191
1873370 191
1873380 191
1873390 192
1873400 192
1873410 192
1873420 192
1873430 192
1873440 192
1873450 192
1873460 192
1873470 192
1873480 192
1873490 193
1873500 193
1873510 194
1873520 195
1873530 195
1873540 195
1873550 196
1873560 196
1873570 197
1873580 197
1873590 197
1873600 198
1873610 198
1873620 198
1873630 198
1873640 198
1873650 198
1873660 199
1873670 199
1873680 199
1873690 199
1873700 199
1873710 199
1873720 200
1873730 200
1873740 200
1873750 200
1873760 200
1873770 200
1873780 201
1873790 201
1873800 201
1873810 201
1873820 201
1873830 201
1873840 201
1873850 201
1873860 201
1873870 201
1873880 200
1873890 200
1873900 200
1873910 200
1873920 200
1873930 199
1873940 198
1873950 198
1873960 197
1873970 197
1873980 197
1873990 196
1874000 195
1874010 195
1874020 193
1874030 192
1874040 192
1874050 190
1874060 192
1874070 192
1874080 193
1874090 193
1874100 193
1874110 196
1874120 197
1874130 197
1874140 198
1874150 201
1874160 201
1874170 201
1874180 202
1874190 202
1874200 202
1874210 202
1874220 202
1874230 203
1874240 203
1874250 203
1874260 203
1874270 203
1874280 203
1874290 202
1874300 202
1874310 202
1874320 201
1874330 201
1874340 201
1874350 200
1874360 199
1874370 199
1874380 198
1874390 197
1874400 197
1874410 197
1874420 196
1874430 196
1874440 195
1874450 192
1874460 192
1874470 192
1874480 194
1874490 194
1874500 195
1874510 195
1874520 195
1874530 196
1874540 197
1874550 197
1874560 197
1874570 197
1874580 197
1874590 197
1874600 196
1874610 196
1874620 196
1874630 195
1874640 195
1874650 194
1874660 192
1874670 192
1874680 188
1874690 186
1874700 186
1874710 185
1874720 184
1874730 181
1874740 181
1874750 181
1874760 183
1874770 184
1874780 184
1874790 184
1874800 183
1874810 183
1874820 183
1874830 183
1874840 183
1874850 184
1874860 184
1874870 184
1874880 184
1874890 186
1874900 186
1874910 187
1874920 188
1874930 188
1874940 189
1874950 189
1874960 189
1874970 190
1874980 190
1874990 190
1875000 190
1875010 189
1875020 189
1875030 187
1875040 185
1875050 185
1875060 179
1875070 177
1875080 177
1875090 175
1875100 174
1875110 174
1875120 172
1875130 171
1875140 171
1875150 171
1875160 170
1875170 170
1875180 170
1875190 170
1875200 170
1875210 170
1875220 170
1875230 170
1875240 169
1875250 167
1875260 167
1875270 167
1875280 167
1875290 167
1875300 168
1875310 167
1875320 167
1875330 165
1875340 162
1875350 162
1875360 158
1875370 154
1875380 154
1875390 152
1875400 152
1875410 152
1875420 150
1875430 148
1875440 148
1875450 147
1875460 147
1875470 147
1875480 147
1875490 147
1875500 147
1875510 147
1875520 147
1875530 147
1875540 147
1875550 147
1875560 147
1875570 146
1875580 146
1875590 146
1875600 146
1875610 146
1875620 146
1875630 146
1875640 146
1875650 146
1875660 146
1875670 146
1875680 146
1875690 146
1875700 146
1875710 146
1875720 146
1875730 146
1875740 146
1875750 146
1875760 146
1875770 146
1875780 146
1875790 146
1875800 146
1875810 146
1875820 146
1875830 146
1875840 146
1875850 146
1875860 146
1875870 146
1875880 146
1875890 146
1875900 146
1875910 146
1875920 146
1875930 146
1875940 148
1875950 148
1875960 146
1875970 145
1875980 145
1875990 145
1876000 145
1876010 145
1876020 145
1876030 145
1876040 145
1876050 146
1876060 146
1876070 146
1876080 145
1876090 145
1876100 145
1876110 146
1876120 146
1876130 146
1876140 146
1876150 146
1876160 146
1876170 146
1876180 146
1876190 146
1876200 145
1876210 145
1876220 146
1876230 146
1876240 146
1876250 146
1876260 146
1876270 146
1876280 146
1876290 146
1876300 146
1876310 146
1876320 146
1876330 146
1876340 145
1876350 145
1876360 145
1876370 146
1876380 146
1876390 146
1876400 146
1876410 146
1876420 146
1876430 146
1876440 145
1876450 145
1876460 145
1876470 145
1876480 145
1876490 145
1876500 145
1876510 145
1876520 144
1876530 143
1876540 143
1876550 143
1876560 143
1876570 143
1876580 143
1876590 143
1876600 143
1876610 143
1876620 143
1876630 143
1876640 143
1876650 144
1876660 144
1876670 145
1876680 145
1876690 145
1876700 145
1876710 145
1876720 145
1876730 145
1876740 145
1876750 145
