1860000 255
1860010 255
1860020 255
1860030 256
1860040 256
1860050 256
1860060 257
1860070 257
1860080 258
1860090 258
1860100 258
1860110 258
1860120 259
1860130 259
1860140 259
1860150 260
1860160 260
1860170 260
1860180 260
1860190 260
1860200 260
1860210 260
1860220 260
1860230 260
1860240 261
1860250 261
1860260 261
1860270 261
1860280 261
1860290 261
1860300 261
1860310 261
1860320 261
1860330 261
1860340 261
1860350 261
1860360 261
1860370 261
1860380 261
1860390 261
1860400 261
1860410 261
1860420 261
1860430 261
1860440 261
1860450 261
1860460 261
1860470 262
1860480 262
1860490 262
1860500 262
1860510 262
1860520 262
1860530 262
1860540 262
1860550 262
1860560 262
1860570 262
1860580 262
1860590 262
1860600 262
1860610 262
1860620 262
1860630 262
1860640 262
1860650 263
1860660 263
1860670 263
1860680 263
1860690 263
1860700 263
1860710 262
1860720 262
1860730 262
1860740 262
1860750 261
1860760 261
1860770 261
1860780 260
1860790 260
1860800 259
1860810 259
1860820 259
1860830 258
1860840 257
1860850 257
1860860 257
1860870 256
1860880 256
1860890 255
1860900 253
1860910 253
1860920 251
1860930 248
1860940 248
1860950 247
1860960 249
1860970 249
1860980 251
1860990 252
1861000 252
1861010 252
1861020 252
1861030 252
1861040 252
1861050 253
1861060 253
1861070 253
1861080 253
1861090 253
1861100 253
1861110 252
1861120 252
1861130 252
1861140 252
1861150 252
1861160 252
1861170 252
1861180 252
1861190 251
1861200 251
1861210 251
1861220 251
1861230 251
1861240 251
1861250 251
1861260 251
1861270 251
1861280 251
1861290 251
1861300 251
1861310 251
1861320 251
1861330 251
1861340 250
1861350 250
1861360 250
1861370 250
1861380 250
1861390 250
1861400 250
1861410 250
1861420 249
1861430 249
1861440 249
1861450 249
1861460 249
1861470 249
1861480 248
1861490 248
1861500 248
1861510 248
1861520 248
1861530 248
1861540 248
1861550 248
1861560 248
1861570 248
1861580 248
1861590 248
1861600 248
1861610 247
1861620 247
1861630 247
1861640 247
1861650 247
1861660 247
1861670 246
1861680 246
1861690 246
1861700 245
1861710 245
1861720 245
1861730 244
1861740 244
1861750 244
1861760 243
1861770 243
1861780 242
1861790 243
1861800 243
1861810 243
1861820 242
1861830 242
1861840 242
1861850 242
1861860 242
1861870 241
1861880 241
1861890 241
1861900 240
1861910 239
1861920 239
1861930 238
1861940 237
1861950 237
1861960 237
1861970 236
1861980 236
1861990 235
1862000 235
1862010 235
1862020 234
1862030 233
1862040 233
1862050 232
1862060 232
1862070 232
1862080 231
1862090 230
1862100 230
1862110 230
1862120 229
1862130 231
1862140 231
1862150 232
1862160 232
1862170 233
1862180 233
1862190 233
1862200 234
1862210 233
1862220 233
1862230 234
1862240 234
1862250 234
1862260 234
1862270 234
1862280 234
1862290 233
1862300 232
1862310 232
1862320 230
1862330 229
1862340 229
1862350 228
1862360 226
1862370 226
1862380 225
1862390 223
1862400 223
1862410 221
1862420 221
1862430 221
1862440 221
1862450 221
1862460 222
1862470 223
1862480 225
1862490 225
1862500 226
1862510 226
1862520 226
1862530 226
1862540 226
1862550 227
1862560 227
1862570 227
1862580 227
1862590 226
1862600 226
1862610 226
1862620 225
1862630 225
1862640 223
1862650 221
1862660 221
1862670 219
1862680 219
1862690 219
1862700 220
1862710 221
1862720 221
1862730 222
1862740 222
1862750 222
1862760 223
1862770 223
1862780 223
1862790 223
1862800 222
1862810 222
1862820 222
1862830 220
1862840 220
1862850 219
1862860 219
1862870 219
1862880 220
1862890 220
1862900 220
1862910 221
1862920 222
1862930 222
1862940 221
1862950 220
1862960 220
1862970 218
1862980 216
1862990 216
1863000 215
1863010 213
1863020 213
1863030 213
1863040 214
1863050 214
1863060 216
1863070 219
1863080 219
1863090 222
1863100 224
1863110 224
1863120 226
1863130 228
1863140 228
1863150 229
1863160 230
1863170 230
1863180 230
1863190 231
1863200 231
1863210 230
1863220 230
1863230 230
1863240 230
1863250 229
1863260 229
1863270 229
1863280 227
1863290 227
1863300 226
1863310 224
1863320 224
1863330 223
1863340 222
1863350 222
1863360 222
1863370 223
1863380 223
1863390 224
1863400 225
1863410 225
1863420 227
1863430 228
1863440 228
1863450 228
1863460 229
1863470 229
1863480 228
1863490 228
1863500 228
1863510 228
1863520 227
1863530 227
1863540 226
1863550 225
1863560 225
1863570 225
1863580 224
1863590 224
1863600 224
1863610 224
1863620 224
1863630 224
1863640 226
1863650 226
1863660 227
1863670 227
1863680 227
1863690 228
1863700 228
1863710 228
1863720 229
1863730 229
1863740 229
1863750 228
1863760 228
1863770 227
1863780 226
1863790 226
1863800 225
1863810 223
1863820 223
1863830 222
1863840 220
1863850 219
1863860 217
1863870 215
1863880 215
1863890 213
1863900 211
1863910 211
1863920 210
1863930 208
1863940 208
1863950 207
1863960 206
1863970 206
1863980 204
1863990 202
1864000 202
1864010 200
1864020 199
1864030 199
1864040 197
1864050 196
1864060 196
1864070 194
1864080 193
1864090 193
1864100 193
1864110 194
1864120 194
1864130 195
1864140 195
1864150 195
1864160 196
1864170 197
1864180 197
1864190 197
1864200 198
1864210 198
1864220 198
1864230 198
1864240 198
1864250 197
1864260 197
1864270 197
1864280 197
1864290 196
1864300 196
1864310 196
1864320 195
1864330 195
1864340 194
1864350 193
1864360 193
1864370 192
1864380 191
1864390 191
1864400 191
1864410 190
1864420 190
1864430 189
1864440 188
1864450 188
1864460 188
1864470 187
1864480 187
1864490 187
1864500 186
1864510 186
1864520 186
1864530 186
1864540 187
1864550 186
1864560 186
1864570 186
1864580 185
1864590 185
1864600 185
1864610 185
1864620 185
1864630 185
1864640 184
1864650 184
1864660 184
1864670 184
1864680 184
1864690 184
1864700 184
1864710 184
1864720 184
1864730 184
1864740 184
1864750 184
1864760 184
1864770 184
1864780 184
1864790 184
1864800 184
1864810 184
1864820 184
1864830 184
1864840 184
1864850 184
1864860 184
1864870 184
1864880 183
1864890 183
1864900 183
1864910 183
1864920 183
1864930 183
1864940 183
1864950 183
1864960 183
1864970 183
1864980 183
1864990 183
1865000 183
1865010 183
1865020 183
1865030 183
1865040 183
1865050 183
1865060 183
1865070 183
1865080 183
1865090 182
1865100 182
1865110 182
1865120 182
1865130 182
1865140 183
1865150 184
1865160 184
1865170 186
1865180 189
1865190 189
1865200 191
1865210 194
1865220 191
1865230 193
1865240 194
1865250 194
1865260 195
1865270 196
1865280 196
1865290 196
1865300 195
1865310 195
1865320 194
1865330 192
1865340 192
1865350 191
1865360 189
1865370 189
1865380 188
1865390 187
1865400 187
1865410 185
1865420 184
1865430 184
1865440 184
1865450 183
1865460 183
1865470 183
1865480 183
1865490 183
1865500 183
1865510 183
1865520 183
1865530 184
1865540 185
1865550 185
1865560 186
1865570 188
1865580 188
1865590 190
1865600 192
1865610 192
1865620 194
1865630 195
1865640 195
1865650 197
1865660 199
1865670 199
1865680 200
1865690 201
1865700 201
1865710 202
1865720 203
1865730 203
1865740 204
1865750 204
1865760 204
1865770 205
1865780 205
1865790 205
1865800 205
1865810 205
1865820 205
1865830 205
1865840 205
1865850 205
1865860 205
1865870 205
1865880 205
1865890 204
1865900 204
1865910 204
1865920 203
1865930 203
1865940 203
1865950 202
1865960 202
1865970 202
1865980 201
1865990 200
1866000 200
1866010 199
1866020 198
1866030 198
1866040 197
1866050 196
1866060 196
1866070 194
1866080 193
1866090 193
1866100 192
1866110 190
1866120 190
1866130 189
1866140 187
1866150 187
1866160 186
1866170 185
1866180 185
1866190 185
1866200 185
1866210 185
1866220 187
1866230 188
1866240 188
1866250 190
1866260 193
1866270 193
1866280 194
1866290 196
1866300 196
1866310 198
1866320 198
1866330 200
1866340 202
1866350 202
1866360 203
1866370 205
1866380 205
1866390 206
1866400 207
1866410 207
1866420 207
1866430 208
1866440 208
1866450 209
1866460 210
1866470 210
1866480 211
1866490 212
1866500 212
1866510 212
1866520 212
1866530 212
1866540 212
1866550 213
1866560 213
1866570 214
1866580 215
1866590 215
1866600 216
1866610 217
1866620 217
1866630 218
1866640 219
1866650 219
1866660 220
1866670 221
1866680 221
1866690 223
1866700 224
1866710 224
1866720 226
1866730 228
1866740 228
1866750 230
1866760 232
1866770 232
1866780 234
1866790 236
1866800 236
1866810 237
1866820 238
1866830 238
1866840 238
1866850 239
1866860 239
1866870 239
1866880 240
1866890 240
1866900 241
1866910 243
1866920 243
1866930 245
1866940 246
1866950 246
1866960 248
1866970 249
1866980 249
1866990 250
1867000 251
1867010 251
1867020 252
1867030 253
1867040 253
1867050 254
1867060 255
1867070 255
1867080 256
1867090 257
1867100 257
1867110 257
1867120 258
1867130 258
1867140 258
1867150 258
1867160 258
1867170 258
1867180 258
1867190 258
1867200 258
1867210 259
1867220 259
1867230 259
1867240 258
1867250 258
1867260 258
1867270 258
1867280 258
1867290 258
1867300 258
1867310 258
1867320 258
1867330 258
1867340 258
1867350 257
1867360 257
1867370 257
1867380 256
1867390 256
1867400 256
1867410 256
1867420 255
1867430 255
1867440 254
1867450 253
1867460 253
1867470 251
1867480 249
1867490 249
1867500 247
1867510 245
1867520 245
1867530 244
1867540 242
1867550 242
1867560 241
1867570 239
1867580 239
1867590 238
1867600 238
1867610 237
1867620 237
1867630 237
1867640 236
1867650 236
1867660 236
1867670 236
1867680 235
1867690 235
1867700 235
1867710 234
1867720 234
1867730 233
1867740 232
1867750 232
1867760 230
1867770 229
1867780 229
1867790 228
1867800 226
1867810 226
1867820 225
1867830 225
1867840 225
1867850 225
1867860 224
1867870 224
1867880 223
1867890 222
1867900 222
1867910 220
1867920 217
1867930 217
1867940 214
1867950 211
1867960 211
1867970 208
1867980 206
1867990 206
1868000 205
1868010 203
1868020 203
1868030 203
1868040 202
1868050 202
1868060 201
1868070 201
1868080 201
1868090 201
1868100 201
1868110 201
1868120 201
1868130 202
1868140 202
1868150 203
1868160 205
1868170 205
1868180 209
1868190 212
1868200 212
1868210 216
1868220 219
1868230 219
1868240 222
1868250 225
1868260 225
1868270 227
1868280 228
1868290 228
1868300 230
1868310 231
1868320 231
1868330 232
1868340 233
1868350 233
1868360 234
1868370 234
1868380 234
1868390 235
1868400 235
1868410 235
1868420 235
1868430 235
1868440 235
1868450 235
1868460 235
1868470 235
1868480 235
1868490 235
1868500 235
1868510 235
1868520 235
1868530 235
1868540 235
1868550 234
1868560 234
1868570 234
1868580 233
1868590 233
1868600 233
1868610 233
1868620 233
1868630 232
1868640 231
1868650 231
1868660 231
1868670 230
1868680 230
1868690 229
1868700 228
1868710 228
1868720 228
1868730 227
1868740 227
1868750 226
1868760 225
1868770 225
1868780 225
1868790 224
1868800 224
1868810 222
1868820 221
1868830 221
1868840 220
1868850 219
1868860 219
1868870 217
1868880 216
1868890 216
1868900 215
1868910 215
1868920 214
1868930 213
1868940 213
1868950 212
1868960 210
1868970 209
1868980 208
1868990 207
1869000 207
1869010 206
1869020 205
1869030 205
1869040 203
1869050 202
1869060 202
1869070 200
1869080 198
1869090 198
1869100 195
1869110 193
1869120 193
1869130 191
1869140 189
1869150 189
1869160 187
1869170 185
1869180 185
1869190 183
1869200 182
1869210 182
1869220 181
1869230 181
1869240 181
1869250 181
1869260 181
1869270 181
1869280 182
1869290 183
1869300 183
1869310 186
1869320 188
1869330 188
1869340 190
1869350 192
1869360 192
1869370 194
1869380 195
1869390 195
1869400 196
1869410 198
1869420 198
1869430 199
1869440 200
1869450 200
1869460 201
1869470 202
1869480 202
1869490 204
1869500 205
1869510 205
1869520 206
1869530 207
1869540 207
1869550 208
1869560 209
1869570 209
1869580 210
1869590 211
1869600 211
1869610 212
1869620 213
1869630 213
1869640 213
1869650 214
1869660 214
1869670 215
1869680 215
1869690 215
1869700 216
1869710 216
1869720 216
1869730 216
1869740 216
1869750 216
1869760 217
1869770 217
1869780 217
1869790 217
1869800 218
1869810 218
1869820 219
1869830 219
1869840 219
1869850 220
1869860 220
1869870 220
1869880 221
1869890 222
1869900 222
1869910 224
1869920 225
1869930 225
1869940 226
1869950 228
1869960 228
1869970 230
1869980 232
1869990 232
1870000 234
1870010 235
1870020 235
1870030 237
1870040 239
1870050 239
1870060 241
1870070 242
1870080 242
1870090 244
1870100 245
1870110 245
1870120 245
1870130 246
1870140 246
1870150 246
1870160 246
1870170 246
1870180 247
1870190 247
1870200 247
1870210 248
1870220 248
1870230 249
1870240 249
1870250 249
1870260 250
1870270 250
1870280 250
1870290 250
1870300 250
1870310 250
1870320 251
1870330 251
1870340 251
1870350 251
1870360 251
1870370 251
1870380 251
1870390 251
1870400 251
1870410 251
1870420 251
1870430 251
1870440 251
1870450 251
1870460 251
1870470 250
1870480 250
1870490 250
1870500 250
1870510 250
1870520 250
1870530 249
1870540 249
1870550 249
1870560 248
1870570 247
1870580 247
1870590 246
1870600 245
1870610 245
1870620 244
1870630 243
1870640 243
1870650 242
1870660 240
1870670 240
1870680 239
1870690 237
1870700 237
1870710 236
1870720 235
1870730 235
1870740 234
1870750 234
1870760 234
1870770 235
1870780 236
1870790 236
1870800 237
1870810 238
1870820 238
1870830 238
1870840 238
1870850 238
1870860 238
1870870 238
1870880 238
1870890 238
1870900 238
1870910 238
1870920 237
1870930 237
1870940 237
1870950 237
1870960 236
1870970 236
1870980 236
1870990 236
1871000 236
1871010 236
1871020 235
1871030 235
1871040 235
1871050 235
1871060 235
1871070 235
1871080 235
1871090 235
1871100 235
1871110 235
1871120 235
1871130 234
1871140 234
1871150 234
1871160 234
1871170 234
1871180 234
1871190 234
1871200 234
1871210 234
1871220 234
1871230 234
1871240 234
1871250 234
1871260 233
1871270 233
1871280 233
1871290 233
1871300 233
1871310 233
1871320 233
1871330 233
1871340 233
1871350 233
1871360 233
1871370 233
1871380 233
1871390 233
1871400 233
1871410 233
1871420 233
1871430 233
1871440 233
1871450 232
1871460 232
1871470 232
1871480 232
1871490 232
1871500 232
1871510 231
1871520 231
1871530 231
1871540 231
1871550 230
1871560 230
1871570 230
1871580 229
1871590 229
1871600 228
1871610 227
1871620 227
1871630 226
1871640 225
1871650 225
1871660 225
1871670 223
1871680 223
1871690 222
1871700 222
1871710 222
1871720 221
1871730 220
1871740 220
1871750 219
1871760 218
1871770 218
1871780 216
1871790 214
1871800 214
1871810 212
1871820 211
1871830 211
1871840 210
1871850 209
1871860 209
1871870 208
1871880 207
1871890 207
1871900 207
1871910 207
1871920 207
1871930 207
1871940 207
1871950 207
1871960 208
1871970 208
1871980 208
1871990 209
1872000 210
1872010 211
1872020 212
1872030 213
1872040 213
1872050 214
1872060 215
1872070 215
1872080 216
1872090 217
1872100 217
1872110 218
1872120 218
1872130 218
1872140 219
1872150 219
1872160 219
1872170 219
1872180 219
1872190 219
1872200 219
1872210 219
1872220 219
1872230 219
1872240 219
1872250 219
1872260 218
1872270 218
1872280 218
1872290 218
1872300 217
1872310 217
1872320 217
1872330 216
1872340 216
1872350 216
1872360 215
1872370 215
1872380 214
1872390 214
1872400 214
1872410 213
1872420 212
1872430 212
1872440 212
1872450 211
1872460 211
1872470 210
1872480 210
1872490 210
1872500 209
1872510 208
1872520 208
1872530 207
1872540 207
1872550 207
1872560 206
1872570 204
1872580 204
1872590 203
1872600 202
1872610 202
1872620 199
1872630 198
1872640 198
1872650 197
1872660 195
1872670 195
1872680 194
1872690 193
1872700 193
1872710 192
1872720 192
1872730 191
1872740 190
1872750 190
1872760 189
1872770 189
1872780 189
1872790 188
1872800 188
1872810 188
1872820 188
1872830 187
1872840 187
1872850 187
1872860 187
1872870 187
1872880 187
1872890 187
1872900 187
1872910 187
1872920 187
1872930 187
1872940 186
1872950 185
1872960 185
1872970 183
1872980 182
1872990 182
1873000 180
1873010 179
1873020 179
1873030 178
1873040 178
1873050 178
1873060 179
1873070 180
1873080 180
1873090 181
1873100 182
1873110 182
1873120 182
1873130 182
1873140 182
1873150 181
1873160 180
1873170 180
1873180 178
1873190 176
1873200 176
1873210 174
1873220 173
1873230 173
1873240 172
1873250 171
1873260 171
1873270 170
1873280 170
1873290 170
1873300 169
1873310 168
1873320 168
1873330 168
1873340 167
1873350 167
1873360 167
1873370 167
1873380 167
1873390 167
1873400 167
1873410 167
1873420 168
1873430 168
1873440 168
1873450 168
1873460 168
1873470 168
1873480 168
1873490 169
1873500 169
1873510 170
1873520 172
1873530 172
1873540 174
1873550 177
1873560 177
1873570 179
1873580 181
1873590 181
1873600 184
1873610 185
1873620 185
1873630 185
1873640 186
1873650 186
1873660 186
1873670 186
1873680 187
1873690 187
1873700 187
1873710 187
1873720 186
1873730 186
1873740 186
1873750 184
1873760 183
1873770 183
1873780 182
1873790 181
1873800 181
1873810 181
1873820 181
1873830 181
1873840 182
1873850 183
1873860 183
1873870 184
1873880 186
1873890 186
1873900 187
1873910 188
1873920 188
1873930 191
1873940 191
1873950 191
1873960 191
1873970 191
1873980 191
1873990 191
1874000 191
1874010 191
1874020 190
1874030 190
1874040 189
1874050 187
1874060 187
1874070 185
1874080 183
1874090 183
1874100 182
1874110 181
1874120 181
1874130 180
1874140 178
1874150 178
1874160 176
1874170 178
1874180 178
1874190 179
1874200 180
1874210 180
1874220 181
1874230 183
1874240 183
1874250 183
1874260 185
1874270 185
1874280 187
1874290 188
1874300 188
1874310 190
1874320 190
1874330 190
1874340 191
1874350 191
1874360 191
1874370 189
1874380 190
1874390 190
1874400 189
1874410 187
1874420 187
1874430 185
1874440 184
1874450 184
1874460 182
1874470 180
1874480 180
1874490 179
1874500 178
1874510 178
1874520 177
1874530 178
1874540 178
1874550 179
1874560 180
1874570 180
1874580 181
1874590 183
1874600 183
1874610 185
1874620 187
1874630 187
1874640 188
1874650 189
1874660 189
1874670 190
1874680 191
1874690 191
1874700 192
1874710 193
1874720 193
1874730 193
1874740 193
1874750 193
1874760 193
1874770 194
1874780 194
1874790 194
1874800 194
1874810 194
1874820 194
1874830 194
1874840 194
1874850 193
1874860 193
1874870 193
1874880 192
1874890 192
1874900 192
1874910 191
1874920 190
1874930 190
1874940 190
1874950 189
1874960 189
1874970 188
1874980 188
1874990 188
1875000 188
1875010 187
1875020 188
1875030 188
1875040 188
1875050 188
1875060 187
1875070 187
1875080 187
1875090 186
1875100 186
1875110 186
1875120 185
1875130 184
1875140 184
1875150 183
1875160 180
1875170 180
1875180 178
1875190 176
1875200 176
1875210 174
1875220 171
1875230 171
1875240 169
1875250 166
1875260 166
1875270 163
1875280 163
1875290 160
1875300 157
1875310 157
1875320 155
1875330 153
1875340 153
1875350 151
1875360 150
1875370 150
1875380 150
1875390 149
1875400 149
1875410 148
1875420 148
1875430 148
1875440 147
1875450 147
1875460 147
1875470 146
1875480 146
1875490 146
1875500 146
1875510 146
1875520 146
1875530 146
1875540 146
1875550 146
1875560 146
1875570 146
1875580 146
1875590 146
1875600 146
1875610 146
1875620 146
1875630 146
1875640 146
1875650 146
1875660 146
1875670 146
1875680 146
1875690 146
1875700 146
1875710 146
1875720 146
1875730 146
1875740 146
1875750 146
1875760 146
1875770 146
1875780 146
1875790 146
1875800 146
1875810 146
1875820 146
1875830 146
1875840 146
1875850 146
1875860 146
1875870 146
1875880 146
1875890 146
1875900 146
1875910 146
1875920 146
1875930 146
1875940 146
1875950 146
1875960 145
1875970 145
1875980 146
1875990 148
1876000 148
1876010 146
1876020 145
1876030 145
1876040 145
1876050 145
1876060 145
1876070 145
1876080 145
1876090 145
1876100 146
1876110 146
1876120 146
1876130 145
1876140 144
1876150 144
1876160 144
1876170 145
1876180 145
1876190 145
1876200 145
1876210 145
1876220 145
1876230 145
1876240 145
1876250 146
1876260 146
1876270 146
1876280 146
1876290 145
1876300 145
1876310 145
1876320 145
1876330 145
1876340 145
1876350 145
1876360 145
1876370 145
1876380 146
1876390 146
1876400 146
1876410 146
1876420 146
1876430 145
1876440 145
1876450 145
1876460 145
1876470 145
1876480 145
1876490 145
1876500 145
1876510 145
1876520 145
1876530 145
1876540 145
1876550 146
1876560 146
1876570 146
1876580 146
1876590 146
1876600 146
1876610 146
1876620 146
1876630 146
1876640 146
1876650 146
1876660 145
1876670 143
1876680 143
1876690 142
1876700 142
1876710 142
1876720 143
1876730 142
1876740 142
1876750 142
1876760 142
1876770 142
1876780 143
1876790 144
1876800 144
1876810 145
1876820 145
1876830 145
1876840 145
1876850 144
1876860 144
1876870 144
1876880 144
1876890 144
1876900 145
