1860000 197
1860010 198
1860020 198
1860030 198
1860040 199
1860050 201
1860060 201
1860070 203
1860080 204
1860090 204
1860100 206
1860110 206
1860120 206
1860130 207
1860140 207
1860150 207
1860160 207
1860170 207
1860180 207
1860190 207
1860200 207
1860210 207
1860220 207
1860230 207
1860240 207
1860250 207
1860260 206
1860270 206
1860280 206
1860290 206
1860300 206
1860310 205
1860320 205
1860330 204
1860340 203
1860350 203
1860360 202
1860370 200
1860380 200
1860390 199
1860400 198
1860410 198
1860420 197
1860430 195
1860440 195
1860450 193
1860460 191
1860470 191
1860480 189
1860490 188
1860500 188
1860510 186
1860520 185
1860530 185
1860540 184
1860550 185
1860560 185
1860570 187
1860580 189
1860590 189
1860600 192
1860610 194
1860620 194
1860630 196
1860640 199
1860650 199
1860660 201
1860670 203
1860680 203
1860690 205
1860700 206
1860710 206
1860720 208
1860730 209
1860740 209
1860750 211
1860760 212
1860770 212
1860780 213
1860790 215
1860800 215
1860810 216
1860820 216
1860830 216
1860840 217
1860850 217
1860860 217
1860870 217
1860880 218
1860890 217
1860900 217
1860910 218
1860920 218
1860930 219
1860940 219
1860950 219
1860960 220
1860970 220
1860980 220
1860990 221
1861000 221
1861010 221
1861020 222
1861030 222
1861040 222
1861050 222
1861060 222
1861070 222
1861080 222
1861090 222
1861100 222
1861110 221
1861120 221
1861130 221
1861140 221
1861150 220
1861160 220
1861170 219
1861180 219
1861190 219
1861200 217
1861210 216
1861220 216
1861230 214
1861240 213
1861250 213
1861260 211
1861270 209
1861280 209
1861290 207
1861300 205
1861310 205
1861320 203
1861330 201
1861340 201
1861350 198
1861360 197
1861370 197
1861380 199
1861390 203
1861400 203
1861410 207
1861420 210
1861430 210
1861440 212
1861450 214
1861460 214
1861470 214
1861480 214
1861490 214
1861500 215
1861510 215
1861520 215
1861530 216
1861540 218
1861550 218
1861560 219
1861570 219
1861580 219
1861590 220
1861600 220
1861610 221
1861620 221
1861630 221
1861640 222
1861650 223
1861660 223
1861670 223
1861680 224
1861690 224
1861700 225
1861710 226
1861720 226
1861730 226
1861740 227
1861750 227
1861760 227
1861770 227
1861780 227
1861790 227
1861800 227
1861810 227
1861820 227
1861830 227
1861840 227
1861850 227
1861860 226
1861870 226
1861880 226
1861890 226
1861900 226
1861910 226
1861920 225
1861930 225
1861940 225
1861950 224
1861960 224
1861970 224
1861980 224
1861990 224
1862000 223
1862010 223
1862020 223
1862030 222
1862040 222
1862050 222
1862060 222
1862070 221
1862080 221
1862090 221
1862100 220
1862110 220
1862120 220
1862130 219
1862140 219
1862150 219
1862160 220
1862170 220
1862180 220
1862190 220
1862200 220
1862210 220
1862220 219
1862230 219
1862240 219
1862250 219
1862260 219
1862270 219
1862280 218
1862290 218
1862300 218
1862310 218
1862320 218
1862330 218
1862340 217
1862350 217
1862360 217
1862370 217
1862380 217
1862390 216
1862400 216
1862410 216
1862420 214
1862430 213
1862440 213
1862450 212
1862460 211
1862470 211
1862480 210
1862490 208
1862500 208
1862510 208
1862520 209
1862530 209
1862540 211
1862550 212
1862560 212
1862570 212
1862580 213
1862590 213
1862600 213
1862610 213
1862620 213
1862630 213
1862640 213
1862650 213
1862660 213
1862670 213
1862680 213
1862690 213
1862700 212
1862710 212
1862720 212
1862730 212
1862740 212
1862750 211
1862760 210
1862770 210
1862780 208
1862790 208
1862800 206
1862810 204
1862820 204
1862830 202
1862840 200
1862850 200
1862860 200
1862870 201
1862880 201
1862890 204
1862900 207
1862910 207
1862920 209
1862930 210
1862940 210
1862950 211
1862960 211
1862970 211
1862980 212
1862990 212
1863000 212
1863010 212
1863020 212
1863030 212
1863040 212
1863050 211
1863060 211
1863070 211
1863080 210
1863090 210
1863100 209
1863110 208
1863120 208
1863130 207
1863140 206
1863150 206
1863160 205
1863170 203
1863180 203
1863190 202
1863200 201
1863210 201
1863220 200
1863230 200
1863240 200
1863250 200
1863260 200
1863270 200
1863280 200
1863290 201
1863300 202
1863310 203
1863320 205
1863330 205
1863340 205
1863350 207
1863360 207
1863370 208
1863380 209
1863390 209
1863400 210
1863410 211
1863420 211
1863430 213
1863440 214
1863450 214
1863460 215
1863470 217
1863480 217
1863490 217
1863500 218
1863510 218
1863520 219
1863530 219
1863540 219
1863550 220
1863560 220
1863570 220
1863580 221
1863590 221
1863600 221
1863610 222
1863620 222
1863630 222
1863640 223
1863650 224
1863660 224
1863670 225
1863680 225
1863690 225
1863700 226
1863710 227
1863720 227
1863730 228
1863740 228
1863750 228
1863760 229
1863770 230
1863780 230
1863790 230
1863800 231
1863810 231
1863820 232
1863830 232
1863840 232
1863850 233
1863860 234
1863870 234
1863880 234
1863890 235
1863900 235
1863910 235
1863920 235
1863930 235
1863940 236
1863950 237
1863960 237
1863970 237
1863980 238
1863990 238
1864000 239
1864010 239
1864020 239
1864030 239
1864040 239
1864050 240
1864060 240
1864070 240
1864080 240
1864090 241
1864100 241
1864110 242
1864120 242
1864130 242
1864140 243
1864150 243
1864160 243
1864170 243
1864180 243
1864190 243
1864200 243
1864210 244
1864220 244
1864230 244
1864240 244
1864250 244
1864260 244
1864270 244
1864280 244
1864290 245
1864300 245
1864310 245
1864320 245
1864330 245
1864340 245
1864350 245
1864360 245
1864370 245
1864380 245
1864390 245
1864400 245
1864410 245
1864420 244
1864430 244
1864440 244
1864450 244
1864460 244
1864470 244
1864480 244
1864490 244
1864500 244
1864510 244
1864520 244
1864530 244
1864540 244
1864550 244
1864560 243
1864570 243
1864580 243
1864590 243
1864600 243
1864610 243
1864620 243
1864630 243
1864640 243
1864650 243
1864660 242
1864670 242
1864680 242
1864690 242
1864700 242
1864710 241
1864720 241
1864730 241
1864740 241
1864750 240
1864760 240
1864770 240
1864780 240
1864790 240
1864800 239
1864810 239
1864820 239
1864830 239
1864840 238
1864850 238
1864860 238
1864870 238
1864880 238
1864890 237
1864900 237
1864910 237
1864920 236
1864930 236
1864940 236
1864950 235
1864960 235
1864970 235
1864980 234
1864990 234
1865000 234
1865010 233
1865020 232
1865030 232
1865040 231
1865050 231
1865060 231
1865070 230
1865080 229
1865090 229
1865100 228
1865110 227
1865120 227
1865130 226
1865140 225
1865150 225
1865160 224
1865170 223
1865180 223
1865190 221
1865200 220
1865210 220
1865220 219
1865230 217
1865240 217
1865250 216
1865260 216
1865270 215
1865280 215
1865290 215
1865300 215
1865310 214
1865320 214
1865330 213
1865340 212
1865350 212
1865360 213
1865370 212
1865380 212
1865390 212
1865400 212
1865410 212
1865420 213
1865430 213
1865440 213
1865450 213
1865460 213
1865470 213
1865480 213
1865490 213
1865500 213
1865510 214
1865520 213
1865530 213
1865540 213
1865550 213
1865560 213
1865570 213
1865580 214
1865590 214
1865600 214
1865610 215
1865620 215
1865630 215
1865640 216
1865650 216
1865660 216
1865670 216
1865680 216
1865690 216
1865700 217
1865710 217
1865720 217
1865730 216
1865740 216
1865750 215
1865760 214
1865770 214
1865780 214
1865790 213
1865800 213
1865810 212
1865820 211
1865830 211
1865840 210
1865850 209
1865860 209
1865870 207
1865880 205
1865890 205
1865900 204
1865910 203
1865920 203
1865930 201
1865940 200
1865950 200
1865960 198
1865970 197
1865980 197
1865990 196
1866000 195
1866010 195
1866020 194
1866030 193
1866040 193
1866050 192
1866060 192
1866070 192
1866080 191
1866090 191
1866100 191
1866110 190
1866120 189
1866130 189
1866140 189
1866150 188
1866160 188
1866170 187
1866180 186
1866190 186
1866200 186
1866210 186
1866220 186
1866230 186
1866240 186
1866250 186
1866260 186
1866270 185
1866280 185
1866290 185
1866300 184
1866310 184
1866320 183
1866330 183
1866340 183
1866350 182
1866360 182
1866370 182
1866380 183
1866390 183
1866400 183
1866410 183
1866420 183
1866430 183
1866440 183
1866450 184
1866460 184
1866470 184
1866480 184
1866490 184
1866500 183
1866510 183
1866520 181
1866530 180
1866540 180
1866550 178
1866560 177
1866570 177
1866580 176
1866590 175
1866600 175
1866610 175
1866620 174
1866630 174
1866640 174
1866650 174
1866660 174
1866670 174
1866680 174
1866690 174
1866700 174
1866710 174
1866720 174
1866730 174
1866740 175
1866750 175
1866760 175
1866770 173
1866780 173
1866790 173
1866800 172
1866810 172
1866820 172
1866830 172
1866840 172
1866850 172
1866860 173
1866870 173
1866880 173
1866890 173
1866900 173
1866910 173
1866920 173
1866930 173
1866940 173
1866950 173
1866960 173
1866970 173
1866980 173
1866990 173
1867000 173
1867010 173
1867020 173
1867030 173
1867040 173
1867050 173
1867060 173
1867070 173
1867080 173
1867090 173
1867100 173
1867110 173
1867120 173
1867130 173
1867140 173
1867150 173
1867160 174
1867170 174
1867180 176
1867190 180
1867200 180
1867210 183
1867220 184
1867230 184
1867240 184
1867250 183
1867260 183
1867270 183
1867280 182
1867290 182
1867300 182
1867310 183
1867320 183
1867330 184
1867340 185
1867350 185
1867360 186
1867370 186
1867380 186
1867390 187
1867400 188
1867410 188
1867420 190
1867430 192
1867440 192
1867450 193
1867460 195
1867470 195
1867480 197
1867490 199
1867500 199
1867510 200
1867520 201
1867530 201
1867540 201
1867550 202
1867560 202
1867570 203
1867580 204
1867590 204
1867600 204
1867610 204
1867620 204
1867630 205
1867640 205
1867650 205
1867660 206
1867670 206
1867680 206
1867690 206
1867700 205
1867710 205
1867720 205
1867730 205
1867740 205
1867750 203
1867760 203
1867770 203
1867780 202
1867790 202
1867800 201
1867810 200
1867820 200
1867830 199
1867840 199
1867850 199
1867860 198
1867870 196
1867880 196
1867890 195
1867900 194
1867910 194
1867920 193
1867930 192
1867940 192
1867950 192
1867960 191
1867970 191
1867980 191
1867990 190
1868000 190
1868010 189
1868020 189
1868030 189
1868040 188
1868050 187
1868060 187
1868070 187
1868080 186
1868090 187
1868100 186
1868110 185
1868120 185
1868130 185
1868140 184
1868150 184
1868160 184
1868170 183
1868180 183
1868190 183
1868200 183
1868210 183
1868220 182
1868230 181
1868240 181
1868250 180
1868260 179
1868270 179
1868280 179
1868290 178
1868300 178
1868310 178
1868320 177
1868330 177
1868340 176
1868350 175
1868360 175
1868370 175
1868380 174
1868390 174
1868400 174
1868410 174
1868420 174
1868430 174
1868440 174
1868450 174
1868460 173
1868470 173
1868480 173
1868490 173
1868500 173
1868510 173
1868520 173
1868530 173
1868540 173
1868550 173
1868560 172
1868570 172
1868580 172
1868590 172
1868600 172
1868610 172
1868620 172
1868630 172
1868640 172
1868650 172
1868660 172
1868670 171
1868680 171
1868690 171
1868700 171
1868710 171
1868720 171
1868730 172
1868740 172
1868750 172
1868760 170
1868770 169
1868780 169
1868790 169
1868800 169
1868810 169
1868820 169
1868830 170
1868840 170
1868850 170
1868860 170
1868870 170
1868880 171
1868890 172
1868900 172
1868910 174
1868920 177
1868930 177
1868940 178
1868950 178
1868960 181
1868970 183
1868980 183
1868990 186
1869000 189
1869010 189
1869020 192
1869030 194
1869040 194
1869050 197
1869060 199
1869070 199
1869080 201
1869090 202
1869100 202
1869110 203
1869120 204
1869130 204
1869140 205
1869150 206
1869160 206
1869170 207
1869180 208
1869190 208
1869200 209
1869210 210
1869220 210
1869230 211
1869240 212
1869250 212
1869260 213
1869270 214
1869280 214
1869290 215
1869300 216
1869310 216
1869320 216
1869330 217
1869340 217
1869350 217
1869360 217
1869370 217
1869380 217
1869390 217
1869400 217
1869410 216
1869420 216
1869430 216
1869440 215
1869450 215
1869460 215
1869470 214
1869480 213
1869490 213
1869500 212
1869510 210
1869520 210
1869530 209
1869540 207
1869550 207
1869560 204
1869570 203
1869580 203
1869590 201
1869600 198
1869610 198
1869620 197
1869630 195
1869640 195
1869650 193
1869660 191
1869670 191
1869680 191
1869690 192
1869700 192
1869710 191
1869720 191
1869730 191
1869740 189
1869750 189
1869760 189
1869770 189
1869780 189
1869790 189
1869800 189
1869810 191
1869820 191
1869830 193
1869840 195
1869850 195
1869860 197
1869870 199
1869880 199
1869890 201
1869900 203
1869910 203
1869920 205
1869930 207
1869940 207
1869950 208
1869960 209
1869970 209
1869980 211
1869990 213
1870000 213
1870010 214
1870020 215
1870030 215
1870040 215
1870050 216
1870060 216
1870070 217
1870080 217
1870090 217
1870100 218
1870110 218
1870120 218
1870130 218
1870140 219
1870150 219
1870160 219
1870170 219
1870180 219
1870190 219
1870200 219
1870210 219
1870220 219
1870230 219
1870240 219
1870250 219
1870260 219
1870270 219
1870280 219
1870290 219
1870300 219
1870310 219
1870320 219
1870330 218
1870340 218
1870350 218
1870360 217
1870370 217
1870380 217
1870390 217
1870400 217
1870410 217
1870420 217
1870430 217
1870440 217
1870450 217
1870460 217
1870470 217
1870480 216
1870490 216
1870500 216
1870510 216
1870520 216
1870530 216
1870540 216
1870550 215
1870560 215
1870570 215
1870580 215
1870590 215
1870600 215
1870610 216
1870620 216
1870630 216
1870640 216
1870650 216
1870660 216
1870670 216
1870680 216
1870690 216
1870700 216
1870710 216
1870720 216
1870730 216
1870740 216
1870750 216
1870760 217
1870770 217
1870780 217
1870790 217
1870800 217
1870810 217
1870820 217
1870830 217
1870840 218
1870850 218
1870860 218
1870870 218
1870880 218
1870890 218
1870900 218
1870910 218
1870920 218
1870930 218
1870940 218
1870950 218
1870960 218
1870970 217
1870980 217
1870990 217
1871000 217
1871010 217
1871020 217
1871030 217
1871040 217
1871050 217
1871060 217
1871070 217
1871080 217
1871090 217
1871100 217
1871110 217
1871120 217
1871130 217
1871140 217
1871150 217
1871160 217
1871170 217
1871180 217
1871190 217
1871200 216
1871210 216
1871220 216
1871230 216
1871240 216
1871250 216
1871260 216
1871270 216
1871280 216
1871290 216
1871300 216
1871310 216
1871320 216
1871330 216
1871340 216
1871350 216
1871360 216
1871370 216
1871380 215
1871390 215
1871400 215
1871410 215
1871420 215
1871430 215
1871440 215
1871450 215
1871460 215
1871470 215
1871480 215
1871490 215
1871500 214
1871510 214
1871520 214
1871530 214
1871540 214
1871550 214
1871560 213
1871570 213
1871580 213
1871590 212
1871600 212
1871610 212
1871620 211
1871630 211
1871640 211
1871650 211
1871660 211
1871670 210
1871680 209
1871690 209
1871700 209
1871710 208
1871720 208
1871730 208
1871740 207
1871750 207
1871760 206
1871770 206
1871780 206
1871790 205
1871800 204
1871810 204
1871820 203
1871830 202
1871840 202
1871850 201
1871860 200
1871870 200
1871880 198
1871890 197
1871900 197
1871910 195
1871920 193
1871930 193
1871940 192
1871950 191
1871960 191
1871970 189
1871980 188
1871990 188
1872000 187
1872010 186
1872020 186
1872030 185
1872040 185
1872050 185
1872060 184
1872070 183
1872080 183
1872090 183
1872100 182
1872110 182
1872120 182
1872130 182
1872140 181
1872150 181
1872160 181
1872170 181
1872180 182
1872190 182
1872200 182
1872210 184
1872220 185
1872230 185
1872240 187
1872250 188
1872260 188
1872270 190
1872280 191
1872290 191
1872300 192
1872310 192
1872320 192
1872330 193
1872340 193
1872350 193
1872360 193
1872370 193
1872380 193
1872390 194
1872400 194
1872410 194
1872420 194
1872430 195
1872440 195
1872450 195
1872460 195
1872470 195
1872480 194
1872490 194
1872500 194
1872510 194
1872520 194
1872530 194
1872540 193
1872550 193
1872560 193
1872570 193
1872580 192
1872590 192
1872600 192
1872610 192
1872620 192
1872630 192
1872640 192
1872650 191
1872660 191
1872670 191
1872680 191
1872690 191
1872700 191
1872710 190
1872720 190
1872730 190
1872740 190
1872750 190
1872760 190
1872770 189
1872780 189
1872790 189
1872800 189
1872810 189
1872820 189
1872830 188
1872840 188
1872850 188
1872860 188
1872870 188
1872880 188
1872890 188
1872900 188
1872910 188
1872920 187
1872930 187
1872940 187
1872950 187
1872960 187
1872970 187
1872980 186
1872990 186
1873000 186
1873010 186
1873020 186
1873030 186
1873040 186
1873050 186
1873060 186
1873070 186
1873080 186
1873090 186
1873100 186
1873110 186
1873120 186
1873130 186
1873140 186
1873150 186
1873160 186
1873170 185
1873180 185
1873190 185
1873200 185
1873210 185
1873220 185
1873230 185
1873240 185
1873250 185
1873260 185
1873270 185
1873280 184
1873290 184
1873300 184
1873310 184
1873320 184
1873330 184
1873340 184
1873350 184
1873360 184
1873370 184
1873380 183
1873390 183
1873400 183
1873410 183
1873420 183
1873430 183
1873440 183
1873450 183
1873460 183
1873470 183
1873480 182
1873490 182
1873500 182
1873510 182
1873520 182
1873530 182
1873540 182
1873550 182
1873560 181
1873570 181
1873580 181
1873590 181
1873600 181
1873610 181
1873620 181
1873630 181
1873640 181
1873650 181
1873660 181
1873670 181
1873680 181
1873690 181
1873700 180
1873710 181
1873720 181
1873730 180
1873740 180
1873750 180
1873760 180
1873770 180
1873780 180
1873790 180
1873800 180
1873810 180
1873820 179
1873830 179
1873840 179
1873850 179
1873860 179
1873870 179
1873880 179
1873890 179
1873900 179
1873910 179
1873920 179
1873930 178
1873940 178
1873950 178
1873960 178
1873970 178
1873980 178
1873990 178
1874000 178
1874010 178
1874020 178
1874030 178
1874040 178
1874050 178
1874060 178
1874070 178
1874080 178
1874090 178
1874100 178
1874110 178
1874120 178
1874130 178
1874140 178
1874150 177
1874160 177
1874170 177
1874180 177
1874190 177
1874200 177
1874210 177
1874220 177
1874230 177
1874240 177
1874250 177
1874260 177
1874270 177
1874280 177
1874290 177
1874300 177
1874310 177
1874320 177
1874330 177
1874340 177
1874350 177
1874360 177
1874370 177
1874380 177
1874390 177
1874400 177
1874410 177
1874420 177
1874430 177
1874440 177
1874450 177
1874460 177
1874470 177
1874480 178
1874490 178
1874500 178
1874510 178
1874520 178
1874530 178
1874540 178
1874550 178
1874560 178
1874570 179
1874580 179
1874590 179
1874600 179
1874610 179
1874620 179
1874630 179
1874640 179
1874650 179
1874660 179
1874670 179
1874680 180
1874690 180
1874700 180
1874710 180
1874720 180
1874730 180
1874740 180
1874750 180
1874760 180
1874770 180
1874780 180
1874790 180
1874800 180
1874810 180
1874820 180
1874830 180
1874840 180
1874850 180
1874860 180
1874870 180
1874880 180
1874890 180
1874900 180
1874910 180
1874920 180
1874930 179
1874940 179
1874950 179
1874960 179
1874970 179
1874980 179
1874990 179
1875000 179
1875010 179
1875020 179
1875030 179
1875040 179
1875050 179
1875060 171
1875070 162
1875080 162
1875090 157
1875100 152
1875110 152
1875120 149
1875130 147
1875140 147
1875150 145
1875160 144
1875170 144
1875180 144
1875190 144
1875200 144
1875210 145
1875220 145
1875230 145
1875240 145
1875250 144
1875260 144
1875270 144
1875280 144
1875290 144
1875300 144
1875310 144
1875320 144
1875330 145
1875340 145
1875350 145
1875360 145
1875370 145
1875380 145
1875390 145
1875400 145
1875410 145
1875420 145
1875430 145
1875440 145
1875450 145
1875460 145
1875470 145
1875480 147
1875490 147
1875500 147
1875510 147
1875520 145
1875530 145
1875540 145
1875550 145
1875560 145
1875570 145
1875580 145
1875590 145
1875600 145
1875610 145
1875620 145
1875630 145
1875640 145
1875650 145
1875660 145
1875670 146
1875680 146
1875690 146
1875700 145
1875710 145
1875720 145
1875730 145
1875740 145
1875750 146
1875760 146
1875770 146
1875780 145
1875790 145
1875800 145
1875810 145
1875820 145
1875830 145
1875840 143
1875850 143
1875860 143
1875870 143
1875880 143
1875890 143
1875900 143
1875910 143
1875920 143
1875930 143
1875940 144
1875950 144
1875960 146
1875970 144
1875980 144
1875990 143
1876000 143
1876010 143
1876020 143
1876030 143
1876040 143
1876050 143
1876060 143
1876070 143
1876080 145
1876090 145
1876100 145
1876110 145
1876120 145
1876130 145
1876140 145
1876150 145
1876160 145
