1860000 179
1860010 179
1860020 179
1860030 179
1860040 179
1860050 180
1860060 181
1860070 181
1860080 184
1860090 185
1860100 185
1860110 185
1860120 185
1860130 185
1860140 185
1860150 185
1860160 185
1860170 186
1860180 186
1860190 187
1860200 188
1860210 188
1860220 189
1860230 189
1860240 189
1860250 189
1860260 189
1860270 189
1860280 189
1860290 190
1860300 190
1860310 191
1860320 192
1860330 192
1860340 191
1860350 190
1860360 190
1860370 189
1860380 189
1860390 189
1860400 188
1860410 186
1860420 186
1860430 185
1860440 184
1860450 184
1860460 182
1860470 181
1860480 181
1860490 180
1860500 180
1860510 180
1860520 181
1860530 183
1860540 183
1860550 185
1860560 188
1860570 188
1860580 191
1860590 194
1860600 194
1860610 196
1860620 199
1860630 199
1860640 200
1860650 201
1860660 201
1860670 203
1860680 204
1860690 204
1860700 204
1860710 204
1860720 204
1860730 205
1860740 205
1860750 205
1860760 205
1860770 205
1860780 205
1860790 205
1860800 205
1860810 205
1860820 205
1860830 205
1860840 205
1860850 206
1860860 206
1860870 206
1860880 207
1860890 207
1860900 207
1860910 208
1860920 208
1860930 208
1860940 208
1860950 208
1860960 208
1860970 208
1860980 207
1860990 207
1861000 207
1861010 207
1861020 207
1861030 206
1861040 204
1861050 204
1861060 203
1861070 202
1861080 202
1861090 200
1861100 199
1861110 199
1861120 198
1861130 197
1861140 197
1861150 195
1861160 194
1861170 194
1861180 192
1861190 190
1861200 190
1861210 188
1861220 188
1861230 188
1861240 190
1861250 193
1861260 193
1861270 196
1861280 199
1861290 199
1861300 202
1861310 205
1861320 205
1861330 207
1861340 208
1861350 208
1861360 209
1861370 209
1861380 210
1861390 210
1861400 210
1861410 210
1861420 209
1861430 209
1861440 208
1861450 207
1861460 207
1861470 207
1861480 207
1861490 207
1861500 208
1861510 209
1861520 209
1861530 210
1861540 211
1861550 211
1861560 212
1861570 212
1861580 212
1861590 211
1861600 210
1861610 210
1861620 211
1861630 211
1861640 211
1861650 211
1861660 212
1861670 212
1861680 213
1861690 214
1861700 214
1861710 215
1861720 216
1861730 215
1861740 216
1861750 216
1861760 216
1861770 216
1861780 216
1861790 216
1861800 216
1861810 216
1861820 216
1861830 216
1861840 216
1861850 216
1861860 215
1861870 216
1861880 216
1861890 216
1861900 217
1861910 217
1861920 217
1861930 217
1861940 217
1861950 217
1861960 217
1861970 217
1861980 217
1861990 216
1862000 216
1862010 216
1862020 215
1862030 215
1862040 214
1862050 213
1862060 213
1862070 212
1862080 210
1862090 210
1862100 209
1862110 208
1862120 208
1862130 208
1862140 210
1862150 210
1862160 211
1862170 212
1862180 212
1862190 213
1862200 214
1862210 214
1862220 214
1862230 215
1862240 215
1862250 214
1862260 214
1862270 214
1862280 214
1862290 214
1862300 214
1862310 214
1862320 214
1862330 214
1862340 214
1862350 214
1862360 214
1862370 213
1862380 213
1862390 213
1862400 213
1862410 212
1862420 211
1862430 211
1862440 211
1862450 211
1862460 210
1862470 210
1862480 210
1862490 209
1862500 209
1862510 209
1862520 208
1862530 208
1862540 208
1862550 207
1862560 206
1862570 206
1862580 204
1862590 204
1862600 203
1862610 201
1862620 201
1862630 199
1862640 197
1862650 197
1862660 197
1862670 200
1862680 200
1862690 202
1862700 203
1862710 203
1862720 204
1862730 204
1862740 204
1862750 203
1862760 203
1862770 201
1862780 201
1862790 199
1862800 199
1862810 197
1862820 195
1862830 195
1862840 194
1862850 193
1862860 193
1862870 192
1862880 192
1862890 192
1862900 192
1862910 192
1862920 192
1862930 193
1862940 193
1862950 193
1862960 193
1862970 194
1862980 194
1862990 194
1863000 194
1863010 194
1863020 194
1863030 195
1863040 195
1863050 195
1863060 196
1863070 196
1863080 197
1863090 198
1863100 198
1863110 200
1863120 201
1863130 201
1863140 201
1863150 202
1863160 202
1863170 203
1863180 204
1863190 204
1863200 205
1863210 207
1863220 207
1863230 208
1863240 209
1863250 209
1863260 210
1863270 212
1863280 212
1863290 213
1863300 214
1863310 214
1863320 214
1863330 215
1863340 215
1863350 217
1863360 218
1863370 218
1863380 219
1863390 220
1863400 220
1863410 221
1863420 222
1863430 222
1863440 223
1863450 223
1863460 225
1863470 226
1863480 225
1863490 225
1863500 225
1863510 224
1863520 224
1863530 224
1863540 223
1863550 223
1863560 223
1863570 223
1863580 223
1863590 223
1863600 223
1863610 223
1863620 224
1863630 225
1863640 225
1863650 225
1863660 225
1863670 225
1863680 226
1863690 227
1863700 227
1863710 228
1863720 229
1863730 229
1863740 229
1863750 228
1863760 228
1863770 229
1863780 230
1863790 230
1863800 232
1863810 232
1863820 233
1863830 234
1863840 234
1863850 235
1863860 237
1863870 237
1863880 238
1863890 240
1863900 240
1863910 241
1863920 242
1863930 242
1863940 243
1863950 243
1863960 243
1863970 244
1863980 244
1863990 244
1864000 244
1864010 245
1864020 245
1864030 246
1864040 246
1864050 246
1864060 246
1864070 247
1864080 247
1864090 247
1864100 247
1864110 247
1864120 247
1864130 248
1864140 248
1864150 248
1864160 248
1864170 248
1864180 248
1864190 248
1864200 248
1864210 248
1864220 248
1864230 248
1864240 248
1864250 248
1864260 248
1864270 248
1864280 248
1864290 248
1864300 248
1864310 247
1864320 247
1864330 247
1864340 247
1864350 247
1864360 247
1864370 246
1864380 246
1864390 246
1864400 246
1864410 246
1864420 246
1864430 245
1864440 245
1864450 245
1864460 245
1864470 245
1864480 244
1864490 244
1864500 244
1864510 244
1864520 243
1864530 243
1864540 243
1864550 243
1864560 243
1864570 243
1864580 242
1864590 242
1864600 242
1864610 242
1864620 242
1864630 242
1864640 241
1864650 241
1864660 241
1864670 240
1864680 240
1864690 240
1864700 240
1864710 240
1864720 239
1864730 239
1864740 239
1864750 238
1864760 238
1864770 238
1864780 237
1864790 237
1864800 237
1864810 236
1864820 236
1864830 235
1864840 235
1864850 234
1864860 234
1864870 234
1864880 233
1864890 233
1864900 233
1864910 232
1864920 232
1864930 232
1864940 232
1864950 232
1864960 231
1864970 231
1864980 231
1864990 231
1865000 230
1865010 230
1865020 230
1865030 230
1865040 230
1865050 229
1865060 229
1865070 229
1865080 229
1865090 229
1865100 228
1865110 228
1865120 228
1865130 228
1865140 227
1865150 227
1865160 227
1865170 227
1865180 227
1865190 226
1865200 226
1865210 226
1865220 226
1865230 225
1865240 225
1865250 225
1865260 225
1865270 225
1865280 224
1865290 224
1865300 224
1865310 224
1865320 224
1865330 224
1865340 224
1865350 224
1865360 224
1865370 224
1865380 224
1865390 224
1865400 224
1865410 224
1865420 224
1865430 223
1865440 223
1865450 223
1865460 223
1865470 223
1865480 223
1865490 222
1865500 222
1865510 222
1865520 222
1865530 221
1865540 221
1865550 221
1865560 220
1865570 220
1865580 219
1865590 219
1865600 219
1865610 218
1865620 217
1865630 217
1865640 216
1865650 215
1865660 215
1865670 214
1865680 213
1865690 213
1865700 212
1865710 211
1865720 211
1865730 210
1865740 209
1865750 209
1865760 207
1865770 207
1865780 207
1865790 208
1865800 208
1865810 208
1865820 208
1865830 208
1865840 208
1865850 208
1865860 210
1865870 210
1865880 210
1865890 210
1865900 210
1865910 211
1865920 211
1865930 211
1865940 212
1865950 212
1865960 212
1865970 212
1865980 212
1865990 212
1866000 212
1866010 212
1866020 212
1866030 211
1866040 210
1866050 210
1866060 210
1866070 209
1866080 209
1866090 209
1866100 209
1866110 209
1866120 208
1866130 209
1866140 209
1866150 209
1866160 209
1866170 209
1866180 208
1866190 207
1866200 208
1866210 206
1866220 204
1866230 204
1866240 202
1866250 202
1866260 200
1866270 198
1866280 198
1866290 196
1866300 195
1866310 195
1866320 194
1866330 193
1866340 193
1866350 193
1866360 193
1866370 193
1866380 193
1866390 193
1866400 193
1866410 194
1866420 195
1866430 195
1866440 197
1866450 197
1866460 197
1866470 198
1866480 198
1866490 198
1866500 198
1866510 197
1866520 197
1866530 197
1866540 197
1866550 197
1866560 196
1866570 196
1866580 196
1866590 195
1866600 194
1866610 194
1866620 193
1866630 192
1866640 192
1866650 191
1866660 190
1866670 190
1866680 189
1866690 188
1866700 188
1866710 187
1866720 185
1866730 185
1866740 184
1866750 183
1866760 183
1866770 182
1866780 181
1866790 181
1866800 180
1866810 179
1866820 179
1866830 179
1866840 178
1866850 178
1866860 177
1866870 177
1866880 177
1866890 176
1866900 176
1866910 176
1866920 176
1866930 175
1866940 175
1866950 175
1866960 174
1866970 174
1866980 173
1866990 173
1867000 173
1867010 173
1867020 172
1867030 172
1867040 172
1867050 172
1867060 172
1867070 172
1867080 172
1867090 172
1867100 172
1867110 172
1867120 172
1867130 172
1867140 172
1867150 172
1867160 172
1867170 172
1867180 172
1867190 172
1867200 172
1867210 172
1867220 172
1867230 173
1867240 173
1867250 176
1867260 180
1867270 180
1867280 183
1867290 186
1867300 186
1867310 190
1867320 193
1867330 193
1867340 195
1867350 197
1867360 197
1867370 198
1867380 199
1867390 199
1867400 199
1867410 199
1867420 199
1867430 199
1867440 199
1867450 199
1867460 199
1867470 199
1867480 199
1867490 199
1867500 199
1867510 199
1867520 199
1867530 199
1867540 199
1867550 200
1867560 199
1867570 200
1867580 200
1867590 200
1867600 200
1867610 201
1867620 201
1867630 201
1867640 201
1867650 201
1867660 201
1867670 201
1867680 201
1867690 200
1867700 200
1867710 200
1867720 200
1867730 200
1867740 200
1867750 200
1867760 200
1867770 200
1867780 199
1867790 199
1867800 199
1867810 199
1867820 199
1867830 199
1867840 198
1867850 198
1867860 198
1867870 197
1867880 197
1867890 197
1867900 196
1867910 196
1867920 196
1867930 196
1867940 196
1867950 196
1867960 196
1867970 196
1867980 196
1867990 196
1868000 196
1868010 196
1868020 196
1868030 196
1868040 196
1868050 196
1868060 196
1868070 196
1868080 195
1868090 195
1868100 195
1868110 195
1868120 195
1868130 195
1868140 195
1868150 195
1868160 195
1868170 195
1868180 195
1868190 195
1868200 195
1868210 195
1868220 195
1868230 195
1868240 194
1868250 194
1868260 195
1868270 195
1868280 195
1868290 195
1868300 195
1868310 195
1868320 195
1868330 194
1868340 194
1868350 194
1868360 194
1868370 194
1868380 194
1868390 194
1868400 194
1868410 194
1868420 193
1868430 193
1868440 193
1868450 192
1868460 192
1868470 192
1868480 191
1868490 191
1868500 189
1868510 188
1868520 188
1868530 187
1868540 185
1868550 185
1868560 182
1868570 178
1868580 178
1868590 174
1868600 171
1868610 171
1868620 171
1868630 171
1868640 171
1868650 169
1868660 169
1868670 169
1868680 169
1868690 169
1868700 169
1868710 169
1868720 169
1868730 171
1868740 172
1868750 172
1868760 173
1868770 174
1868780 174
1868790 175
1868800 179
1868810 179
1868820 185
1868830 187
1868840 187
1868850 189
1868860 190
1868870 190
1868880 190
1868890 190
1868900 190
1868910 190
1868920 189
1868930 189
1868940 190
1868950 191
1868960 191
1868970 192
1868980 193
1868990 193
1869000 194
1869010 196
1869020 196
1869030 197
1869040 199
1869050 199
1869060 199
1869070 201
1869080 201
1869090 202
1869100 203
1869110 203
1869120 204
1869130 204
1869140 204
1869150 205
1869160 205
1869170 205
1869180 206
1869190 206
1869200 206
1869210 205
1869220 205
1869230 205
1869240 205
1869250 205
1869260 202
1869270 202
1869280 201
1869290 201
1869300 201
1869310 200
1869320 200
1869330 200
1869340 199
1869350 199
1869360 199
1869370 198
1869380 198
1869390 198
1869400 197
1869410 197
1869420 196
1869430 195
1869440 195
1869450 193
1869460 191
1869470 191
1869480 191
1869490 190
1869500 190
1869510 189
1869520 189
1869530 189
1869540 187
1869550 186
1869560 186
1869570 184
1869580 183
1869590 183
1869600 181
1869610 180
1869620 180
1869630 180
1869640 180
1869650 180
1869660 180
1869670 181
1869680 181
1869690 181
1869700 182
1869710 182
1869720 186
1869730 188
1869740 188
1869750 190
1869760 192
1869770 192
1869780 195
1869790 197
1869800 197
1869810 199
1869820 201
1869830 201
1869840 202
1869850 204
1869860 204
1869870 205
1869880 206
1869890 206
1869900 207
1869910 207
1869920 208
1869930 208
1869940 208
1869950 209
1869960 209
1869970 209
1869980 209
1869990 209
1870000 209
1870010 209
1870020 209
1870030 209
1870040 209
1870050 208
1870060 208
1870070 208
1870080 208
1870090 208
1870100 207
1870110 207
1870120 207
1870130 207
1870140 207
1870150 207
1870160 207
1870170 207
1870180 207
1870190 207
1870200 207
1870210 207
1870220 207
1870230 207
1870240 207
1870250 207
1870260 206
1870270 203
1870280 202
1870290 202
1870300 202
1870310 201
1870320 200
1870330 200
1870340 199
1870350 198
1870360 198
1870370 198
1870380 199
1870390 199
1870400 200
1870410 200
1870420 200
1870430 200
1870440 199
1870450 199
1870460 199
1870470 200
1870480 200
1870490 200
1870500 200
1870510 200
1870520 200
1870530 201
1870540 201
1870550 202
1870560 203
1870570 203
1870580 204
1870590 205
1870600 205
1870610 207
1870620 208
1870630 208
1870640 209
1870650 210
1870660 210
1870670 211
1870680 212
1870690 212
1870700 212
1870710 213
1870720 213
1870730 213
1870740 214
1870750 214
1870760 214
1870770 214
1870780 214
1870790 215
1870800 215
1870810 215
1870820 215
1870830 215
1870840 215
1870850 215
1870860 215
1870870 215
1870880 215
1870890 215
1870900 215
1870910 215
1870920 214
1870930 214
1870940 214
1870950 212
1870960 212
1870970 211
1870980 210
1870990 210
1871000 209
1871010 208
1871020 208
1871030 208
1871040 207
1871050 207
1871060 208
1871070 208
1871080 208
1871090 208
1871100 208
1871110 208
1871120 208
1871130 208
1871140 207
1871150 207
1871160 207
1871170 207
1871180 207
1871190 207
1871200 207
1871210 208
1871220 208
1871230 207
1871240 207
1871250 207
1871260 207
1871270 207
1871280 207
1871290 206
1871300 206
1871310 206
1871320 206
1871330 207
1871340 207
1871350 206
1871360 206
1871370 206
1871380 206
1871390 206
1871400 206
1871410 206
1871420 206
1871430 206
1871440 206
1871450 206
1871460 206
1871470 206
1871480 206
1871490 206
1871500 206
1871510 206
1871520 206
1871530 206
1871540 206
1871550 206
1871560 206
1871570 206
1871580 206
1871590 206
1871600 205
1871610 205
1871620 204
1871630 204
1871640 204
1871650 204
1871660 204
1871670 204
1871680 203
1871690 203
1871700 203
1871710 203
1871720 202
1871730 202
1871740 202
1871750 201
1871760 201
1871770 201
1871780 200
1871790 200
1871800 200
1871810 199
1871820 199
1871830 198
1871840 198
1871850 198
1871860 197
1871870 196
1871880 196
1871890 195
1871900 194
1871910 194
1871920 192
1871930 190
1871940 190
1871950 189
1871960 187
1871970 187
1871980 185
1871990 184
1872000 184
1872010 183
1872020 182
1872030 182
1872040 181
1872050 181
1872060 181
1872070 180
1872080 179
1872090 179
1872100 179
1872110 178
1872120 178
1872130 178
1872140 177
1872150 177
1872160 177
1872170 177
1872180 177
1872190 176
1872200 176
1872210 176
1872220 177
1872230 179
1872240 179
1872250 181
1872260 184
1872270 184
1872280 185
1872290 185
1872300 185
1872310 186
1872320 186
1872330 186
1872340 187
1872350 187
1872360 187
1872370 187
1872380 187
1872390 187
1872400 187
1872410 187
1872420 187
1872430 187
1872440 187
1872450 187
1872460 187
1872470 187
1872480 187
1872490 187
1872500 187
1872510 187
1872520 187
1872530 187
1872540 187
1872550 187
1872560 187
1872570 187
1872580 187
1872590 187
1872600 187
1872610 187
1872620 187
1872630 187
1872640 187
1872650 187
1872660 187
1872670 187
1872680 187
1872690 187
1872700 187
1872710 187
1872720 187
1872730 187
1872740 187
1872750 187
1872760 186
1872770 186
1872780 186
1872790 186
1872800 186
1872810 186
1872820 186
1872830 186
1872840 185
1872850 185
1872860 185
1872870 185
1872880 185
1872890 185
1872900 185
1872910 184
1872920 184
1872930 184
1872940 184
1872950 184
1872960 184
1872970 184
1872980 184
1872990 183
1873000 183
1873010 183
1873020 183
1873030 183
1873040 183
1873050 183
1873060 183
1873070 183
1873080 182
1873090 182
1873100 182
1873110 182
1873120 182
1873130 182
1873140 182
1873150 182
1873160 182
1873170 182
1873180 182
1873190 182
1873200 182
1873210 182
1873220 182
1873230 181
1873240 181
1873250 181
1873260 181
1873270 181
1873280 181
1873290 181
1873300 180
1873310 180
1873320 180
1873330 179
1873340 179
1873350 179
1873360 179
1873370 179
1873380 178
1873390 178
1873400 178
1873410 178
1873420 177
1873430 177
1873440 177
1873450 177
1873460 177
1873470 177
1873480 176
1873490 176
1873500 176
1873510 176
1873520 176
1873530 176
1873540 176
1873550 176
1873560 176
1873570 176
1873580 176
1873590 175
1873600 175
1873610 175
1873620 176
1873630 175
1873640 175
1873650 175
1873660 175
1873670 175
1873680 175
1873690 175
1873700 175
1873710 175
1873720 175
1873730 175
1873740 175
1873750 175
1873760 175
1873770 175
1873780 175
1873790 175
1873800 175
1873810 175
1873820 175
1873830 175
1873840 175
1873850 175
1873860 175
1873870 175
1873880 175
1873890 176
1873900 176
1873910 176
1873920 176
1873930 176
1873940 176
1873950 175
1873960 175
1873970 175
1873980 175
1873990 175
1874000 175
1874010 174
1874020 174
1874030 174
1874040 174
1874050 174
1874060 174
1874070 174
1874080 174
1874090 174
1874100 174
1874110 174
1874120 174
1874130 174
1874140 174
1874150 174
1874160 174
1874170 174
1874180 174
1874190 174
1874200 174
1874210 174
1874220 174
1874230 174
1874240 175
1874250 175
1874260 175
1874270 175
1874280 175
1874290 175
1874300 176
1874310 176
1874320 176
1874330 177
1874340 177
1874350 177
1874360 178
1874370 178
1874380 178
1874390 179
1874400 179
1874410 179
1874420 180
1874430 180
1874440 180
1874450 180
1874460 180
1874470 180
1874480 180
1874490 180
1874500 180
1874510 180
1874520 180
1874530 180
1874540 180
1874550 180
1874560 180
1874570 180
1874580 180
1874590 180
1874600 180
1874610 180
1874620 180
1874630 179
1874640 179
1874650 179
1874660 179
1874670 179
1874680 179
1874690 179
1874700 179
1874710 179
1874720 179
1874730 179
1874740 179
1874750 179
1874760 179
1874770 179
1874780 178
1874790 178
1874800 178
1874810 178
1874820 178
1874830 178
1874840 178
1874850 178
1874860 178
1874870 178
1874880 178
1874890 178
1874900 178
1874910 178
1874920 178
1874930 177
1874940 177
1874950 178
1874960 179
1874970 179
1874980 177
1874990 176
1875000 176
1875010 176
1875020 175
1875030 175
1875040 175
1875050 174
1875060 174
1875070 173
1875080 172
1875090 172
1875100 171
1875110 170
1875120 170
1875130 168
1875140 165
1875150 165
1875160 160
1875170 160
1875180 160
1875190 158
1875200 158
1875210 158
1875220 156
1875230 153
1875240 153
1875250 151
1875260 149
1875270 149
1875280 147
1875290 145
1875300 145
1875310 145
1875320 145
1875330 145
1875340 144
1875350 144
1875360 144
1875370 144
1875380 144
1875390 144
1875400 144
1875410 144
1875420 144
1875430 144
1875440 144
1875450 144
1875460 144
1875470 145
1875480 145
1875490 147
1875500 148
1875510 148
1875520 147
1875530 145
1875540 145
1875550 145
1875560 145
1875570 145
1875580 146
1875590 145
1875600 145
1875610 145
1875620 145
1875630 145
1875640 146
1875650 146
1875660 146
1875670 145
1875680 145
1875690 145
1875700 146
1875710 146
1875720 146
1875730 146
1875740 146
1875750 146
1875760 146
1875770 146
1875780 146
1875790 146
1875800 146
1875810 146
1875820 146
1875830 146
1875840 146
1875850 146
1875860 146
1875870 146
1875880 144
1875890 145
1875900 145
1875910 143
1875920 143
1875930 143
1875940 143
1875950 143
1875960 143
1875970 143
1875980 143
1875990 145
1876000 145
1876010 145
1876020 145
1876030 145
1876040 145
1876050 145
1876060 146
1876070 146
1876080 146
