1860000 200
1860010 199
1860020 199
1860030 198
1860040 197
1860050 197
1860060 197
1860070 197
1860080 197
1860090 198
1860100 198
1860110 198
1860120 199
1860130 199
1860140 199
1860150 200
1860160 200
1860170 200
1860180 200
1860190 200
1860200 200
1860210 200
1860220 200
1860230 200
1860240 200
1860250 200
1860260 200
1860270 200
1860280 200
1860290 200
1860300 201
1860310 201
1860320 201
1860330 201
1860340 201
1860350 201
1860360 201
1860370 200
1860380 200
1860390 200
1860400 200
1860410 200
1860420 200
1860430 200
1860440 200
1860450 200
1860460 200
1860470 200
1860480 200
1860490 199
1860500 199
1860510 199
1860520 199
1860530 199
1860540 199
1860550 199
1860560 199
1860570 199
1860580 199
1860590 199
1860600 199
1860610 199
1860620 199
1860630 199
1860640 199
1860650 199
1860660 199
1860670 199
1860680 199
1860690 199
1860700 199
1860710 199
1860720 199
1860730 199
1860740 198
1860750 198
1860760 198
1860770 198
1860780 198
1860790 198
1860800 198
1860810 197
1860820 197
1860830 197
1860840 197
1860850 197
1860860 196
1860870 196
1860880 196
1860890 195
1860900 195
1860910 195
1860920 194
1860930 194
1860940 194
1860950 193
1860960 193
1860970 193
1860980 192
1860990 192
1861000 192
1861010 191
1861020 191
1861030 191
1861040 190
1861050 189
1861060 189
1861070 189
1861080 188
1861090 188
1861100 187
1861110 186
1861120 186
1861130 185
1861140 184
1861150 184
1861160 184
1861170 183
1861180 183
1861190 182
1861200 181
1861210 181
1861220 179
1861230 179
1861240 178
1861250 177
1861260 177
1861270 177
1861280 177
1861290 177
1861300 177
1861310 177
1861320 177
1861330 177
1861340 177
1861350 177
1861360 177
1861370 177
1861380 177
1861390 177
1861400 177
1861410 177
1861420 177
1861430 177
1861440 177
1861450 177
1861460 177
1861470 178
1861480 178
1861490 177
1861500 177
1861510 177
1861520 177
1861530 177
1861540 177
1861550 177
1861560 177
1861570 177
1861580 177
1861590 176
1861600 176
1861610 176
1861620 176
1861630 176
1861640 176
1861650 176
1861660 176
1861670 176
1861680 176
1861690 176
1861700 176
1861710 176
1861720 176
1861730 176
1861740 176
1861750 176
1861760 176
1861770 176
1861780 176
1861790 176
1861800 176
1861810 176
1861820 177
1861830 177
1861840 177
1861850 178
1861860 178
1861870 180
1861880 181
1861890 181
1861900 183
1861910 185
1861920 185
1861930 186
1861940 189
1861950 189
1861960 190
1861970 191
1861980 191
1861990 193
1862000 194
1862010 194
1862020 195
1862030 196
1862040 196
1862050 197
1862060 199
1862070 199
1862080 200
1862090 201
1862100 201
1862110 202
1862120 203
1862130 203
1862140 204
1862150 206
1862160 206
1862170 207
1862180 208
1862190 208
1862200 209
1862210 210
1862220 210
1862230 211
1862240 212
1862250 212
1862260 213
1862270 214
1862280 214
1862290 215
1862300 216
1862310 216
1862320 217
1862330 217
1862340 217
1862350 218
1862360 219
1862370 219
1862380 220
1862390 220
1862400 220
1862410 221
1862420 221
1862430 221
1862440 222
1862450 222
1862460 222
1862470 222
1862480 222
1862490 222
1862500 222
1862510 222
1862520 222
1862530 222
1862540 222
1862550 222
1862560 222
1862570 221
1862580 221
1862590 221
1862600 221
1862610 221
1862620 219
1862630 219
1862640 219
1862650 218
1862660 218
1862670 218
1862680 217
1862690 217
1862700 217
1862710 216
1862720 216
1862730 216
1862740 215
1862750 215
1862760 215
1862770 213
1862780 209
1862790 209
1862800 204
1862810 200
1862820 200
1862830 205
1862840 211
1862850 211
1862860 213
1862870 211
1862880 211
1862890 209
1862900 208
1862910 208
1862920 207
1862930 205
1862940 205
1862950 203
1862960 203
1862970 202
1862980 204
1862990 204
1863000 208
1863010 215
1863020 215
1863030 221
1863040 223
1863050 223
1863060 225
1863070 226
1863080 226
1863090 227
1863100 228
1863110 228
1863120 230
1863130 231
1863140 231
1863150 232
1863160 234
1863170 234
1863180 235
1863190 236
1863200 236
1863210 237
1863220 238
1863230 238
1863240 238
1863250 239
1863260 239
1863270 240
1863280 240
1863290 240
1863300 241
1863310 242
1863320 242
1863330 242
1863340 242
1863350 242
1863360 242
1863370 242
1863380 242
1863390 243
1863400 243
1863410 243
1863420 243
1863430 243
1863440 243
1863450 243
1863460 243
1863470 243
1863480 243
1863490 243
1863500 243
1863510 243
1863520 243
1863530 243
1863540 243
1863550 242
1863560 242
1863570 242
1863580 242
1863590 242
1863600 242
1863610 241
1863620 241
1863630 241
1863640 241
1863650 241
1863660 241
1863670 240
1863680 240
1863690 240
1863700 240
1863710 240
1863720 240
1863730 240
1863740 240
1863750 240
1863760 239
1863770 239
1863780 239
1863790 239
1863800 239
1863810 239
1863820 238
1863830 238
1863840 238
1863850 238
1863860 238
1863870 238
1863880 238
1863890 238
1863900 237
1863910 237
1863920 237
1863930 237
1863940 237
1863950 237
1863960 237
1863970 236
1863980 236
1863990 236
1864000 235
1864010 235
1864020 235
1864030 235
1864040 235
1864050 235
1864060 234
1864070 234
1864080 234
1864090 234
1864100 234
1864110 234
1864120 234
1864130 234
1864140 234
1864150 234
1864160 234
1864170 234
1864180 234
1864190 233
1864200 233
1864210 233
1864220 233
1864230 233
1864240 233
1864250 232
1864260 232
1864270 232
1864280 232
1864290 232
1864300 232
1864310 232
1864320 231
1864330 231
1864340 231
1864350 231
1864360 231
1864370 230
1864380 230
1864390 230
1864400 230
1864410 230
1864420 230
1864430 229
1864440 229
1864450 229
1864460 229
1864470 229
1864480 229
1864490 229
1864500 228
1864510 228
1864520 228
1864530 228
1864540 228
1864550 228
1864560 227
1864570 227
1864580 227
1864590 227
1864600 227
1864610 227
1864620 227
1864630 227
1864640 227
1864650 226
1864660 226
1864670 226
1864680 226
1864690 226
1864700 225
1864710 225
1864720 225
1864730 225
1864740 225
1864750 225
1864760 224
1864770 224
1864780 224
1864790 224
1864800 224
1864810 224
1864820 223
1864830 223
1864840 223
1864850 222
1864860 221
1864870 221
1864880 220
1864890 219
1864900 219
1864910 218
1864920 216
1864930 216
1864940 215
1864950 213
1864960 213
1864970 210
1864980 207
1864990 207
1865000 204
1865010 202
1865020 202
1865030 200
1865040 199
1865050 199
1865060 198
1865070 197
1865080 197
1865090 196
1865100 196
1865110 196
1865120 196
1865130 198
1865140 198
1865150 200
1865160 201
1865170 201
1865180 203
1865190 205
1865200 205
1865210 207
1865220 209
1865230 209
1865240 211
1865250 214
1865260 214
1865270 216
1865280 217
1865290 217
1865300 218
1865310 219
1865320 219
1865330 219
1865340 219
1865350 220
1865360 220
1865370 220
1865380 220
1865390 220
1865400 220
1865410 221
1865420 221
1865430 221
1865440 221
1865450 222
1865460 222
1865470 222
1865480 223
1865490 223
1865500 224
1865510 224
1865520 224
1865530 225
1865540 225
1865550 225
1865560 226
1865570 226
1865580 226
1865590 226
1865600 227
1865610 227
1865620 227
1865630 227
1865640 227
1865650 227
1865660 227
1865670 227
1865680 227
1865690 228
1865700 228
1865710 227
1865720 228
1865730 228
1865740 228
1865750 227
1865760 227
1865770 228
1865780 228
1865790 228
1865800 227
1865810 227
1865820 227
1865830 227
1865840 227
1865850 227
1865860 227
1865870 227
1865880 227
1865890 227
1865900 226
1865910 226
1865920 226
1865930 226
1865940 226
1865950 226
1865960 226
1865970 226
1865980 226
1865990 226
1866000 226
1866010 226
1866020 227
1866030 227
1866040 227
1866050 227
1866060 227
1866070 227
1866080 227
1866090 227
1866100 227
1866110 227
1866120 227
1866130 227
1866140 227
1866150 227
1866160 227
1866170 228
1866180 228
1866190 228
1866200 228
1866210 228
1866220 228
1866230 228
1866240 228
1866250 229
1866260 229
1866270 229
1866280 229
1866290 229
1866300 229
1866310 229
1866320 229
1866330 229
1866340 229
1866350 229
1866360 229
1866370 229
1866380 229
1866390 229
1866400 229
1866410 230
1866420 230
1866430 230
1866440 230
1866450 230
1866460 230
1866470 230
1866480 230
1866490 229
1866500 229
1866510 229
1866520 229
1866530 229
1866540 229
1866550 230
1866560 230
1866570 230
1866580 229
1866590 229
1866600 229
1866610 229
1866620 229
1866630 229
1866640 228
1866650 228
1866660 228
1866670 228
1866680 228
1866690 228
1866700 228
1866710 228
1866720 228
1866730 227
1866740 228
1866750 227
1866760 227
1866770 227
1866780 227
1866790 227
1866800 227
1866810 227
1866820 226
1866830 226
1866840 226
1866850 226
1866860 226
1866870 225
1866880 225
1866890 225
1866900 225
1866910 225
1866920 225
1866930 225
1866940 224
1866950 224
1866960 224
1866970 224
1866980 224
1866990 224
1867000 224
1867010 224
1867020 223
1867030 223
1867040 223
1867050 223
1867060 223
1867070 223
1867080 223
1867090 223
1867100 223
1867110 223
1867120 222
1867130 222
1867140 222
1867150 222
1867160 222
1867170 222
1867180 221
1867190 221
1867200 221
1867210 221
1867220 221
1867230 221
1867240 221
1867250 221
1867260 221
1867270 221
1867280 221
1867290 221
1867300 221
1867310 221
1867320 221
1867330 221
1867340 221
1867350 221
1867360 220
1867370 220
1867380 220
1867390 221
1867400 221
1867410 221
1867420 221
1867430 221
1867440 221
1867450 221
1867460 221
1867470 220
1867480 220
1867490 220
1867500 220
1867510 220
1867520 220
1867530 220
1867540 219
1867550 219
1867560 219
1867570 218
1867580 218
1867590 218
1867600 218
1867610 218
1867620 218
1867630 218
1867640 218
1867650 217
1867660 217
1867670 217
1867680 217
1867690 217
1867700 217
1867710 217
1867720 217
1867730 216
1867740 216
1867750 216
1867760 216
1867770 215
1867780 215
1867790 215
1867800 215
1867810 215
1867820 214
1867830 214
1867840 214
1867850 213
1867860 213
1867870 213
1867880 213
1867890 212
1867900 212
1867910 212
1867920 211
1867930 211
1867940 211
1867950 210
1867960 210
1867970 210
1867980 210
1867990 210
1868000 209
1868010 209
1868020 209
1868030 208
1868040 208
1868050 208
1868060 208
1868070 207
1868080 207
1868090 206
1868100 206
1868110 206
1868120 205
1868130 205
1868140 205
1868150 204
1868160 204
1868170 204
1868180 203
1868190 203
1868200 203
1868210 202
1868220 202
1868230 202
1868240 201
1868250 202
1868260 202
1868270 202
1868280 201
1868290 201
1868300 201
1868310 201
1868320 201
1868330 200
1868340 200
1868350 200
1868360 200
1868370 199
1868380 199
1868390 199
1868400 198
1868410 198
1868420 198
1868430 197
1868440 197
1868450 197
1868460 196
1868470 196
1868480 196
1868490 196
1868500 196
1868510 195
1868520 195
1868530 195
1868540 194
1868550 194
1868560 194
1868570 194
1868580 194
1868590 194
1868600 194
1868610 194
1868620 194
1868630 194
1868640 194
1868650 194
1868660 193
1868670 193
1868680 193
1868690 192
1868700 191
1868710 191
1868720 192
1868730 192
1868740 192
1868750 192
1868760 191
1868770 191
1868780 191
1868790 191
1868800 191
1868810 191
1868820 191
1868830 191
1868840 191
1868850 190
1868860 190
1868870 190
1868880 190
1868890 190
1868900 190
1868910 190
1868920 189
1868930 189
1868940 189
1868950 189
1868960 189
1868970 189
1868980 189
1868990 189
1869000 189
1869010 188
1869020 188
1869030 188
1869040 188
1869050 188
1869060 188
1869070 188
1869080 187
1869090 187
1869100 187
1869110 187
1869120 187
1869130 186
1869140 186
1869150 186
1869160 185
1869170 185
1869180 185
1869190 184
1869200 184
1869210 184
1869220 184
1869230 183
1869240 183
1869250 182
1869260 182
1869270 182
1869280 181
1869290 180
1869300 180
1869310 180
1869320 179
1869330 179
1869340 179
1869350 179
1869360 179
1869370 179
1869380 180
1869390 180
1869400 180
1869410 180
1869420 180
1869430 180
1869440 181
1869450 181
1869460 181
1869470 181
1869480 181
1869490 181
1869500 181
1869510 181
1869520 181
1869530 181
1869540 181
1869550 180
1869560 180
1869570 180
1869580 180
1869590 180
1869600 180
1869610 180
1869620 180
1869630 180
1869640 180
1869650 180
1869660 180
1869670 180
1869680 180
1869690 180
1869700 179
1869710 179
1869720 179
1869730 179
1869740 178
1869750 178
1869760 178
1869770 178
1869780 178
1869790 178
1869800 177
1869810 177
1869820 177
1869830 177
1869840 177
1869850 177
1869860 176
1869870 176
1869880 176
1869890 175
1869900 175
1869910 175
1869920 174
1869930 174
1869940 172
1869950 172
1869960 172
1869970 171
1869980 170
1869990 170
1870000 170
1870010 169
1870020 169
1870030 168
1870040 168
1870050 168
1870060 168
1870070 168
1870080 168
1870090 168
1870100 168
1870110 169
1870120 169
1870130 171
1870140 171
1870150 171
1870160 171
1870170 171
1870180 171
1870190 171
1870200 171
1870210 170
1870220 170
1870230 170
1870240 169
1870250 169
1870260 169
1870270 169
1870280 169
1870290 168
1870300 168
1870310 168
1870320 167
1870330 167
1870340 167
1870350 167
1870360 166
1870370 166
1870380 165
1870390 165
1870400 165
1870410 164
1870420 163
1870430 163
1870440 163
1870450 163
1870460 163
1870470 163
1870480 162
1870490 162
1870500 162
1870510 161
1870520 161
1870530 161
1870540 161
1870550 161
1870560 161
1870570 161
1870580 161
1870590 161
1870600 161
1870610 161
1870620 161
1870630 161
1870640 161
1870650 160
1870660 160
1870670 160
1870680 160
1870690 160
1870700 160
1870710 161
1870720 160
1870730 160
1870740 161
1870750 160
1870760 160
1870770 160
1870780 160
1870790 160
1870800 160
1870810 160
1870820 160
1870830 161
1870840 162
1870850 162
1870860 162
1870870 163
1870880 163
1870890 163
1870900 164
1870910 164
1870920 164
1870930 164
1870940 164
1870950 163
1870960 163
1870970 163
1870980 164
1870990 164
1871000 164
1871010 164
1871020 164
1871030 164
1871040 164
1871050 164
1871060 164
1871070 164
1871080 164
1871090 164
1871100 164
1871110 163
1871120 163
1871130 163
1871140 162
1871150 162
1871160 161
1871170 161
1871180 161
1871190 161
1871200 161
1871210 161
1871220 161
1871230 161
1871240 161
1871250 161
1871260 161
1871270 161
1871280 161
1871290 161
1871300 161
1871310 161
1871320 161
1871330 162
1871340 162
1871350 162
1871360 162
1871370 162
1871380 162
1871390 162
1871400 162
1871410 162
1871420 162
1871430 162
1871440 162
1871450 161
1871460 161
1871470 161
1871480 160
1871490 160
1871500 160
1871510 160
1871520 160
1871530 160
1871540 159
1871550 159
1871560 159
1871570 159
1871580 159
1871590 159
1871600 159
1871610 159
1871620 159
1871630 159
1871640 159
1871650 159
1871660 159
1871670 158
1871680 158
1871690 158
1871700 158
1871710 158
1871720 158
1871730 158
1871740 158
1871750 158
1871760 158
1871770 158
1871780 158
1871790 158
1871800 158
1871810 158
1871820 158
1871830 158
1871840 158
1871850 158
1871860 158
1871870 158
1871880 158
1871890 158
1871900 158
1871910 159
1871920 159
1871930 159
1871940 158
1871950 158
1871960 158
1871970 158
1871980 158
1871990 158
1872000 158
1872010 158
1872020 158
1872030 158
1872040 158
1872050 158
1872060 157
1872070 157
1872080 157
1872090 157
1872100 157
1872110 156
1872120 156
1872130 156
1872140 156
1872150 157
1872160 157
1872170 157
1872180 157
1872190 157
1872200 157
1872210 157
1872220 157
1872230 157
1872240 157
1872250 157
1872260 156
1872270 156
1872280 156
1872290 156
1872300 156
1872310 156
1872320 156
1872330 156
1872340 156
1872350 156
1872360 156
1872370 156
1872380 156
1872390 156
1872400 156
1872410 156
1872420 156
1872430 156
1872440 156
1872450 156
1872460 156
1872470 156
1872480 156
1872490 156
1872500 156
1872510 156
1872520 156
1872530 156
1872540 156
1872550 156
1872560 156
1872570 156
1872580 156
1872590 156
1872600 156
1872610 155
1872620 156
1872630 156
1872640 156
1872650 156
1872660 156
1872670 156
1872680 155
1872690 155
1872700 155
1872710 155
1872720 155
1872730 155
1872740 155
1872750 155
1872760 155
1872770 155
1872780 155
1872790 155
1872800 155
1872810 155
1872820 155
1872830 156
1872840 156
1872850 157
1872860 158
1872870 158
1872880 159
1872890 159
1872900 159
1872910 160
1872920 161
1872930 161
1872940 162
1872950 163
1872960 163
1872970 164
1872980 164
1872990 164
1873000 165
1873010 165
1873020 165
1873030 166
1873040 166
1873050 166
1873060 166
1873070 166
1873080 166
1873090 167
1873100 167
1873110 167
1873120 167
1873130 168
1873140 168
1873150 168
1873160 168
1873170 168
1873180 168
1873190 168
1873200 168
1873210 169
1873220 169
1873230 169
1873240 169
1873250 169
1873260 169
1873270 169
1873280 169
1873290 169
1873300 170
1873310 170
1873320 170
1873330 170
1873340 170
1873350 170
1873360 171
1873370 171
1873380 171
1873390 171
1873400 171
1873410 171
1873420 172
1873430 172
1873440 172
1873450 172
1873460 172
1873470 172
1873480 173
1873490 172
1873500 172
1873510 172
1873520 172
1873530 172
1873540 172
1873550 172
1873560 172
1873570 172
1873580 172
1873590 172
1873600 172
1873610 172
1873620 172
1873630 172
1873640 172
1873650 172
1873660 172
1873670 172
1873680 171
1873690 171
1873700 171
1873710 170
1873720 170
1873730 170
1873740 169
1873750 168
1873760 168
1873770 168
1873780 167
1873790 167
1873800 166
1873810 166
1873820 166
1873830 166
1873840 166
1873850 166
1873860 167
1873870 167
1873880 167
1873890 168
1873900 168
1873910 168
1873920 168
1873930 169
1873940 169
1873950 169
1873960 169
1873970 169
1873980 169
1873990 169
1874000 169
1874010 169
1874020 169
1874030 169
1874040 169
1874050 169
1874060 169
1874070 169
1874080 169
1874090 169
1874100 169
1874110 168
1874120 168
1874130 168
1874140 168
1874150 168
1874160 168
1874170 168
1874180 168
1874190 168
1874200 168
1874210 168
1874220 168
1874230 169
1874240 169
1874250 168
1874260 168
1874270 168
1874280 168
1874290 168
1874300 168
1874310 168
1874320 168
1874330 168
1874340 169
1874350 169
1874360 169
1874370 169
1874380 169
1874390 169
1874400 169
1874410 169
1874420 169
1874430 169
1874440 169
1874450 169
1874460 169
1874470 169
1874480 169
1874490 170
1874500 170
1874510 170
1874520 170
1874530 170
1874540 170
1874550 170
1874560 170
1874570 170
1874580 170
1874590 170
1874600 170
1874610 170
1874620 170
1874630 170
1874640 171
1874650 171
1874660 171
1874670 171
1874680 171
1874690 171
1874700 171
1874710 171
1874720 171
1874730 171
1874740 171
1874750 171
1874760 171
1874770 171
1874780 172
1874790 172
1874800 172
1874810 172
1874820 172
1874830 172
1874840 172
1874850 172
1874860 172
1874870 172
1874880 173
1874890 173
1874900 173
1874910 173
1874920 173
1874930 173
1874940 173
1874950 173
1874960 173
1874970 173
1874980 173
1874990 173
1875000 174
1875010 174
1875020 174
1875030 174
1875040 174
1875050 174
1875060 175
1875070 175
1875080 175
1875090 176
1875100 176
1875110 176
1875120 176
1875130 176
1875140 176
1875150 176
1875160 176
1875170 176
1875180 176
1875190 176
1875200 176
1875210 176
1875220 176
1875230 176
1875240 176
1875250 176
1875260 175
1875270 175
1875280 175
1875290 174
1875300 172
1875310 172
1875320 171
1875330 170
1875340 170
1875350 169
1875360 168
1875370 168
1875380 163
1875390 154
1875400 154
1875410 147
1875420 143
1875430 143
1875440 143
1875450 143
1875460 143
1875470 143
1875480 143
1875490 143
1875500 143
1875510 144
1875520 144
1875530 147
1875540 148
1875550 148
1875560 147
1875570 146
1875580 146
1875590 146
1875600 146
1875610 146
1875620 146
1875630 145
1875640 145
1875650 145
1875660 145
1875670 145
1875680 145
1875690 145
1875700 145
1875710 145
1875720 145
1875730 145
1875740 145
1875750 146
1875760 146
1875770 144
1875780 143
1875790 143
1875800 143
1875810 143
1875820 143
1875830 143
1875840 143
1875850 143
1875860 143
1875870 144
1875880 144
1875890 146
1875900 146
1875910 146
1875920 146
1875930 146
1875940 146
1875950 146
1875960 146
1875970 146
