1860000 183
1860010 183
1860020 183
1860030 183
1860040 182
1860050 182
1860060 183
1860070 183
1860080 183
1860090 183
1860100 183
1860110 183
1860120 183
1860130 183
1860140 183
1860150 183
1860160 183
1860170 183
1860180 182
1860190 182
1860200 182
1860210 182
1860220 182
1860230 182
1860240 182
1860250 182
1860260 183
1860270 184
1860280 184
1860290 184
1860300 184
1860310 184
1860320 184
1860330 183
1860340 183
1860350 183
1860360 183
1860370 183
1860380 182
1860390 180
1860400 180
1860410 180
1860420 179
1860430 179
1860440 179
1860450 179
1860460 179
1860470 179
1860480 179
1860490 179
1860500 179
1860510 179
1860520 179
1860530 179
1860540 179
1860550 179
1860560 179
1860570 178
1860580 178
1860590 179
1860600 179
1860610 179
1860620 179
1860630 179
1860640 179
1860650 179
1860660 179
1860670 179
1860680 179
1860690 179
1860700 179
1860710 180
1860720 180
1860730 181
1860740 181
1860750 182
1860760 182
1860770 182
1860780 182
1860790 182
1860800 183
1860810 183
1860820 183
1860830 184
1860840 185
1860850 185
1860860 186
1860870 186
1860880 186
1860890 187
1860900 188
1860910 188
1860920 189
1860930 191
1860940 191
1860950 192
1860960 193
1860970 193
1860980 194
1860990 195
1861000 195
1861010 196
1861020 196
1861030 196
1861040 196
1861050 197
1861060 197
1861070 197
1861080 198
1861090 198
1861100 198
1861110 198
1861120 198
1861130 197
1861140 197
1861150 197
1861160 197
1861170 197
1861180 197
1861190 197
1861200 197
1861210 197
1861220 196
1861230 196
1861240 196
1861250 196
1861260 196
1861270 195
1861280 195
1861290 195
1861300 194
1861310 193
1861320 193
1861330 193
1861340 192
1861350 192
1861360 191
1861370 191
1861380 191
1861390 190
1861400 190
1861410 190
1861420 189
1861430 189
1861440 189
1861450 189
1861460 188
1861470 188
1861480 188
1861490 187
1861500 187
1861510 186
1861520 186
1861530 186
1861540 185
1861550 184
1861560 184
1861570 183
1861580 182
1861590 182
1861600 181
1861610 181
1861620 181
1861630 181
1861640 180
1861650 180
1861660 180
1861670 179
1861680 179
1861690 178
1861700 178
1861710 178
1861720 178
1861730 178
1861740 178
1861750 178
1861760 177
1861770 177
1861780 177
1861790 177
1861800 177
1861810 176
1861820 176
1861830 176
1861840 176
1861850 176
1861860 176
1861870 176
1861880 175
1861890 175
1861900 175
1861910 175
1861920 175
1861930 175
1861940 175
1861950 175
1861960 175
1861970 175
1861980 175
1861990 175
1862000 175
1862010 175
1862020 175
1862030 175
1862040 175
1862050 175
1862060 175
1862070 175
1862080 175
1862090 175
1862100 175
1862110 175
1862120 175
1862130 175
1862140 175
1862150 175
1862160 175
1862170 175
1862180 175
1862190 175
1862200 176
1862210 176
1862220 176
1862230 176
1862240 177
1862250 177
1862260 178
1862270 178
1862280 178
1862290 178
1862300 179
1862310 179
1862320 179
1862330 179
1862340 179
1862350 179
1862360 180
1862370 180
1862380 180
1862390 180
1862400 181
1862410 181
1862420 181
1862430 182
1862440 183
1862450 183
1862460 186
1862470 188
1862480 188
1862490 190
1862500 192
1862510 192
1862520 195
1862530 198
1862540 198
1862550 200
1862560 201
1862570 201
1862580 203
1862590 205
1862600 205
1862610 206
1862620 208
1862630 208
1862640 209
1862650 211
1862660 211
1862670 213
1862680 215
1862690 215
1862700 217
1862710 218
1862720 218
1862730 220
1862740 221
1862750 221
1862760 223
1862770 224
1862780 224
1862790 225
1862800 226
1862810 227
1862820 227
1862830 228
1862840 228
1862850 229
1862860 230
1862870 230
1862880 231
1862890 231
1862900 231
1862910 232
1862920 233
1862930 233
1862940 234
1862950 235
1862960 235
1862970 235
1862980 236
1862990 236
1863000 236
1863010 237
1863020 237
1863030 237
1863040 237
1863050 237
1863060 237
1863070 238
1863080 238
1863090 238
1863100 238
1863110 238
1863120 238
1863130 238
1863140 238
1863150 238
1863160 238
1863170 238
1863180 238
1863190 238
1863200 238
1863210 237
1863220 237
1863230 237
1863240 237
1863250 237
1863260 237
1863270 236
1863280 236
1863290 236
1863300 236
1863310 235
1863320 235
1863330 235
1863340 235
1863350 235
1863360 234
1863370 234
1863380 234
1863390 233
1863400 233
1863410 233
1863420 232
1863430 232
1863440 232
1863450 232
1863460 231
1863470 231
1863480 231
1863490 230
1863500 230
1863510 230
1863520 230
1863530 230
1863540 229
1863550 229
1863560 229
1863570 229
1863580 229
1863590 229
1863600 229
1863610 229
1863620 229
1863630 229
1863640 229
1863650 229
1863660 229
1863670 229
1863680 229
1863690 229
1863700 229
1863710 229
1863720 229
1863730 229
1863740 229
1863750 229
1863760 229
1863770 229
1863780 229
1863790 229
1863800 229
1863810 229
1863820 229
1863830 229
1863840 229
1863850 229
1863860 229
1863870 230
1863880 230
1863890 230
1863900 230
1863910 230
1863920 230
1863930 230
1863940 230
1863950 230
1863960 230
1863970 230
1863980 230
1863990 230
1864000 230
1864010 230
1864020 230
1864030 230
1864040 230
1864050 230
1864060 230
1864070 230
1864080 230
1864090 230
1864100 230
1864110 230
1864120 230
1864130 230
1864140 230
1864150 230
1864160 230
1864170 230
1864180 230
1864190 230
1864200 230
1864210 230
1864220 230
1864230 230
1864240 230
1864250 230
1864260 230
1864270 230
1864280 229
1864290 229
1864300 229
1864310 229
1864320 229
1864330 229
1864340 229
1864350 228
1864360 228
1864370 228
1864380 228
1864390 228
1864400 228
1864410 228
1864420 228
1864430 227
1864440 227
1864450 227
1864460 227
1864470 227
1864480 227
1864490 226
1864500 226
1864510 226
1864520 226
1864530 225
1864540 225
1864550 225
1864560 225
1864570 225
1864580 224
1864590 224
1864600 224
1864610 224
1864620 223
1864630 223
1864640 223
1864650 223
1864660 223
1864670 222
1864680 222
1864690 222
1864700 222
1864710 221
1864720 221
1864730 221
1864740 221
1864750 220
1864760 219
1864770 219
1864780 218
1864790 216
1864800 216
1864810 215
1864820 214
1864830 214
1864840 213
1864850 212
1864860 212
1864870 209
1864880 208
1864890 208
1864900 207
1864910 206
1864920 206
1864930 205
1864940 204
1864950 204
1864960 203
1864970 202
1864980 202
1864990 200
1865000 199
1865010 199
1865020 198
1865030 197
1865040 197
1865050 196
1865060 196
1865070 196
1865080 195
1865090 195
1865100 195
1865110 195
1865120 195
1865130 195
1865140 195
1865150 195
1865160 195
1865170 194
1865180 194
1865190 194
1865200 193
1865210 193
1865220 193
1865230 192
1865240 191
1865250 191
1865260 189
1865270 188
1865280 188
1865290 187
1865300 187
1865310 187
1865320 188
1865330 189
1865340 189
1865350 190
1865360 191
1865370 191
1865380 193
1865390 194
1865400 194
1865410 196
1865420 198
1865430 198
1865440 200
1865450 201
1865460 201
1865470 201
1865480 201
1865490 201
1865500 201
1865510 200
1865520 200
1865530 201
1865540 202
1865550 203
1865560 205
1865570 207
1865580 207
1865590 209
1865600 210
1865610 210
1865620 212
1865630 213
1865640 213
1865650 215
1865660 216
1865670 216
1865680 217
1865690 218
1865700 218
1865710 218
1865720 219
1865730 219
1865740 220
1865750 220
1865760 220
1865770 220
1865780 221
1865790 221
1865800 222
1865810 222
1865820 222
1865830 223
1865840 223
1865850 223
1865860 224
1865870 224
1865880 224
1865890 225
1865900 225
1865910 225
1865920 225
1865930 225
1865940 225
1865950 225
1865960 225
1865970 226
1865980 226
1865990 226
1866000 226
1866010 226
1866020 226
1866030 226
1866040 226
1866050 226
1866060 226
1866070 227
1866080 227
1866090 227
1866100 227
1866110 227
1866120 227
1866130 227
1866140 227
1866150 227
1866160 227
1866170 227
1866180 227
1866190 228
1866200 228
1866210 228
1866220 228
1866230 228
1866240 228
1866250 229
1866260 229
1866270 229
1866280 229
1866290 229
1866300 229
1866310 229
1866320 229
1866330 230
1866340 230
1866350 230
1866360 230
1866370 230
1866380 230
1866390 230
1866400 230
1866410 230
1866420 231
1866430 231
1866440 231
1866450 231
1866460 231
1866470 231
1866480 231
1866490 231
1866500 231
1866510 231
1866520 231
1866530 231
1866540 231
1866550 231
1866560 231
1866570 231
1866580 232
1866590 232
1866600 232
1866610 232
1866620 232
1866630 232
1866640 231
1866650 231
1866660 231
1866670 231
1866680 231
1866690 231
1866700 231
1866710 231
1866720 231
1866730 231
1866740 231
1866750 230
1866760 230
1866770 230
1866780 230
1866790 230
1866800 230
1866810 230
1866820 229
1866830 229
1866840 229
1866850 229
1866860 229
1866870 229
1866880 228
1866890 228
1866900 228
1866910 228
1866920 228
1866930 228
1866940 227
1866950 227
1866960 227
1866970 227
1866980 227
1866990 227
1867000 226
1867010 226
1867020 226
1867030 226
1867040 226
1867050 226
1867060 226
1867070 226
1867080 226
1867090 226
1867100 226
1867110 226
1867120 226
1867130 226
1867140 226
1867150 226
1867160 225
1867170 225
1867180 225
1867190 225
1867200 225
1867210 225
1867220 225
1867230 225
1867240 225
1867250 225
1867260 225
1867270 225
1867280 225
1867290 224
1867300 224
1867310 224
1867320 224
1867330 224
1867340 224
1867350 223
1867360 223
1867370 223
1867380 223
1867390 223
1867400 223
1867410 223
1867420 223
1867430 223
1867440 223
1867450 223
1867460 223
1867470 223
1867480 223
1867490 222
1867500 223
1867510 223
1867520 222
1867530 222
1867540 222
1867550 221
1867560 221
1867570 221
1867580 221
1867590 221
1867600 221
1867610 221
1867620 220
1867630 220
1867640 220
1867650 220
1867660 220
1867670 220
1867680 219
1867690 219
1867700 219
1867710 219
1867720 219
1867730 218
1867740 218
1867750 218
1867760 218
1867770 217
1867780 217
1867790 217
1867800 217
1867810 217
1867820 216
1867830 216
1867840 216
1867850 216
1867860 216
1867870 216
1867880 215
1867890 215
1867900 215
1867910 215
1867920 215
1867930 215
1867940 214
1867950 214
1867960 214
1867970 213
1867980 213
1867990 213
1868000 213
1868010 212
1868020 212
1868030 212
1868040 212
1868050 212
1868060 211
1868070 211
1868080 211
1868090 210
1868100 210
1868110 210
1868120 210
1868130 209
1868140 209
1868150 209
1868160 208
1868170 208
1868180 208
1868190 207
1868200 207
1868210 206
1868220 206
1868230 206
1868240 205
1868250 205
1868260 205
1868270 204
1868280 204
1868290 204
1868300 203
1868310 203
1868320 203
1868330 202
1868340 202
1868350 202
1868360 201
1868370 201
1868380 201
1868390 201
1868400 201
1868410 200
1868420 200
1868430 200
1868440 200
1868450 199
1868460 199
1868470 199
1868480 199
1868490 199
1868500 198
1868510 198
1868520 198
1868530 198
1868540 197
1868550 197
1868560 196
1868570 196
1868580 196
1868590 195
1868600 195
1868610 195
1868620 194
1868630 194
1868640 194
1868650 193
1868660 193
1868670 193
1868680 192
1868690 192
1868700 192
1868710 192
1868720 191
1868730 191
1868740 191
1868750 191
1868760 191
1868770 190
1868780 190
1868790 190
1868800 190
1868810 189
1868820 189
1868830 189
1868840 189
1868850 189
1868860 188
1868870 188
1868880 188
1868890 188
1868900 188
1868910 188
1868920 187
1868930 187
1868940 187
1868950 187
1868960 186
1868970 186
1868980 186
1868990 185
1869000 185
1869010 185
1869020 185
1869030 185
1869040 184
1869050 184
1869060 184
1869070 184
1869080 183
1869090 183
1869100 183
1869110 183
1869120 183
1869130 183
1869140 182
1869150 182
1869160 182
1869170 182
1869180 182
1869190 182
1869200 182
1869210 182
1869220 181
1869230 181
1869240 181
1869250 181
1869260 181
1869270 181
1869280 181
1869290 182
1869300 182
1869310 182
1869320 181
1869330 181
1869340 181
1869350 181
1869360 181
1869370 181
1869380 181
1869390 181
1869400 181
1869410 181
1869420 181
1869430 181
1869440 181
1869450 181
1869460 181
1869470 181
1869480 180
1869490 180
1869500 180
1869510 180
1869520 180
1869530 180
1869540 180
1869550 180
1869560 180
1869570 180
1869580 180
1869590 180
1869600 179
1869610 179
1869620 179
1869630 179
1869640 179
1869650 179
1869660 179
1869670 178
1869680 178
1869690 178
1869700 178
1869710 178
1869720 178
1869730 178
1869740 178
1869750 178
1869760 178
1869770 178
1869780 178
1869790 178
1869800 178
1869810 178
1869820 178
1869830 178
1869840 178
1869850 177
1869860 177
1869870 177
1869880 177
1869890 177
1869900 177
1869910 176
1869920 176
1869930 176
1869940 176
1869950 176
1869960 175
1869970 175
1869980 175
1869990 174
1870000 174
1870010 174
1870020 173
1870030 173
1870040 173
1870050 172
1870060 172
1870070 172
1870080 171
1870090 171
1870100 171
1870110 170
1870120 170
1870130 170
1870140 170
1870150 170
1870160 170
1870170 169
1870180 169
1870190 169
1870200 169
1870210 168
1870220 168
1870230 168
1870240 168
1870250 168
1870260 168
1870270 168
1870280 168
1870290 167
1870300 167
1870310 167
1870320 167
1870330 167
1870340 167
1870350 167
1870360 167
1870370 167
1870380 166
1870390 166
1870400 166
1870410 166
1870420 166
1870430 166
1870440 166
1870450 165
1870460 165
1870470 165
1870480 164
1870490 164
1870500 163
1870510 163
1870520 163
1870530 163
1870540 163
1870550 163
1870560 163
1870570 163
1870580 163
1870590 164
1870600 164
1870610 164
1870620 164
1870630 164
1870640 165
1870650 165
1870660 165
1870670 165
1870680 166
1870690 166
1870700 166
1870710 166
1870720 166
1870730 166
1870740 166
1870750 166
1870760 166
1870770 166
1870780 166
1870790 165
1870800 165
1870810 165
1870820 165
1870830 165
1870840 165
1870850 166
1870860 166
1870870 166
1870880 166
1870890 166
1870900 166
1870910 166
1870920 166
1870930 166
1870940 166
1870950 166
1870960 166
1870970 166
1870980 165
1870990 165
1871000 165
1871010 165
1871020 165
1871030 165
1871040 165
1871050 165
1871060 165
1871070 164
1871080 164
1871090 164
1871100 163
1871110 163
1871120 163
1871130 162
1871140 162
1871150 162
1871160 161
1871170 161
1871180 161
1871190 161
1871200 161
1871210 160
1871220 160
1871230 160
1871240 160
1871250 160
1871260 160
1871270 160
1871280 160
1871290 160
1871300 160
1871310 160
1871320 161
1871330 161
1871340 161
1871350 161
1871360 161
1871370 161
1871380 161
1871390 161
1871400 161
1871410 161
1871420 161
1871430 161
1871440 161
1871450 161
1871460 161
1871470 161
1871480 161
1871490 161
1871500 161
1871510 162
1871520 162
1871530 162
1871540 162
1871550 162
1871560 162
1871570 162
1871580 162
1871590 162
1871600 161
1871610 161
1871620 161
1871630 161
1871640 161
1871650 161
1871660 161
1871670 161
1871680 161
1871690 161
1871700 161
1871710 161
1871720 161
1871730 161
1871740 161
1871750 161
1871760 161
1871770 161
1871780 161
1871790 161
1871800 161
1871810 161
1871820 161
1871830 161
1871840 161
1871850 161
1871860 161
1871870 161
1871880 161
1871890 160
1871900 160
1871910 160
1871920 160
1871930 160
1871940 160
1871950 160
1871960 160
1871970 160
1871980 160
1871990 160
1872000 160
1872010 160
1872020 160
1872030 160
1872040 160
1872050 160
1872060 160
1872070 160
1872080 160
1872090 160
1872100 160
1872110 160
1872120 160
1872130 160
1872140 160
1872150 160
1872160 160
1872170 159
1872180 159
1872190 159
1872200 159
1872210 159
1872220 159
1872230 158
1872240 158
1872250 158
1872260 158
1872270 158
1872280 158
1872290 158
1872300 158
1872310 158
1872320 157
1872330 158
1872340 157
1872350 157
1872360 157
1872370 157
1872380 156
1872390 156
1872400 156
1872410 156
1872420 156
1872430 156
1872440 155
1872450 155
1872460 155
1872470 155
1872480 155
1872490 155
1872500 155
1872510 155
1872520 155
1872530 155
1872540 155
1872550 155
1872560 155
1872570 155
1872580 155
1872590 155
1872600 155
1872610 155
1872620 154
1872630 154
1872640 154
1872650 154
1872660 154
1872670 154
1872680 154
1872690 154
1872700 154
1872710 154
1872720 154
1872730 154
1872740 154
1872750 154
1872760 154
1872770 154
1872780 154
1872790 154
1872800 154
1872810 154
1872820 154
1872830 154
1872840 154
1872850 154
1872860 154
1872870 154
1872880 155
1872890 155
1872900 156
1872910 157
1872920 157
1872930 158
1872940 159
1872950 159
1872960 160
1872970 160
1872980 160
1872990 160
1873000 160
1873010 160
1873020 160
1873030 160
1873040 160
1873050 160
1873060 160
1873070 160
1873080 160
1873090 160
1873100 160
1873110 161
1873120 161
1873130 161
1873140 161
1873150 161
1873160 161
1873170 161
1873180 161
1873190 161
1873200 161
1873210 161
1873220 161
1873230 161
1873240 161
1873250 161
1873260 161
1873270 162
1873280 162
1873290 162
1873300 163
1873310 163
1873320 163
1873330 164
1873340 164
1873350 164
1873360 164
1873370 164
1873380 165
1873390 165
1873400 165
1873410 165
1873420 165
1873430 165
1873440 166
1873450 166
1873460 166
1873470 166
1873480 166
1873490 166
1873500 166
1873510 166
1873520 166
1873530 166
1873540 166
1873550 166
1873560 166
1873570 166
1873580 166
1873590 166
1873600 166
1873610 166
1873620 166
1873630 166
1873640 166
1873650 166
1873660 166
1873670 165
1873680 165
1873690 165
1873700 165
1873710 164
1873720 163
1873730 163
1873740 163
1873750 162
1873760 162
1873770 161
1873780 161
1873790 161
1873800 162
1873810 163
1873820 163
1873830 164
1873840 164
1873850 164
1873860 165
1873870 165
1873880 165
1873890 165
1873900 164
1873910 164
1873920 164
1873930 164
1873940 164
1873950 164
1873960 164
1873970 164
1873980 164
1873990 165
1874000 165
1874010 165
1874020 165
1874030 165
1874040 165
1874050 165
1874060 164
1874070 165
1874080 165
1874090 165
1874100 165
1874110 165
1874120 165
1874130 165
1874140 165
1874150 165
1874160 165
1874170 165
1874180 165
1874190 165
1874200 165
1874210 166
1874220 166
1874230 166
1874240 166
1874250 166
1874260 166
1874270 166
1874280 166
1874290 166
1874300 166
1874310 166
1874320 166
1874330 167
1874340 167
1874350 167
1874360 168
1874370 168
1874380 168
1874390 168
1874400 168
1874410 168
1874420 168
1874430 168
1874440 168
1874450 169
1874460 169
1874470 169
1874480 169
1874490 169
1874500 169
1874510 169
1874520 169
1874530 169
1874540 169
1874550 169
1874560 169
1874570 169
1874580 169
1874590 169
1874600 169
1874610 169
1874620 169
1874630 170
1874640 170
1874650 170
1874660 170
1874670 170
1874680 170
1874690 171
1874700 171
1874710 171
1874720 171
1874730 171
1874740 171
1874750 171
1874760 171
1874770 171
1874780 171
1874790 171
1874800 171
1874810 171
1874820 171
1874830 171
1874840 171
1874850 171
1874860 171
1874870 171
1874880 171
1874890 171
1874900 171
1874910 171
1874920 171
1874930 172
1874940 172
1874950 172
1874960 172
1874970 172
1874980 172
1874990 172
1875000 173
1875010 173
1875020 173
1875030 173
1875040 173
1875050 174
1875060 174
1875070 174
1875080 174
1875090 174
1875100 174
1875110 175
1875120 175
1875130 175
1875140 175
1875150 176
1875160 176
1875170 176
1875180 178
1875190 178
1875200 178
1875210 178
1875220 178
1875230 178
1875240 178
1875250 178
1875260 177
1875270 177
1875280 176
1875290 175
1875300 175
1875310 173
1875320 172
1875330 172
1875340 171
1875350 170
1875360 170
1875370 169
1875380 167
1875390 167
1875400 160
1875410 153
1875420 153
1875430 148
1875440 146
1875450 146
1875460 145
1875470 145
1875480 145
1875490 145
1875500 144
1875510 144
1875520 144
1875530 145
1875540 145
1875550 147
1875560 148
1875570 148
1875580 147
1875590 144
1875600 144
1875610 143
1875620 143
1875630 143
1875640 143
1875650 143
1875660 143
1875670 143
1875680 143
1875690 143
1875700 143
1875710 143
1875720 143
1875730 144
1875740 146
1875750 146
1875760 146
1875770 145
1875780 145
1875790 144
1875800 143
1875810 143
1875820 143
1875830 143
1875840 143
1875850 143
1875860 143
1875870 143
1875880 143
1875890 146
1875900 146
1875910 146
1875920 146
1875930 146
1875940 146
1875950 146
1875960 146
1875970 146
