1860000 182
1860010 182
1860020 182
1860030 182
1860040 182
1860050 182
1860060 182
1860070 182
1860080 182
1860090 182
1860100 182
1860110 182
1860120 182
1860130 182
1860140 182
1860150 182
1860160 182
1860170 182
1860180 182
1860190 182
1860200 182
1860210 182
1860220 182
1860230 182
1860240 182
1860250 182
1860260 182
1860270 182
1860280 182
1860290 182
1860300 181
1860310 181
1860320 181
1860330 181
1860340 181
1860350 180
1860360 180
1860370 180
1860380 180
1860390 179
1860400 179
1860410 179
1860420 179
1860430 179
1860440 179
1860450 179
1860460 179
1860470 179
1860480 179
1860490 179
1860500 179
1860510 179
1860520 179
1860530 179
1860540 179
1860550 179
1860560 179
1860570 179
1860580 179
1860590 180
1860600 180
1860610 180
1860620 180
1860630 180
1860640 180
1860650 180
1860660 181
1860670 181
1860680 181
1860690 182
1860700 182
1860710 183
1860720 184
1860730 184
1860740 187
1860750 187
1860760 187
1860770 188
1860780 188
1860790 188
1860800 189
1860810 190
1860820 190
1860830 190
1860840 191
1860850 191
1860860 192
1860870 193
1860880 193
1860890 193
1860900 194
1860910 194
1860920 195
1860930 195
1860940 197
1860950 198
1860960 198
1860970 198
1860980 198
1860990 198
1861000 198
1861010 198
1861020 198
1861030 198
1861040 198
1861050 198
1861060 198
1861070 198
1861080 198
1861090 199
1861100 198
1861110 198
1861120 198
1861130 198
1861140 198
1861150 198
1861160 198
1861170 198
1861180 198
1861190 197
1861200 197
1861210 197
1861220 197
1861230 197
1861240 196
1861250 196
1861260 196
1861270 195
1861280 195
1861290 195
1861300 194
1861310 194
1861320 194
1861330 193
1861340 193
1861350 193
1861360 192
1861370 192
1861380 192
1861390 191
1861400 191
1861410 191
1861420 190
1861430 190
1861440 190
1861450 190
1861460 189
1861470 189
1861480 188
1861490 187
1861500 187
1861510 187
1861520 186
1861530 186
1861540 185
1861550 184
1861560 184
1861570 184
1861580 183
1861590 183
1861600 183
1861610 182
1861620 182
1861630 182
1861640 181
1861650 181
1861660 180
1861670 180
1861680 180
1861690 179
1861700 179
1861710 179
1861720 179
1861730 178
1861740 178
1861750 178
1861760 178
1861770 178
1861780 177
1861790 177
1861800 177
1861810 177
1861820 177
1861830 177
1861840 176
1861850 176
1861860 176
1861870 176
1861880 175
1861890 175
1861900 175
1861910 175
1861920 175
1861930 175
1861940 175
1861950 175
1861960 175
1861970 175
1861980 175
1861990 175
1862000 174
1862010 174
1862020 175
1862030 175
1862040 175
1862050 175
1862060 175
1862070 175
1862080 175
1862090 175
1862100 175
1862110 175
1862120 175
1862130 175
1862140 175
1862150 175
1862160 175
1862170 175
1862180 175
1862190 175
1862200 175
1862210 175
1862220 176
1862230 176
1862240 176
1862250 176
1862260 177
1862270 177
1862280 178
1862290 178
1862300 178
1862310 178
1862320 179
1862330 179
1862340 179
1862350 179
1862360 179
1862370 179
1862380 180
1862390 180
1862400 180
1862410 181
1862420 181
1862430 183
1862440 185
1862450 185
1862460 188
1862470 191
1862480 191
1862490 193
1862500 196
1862510 196
1862520 198
1862530 199
1862540 199
1862550 201
1862560 203
1862570 203
1862580 205
1862590 207
1862600 207
1862610 208
1862620 210
1862630 210
1862640 212
1862650 213
1862660 213
1862670 215
1862680 217
1862690 217
1862700 219
1862710 220
1862720 220
1862730 221
1862740 223
1862750 223
1862760 224
1862770 225
1862780 225
1862790 226
1862800 227
1862810 228
1862820 229
1862830 229
1862840 229
1862850 230
1862860 231
1862870 231
1862880 232
1862890 233
1862900 233
1862910 233
1862920 234
1862930 234
1862940 235
1862950 235
1862960 235
1862970 236
1862980 236
1862990 236
1863000 236
1863010 237
1863020 237
1863030 237
1863040 237
1863050 237
1863060 237
1863070 237
1863080 237
1863090 238
1863100 237
1863110 237
1863120 238
1863130 238
1863140 238
1863150 237
1863160 237
1863170 237
1863180 237
1863190 237
1863200 237
1863210 237
1863220 236
1863230 236
1863240 236
1863250 236
1863260 236
1863270 235
1863280 235
1863290 235
1863300 235
1863310 235
1863320 234
1863330 234
1863340 234
1863350 233
1863360 233
1863370 233
1863380 232
1863390 231
1863400 231
1863410 231
1863420 231
1863430 231
1863440 231
1863450 230
1863460 230
1863470 230
1863480 230
1863490 230
1863500 229
1863510 229
1863520 229
1863530 229
1863540 229
1863550 229
1863560 229
1863570 229
1863580 229
1863590 229
1863600 229
1863610 229
1863620 229
1863630 229
1863640 229
1863650 229
1863660 229
1863670 229
1863680 229
1863690 229
1863700 229
1863710 228
1863720 228
1863730 228
1863740 228
1863750 229
1863760 229
1863770 229
1863780 229
1863790 229
1863800 229
1863810 229
1863820 229
1863830 229
1863840 229
1863850 229
1863860 229
1863870 229
1863880 229
1863890 229
1863900 229
1863910 229
1863920 229
1863930 230
1863940 230
1863950 230
1863960 230
1863970 230
1863980 230
1863990 230
1864000 230
1864010 230
1864020 230
1864030 230
1864040 230
1864050 230
1864060 230
1864070 230
1864080 230
1864090 230
1864100 230
1864110 230
1864120 230
1864130 230
1864140 230
1864150 230
1864160 230
1864170 230
1864180 230
1864190 230
1864200 230
1864210 230
1864220 230
1864230 229
1864240 229
1864250 229
1864260 229
1864270 229
1864280 229
1864290 229
1864300 229
1864310 229
1864320 228
1864330 228
1864340 228
1864350 228
1864360 228
1864370 228
1864380 227
1864390 227
1864400 227
1864410 227
1864420 227
1864430 227
1864440 227
1864450 227
1864460 226
1864470 226
1864480 226
1864490 226
1864500 226
1864510 226
1864520 226
1864530 225
1864540 225
1864550 225
1864560 225
1864570 225
1864580 224
1864590 224
1864600 224
1864610 224
1864620 224
1864630 223
1864640 223
1864650 223
1864660 222
1864670 222
1864680 222
1864690 222
1864700 221
1864710 221
1864720 221
1864730 220
1864740 220
1864750 219
1864760 218
1864770 218
1864780 217
1864790 216
1864800 216
1864810 214
1864820 213
1864830 213
1864840 212
1864850 210
1864860 210
1864870 209
1864880 207
1864890 207
1864900 206
1864910 204
1864920 204
1864930 203
1864940 202
1864950 202
1864960 201
1864970 200
1864980 200
1864990 199
1865000 198
1865010 198
1865020 198
1865030 198
1865040 198
1865050 199
1865060 199
1865070 199
1865080 199
1865090 199
1865100 199
1865110 199
1865120 199
1865130 199
1865140 199
1865150 198
1865160 198
1865170 196
1865180 195
1865190 195
1865200 194
1865210 194
1865220 194
1865230 193
1865240 191
1865250 191
1865260 189
1865270 188
1865280 188
1865290 187
1865300 187
1865310 187
1865320 187
1865330 187
1865340 187
1865350 188
1865360 189
1865370 189
1865380 191
1865390 193
1865400 193
1865410 195
1865420 196
1865430 196
1865440 197
1865450 197
1865460 197
1865470 197
1865480 197
1865490 197
1865500 198
1865510 199
1865520 199
1865530 201
1865540 203
1865550 203
1865560 206
1865570 208
1865580 208
1865590 211
1865600 211
1865610 212
1865620 213
1865630 213
1865640 214
1865650 215
1865660 215
1865670 216
1865680 217
1865690 217
1865700 218
1865710 218
1865720 218
1865730 219
1865740 220
1865750 220
1865760 220
1865770 221
1865780 221
1865790 222
1865800 222
1865810 222
1865820 223
1865830 223
1865840 223
1865850 224
1865860 224
1865870 224
1865880 224
1865890 225
1865900 225
1865910 225
1865920 225
1865930 225
1865940 225
1865950 225
1865960 225
1865970 225
1865980 225
1865990 225
1866000 226
1866010 226
1866020 226
1866030 226
1866040 226
1866050 226
1866060 226
1866070 226
1866080 226
1866090 226
1866100 226
1866110 226
1866120 227
1866130 227
1866140 227
1866150 227
1866160 227
1866170 227
1866180 227
1866190 228
1866200 228
1866210 228
1866220 228
1866230 228
1866240 229
1866250 229
1866260 229
1866270 229
1866280 229
1866290 229
1866300 229
1866310 229
1866320 229
1866330 229
1866340 230
1866350 230
1866360 230
1866370 230
1866380 230
1866390 230
1866400 231
1866410 231
1866420 231
1866430 231
1866440 231
1866450 231
1866460 231
1866470 231
1866480 231
1866490 231
1866500 231
1866510 231
1866520 231
1866530 231
1866540 231
1866550 231
1866560 231
1866570 231
1866580 232
1866590 232
1866600 232
1866610 232
1866620 232
1866630 232
1866640 231
1866650 231
1866660 231
1866670 231
1866680 231
1866690 231
1866700 231
1866710 231
1866720 231
1866730 230
1866740 230
1866750 230
1866760 230
1866770 230
1866780 230
1866790 230
1866800 230
1866810 229
1866820 229
1866830 229
1866840 229
1866850 229
1866860 229
1866870 228
1866880 228
1866890 228
1866900 228
1866910 228
1866920 227
1866930 227
1866940 227
1866950 227
1866960 227
1866970 227
1866980 227
1866990 227
1867000 227
1867010 226
1867020 226
1867030 226
1867040 226
1867050 226
1867060 226
1867070 226
1867080 226
1867090 226
1867100 226
1867110 225
1867120 225
1867130 225
1867140 225
1867150 225
1867160 225
1867170 225
1867180 225
1867190 225
1867200 225
1867210 225
1867220 225
1867230 225
1867240 225
1867250 225
1867260 225
1867270 225
1867280 225
1867290 224
1867300 224
1867310 224
1867320 224
1867330 224
1867340 223
1867350 223
1867360 223
1867370 223
1867380 223
1867390 223
1867400 223
1867410 223
1867420 223
1867430 223
1867440 222
1867450 222
1867460 222
1867470 222
1867480 222
1867490 222
1867500 223
1867510 223
1867520 222
1867530 222
1867540 222
1867550 221
1867560 221
1867570 221
1867580 221
1867590 221
1867600 221
1867610 220
1867620 220
1867630 220
1867640 220
1867650 220
1867660 220
1867670 219
1867680 219
1867690 219
1867700 219
1867710 218
1867720 218
1867730 218
1867740 218
1867750 218
1867760 217
1867770 217
1867780 217
1867790 217
1867800 216
1867810 216
1867820 216
1867830 215
1867840 215
1867850 215
1867860 215
1867870 215
1867880 215
1867890 214
1867900 214
1867910 214
1867920 214
1867930 214
1867940 213
1867950 213
1867960 213
1867970 213
1867980 213
1867990 212
1868000 212
1868010 212
1868020 211
1868030 211
1868040 211
1868050 211
1868060 210
1868070 210
1868080 210
1868090 209
1868100 209
1868110 209
1868120 209
1868130 209
1868140 208
1868150 208
1868160 208
1868170 208
1868180 207
1868190 207
1868200 207
1868210 206
1868220 206
1868230 206
1868240 205
1868250 205
1868260 205
1868270 204
1868280 204
1868290 204
1868300 203
1868310 203
1868320 203
1868330 203
1868340 203
1868350 202
1868360 202
1868370 202
1868380 201
1868390 201
1868400 201
1868410 201
1868420 200
1868430 200
1868440 200
1868450 200
1868460 200
1868470 199
1868480 199
1868490 199
1868500 199
1868510 198
1868520 198
1868530 198
1868540 197
1868550 197
1868560 197
1868570 196
1868580 196
1868590 195
1868600 195
1868610 195
1868620 195
1868630 194
1868640 194
1868650 193
1868660 193
1868670 193
1868680 193
1868690 192
1868700 192
1868710 192
1868720 191
1868730 191
1868740 191
1868750 191
1868760 191
1868770 190
1868780 190
1868790 190
1868800 189
1868810 189
1868820 189
1868830 189
1868840 188
1868850 188
1868860 188
1868870 187
1868880 187
1868890 187
1868900 187
1868910 187
1868920 186
1868930 186
1868940 186
1868950 186
1868960 185
1868970 185
1868980 185
1868990 185
1869000 185
1869010 184
1869020 184
1869030 184
1869040 184
1869050 184
1869060 184
1869070 183
1869080 183
1869090 183
1869100 183
1869110 183
1869120 183
1869130 183
1869140 183
1869150 182
1869160 182
1869170 182
1869180 182
1869190 182
1869200 182
1869210 182
1869220 182
1869230 182
1869240 182
1869250 182
1869260 182
1869270 182
1869280 182
1869290 182
1869300 182
1869310 182
1869320 182
1869330 182
1869340 182
1869350 182
1869360 181
1869370 181
1869380 181
1869390 181
1869400 181
1869410 181
1869420 181
1869430 181
1869440 181
1869450 181
1869460 180
1869470 180
1869480 180
1869490 180
1869500 180
1869510 180
1869520 180
1869530 180
1869540 180
1869550 180
1869560 180
1869570 179
1869580 179
1869590 179
1869600 179
1869610 179
1869620 179
1869630 179
1869640 179
1869650 179
1869660 178
1869670 178
1869680 178
1869690 178
1869700 178
1869710 178
1869720 178
1869730 178
1869740 178
1869750 178
1869760 178
1869770 178
1869780 178
1869790 178
1869800 178
1869810 178
1869820 178
1869830 178
1869840 177
1869850 177
1869860 177
1869870 177
1869880 177
1869890 177
1869900 176
1869910 176
1869920 176
1869930 176
1869940 175
1869950 175
1869960 175
1869970 174
1869980 174
1869990 174
1870000 173
1870010 173
1870020 173
1870030 172
1870040 172
1870050 172
1870060 171
1870070 171
1870080 171
1870090 171
1870100 171
1870110 170
1870120 170
1870130 170
1870140 170
1870150 170
1870160 170
1870170 170
1870180 169
1870190 169
1870200 169
1870210 168
1870220 168
1870230 168
1870240 168
1870250 168
1870260 168
1870270 168
1870280 167
1870290 167
1870300 167
1870310 167
1870320 167
1870330 167
1870340 167
1870350 167
1870360 167
1870370 166
1870380 166
1870390 166
1870400 166
1870410 166
1870420 166
1870430 165
1870440 165
1870450 165
1870460 165
1870470 164
1870480 164
1870490 164
1870500 163
1870510 163
1870520 163
1870530 163
1870540 163
1870550 163
1870560 164
1870570 164
1870580 164
1870590 164
1870600 164
1870610 165
1870620 165
1870630 165
1870640 165
1870650 166
1870660 166
1870670 166
1870680 166
1870690 166
1870700 166
1870710 166
1870720 166
1870730 166
1870740 166
1870750 166
1870760 166
1870770 166
1870780 166
1870790 166
1870800 166
1870810 166
1870820 166
1870830 166
1870840 166
1870850 166
1870860 166
1870870 166
1870880 166
1870890 166
1870900 166
1870910 166
1870920 166
1870930 166
1870940 166
1870950 166
1870960 166
1870970 166
1870980 165
1870990 165
1871000 165
1871010 165
1871020 165
1871030 164
1871040 164
1871050 164
1871060 164
1871070 163
1871080 163
1871090 163
1871100 163
1871110 163
1871120 162
1871130 162
1871140 162
1871150 161
1871160 161
1871170 161
1871180 161
1871190 160
1871200 160
1871210 160
1871220 160
1871230 160
1871240 160
1871250 160
1871260 160
1871270 160
1871280 161
1871290 161
1871300 161
1871310 161
1871320 162
1871330 162
1871340 162
1871350 162
1871360 162
1871370 162
1871380 162
1871390 162
1871400 162
1871410 162
1871420 162
1871430 162
1871440 162
1871450 162
1871460 162
1871470 162
1871480 162
1871490 162
1871500 162
1871510 162
1871520 162
1871530 162
1871540 162
1871550 162
1871560 162
1871570 162
1871580 162
1871590 162
1871600 161
1871610 161
1871620 161
1871630 161
1871640 161
1871650 161
1871660 162
1871670 162
1871680 162
1871690 162
1871700 162
1871710 161
1871720 161
1871730 161
1871740 161
1871750 161
1871760 161
1871770 161
1871780 161
1871790 161
1871800 161
1871810 161
1871820 161
1871830 161
1871840 161
1871850 161
1871860 161
1871870 160
1871880 160
1871890 160
1871900 160
1871910 160
1871920 160
1871930 160
1871940 160
1871950 160
1871960 160
1871970 160
1871980 160
1871990 160
1872000 160
1872010 161
1872020 161
1872030 161
1872040 161
1872050 161
1872060 161
1872070 161
1872080 161
1872090 161
1872100 161
1872110 160
1872120 160
1872130 160
1872140 160
1872150 160
1872160 160
1872170 160
1872180 160
1872190 159
1872200 159
1872210 159
1872220 159
1872230 159
1872240 159
1872250 159
1872260 158
1872270 158
1872280 158
1872290 158
1872300 158
1872310 158
1872320 158
1872330 158
1872340 158
1872350 158
1872360 158
1872370 157
1872380 157
1872390 157
1872400 157
1872410 156
1872420 156
1872430 156
1872440 156
1872450 156
1872460 156
1872470 156
1872480 156
1872490 155
1872500 155
1872510 155
1872520 155
1872530 155
1872540 155
1872550 155
1872560 155
1872570 155
1872580 155
1872590 155
1872600 155
1872610 155
1872620 155
1872630 155
1872640 155
1872650 155
1872660 155
1872670 154
1872680 154
1872690 154
1872700 154
1872710 154
1872720 154
1872730 154
1872740 154
1872750 154
1872760 154
1872770 154
1872780 154
1872790 154
1872800 154
1872810 154
1872820 154
1872830 154
1872840 154
1872850 154
1872860 154
1872870 155
1872880 155
1872890 155
1872900 156
1872910 157
1872920 157
1872930 159
1872940 159
1872950 159
1872960 159
1872970 160
1872980 160
1872990 160
1873000 160
1873010 160
1873020 160
1873030 160
1873040 160
1873050 160
1873060 160
1873070 160
1873080 160
1873090 160
1873100 160
1873110 160
1873120 160
1873130 160
1873140 160
1873150 160
1873160 160
1873170 160
1873180 160
1873190 160
1873200 160
1873210 160
1873220 160
1873230 161
1873240 161
1873250 161
1873260 162
1873270 162
1873280 162
1873290 162
1873300 163
1873310 163
1873320 163
1873330 164
1873340 164
1873350 164
1873360 164
1873370 164
1873380 165
1873390 165
1873400 165
1873410 165
1873420 165
1873430 165
1873440 166
1873450 166
1873460 166
1873470 166
1873480 166
1873490 166
1873500 166
1873510 166
1873520 166
1873530 166
1873540 166
1873550 166
1873560 166
1873570 166
1873580 166
1873590 166
1873600 165
1873610 165
1873620 165
1873630 165
1873640 165
1873650 165
1873660 165
1873670 165
1873680 165
1873690 164
1873700 164
1873710 163
1873720 163
1873730 163
1873740 162
1873750 162
1873760 161
1873770 161
1873780 161
1873790 161
1873800 163
1873810 163
1873820 164
1873830 164
1873840 164
1873850 164
1873860 164
1873870 164
1873880 164
1873890 164
1873900 164
1873910 164
1873920 164
1873930 164
1873940 164
1873950 164
1873960 164
1873970 164
1873980 164
1873990 164
1874000 164
1874010 164
1874020 164
1874030 164
1874040 164
1874050 164
1874060 165
1874070 165
1874080 165
1874090 165
1874100 165
1874110 165
1874120 165
1874130 166
1874140 166
1874150 166
1874160 166
1874170 166
1874180 166
1874190 166
1874200 166
1874210 166
1874220 166
1874230 166
1874240 166
1874250 166
1874260 166
1874270 166
1874280 166
1874290 166
1874300 166
1874310 167
1874320 167
1874330 167
1874340 167
1874350 167
1874360 168
1874370 168
1874380 168
1874390 168
1874400 168
1874410 168
1874420 168
1874430 169
1874440 169
1874450 169
1874460 169
1874470 169
1874480 169
1874490 169
1874500 169
1874510 169
1874520 169
1874530 169
1874540 169
1874550 169
1874560 169
1874570 169
1874580 170
1874590 170
1874600 170
1874610 170
1874620 170
1874630 170
1874640 170
1874650 170
1874660 170
1874670 170
1874680 171
1874690 171
1874700 171
1874710 171
1874720 171
1874730 171
1874740 171
1874750 171
1874760 171
1874770 171
1874780 171
1874790 171
1874800 171
1874810 171
1874820 171
1874830 171
1874840 171
1874850 171
1874860 171
1874870 171
1874880 171
1874890 171
1874900 171
1874910 171
1874920 171
1874930 171
1874940 171
1874950 171
1874960 172
1874970 172
1874980 172
1874990 172
1875000 172
1875010 173
1875020 173
1875030 173
1875040 173
1875050 173
1875060 173
1875070 174
1875080 174
1875090 174
1875100 174
1875110 174
1875120 174
1875130 174
1875140 175
1875150 175
1875160 175
1875170 176
1875180 176
1875190 177
1875200 177
1875210 177
1875220 177
1875230 177
1875240 177
1875250 177
1875260 176
1875270 176
1875280 175
1875290 174
1875300 174
1875310 173
1875320 172
1875330 172
1875340 170
1875350 170
1875360 170
1875370 169
1875380 167
1875390 167
1875400 161
1875410 153
1875420 153
1875430 148
1875440 147
1875450 147
1875460 146
1875470 145
1875480 145
1875490 145
1875500 145
1875510 145
1875520 145
1875530 146
1875540 146
1875550 147
1875560 148
1875570 148
1875580 146
1875590 144
1875600 144
1875610 143
1875620 143
1875630 143
1875640 143
1875650 143
1875660 143
1875670 143
1875680 143
1875690 143
1875700 143
1875710 143
1875720 143
1875730 143
1875740 145
1875750 145
1875760 146
1875770 145
1875780 145
1875790 144
1875800 143
1875810 143
1875820 143
1875830 143
1875840 143
1875850 143
1875860 143
1875870 143
1875880 144
1875890 146
1875900 146
1875910 147
1875920 146
1875930 146
1875940 146
1875950 146
1875960 146
1875970 146
