1860000 228
1860010 227
1860020 227
1860030 227
1860040 227
1860050 227
1860060 227
1860070 227
1860080 227
1860090 227
1860100 226
1860110 226
1860120 226
1860130 226
1860140 225
1860150 225
1860160 225
1860170 224
1860180 224
1860190 224
1860200 223
1860210 223
1860220 223
1860230 222
1860240 222
1860250 222
1860260 221
1860270 221
1860280 220
1860290 220
1860300 220
1860310 219
1860320 219
1860330 219
1860340 218
1860350 218
1860360 218
1860370 217
1860380 217
1860390 217
1860400 216
1860410 216
1860420 216
1860430 215
1860440 215
1860450 215
1860460 214
1860470 214
1860480 214
1860490 214
1860500 213
1860510 213
1860520 213
1860530 212
1860540 212
1860550 212
1860560 211
1860570 211
1860580 211
1860590 210
1860600 210
1860610 210
1860620 210
1860630 210
1860640 209
1860650 209
1860660 209
1860670 209
1860680 209
1860690 209
1860700 209
1860710 208
1860720 208
1860730 208
1860740 208
1860750 208
1860760 208
1860770 208
1860780 208
1860790 208
1860800 208
1860810 208
1860820 208
1860830 207
1860840 207
1860850 207
1860860 207
1860870 207
1860880 206
1860890 206
1860900 206
1860910 206
1860920 206
1860930 205
1860940 205
1860950 205
1860960 204
1860970 204
1860980 204
1860990 203
1861000 203
1861010 203
1861020 202
1861030 202
1861040 202
1861050 202
1861060 201
1861070 201
1861080 201
1861090 201
1861100 201
1861110 201
1861120 200
1861130 200
1861140 200
1861150 200
1861160 200
1861170 200
1861180 199
1861190 199
1861200 199
1861210 199
1861220 198
1861230 198
1861240 198
1861250 198
1861260 197
1861270 197
1861280 197
1861290 196
1861300 196
1861310 196
1861320 195
1861330 195
1861340 195
1861350 195
1861360 194
1861370 194
1861380 194
1861390 193
1861400 193
1861410 193
1861420 192
1861430 192
1861440 192
1861450 191
1861460 191
1861470 191
1861480 190
1861490 190
1861500 190
1861510 189
1861520 189
1861530 188
1861540 188
1861550 188
1861560 187
1861570 185
1861580 185
1861590 185
1861600 184
1861610 184
1861620 184
1861630 183
1861640 183
1861650 182
1861660 182
1861670 182
1861680 181
1861690 181
1861700 181
1861710 180
1861720 179
1861730 179
1861740 179
1861750 178
1861760 178
1861770 178
1861780 177
1861790 177
1861800 177
1861810 176
1861820 176
1861830 176
1861840 175
1861850 175
1861860 175
1861870 175
1861880 175
1861890 175
1861900 173
1861910 173
1861920 173
1861930 172
1861940 172
1861950 172
1861960 172
1861970 172
1861980 172
1861990 172
1862000 172
1862010 172
1862020 172
1862030 172
1862040 172
1862050 172
1862060 172
1862070 172
1862080 172
1862090 172
1862100 172
1862110 172
1862120 172
1862130 173
1862140 173
1862150 174
1862160 176
1862170 176
1862180 177
1862190 179
1862200 179
1862210 182
1862220 184
1862230 184
1862240 187
1862250 189
1862260 191
1862270 194
1862280 197
1862290 197
1862300 199
1862310 201
1862320 201
1862330 204
1862340 206
1862350 206
1862360 208
1862370 210
1862380 210
1862390 212
1862400 213
1862410 213
1862420 215
1862430 216
1862440 216
1862450 217
1862460 218
1862470 218
1862480 219
1862490 220
1862500 220
1862510 221
1862520 222
1862530 222
1862540 223
1862550 224
1862560 224
1862570 225
1862580 226
1862590 226
1862600 226
1862610 227
1862620 227
1862630 227
1862640 227
1862650 227
1862660 228
1862670 228
1862680 228
1862690 228
1862700 228
1862710 228
1862720 228
1862730 228
1862740 228
1862750 228
1862760 228
1862770 228
1862780 228
1862790 228
1862800 228
1862810 227
1862820 227
1862830 227
1862840 227
1862850 227
1862860 227
1862870 227
1862880 226
1862890 226
1862900 226
1862910 226
1862920 226
1862930 225
1862940 225
1862950 224
1862960 224
1862970 224
1862980 224
1862990 223
1863000 223
1863010 223
1863020 222
1863030 221
1863040 221
1863050 220
1863060 219
1863070 219
1863080 218
1863090 216
1863100 216
1863110 215
1863120 214
1863130 214
1863140 213
1863150 212
1863160 212
1863170 211
1863180 210
1863190 210
1863200 209
1863210 209
1863220 209
1863230 209
1863240 209
1863250 209
1863260 209
1863270 209
1863280 210
1863290 211
1863300 211
1863310 212
1863320 214
1863330 214
1863340 215
1863350 215
1863360 215
1863370 216
1863380 216
1863390 216
1863400 215
1863410 215
1863420 215
1863430 215
1863440 215
1863450 215
1863460 215
1863470 214
1863480 214
1863490 214
1863500 213
1863510 213
1863520 213
1863530 212
1863540 212
1863550 212
1863560 212
1863570 212
1863580 212
1863590 210
1863600 210
1863610 208
1863620 211
1863630 211
1863640 212
1863650 213
1863660 213
1863670 213
1863680 214
1863690 214
1863700 215
1863710 216
1863720 216
1863730 216
1863740 217
1863750 217
1863760 218
1863770 218
1863780 218
1863790 219
1863800 219
1863810 219
1863820 219
1863830 219
1863840 219
1863850 220
1863860 220
1863870 220
1863880 220
1863890 220
1863900 220
1863910 220
1863920 220
1863930 220
1863940 220
1863950 220
1863960 220
1863970 221
1863980 220
1863990 220
1864000 221
1864010 221
1864020 221
1864030 221
1864040 221
1864050 221
1864060 221
1864070 221
1864080 221
1864090 222
1864100 222
1864110 222
1864120 222
1864130 222
1864140 222
1864150 222
1864160 222
1864170 222
1864180 222
1864190 223
1864200 223
1864210 223
1864220 223
1864230 223
1864240 223
1864250 223
1864260 223
1864270 223
1864280 224
1864290 224
1864300 224
1864310 224
1864320 224
1864330 223
1864340 223
1864350 223
1864360 224
1864370 224
1864380 224
1864390 224
1864400 224
1864410 224
1864420 224
1864430 224
1864440 223
1864450 223
1864460 223
1864470 223
1864480 223
1864490 223
1864500 223
1864510 222
1864520 222
1864530 222
1864540 222
1864550 222
1864560 222
1864570 222
1864580 222
1864590 222
1864600 222
1864610 222
1864620 221
1864630 222
1864640 222
1864650 221
1864660 221
1864670 221
1864680 221
1864690 221
1864700 221
1864710 220
1864720 220
1864730 220
1864740 220
1864750 219
1864760 219
1864770 219
1864780 218
1864790 218
1864800 217
1864810 217
1864820 217
1864830 216
1864840 215
1864850 215
1864860 215
1864870 214
1864880 214
1864890 214
1864900 213
1864910 213
1864920 213
1864930 212
1864940 212
1864950 212
1864960 211
1864970 211
1864980 211
1864990 210
1865000 210
1865010 210
1865020 209
1865030 209
1865040 209
1865050 209
1865060 209
1865070 209
1865080 208
1865090 208
1865100 208
1865110 208
1865120 208
1865130 207
1865140 207
1865150 207
1865160 207
1865170 206
1865180 206
1865190 206
1865200 206
1865210 206
1865220 205
1865230 205
1865240 205
1865250 204
1865260 204
1865270 204
1865280 203
1865290 202
1865300 202
1865310 201
1865320 200
1865330 200
1865340 199
1865350 198
1865360 198
1865370 196
1865380 194
1865390 194
1865400 192
1865410 191
1865420 191
1865430 189
1865440 189
1865450 189
1865460 188
1865470 186
1865480 186
1865490 184
1865500 184
1865510 182
1865520 181
1865530 181
1865540 180
1865550 180
1865560 180
1865570 180
1865580 180
1865590 180
1865600 180
1865610 179
1865620 179
1865630 179
1865640 179
1865650 179
1865660 180
1865670 181
1865680 181
1865690 185
1865700 188
1865710 188
1865720 191
1865730 194
1865740 194
1865750 197
1865760 200
1865770 200
1865780 203
1865790 206
1865800 206
1865810 208
1865820 209
1865830 209
1865840 209
1865850 210
1865860 210
1865870 211
1865880 212
1865890 212
1865900 212
1865910 213
1865920 213
1865930 213
1865940 214
1865950 214
1865960 215
1865970 216
1865980 216
1865990 217
1866000 218
1866010 218
1866020 219
1866030 219
1866040 219
1866050 220
1866060 220
1866070 220
1866080 221
1866090 221
1866100 221
1866110 221
1866120 222
1866130 222
1866140 222
1866150 222
1866160 222
1866170 223
1866180 223
1866190 223
1866200 223
1866210 223
1866220 223
1866230 223
1866240 223
1866250 223
1866260 223
1866270 222
1866280 222
1866290 222
1866300 222
1866310 222
1866320 222
1866330 221
1866340 221
1866350 221
1866360 220
1866370 220
1866380 219
1866390 219
1866400 219
1866410 218
1866420 218
1866430 218
1866440 218
1866450 217
1866460 217
1866470 217
1866480 217
1866490 217
1866500 216
1866510 216
1866520 216
1866530 215
1866540 215
1866550 215
1866560 214
1866570 213
1866580 213
1866590 212
1866600 212
1866610 212
1866620 212
1866630 212
1866640 212
1866650 211
1866660 211
1866670 211
1866680 211
1866690 211
1866700 210
1866710 210
1866720 210
1866730 210
1866740 211
1866750 211
1866760 212
1866770 213
1866780 213
1866790 213
1866800 213
1866810 213
1866820 213
1866830 213
1866840 213
1866850 213
1866860 213
1866870 213
1866880 213
1866890 213
1866900 213
1866910 213
1866920 213
1866930 213
1866940 213
1866950 213
1866960 213
1866970 212
1866980 212
1866990 212
1867000 212
1867010 212
1867020 212
1867030 211
1867040 211
1867050 210
1867060 210
1867070 209
1867080 209
1867090 208
1867100 207
1867110 207
1867120 207
1867130 207
1867140 207
1867150 208
1867160 208
1867170 208
1867180 209
1867190 209
1867200 209
1867210 210
1867220 210
1867230 210
1867240 210
1867250 210
1867260 210
1867270 210
1867280 210
1867290 210
1867300 210
1867310 210
1867320 210
1867330 210
1867340 210
1867350 210
1867360 210
1867370 210
1867380 210
1867390 210
1867400 210
1867410 210
1867420 209
1867430 209
1867440 209
1867450 209
1867460 209
1867470 209
1867480 209
1867490 209
1867500 209
1867510 209
1867520 210
1867530 210
1867540 210
1867550 210
1867560 210
1867570 210
1867580 210
1867590 210
1867600 210
1867610 210
1867620 210
1867630 210
1867640 210
1867650 210
1867660 209
1867670 209
1867680 209
1867690 209
1867700 208
1867710 208
1867720 208
1867730 207
1867740 207
1867750 206
1867760 206
1867770 206
1867780 206
1867790 206
1867800 205
1867810 205
1867820 205
1867830 205
1867840 204
1867850 204
1867860 204
1867870 204
1867880 204
1867890 203
1867900 203
1867910 203
1867920 203
1867930 202
1867940 202
1867950 202
1867960 201
1867970 201
1867980 200
1867990 200
1868000 200
1868010 200
1868020 199
1868030 199
1868040 199
1868050 198
1868060 198
1868070 198
1868080 197
1868090 197
1868100 197
1868110 197
1868120 197
1868130 196
1868140 196
1868150 196
1868160 196
1868170 195
1868180 195
1868190 195
1868200 194
1868210 194
1868220 194
1868230 194
1868240 194
1868250 193
1868260 193
1868270 193
1868280 193
1868290 193
1868300 193
1868310 193
1868320 192
1868330 192
1868340 192
1868350 192
1868360 192
1868370 192
1868380 191
1868390 191
1868400 191
1868410 191
1868420 191
1868430 191
1868440 190
1868450 190
1868460 190
1868470 190
1868480 190
1868490 189
1868500 189
1868510 189
1868520 189
1868530 188
1868540 188
1868550 188
1868560 188
1868570 188
1868580 188
1868590 187
1868600 187
1868610 187
1868620 187
1868630 187
1868640 187
1868650 186
1868660 186
1868670 186
1868680 186
1868690 186
1868700 186
1868710 185
1868720 185
1868730 185
1868740 185
1868750 184
1868760 184
1868770 184
1868780 184
1868790 183
1868800 183
1868810 183
1868820 183
1868830 183
1868840 183
1868850 182
1868860 182
1868870 182
1868880 182
1868890 182
1868900 182
1868910 181
1868920 181
1868930 181
1868940 181
1868950 181
1868960 181
1868970 181
1868980 181
1868990 181
1869000 181
1869010 181
1869020 180
1869030 180
1869040 180
1869050 180
1869060 180
1869070 180
1869080 180
1869090 179
1869100 179
1869110 179
1869120 179
1869130 179
1869140 179
1869150 179
1869160 179
1869170 179
1869180 178
1869190 178
1869200 178
1869210 178
1869220 178
1869230 178
1869240 178
1869250 178
1869260 178
1869270 178
1869280 178
1869290 178
1869300 178
1869310 178
1869320 178
1869330 178
1869340 178
1869350 178
1869360 178
1869370 178
1869380 178
1869390 178
1869400 178
1869410 178
1869420 178
1869430 178
1869440 178
1869450 177
1869460 177
1869470 177
1869480 177
1869490 177
1869500 177
1869510 176
1869520 176
1869530 176
1869540 176
1869550 176
1869560 176
1869570 176
1869580 176
1869590 176
1869600 175
1869610 175
1869620 175
1869630 175
1869640 175
1869650 175
1869660 175
1869670 175
1869680 175
1869690 174
1869700 174
1869710 174
1869720 174
1869730 174
1869740 174
1869750 173
1869760 173
1869770 173
1869780 173
1869790 173
1869800 172
1869810 172
1869820 172
1869830 172
1869840 172
1869850 172
1869860 171
1869870 171
1869880 171
1869890 171
1869900 171
1869910 171
1869920 171
1869930 170
1869940 170
1869950 170
1869960 170
1869970 170
1869980 170
1869990 170
1870000 170
1870010 170
1870020 171
1870030 171
1870040 171
1870050 171
1870060 171
1870070 171
1870080 171
1870090 171
1870100 171
1870110 171
1870120 171
1870130 171
1870140 171
1870150 171
1870160 171
1870170 171
1870180 171
1870190 171
1870200 171
1870210 170
1870220 170
1870230 170
1870240 170
1870250 170
1870260 170
1870270 170
1870280 170
1870290 170
1870300 170
1870310 170
1870320 170
1870330 170
1870340 170
1870350 170
1870360 170
1870370 170
1870380 170
1870390 169
1870400 169
1870410 169
1870420 169
1870430 169
1870440 169
1870450 169
1870460 169
1870470 169
1870480 169
1870490 169
1870500 169
1870510 169
1870520 168
1870530 168
1870540 168
1870550 168
1870560 168
1870570 168
1870580 168
1870590 168
1870600 168
1870610 168
1870620 168
1870630 167
1870640 167
1870650 167
1870660 167
1870670 167
1870680 167
1870690 167
1870700 167
1870710 167
1870720 167
1870730 166
1870740 166
1870750 166
1870760 166
1870770 166
1870780 166
1870790 166
1870800 166
1870810 166
1870820 166
1870830 166
1870840 166
1870850 166
1870860 166
1870870 166
1870880 165
1870890 165
1870900 165
1870910 165
1870920 165
1870930 164
1870940 164
1870950 164
1870960 164
1870970 164
1870980 164
1870990 164
1871000 164
1871010 164
1871020 164
1871030 163
1871040 163
1871050 163
1871060 163
1871070 163
1871080 163
1871090 163
1871100 163
1871110 163
1871120 163
1871130 163
1871140 163
1871150 163
1871160 163
1871170 163
1871180 163
1871190 163
1871200 163
1871210 163
1871220 163
1871230 163
1871240 163
1871250 163
1871260 163
1871270 163
1871280 163
1871290 163
1871300 163
1871310 163
1871320 162
1871330 162
1871340 162
1871350 162
1871360 162
1871370 163
1871380 163
1871390 163
1871400 163
1871410 163
1871420 163
1871430 163
1871440 163
1871450 163
1871460 163
1871470 163
1871480 163
1871490 163
1871500 163
1871510 163
1871520 163
1871530 163
1871540 163
1871550 163
1871560 163
1871570 163
1871580 163
1871590 163
1871600 163
1871610 163
1871620 162
1871630 162
1871640 162
1871650 162
1871660 162
1871670 162
1871680 162
1871690 162
1871700 162
1871710 162
1871720 162
1871730 162
1871740 162
1871750 162
1871760 162
1871770 162
1871780 162
1871790 162
1871800 161
1871810 161
1871820 161
1871830 161
1871840 161
1871850 161
1871860 161
1871870 161
1871880 161
1871890 161
1871900 161
1871910 161
1871920 161
1871930 161
1871940 161
1871950 161
1871960 161
1871970 161
1871980 161
1871990 161
1872000 161
1872010 161
1872020 161
1872030 161
1872040 161
1872050 161
1872060 161
1872070 161
1872080 161
1872090 161
1872100 161
1872110 161
1872120 161
1872130 160
1872140 160
1872150 160
1872160 160
1872170 160
1872180 160
1872190 160
1872200 160
1872210 160
1872220 160
1872230 160
1872240 159
1872250 159
1872260 159
1872270 159
1872280 159
1872290 159
1872300 159
1872310 159
1872320 159
1872330 159
1872340 159
1872350 159
1872360 159
1872370 159
1872380 158
1872390 158
1872400 158
1872410 158
1872420 158
1872430 158
1872440 158
1872450 158
1872460 158
1872470 158
1872480 159
1872490 159
1872500 158
1872510 158
1872520 158
1872530 158
1872540 158
1872550 158
1872560 158
1872570 158
1872580 158
1872590 158
1872600 158
1872610 158
1872620 158
1872630 158
1872640 158
1872650 157
1872660 157
1872670 157
1872680 157
1872690 157
1872700 157
1872710 157
1872720 157
1872730 157
1872740 157
1872750 157
1872760 157
1872770 157
1872780 156
1872790 156
1872800 156
1872810 156
1872820 156
1872830 155
1872840 155
1872850 155
1872860 155
1872870 155
1872880 155
1872890 155
1872900 155
1872910 155
1872920 156
1872930 156
1872940 156
1872950 156
1872960 156
1872970 156
1872980 156
1872990 156
1873000 156
1873010 156
1873020 156
1873030 156
1873040 156
1873050 156
1873060 156
1873070 156
1873080 156
1873090 156
1873100 156
1873110 156
1873120 156
1873130 155
1873140 155
1873150 155
1873160 154
1873170 154
1873180 154
1873190 154
1873200 153
1873210 153
1873220 153
1873230 152
1873240 152
1873250 152
1873260 152
1873270 152
1873280 152
1873290 152
1873300 152
1873310 153
1873320 152
1873330 152
1873340 152
1873350 153
1873360 153
1873370 153
1873380 154
1873390 154
1873400 155
1873410 155
1873420 155
1873430 156
1873440 157
1873450 157
1873460 158
1873470 158
1873480 159
1873490 159
1873500 159
1873510 160
1873520 160
1873530 160
1873540 160
1873550 160
1873560 160
1873570 160
1873580 159
1873590 159
1873600 159
1873610 159
1873620 159
1873630 159
1873640 158
1873650 158
1873660 158
1873670 158
1873680 158
1873690 158
1873700 157
1873710 157
1873720 157
1873730 157
1873740 157
1873750 156
1873760 156
1873770 156
1873780 156
1873790 156
1873800 156
1873810 155
1873820 155
1873830 155
1873840 154
1873850 154
1873860 154
1873870 154
1873880 154
1873890 154
1873900 154
1873910 154
1873920 154
1873930 154
1873940 154
1873950 154
1873960 154
1873970 154
1873980 154
1873990 154
1874000 154
1874010 154
1874020 154
1874030 154
1874040 154
1874050 154
1874060 154
1874070 154
1874080 154
1874090 154
1874100 154
1874110 154
1874120 155
1874130 155
1874140 155
1874150 155
1874160 155
1874170 155
1874180 155
1874190 155
1874200 155
1874210 155
1874220 155
1874230 155
1874240 155
1874250 155
1874260 156
1874270 156
1874280 156
1874290 156
1874300 156
1874310 156
1874320 156
1874330 156
1874340 156
1874350 156
1874360 156
1874370 156
1874380 156
1874390 156
1874400 156
1874410 157
1874420 157
1874430 157
1874440 157
1874450 157
1874460 157
1874470 157
1874480 157
1874490 157
1874500 158
1874510 158
1874520 158
1874530 158
1874540 159
1874550 159
1874560 159
1874570 159
1874580 159
1874590 159
1874600 159
1874610 160
1874620 160
1874630 160
1874640 160
1874650 161
1874660 161
1874670 161
1874680 162
1874690 162
1874700 162
1874710 162
1874720 162
1874730 163
1874740 163
1874750 163
1874760 164
1874770 164
1874780 164
1874790 164
1874800 165
1874810 165
1874820 165
1874830 165
1874840 165
1874850 165
1874860 166
1874870 166
1874880 166
1874890 166
1874900 166
1874910 166
1874920 166
1874930 166
1874940 166
1874950 166
1874960 166
1874970 166
1874980 166
1874990 166
1875000 166
1875010 166
1875020 166
1875030 166
1875040 166
1875050 166
1875060 166
1875070 166
1875080 166
1875090 166
1875100 166
1875110 166
1875120 166
1875130 166
1875140 166
1875150 166
1875160 166
1875170 166
1875180 166
1875190 167
1875200 167
1875210 168
1875220 166
1875230 166
1875240 166
1875250 166
1875260 166
1875270 166
1875280 166
1875290 166
1875300 166
1875310 165
1875320 165
1875330 165
1875340 164
1875350 164
1875360 164
1875370 163
1875380 163
1875390 162
1875400 162
1875410 162
1875420 161
1875430 161
1875440 161
1875450 161
1875460 159
1875470 159
1875480 156
1875490 154
1875500 154
1875510 154
1875520 155
1875530 155
1875540 155
1875550 155
1875560 155
1875570 150
1875580 148
1875590 148
1875600 149
1875610 148
1875620 148
1875630 147
1875640 147
1875650 147
1875660 147
1875670 147
1875680 147
1875690 146
1875700 144
1875710 144
1875720 143
1875730 143
1875740 143
1875750 143
1875760 143
1875770 143
1875780 143
1875790 143
1875800 143
1875810 144
1875820 144
1875830 145
1875840 145
1875850 145
1875860 145
1875870 145
1875880 145
1875890 145
1875900 145
1875910 145
1875920 145
