1860000 205
1860010 205
1860020 205
1860030 205
1860040 205
1860050 205
1860060 205
1860070 205
1860080 205
1860090 205
1860100 205
1860110 205
1860120 205
1860130 204
1860140 204
1860150 204
1860160 204
1860170 204
1860180 204
1860190 204
1860200 204
1860210 204
1860220 204
1860230 204
1860240 204
1860250 203
1860260 203
1860270 203
1860280 203
1860290 203
1860300 202
1860310 202
1860320 202
1860330 201
1860340 201
1860350 201
1860360 200
1860370 199
1860380 199
1860390 198
1860400 197
1860410 197
1860420 196
1860430 195
1860440 195
1860450 194
1860460 193
1860470 193
1860480 192
1860490 190
1860500 190
1860510 189
1860520 188
1860530 188
1860540 186
1860550 185
1860560 185
1860570 184
1860580 183
1860590 183
1860600 182
1860610 181
1860620 181
1860630 180
1860640 180
1860650 180
1860660 180
1860670 180
1860680 180
1860690 180
1860700 180
1860710 180
1860720 179
1860730 179
1860740 179
1860750 180
1860760 180
1860770 180
1860780 180
1860790 180
1860800 181
1860810 182
1860820 182
1860830 184
1860840 185
1860850 185
1860860 187
1860870 188
1860880 188
1860890 190
1860900 190
1860910 190
1860920 190
1860930 191
1860940 191
1860950 191
1860960 192
1860970 192
1860980 192
1860990 192
1861000 192
1861010 192
1861020 194
1861030 194
1861040 193
1861050 193
1861060 193
1861070 193
1861080 193
1861090 193
1861100 193
1861110 192
1861120 192
1861130 191
1861140 190
1861150 190
1861160 189
1861170 185
1861180 185
1861190 184
1861200 182
1861210 182
1861220 180
1861230 180
1861240 180
1861250 180
1861260 181
1861270 181
1861280 182
1861290 183
1861300 183
1861310 184
1861320 184
1861330 184
1861340 184
1861350 184
1861360 185
1861370 185
1861380 185
1861390 185
1861400 185
1861410 185
1861420 185
1861430 185
1861440 184
1861450 184
1861460 183
1861470 183
1861480 183
1861490 182
1861500 181
1861510 181
1861520 179
1861530 178
1861540 178
1861550 177
1861560 176
1861570 176
1861580 175
1861590 174
1861600 174
1861610 175
1861620 175
1861630 175
1861640 177
1861650 178
1861660 178
1861670 179
1861680 179
1861690 179
1861700 179
1861710 180
1861720 180
1861730 179
1861740 179
1861750 179
1861760 178
1861770 177
1861780 177
1861790 176
1861800 175
1861810 175
1861820 174
1861830 172
1861840 172
1861850 171
1861860 171
1861870 170
1861880 169
1861890 169
1861900 169
1861910 168
1861920 168
1861930 168
1861940 168
1861950 168
1861960 168
1861970 168
1861980 168
1861990 168
1862000 168
1862010 168
1862020 168
1862030 168
1862040 168
1862050 168
1862060 168
1862070 168
1862080 168
1862090 168
1862100 168
1862110 168
1862120 168
1862130 168
1862140 168
1862150 168
1862160 168
1862170 168
1862180 169
1862190 169
1862200 169
1862210 169
1862220 169
1862230 169
1862240 170
1862250 170
1862260 170
1862270 171
1862280 171
1862290 171
1862300 171
1862310 171
1862320 172
1862330 174
1862340 174
1862350 178
1862360 182
1862370 182
1862380 183
1862390 183
1862400 181
1862410 182
1862420 183
1862430 183
1862440 184
1862450 185
1862460 185
1862470 185
1862480 186
1862490 186
1862500 186
1862510 187
1862520 187
1862530 188
1862540 188
1862550 188
1862560 189
1862570 189
1862580 189
1862590 188
1862600 188
1862610 188
1862620 188
1862630 186
1862640 186
1862650 182
1862660 177
1862670 177
1862680 176
1862690 180
1862700 180
1862710 185
1862720 189
1862730 189
1862740 189
1862750 189
1862760 189
1862770 190
1862780 191
1862790 191
1862800 191
1862810 192
1862820 192
1862830 192
1862840 193
1862850 193
1862860 193
1862870 194
1862880 194
1862890 194
1862900 194
1862910 194
1862920 194
1862930 194
1862940 194
1862950 194
1862960 193
1862970 193
1862980 193
1862990 193
1863000 192
1863010 192
1863020 192
1863030 191
1863040 191
1863050 191
1863060 190
1863070 190
1863080 190
1863090 190
1863100 190
1863110 190
1863120 189
1863130 189
1863140 189
1863150 189
1863160 189
1863170 189
1863180 189
1863190 189
1863200 189
1863210 189
1863220 189
1863230 189
1863240 188
1863250 188
1863260 188
1863270 188
1863280 187
1863290 187
1863300 187
1863310 186
1863320 186
1863330 185
1863340 185
1863350 185
1863360 184
1863370 183
1863380 183
1863390 182
1863400 181
1863410 181
1863420 179
1863430 178
1863440 178
1863450 176
1863460 176
1863470 176
1863480 176
1863490 177
1863500 177
1863510 178
1863520 180
1863530 180
1863540 181
1863550 183
1863560 183
1863570 184
1863580 185
1863590 185
1863600 186
1863610 186
1863620 186
1863630 186
1863640 187
1863650 187
1863660 187
1863670 187
1863680 187
1863690 187
1863700 187
1863710 187
1863720 187
1863730 187
1863740 187
1863750 187
1863760 188
1863770 188
1863780 188
1863790 188
1863800 188
1863810 189
1863820 189
1863830 189
1863840 190
1863850 190
1863860 190
1863870 190
1863880 190
1863890 190
1863900 190
1863910 190
1863920 190
1863930 189
1863940 189
1863950 189
1863960 189
1863970 189
1863980 189
1863990 189
1864000 189
1864010 189
1864020 189
1864030 189
1864040 189
1864050 189
1864060 189
1864070 189
1864080 189
1864090 189
1864100 189
1864110 189
1864120 188
1864130 188
1864140 188
1864150 188
1864160 187
1864170 186
1864180 186
1864190 186
1864200 185
1864210 185
1864220 185
1864230 185
1864240 185
1864250 185
1864260 185
1864270 185
1864280 185
1864290 186
1864300 186
1864310 186
1864320 186
1864330 186
1864340 185
1864350 185
1864360 185
1864370 185
1864380 185
1864390 185
1864400 186
1864410 186
1864420 186
1864430 186
1864440 186
1864450 186
1864460 185
1864470 185
1864480 185
1864490 185
1864500 184
1864510 184
1864520 184
1864530 184
1864540 184
1864550 184
1864560 184
1864570 184
1864580 184
1864590 184
1864600 184
1864610 184
1864620 184
1864630 184
1864640 184
1864650 184
1864660 184
1864670 184
1864680 184
1864690 184
1864700 184
1864710 184
1864720 184
1864730 184
1864740 184
1864750 184
1864760 184
1864770 184
1864780 184
1864790 184
1864800 184
1864810 184
1864820 184
1864830 184
1864840 184
1864850 184
1864860 184
1864870 184
1864880 184
1864890 183
1864900 183
1864910 183
1864920 183
1864930 183
1864940 183
1864950 182
1864960 182
1864970 182
1864980 182
1864990 182
1865000 182
1865010 181
1865020 181
1865030 181
1865040 180
1865050 180
1865060 180
1865070 180
1865080 180
1865090 179
1865100 179
1865110 179
1865120 179
1865130 179
1865140 179
1865150 179
1865160 179
1865170 179
1865180 178
1865190 178
1865200 178
1865210 177
1865220 177
1865230 176
1865240 175
1865250 175
1865260 175
1865270 174
1865280 174
1865290 172
1865300 171
1865310 171
1865320 170
1865330 170
1865340 170
1865350 169
1865360 169
1865370 169
1865380 169
1865390 169
1865400 169
1865410 169
1865420 169
1865430 169
1865440 169
1865450 170
1865460 170
1865470 173
1865480 176
1865490 177
1865500 180
1865510 181
1865520 181
1865530 181
1865540 181
1865550 181
1865560 180
1865570 180
1865580 180
1865590 180
1865600 180
1865610 180
1865620 180
1865630 180
1865640 180
1865650 181
1865660 182
1865670 182
1865680 183
1865690 184
1865700 184
1865710 184
1865720 185
1865730 185
1865740 185
1865750 186
1865760 186
1865770 186
1865780 187
1865790 187
1865800 187
1865810 187
1865820 187
1865830 187
1865840 188
1865850 188
1865860 188
1865870 188
1865880 188
1865890 187
1865900 187
1865910 187
1865920 187
1865930 186
1865940 186
1865950 186
1865960 186
1865970 186
1865980 186
1865990 186
1866000 186
1866010 186
1866020 186
1866030 186
1866040 186
1866050 186
1866060 186
1866070 187
1866080 187
1866090 187
1866100 187
1866110 188
1866120 188
1866130 188
1866140 189
1866150 189
1866160 189
1866170 189
1866180 189
1866190 189
1866200 189
1866210 189
1866220 190
1866230 190
1866240 190
1866250 190
1866260 190
1866270 190
1866280 190
1866290 190
1866300 190
1866310 190
1866320 190
1866330 190
1866340 190
1866350 190
1866360 190
1866370 190
1866380 190
1866390 190
1866400 189
1866410 189
1866420 189
1866430 189
1866440 189
1866450 189
1866460 188
1866470 188
1866480 188
1866490 187
1866500 187
1866510 187
1866520 186
1866530 186
1866540 186
1866550 185
1866560 185
1866570 185
1866580 185
1866590 185
1866600 184
1866610 184
1866620 184
1866630 184
1866640 183
1866650 183
1866660 182
1866670 181
1866680 181
1866690 180
1866700 179
1866710 179
1866720 178
1866730 176
1866740 176
1866750 175
1866760 174
1866770 174
1866780 173
1866790 172
1866800 172
1866810 172
1866820 172
1866830 172
1866840 172
1866850 172
1866860 172
1866870 172
1866880 173
1866890 173
1866900 173
1866910 175
1866920 175
1866930 180
1866940 181
1866950 181
1866960 182
1866970 182
1866980 182
1866990 183
1867000 183
1867010 183
1867020 183
1867030 182
1867040 182
1867050 182
1867060 181
1867070 181
1867080 181
1867090 180
1867100 180
1867110 180
1867120 180
1867130 180
1867140 179
1867150 179
1867160 179
1867170 178
1867180 178
1867190 178
1867200 177
1867210 176
1867220 176
1867230 176
1867240 176
1867250 176
1867260 175
1867270 175
1867280 175
1867290 175
1867300 175
1867310 175
1867320 175
1867330 175
1867340 175
1867350 175
1867360 175
1867370 175
1867380 175
1867390 175
1867400 175
1867410 176
1867420 176
1867430 176
1867440 177
1867450 177
1867460 177
1867470 178
1867480 178
1867490 178
1867500 179
1867510 179
1867520 179
1867530 180
1867540 180
1867550 180
1867560 181
1867570 181
1867580 181
1867590 181
1867600 181
1867610 182
1867620 182
1867630 182
1867640 182
1867650 182
1867660 182
1867670 182
1867680 182
1867690 182
1867700 182
1867710 182
1867720 182
1867730 181
1867740 182
1867750 182
1867760 182
1867770 182
1867780 182
1867790 182
1867800 182
1867810 182
1867820 182
1867830 182
1867840 182
1867850 182
1867860 182
1867870 182
1867880 182
1867890 182
1867900 182
1867910 182
1867920 182
1867930 182
1867940 182
1867950 182
1867960 182
1867970 182
1867980 181
1867990 181
1868000 182
1868010 182
1868020 182
1868030 182
1868040 181
1868050 181
1868060 182
1868070 182
1868080 182
1868090 182
1868100 183
1868110 183
1868120 182
1868130 182
1868140 182
1868150 182
1868160 182
1868170 182
1868180 182
1868190 182
1868200 182
1868210 182
1868220 181
1868230 181
1868240 181
1868250 181
1868260 181
1868270 181
1868280 181
1868290 181
1868300 181
1868310 181
1868320 181
1868330 180
1868340 180
1868350 180
1868360 180
1868370 180
1868380 180
1868390 180
1868400 180
1868410 180
1868420 180
1868430 180
1868440 180
1868450 180
1868460 180
1868470 180
1868480 180
1868490 180
1868500 180
1868510 180
1868520 180
1868530 180
1868540 180
1868550 180
1868560 180
1868570 180
1868580 180
1868590 180
1868600 181
1868610 181
1868620 181
1868630 181
1868640 181
1868650 181
1868660 181
1868670 181
1868680 181
1868690 181
1868700 181
1868710 181
1868720 181
1868730 181
1868740 181
1868750 181
1868760 181
1868770 181
1868780 181
1868790 181
1868800 181
1868810 181
1868820 181
1868830 181
1868840 181
1868850 181
1868860 181
1868870 181
1868880 181
1868890 181
1868900 181
1868910 181
1868920 181
1868930 180
1868940 180
1868950 180
1868960 180
1868970 180
1868980 180
1868990 180
1869000 180
1869010 180
1869020 180
1869030 180
1869040 180
1869050 179
1869060 179
1869070 179
1869080 179
1869090 179
1869100 179
1869110 179
1869120 179
1869130 179
1869140 179
1869150 179
1869160 179
1869170 179
1869180 179
1869190 179
1869200 179
1869210 179
1869220 179
1869230 179
1869240 179
1869250 179
1869260 179
1869270 179
1869280 179
1869290 179
1869300 179
1869310 179
1869320 179
1869330 179
1869340 179
1869350 179
1869360 179
1869370 178
1869380 178
1869390 178
1869400 178
1869410 178
1869420 178
1869430 178
1869440 178
1869450 178
1869460 178
1869470 178
1869480 178
1869490 178
1869500 178
1869510 178
1869520 178
1869530 178
1869540 178
1869550 178
1869560 178
1869570 178
1869580 178
1869590 178
1869600 178
1869610 178
1869620 178
1869630 178
1869640 178
1869650 178
1869660 178
1869670 178
1869680 178
1869690 178
1869700 178
1869710 178
1869720 178
1869730 178
1869740 178
1869750 178
1869760 178
1869770 178
1869780 178
1869790 178
1869800 178
1869810 178
1869820 178
1869830 178
1869840 177
1869850 177
1869860 177
1869870 177
1869880 177
1869890 177
1869900 176
1869910 176
1869920 176
1869930 176
1869940 176
1869950 176
1869960 176
1869970 176
1869980 176
1869990 176
1870000 176
1870010 176
1870020 176
1870030 176
1870040 176
1870050 176
1870060 175
1870070 175
1870080 175
1870090 175
1870100 175
1870110 175
1870120 175
1870130 175
1870140 175
1870150 175
1870160 175
1870170 175
1870180 175
1870190 175
1870200 175
1870210 175
1870220 175
1870230 175
1870240 176
1870250 176
1870260 176
1870270 176
1870280 176
1870290 176
1870300 176
1870310 176
1870320 176
1870330 176
1870340 176
1870350 176
1870360 176
1870370 176
1870380 176
1870390 176
1870400 176
1870410 176
1870420 176
1870430 176
1870440 176
1870450 176
1870460 176
1870470 176
1870480 176
1870490 176
1870500 175
1870510 175
1870520 175
1870530 175
1870540 175
1870550 175
1870560 175
1870570 175
1870580 175
1870590 175
1870600 175
1870610 175
1870620 175
1870630 175
1870640 175
1870650 175
1870660 175
1870670 175
1870680 175
1870690 175
1870700 175
1870710 175
1870720 175
1870730 175
1870740 175
1870750 175
1870760 175
1870770 175
1870780 175
1870790 176
1870800 175
1870810 175
1870820 175
1870830 175
1870840 175
1870850 175
1870860 175
1870870 175
1870880 175
1870890 175
1870900 175
1870910 175
1870920 175
1870930 175
1870940 175
1870950 175
1870960 175
1870970 175
1870980 175
1870990 175
1871000 175
1871010 175
1871020 175
1871030 175
1871040 175
1871050 175
1871060 175
1871070 176
1871080 176
1871090 175
1871100 175
1871110 175
1871120 175
1871130 175
1871140 175
1871150 175
1871160 175
1871170 175
1871180 175
1871190 175
1871200 175
1871210 175
1871220 175
1871230 175
1871240 175
1871250 175
1871260 175
1871270 175
1871280 175
1871290 175
1871300 176
1871310 176
1871320 176
1871330 176
1871340 176
1871350 176
1871360 176
1871370 177
1871380 177
1871390 177
1871400 177
1871410 177
1871420 177
1871430 177
1871440 177
1871450 177
1871460 177
1871470 177
1871480 177
1871490 177
1871500 177
1871510 177
1871520 177
1871530 177
1871540 177
1871550 177
1871560 177
1871570 177
1871580 177
1871590 177
1871600 177
1871610 177
1871620 177
1871630 177
1871640 177
1871650 177
1871660 176
1871670 176
1871680 176
1871690 176
1871700 176
1871710 176
1871720 176
1871730 176
1871740 176
1871750 175
1871760 175
1871770 175
1871780 175
1871790 175
1871800 174
1871810 174
1871820 174
1871830 174
1871840 173
1871850 173
1871860 173
1871870 172
1871880 172
1871890 172
1871900 172
1871910 172
1871920 171
1871930 171
1871940 171
1871950 170
1871960 170
1871970 170
1871980 170
1871990 170
1872000 170
1872010 169
1872020 169
1872030 169
1872040 169
1872050 168
1872060 168
1872070 168
1872080 168
1872090 168
1872100 167
1872110 167
1872120 167
1872130 167
1872140 166
1872150 166
1872160 166
1872170 166
1872180 166
1872190 166
1872200 166
1872210 166
1872220 166
1872230 166
1872240 166
1872250 165
1872260 165
1872270 165
1872280 165
1872290 165
1872300 165
1872310 165
1872320 164
1872330 164
1872340 164
1872350 164
1872360 164
1872370 164
1872380 164
1872390 164
1872400 164
1872410 163
1872420 163
1872430 163
1872440 163
1872450 163
1872460 163
1872470 163
1872480 163
1872490 163
1872500 163
1872510 163
1872520 162
1872530 162
1872540 162
1872550 162
1872560 162
1872570 162
1872580 162
1872590 162
1872600 162
1872610 161
1872620 161
1872630 161
1872640 161
1872650 161
1872660 161
1872670 161
1872680 161
1872690 161
1872700 160
1872710 160
1872720 160
1872730 160
1872740 160
1872750 160
1872760 160
1872770 160
1872780 160
1872790 159
1872800 159
1872810 159
1872820 159
1872830 159
1872840 159
1872850 159
1872860 159
1872870 158
1872880 158
1872890 158
1872900 158
1872910 157
1872920 157
1872930 157
1872940 157
1872950 157
1872960 157
1872970 156
1872980 156
1872990 156
1873000 156
1873010 156
1873020 156
1873030 156
1873040 156
1873050 156
1873060 155
1873070 155
1873080 155
1873090 154
1873100 154
1873110 154
1873120 154
1873130 154
1873140 154
1873150 153
1873160 153
1873170 152
1873180 152
1873190 152
1873200 151
1873210 151
1873220 151
1873230 151
1873240 151
1873250 151
1873260 151
1873270 151
1873280 151
1873290 151
1873300 151
1873310 151
1873320 152
1873330 153
1873340 153
1873350 155
1873360 155
1873370 155
1873380 155
1873390 155
1873400 155
1873410 155
1873420 155
1873430 155
1873440 155
1873450 155
1873460 155
1873470 155
1873480 155
1873490 155
1873500 155
1873510 155
1873520 155
1873530 155
1873540 155
1873550 155
1873560 155
1873570 155
1873580 155
1873590 155
1873600 155
1873610 154
1873620 155
1873630 155
1873640 155
1873650 155
1873660 155
1873670 155
1873680 155
1873690 155
1873700 155
1873710 155
1873720 155
1873730 155
1873740 155
1873750 155
1873760 155
1873770 155
1873780 156
1873790 156
1873800 156
1873810 156
1873820 156
1873830 157
1873840 157
1873850 157
1873860 158
1873870 158
1873880 158
1873890 158
1873900 159
1873910 159
1873920 159
1873930 159
1873940 160
1873950 161
1873960 161
1873970 162
1873980 162
1873990 162
1874000 163
1874010 163
1874020 163
1874030 164
1874040 164
1874050 164
1874060 164
1874070 165
1874080 165
1874090 165
1874100 166
1874110 166
1874120 166
1874130 167
1874140 167
1874150 167
1874160 167
1874170 167
1874180 167
1874190 167
1874200 167
1874210 167
1874220 167
1874230 167
1874240 167
1874250 167
1874260 167
1874270 167
1874280 167
1874290 167
1874300 167
1874310 167
1874320 167
1874330 168
1874340 168
1874350 168
1874360 168
1874370 168
1874380 168
1874390 168
1874400 168
1874410 168
1874420 168
1874430 168
1874440 168
1874450 168
1874460 168
1874470 168
1874480 168
1874490 168
1874500 168
1874510 168
1874520 168
1874530 168
1874540 168
1874550 168
1874560 168
1874570 168
1874580 168
1874590 168
1874600 168
1874610 168
1874620 168
1874630 168
1874640 167
1874650 167
1874660 167
1874670 167
1874680 167
1874690 167
1874700 167
1874710 167
1874720 167
1874730 166
1874740 166
1874750 166
1874760 166
1874770 166
1874780 165
1874790 165
1874800 165
1874810 164
1874820 164
1874830 164
1874840 163
1874850 162
1874860 162
1874870 162
1874880 161
1874890 161
1874900 159
1874910 158
1874920 158
1874930 157
1874940 156
1874950 155
1874960 154
1874970 153
1874980 153
1874990 153
1875000 152
1875010 152
1875020 152
1875030 152
1875040 151
1875050 151
1875060 151
1875070 150
1875080 149
1875090 149
1875100 149
1875110 149
1875120 149
1875130 149
1875140 149
1875150 149
1875160 149
1875170 149
1875180 149
1875190 149
1875200 149
1875210 149
1875220 149
1875230 149
1875240 149
1875250 150
1875260 150
1875270 150
1875280 149
1875290 149
1875300 149
1875310 148
1875320 148
1875330 148
1875340 148
1875350 148
1875360 148
1875370 148
1875380 148
1875390 148
1875400 148
1875410 148
1875420 148
1875430 148
1875440 148
1875450 148
1875460 148
1875470 148
1875480 148
1875490 147
1875500 147
1875510 147
1875520 147
1875530 147
1875540 147
1875550 147
1875560 147
1875570 147
1875580 147
1875590 147
1875600 147
1875610 147
1875620 147
1875630 147
1875640 147
1875650 147
1875660 147
1875670 147
1875680 147
1875690 147
1875700 147
1875710 147
1875720 147
1875730 147
1875740 147
1875750 147
1875760 147
1875770 147
1875780 147
1875790 147
1875800 147
1875810 147
1875820 147
1875830 147
1875840 147
1875850 147
1875860 147
1875870 147
1875880 147
1875890 147
1875900 147
1875910 147
1875920 147
1875930 147
1875940 147
1875950 147
1875960 147
1875970 148
1875980 147
1875990 147
1876000 147
1876010 146
1876020 146
1876030 146
1876040 146
1876050 146
1876060 146
1876070 147
1876080 147
1876090 146
1876100 146
1876110 146
1876120 146
1876130 146
1876140 146
1876150 146
1876160 146
1876170 146
1876180 146
1876190 146
1876200 146
1876210 146
1876220 146
1876230 146
1876240 146
1876250 146
1876260 146
1876270 146
1876280 146
1876290 147
1876300 147
1876310 147
1876320 148
1876330 148
1876340 148
1876350 149
1876360 146
1876370 146
1876380 146
1876390 146
1876400 146
1876410 146
1876420 146
1876430 146
1876440 146
1876450 146
1876460 146
1876470 146
1876480 146
1876490 146
1876500 146
1876510 146
1876520 146
1876530 146
1876540 146
1876550 146
1876560 147
1876570 146
1876580 146
1876590 146
1876600 147
1876610 147
1876620 146
1876630 147
1876640 147
1876650 146
1876660 146
1876670 146
1876680 146
1876690 146
1876700 146
1876710 146
1876720 144
1876730 144
1876740 144
1876750 144
1876760 144
1876770 144
1876780 144
1876790 144
1876800 145
1876810 146
1876820 146
1876830 146
1876840 146
1876850 146
1876860 146
1876870 146
1876880 146
1876890 146
1876900 146
1876910 146
1876920 146
1876930 146
1876940 146
1876950 146
1876960 146
1876970 146
1876980 146
1876990 146
1877000 146
1877010 146
