1860000 196
1860010 196
1860020 196
1860030 196
1860040 196
1860050 196
1860060 196
1860070 196
1860080 197
1860090 197
1860100 196
1860110 196
1860120 196
1860130 195
1860140 194
1860150 194
1860160 194
1860170 194
1860180 194
1860190 194
1860200 194
1860210 194
1860220 194
1860230 194
1860240 194
1860250 194
1860260 194
1860270 194
1860280 193
1860290 193
1860300 193
1860310 193
1860320 193
1860330 193
1860340 192
1860350 193
1860360 193
1860370 193
1860380 193
1860390 193
1860400 193
1860410 194
1860420 196
1860430 196
1860440 196
1860450 196
1860460 196
1860470 195
1860480 195
1860490 195
1860500 194
1860510 194
1860520 194
1860530 193
1860540 193
1860550 193
1860560 192
1860570 192
1860580 191
1860590 190
1860600 190
1860610 189
1860620 188
1860630 188
1860640 187
1860650 186
1860660 186
1860670 185
1860680 184
1860690 184
1860700 182
1860710 182
1860720 181
1860730 180
1860740 180
1860750 179
1860760 178
1860770 178
1860780 177
1860790 177
1860800 177
1860810 177
1860820 177
1860830 177
1860840 177
1860850 178
1860860 178
1860870 178
1860880 178
1860890 178
1860900 179
1860910 179
1860920 179
1860930 180
1860940 180
1860950 180
1860960 180
1860970 180
1860980 180
1860990 180
1861000 180
1861010 180
1861020 179
1861030 179
1861040 179
1861050 179
1861060 178
1861070 178
1861080 178
1861090 177
1861100 177
1861110 176
1861120 177
1861130 177
1861140 177
1861150 176
1861160 176
1861170 176
1861180 175
1861190 175
1861200 175
1861210 175
1861220 175
1861230 174
1861240 174
1861250 174
1861260 174
1861270 174
1861280 174
1861290 174
1861300 174
1861310 174
1861320 174
1861330 174
1861340 174
1861350 174
1861360 174
1861370 174
1861380 174
1861390 173
1861400 173
1861410 173
1861420 173
1861430 173
1861440 173
1861450 173
1861460 173
1861470 173
1861480 173
1861490 173
1861500 173
1861510 173
1861520 173
1861530 173
1861540 173
1861550 173
1861560 173
1861570 172
1861580 172
1861590 172
1861600 172
1861610 172
1861620 172
1861630 172
1861640 172
1861650 173
1861660 173
1861670 173
1861680 173
1861690 174
1861700 174
1861710 174
1861720 175
1861730 175
1861740 175
1861750 176
1861760 176
1861770 176
1861780 176
1861790 176
1861800 177
1861810 177
1861820 177
1861830 176
1861840 176
1861850 176
1861860 175
1861870 175
1861880 173
1861890 172
1861900 172
1861910 171
1861920 171
1861930 171
1861940 170
1861950 169
1861960 169
1861970 169
1861980 169
1861990 169
1862000 169
1862010 168
1862020 168
1862030 168
1862040 168
1862050 168
1862060 168
1862070 168
1862080 168
1862090 168
1862100 168
1862110 168
1862120 168
1862130 168
1862140 168
1862150 169
1862160 169
1862170 169
1862180 167
1862190 168
1862200 168
1862210 169
1862220 169
1862230 169
1862240 169
1862250 170
1862260 170
1862270 170
1862280 171
1862290 171
1862300 171
1862310 172
1862320 172
1862330 174
1862340 176
1862350 176
1862360 179
1862370 182
1862380 182
1862390 184
1862400 184
1862410 184
1862420 185
1862430 186
1862440 186
1862450 187
1862460 188
1862470 188
1862480 189
1862490 189
1862500 189
1862510 190
1862520 190
1862530 190
1862540 191
1862550 191
1862560 191
1862570 191
1862580 191
1862590 191
1862600 192
1862610 192
1862620 192
1862630 192
1862640 191
1862650 191
1862660 191
1862670 189
1862680 189
1862690 185
1862700 184
1862710 184
1862720 189
1862730 192
1862740 192
1862750 192
1862760 192
1862770 192
1862780 193
1862790 193
1862800 193
1862810 194
1862820 194
1862830 194
1862840 194
1862850 194
1862860 194
1862870 195
1862880 195
1862890 195
1862900 195
1862910 196
1862920 196
1862930 196
1862940 196
1862950 196
1862960 195
1862970 195
1862980 195
1862990 195
1863000 195
1863010 194
1863020 194
1863030 194
1863040 193
1863050 193
1863060 193
1863070 193
1863080 193
1863090 193
1863100 193
1863110 192
1863120 192
1863130 192
1863140 192
1863150 192
1863160 192
1863170 192
1863180 191
1863190 191
1863200 191
1863210 191
1863220 191
1863230 191
1863240 191
1863250 190
1863260 190
1863270 190
1863280 189
1863290 188
1863300 188
1863310 187
1863320 186
1863330 186
1863340 185
1863350 184
1863360 184
1863370 183
1863380 182
1863390 182
1863400 180
1863410 179
1863420 179
1863430 178
1863440 178
1863450 178
1863460 178
1863470 179
1863480 179
1863490 180
1863500 182
1863510 182
1863520 183
1863530 185
1863540 185
1863550 186
1863560 187
1863570 187
1863580 188
1863590 189
1863600 189
1863610 190
1863620 190
1863630 190
1863640 190
1863650 191
1863660 191
1863670 191
1863680 191
1863690 191
1863700 191
1863710 191
1863720 191
1863730 191
1863740 191
1863750 191
1863760 191
1863770 191
1863780 191
1863790 191
1863800 191
1863810 191
1863820 191
1863830 192
1863840 192
1863850 192
1863860 192
1863870 192
1863880 192
1863890 192
1863900 192
1863910 192
1863920 192
1863930 192
1863940 192
1863950 192
1863960 192
1863970 192
1863980 192
1863990 192
1864000 192
1864010 192
1864020 192
1864030 191
1864040 191
1864050 191
1864060 191
1864070 191
1864080 191
1864090 191
1864100 191
1864110 191
1864120 191
1864130 191
1864140 191
1864150 190
1864160 190
1864170 190
1864180 189
1864190 189
1864200 189
1864210 188
1864220 188
1864230 188
1864240 188
1864250 188
1864260 189
1864270 189
1864280 189
1864290 189
1864300 189
1864310 189
1864320 189
1864330 189
1864340 189
1864350 189
1864360 189
1864370 189
1864380 189
1864390 189
1864400 189
1864410 188
1864420 188
1864430 188
1864440 188
1864450 188
1864460 188
1864470 188
1864480 188
1864490 188
1864500 188
1864510 188
1864520 188
1864530 188
1864540 188
1864550 188
1864560 187
1864570 187
1864580 187
1864590 187
1864600 187
1864610 187
1864620 187
1864630 187
1864640 187
1864650 187
1864660 187
1864670 187
1864680 186
1864690 186
1864700 186
1864710 186
1864720 186
1864730 186
1864740 186
1864750 186
1864760 186
1864770 186
1864780 186
1864790 186
1864800 186
1864810 185
1864820 185
1864830 185
1864840 185
1864850 185
1864860 185
1864870 184
1864880 184
1864890 184
1864900 184
1864910 184
1864920 183
1864930 183
1864940 183
1864950 182
1864960 182
1864970 182
1864980 181
1864990 180
1865000 180
1865010 179
1865020 178
1865030 178
1865040 177
1865050 176
1865060 176
1865070 175
1865080 174
1865090 174
1865100 173
1865110 173
1865120 173
1865130 173
1865140 173
1865150 173
1865160 173
1865170 173
1865180 173
1865190 172
1865200 172
1865210 172
1865220 172
1865230 172
1865240 171
1865250 171
1865260 171
1865270 170
1865280 170
1865290 170
1865300 170
1865310 170
1865320 170
1865330 170
1865340 170
1865350 170
1865360 170
1865370 170
1865380 170
1865390 170
1865400 170
1865410 170
1865420 170
1865430 170
1865440 170
1865450 170
1865460 172
1865470 172
1865480 174
1865490 178
1865500 178
1865510 182
1865520 183
1865530 183
1865540 184
1865550 185
1865560 185
1865570 186
1865580 186
1865590 186
1865600 186
1865610 186
1865620 186
1865630 186
1865640 186
1865650 186
1865660 186
1865670 185
1865680 185
1865690 185
1865700 186
1865710 186
1865720 186
1865730 187
1865740 187
1865750 187
1865760 188
1865770 188
1865780 188
1865790 189
1865800 189
1865810 189
1865820 189
1865830 189
1865840 189
1865850 189
1865860 189
1865870 189
1865880 189
1865890 189
1865900 189
1865910 189
1865920 189
1865930 189
1865940 189
1865950 189
1865960 189
1865970 189
1865980 189
1865990 189
1866000 188
1866010 188
1866020 188
1866030 188
1866040 188
1866050 188
1866060 188
1866070 188
1866080 187
1866090 187
1866100 187
1866110 187
1866120 188
1866130 188
1866140 188
1866150 189
1866160 189
1866170 189
1866180 189
1866190 189
1866200 190
1866210 190
1866220 190
1866230 190
1866240 190
1866250 190
1866260 190
1866270 190
1866280 191
1866290 191
1866300 191
1866310 191
1866320 191
1866330 191
1866340 191
1866350 191
1866360 191
1866370 191
1866380 191
1866390 191
1866400 191
1866410 191
1866420 191
1866430 191
1866440 191
1866450 191
1866460 190
1866470 190
1866480 190
1866490 189
1866500 189
1866510 189
1866520 189
1866530 188
1866540 188
1866550 188
1866560 187
1866570 187
1866580 186
1866590 186
1866600 186
1866610 185
1866620 184
1866630 184
1866640 183
1866650 182
1866660 182
1866670 181
1866680 180
1866690 180
1866700 179
1866710 177
1866720 177
1866730 176
1866740 175
1866750 175
1866760 174
1866770 173
1866780 173
1866790 173
1866800 173
1866810 173
1866820 173
1866830 174
1866840 174
1866850 174
1866860 175
1866870 175
1866880 177
1866890 179
1866900 179
1866910 178
1866920 181
1866930 181
1866940 183
1866950 184
1866960 184
1866970 185
1866980 185
1866990 185
1867000 186
1867010 186
1867020 186
1867030 186
1867040 186
1867050 186
1867060 186
1867070 186
1867080 186
1867090 186
1867100 186
1867110 186
1867120 185
1867130 185
1867140 185
1867150 184
1867160 184
1867170 184
1867180 183
1867190 182
1867200 182
1867210 182
1867220 181
1867230 181
1867240 181
1867250 181
1867260 181
1867270 180
1867280 180
1867290 179
1867300 179
1867310 179
1867320 179
1867330 178
1867340 178
1867350 178
1867360 178
1867370 178
1867380 178
1867390 178
1867400 178
1867410 178
1867420 178
1867430 178
1867440 178
1867450 178
1867460 178
1867470 178
1867480 179
1867490 179
1867500 179
1867510 179
1867520 179
1867530 179
1867540 179
1867550 179
1867560 179
1867570 179
1867580 179
1867590 179
1867600 180
1867610 180
1867620 180
1867630 180
1867640 180
1867650 181
1867660 181
1867670 181
1867680 181
1867690 181
1867700 181
1867710 181
1867720 181
1867730 181
1867740 181
1867750 182
1867760 182
1867770 182
1867780 182
1867790 182
1867800 182
1867810 182
1867820 182
1867830 182
1867840 182
1867850 182
1867860 182
1867870 182
1867880 182
1867890 182
1867900 182
1867910 182
1867920 182
1867930 182
1867940 182
1867950 182
1867960 182
1867970 182
1867980 182
1867990 182
1868000 182
1868010 182
1868020 182
1868030 182
1868040 183
1868050 183
1868060 183
1868070 183
1868080 183
1868090 183
1868100 183
1868110 182
1868120 182
1868130 182
1868140 182
1868150 182
1868160 182
1868170 182
1868180 182
1868190 182
1868200 182
1868210 182
1868220 182
1868230 182
1868240 182
1868250 182
1868260 182
1868270 182
1868280 181
1868290 181
1868300 181
1868310 181
1868320 181
1868330 181
1868340 181
1868350 181
1868360 181
1868370 181
1868380 181
1868390 181
1868400 181
1868410 181
1868420 181
1868430 181
1868440 181
1868450 180
1868460 180
1868470 180
1868480 180
1868490 180
1868500 180
1868510 180
1868520 180
1868530 180
1868540 181
1868550 181
1868560 181
1868570 181
1868580 181
1868590 181
1868600 181
1868610 181
1868620 181
1868630 181
1868640 181
1868650 181
1868660 181
1868670 181
1868680 181
1868690 181
1868700 181
1868710 181
1868720 181
1868730 181
1868740 181
1868750 181
1868760 181
1868770 181
1868780 181
1868790 181
1868800 181
1868810 181
1868820 181
1868830 181
1868840 181
1868850 181
1868860 181
1868870 181
1868880 181
1868890 181
1868900 181
1868910 181
1868920 181
1868930 181
1868940 180
1868950 180
1868960 180
1868970 180
1868980 180
1868990 180
1869000 180
1869010 180
1869020 180
1869030 180
1869040 180
1869050 180
1869060 180
1869070 180
1869080 180
1869090 180
1869100 180
1869110 180
1869120 179
1869130 179
1869140 179
1869150 179
1869160 179
1869170 179
1869180 179
1869190 179
1869200 179
1869210 179
1869220 179
1869230 179
1869240 179
1869250 179
1869260 179
1869270 179
1869280 179
1869290 179
1869300 179
1869310 179
1869320 180
1869330 179
1869340 179
1869350 179
1869360 179
1869370 179
1869380 179
1869390 179
1869400 179
1869410 179
1869420 179
1869430 179
1869440 179
1869450 179
1869460 179
1869470 180
1869480 180
1869490 180
1869500 180
1869510 180
1869520 180
1869530 179
1869540 179
1869550 179
1869560 179
1869570 179
1869580 179
1869590 179
1869600 179
1869610 179
1869620 178
1869630 178
1869640 178
1869650 178
1869660 178
1869670 178
1869680 178
1869690 178
1869700 178
1869710 177
1869720 177
1869730 177
1869740 177
1869750 177
1869760 177
1869770 178
1869780 178
1869790 178
1869800 178
1869810 178
1869820 178
1869830 177
1869840 177
1869850 177
1869860 177
1869870 177
1869880 177
1869890 177
1869900 177
1869910 176
1869920 176
1869930 176
1869940 176
1869950 176
1869960 176
1869970 176
1869980 176
1869990 176
1870000 176
1870010 176
1870020 176
1870030 176
1870040 176
1870050 176
1870060 175
1870070 175
1870080 175
1870090 175
1870100 175
1870110 175
1870120 175
1870130 175
1870140 175
1870150 175
1870160 175
1870170 175
1870180 175
1870190 175
1870200 175
1870210 175
1870220 175
1870230 175
1870240 175
1870250 175
1870260 175
1870270 175
1870280 175
1870290 175
1870300 175
1870310 175
1870320 175
1870330 175
1870340 175
1870350 175
1870360 175
1870370 175
1870380 175
1870390 175
1870400 175
1870410 175
1870420 175
1870430 175
1870440 175
1870450 175
1870460 175
1870470 175
1870480 175
1870490 175
1870500 175
1870510 175
1870520 175
1870530 175
1870540 175
1870550 175
1870560 175
1870570 175
1870580 175
1870590 175
1870600 175
1870610 175
1870620 175
1870630 175
1870640 175
1870650 175
1870660 175
1870670 175
1870680 175
1870690 175
1870700 175
1870710 175
1870720 175
1870730 175
1870740 175
1870750 175
1870760 175
1870770 175
1870780 175
1870790 175
1870800 175
1870810 175
1870820 175
1870830 175
1870840 175
1870850 175
1870860 175
1870870 175
1870880 175
1870890 176
1870900 175
1870910 175
1870920 176
1870930 176
1870940 176
1870950 176
1870960 176
1870970 176
1870980 176
1870990 176
1871000 176
1871010 176
1871020 176
1871030 176
1871040 176
1871050 176
1871060 176
1871070 176
1871080 176
1871090 176
1871100 176
1871110 176
1871120 176
1871130 176
1871140 176
1871150 176
1871160 176
1871170 176
1871180 176
1871190 176
1871200 176
1871210 176
1871220 176
1871230 176
1871240 176
1871250 176
1871260 176
1871270 176
1871280 176
1871290 177
1871300 177
1871310 177
1871320 177
1871330 177
1871340 177
1871350 177
1871360 177
1871370 177
1871380 177
1871390 177
1871400 177
1871410 177
1871420 177
1871430 177
1871440 177
1871450 177
1871460 177
1871470 177
1871480 177
1871490 177
1871500 177
1871510 177
1871520 177
1871530 177
1871540 177
1871550 177
1871560 177
1871570 177
1871580 177
1871590 177
1871600 177
1871610 177
1871620 177
1871630 177
1871640 177
1871650 177
1871660 177
1871670 177
1871680 177
1871690 177
1871700 177
1871710 177
1871720 177
1871730 177
1871740 177
1871750 177
1871760 176
1871770 176
1871780 176
1871790 176
1871800 176
1871810 175
1871820 175
1871830 175
1871840 175
1871850 174
1871860 174
1871870 174
1871880 173
1871890 173
1871900 173
1871910 173
1871920 173
1871930 173
1871940 172
1871950 172
1871960 171
1871970 171
1871980 171
1871990 171
1872000 170
1872010 170
1872020 170
1872030 169
1872040 169
1872050 169
1872060 169
1872070 169
1872080 168
1872090 168
1872100 168
1872110 167
1872120 167
1872130 167
1872140 167
1872150 166
1872160 166
1872170 166
1872180 166
1872190 166
1872200 165
1872210 165
1872220 165
1872230 165
1872240 165
1872250 165
1872260 164
1872270 164
1872280 164
1872290 164
1872300 164
1872310 164
1872320 164
1872330 163
1872340 163
1872350 163
1872360 163
1872370 163
1872380 163
1872390 163
1872400 163
1872410 163
1872420 163
1872430 163
1872440 163
1872450 163
1872460 163
1872470 162
1872480 162
1872490 162
1872500 162
1872510 162
1872520 162
1872530 162
1872540 162
1872550 162
1872560 162
1872570 162
1872580 162
1872590 161
1872600 161
1872610 161
1872620 161
1872630 161
1872640 161
1872650 161
1872660 161
1872670 161
1872680 160
1872690 160
1872700 160
1872710 160
1872720 160
1872730 160
1872740 160
1872750 160
1872760 160
1872770 160
1872780 159
1872790 159
1872800 159
1872810 159
1872820 159
1872830 159
1872840 159
1872850 159
1872860 158
1872870 158
1872880 158
1872890 158
1872900 158
1872910 157
1872920 157
1872930 157
1872940 157
1872950 157
1872960 157
1872970 156
1872980 156
1872990 156
1873000 156
1873010 156
1873020 156
1873030 156
1873040 155
1873050 155
1873060 155
1873070 155
1873080 155
1873090 154
1873100 154
1873110 154
1873120 153
1873130 153
1873140 153
1873150 153
1873160 152
1873170 152
1873180 152
1873190 152
1873200 152
1873210 151
1873220 151
1873230 151
1873240 151
1873250 151
1873260 151
1873270 151
1873280 151
1873290 151
1873300 151
1873310 151
1873320 151
1873330 152
1873340 153
1873350 153
1873360 156
1873370 158
1873380 158
1873390 158
1873400 158
1873410 158
1873420 158
1873430 158
1873440 158
1873450 158
1873460 158
1873470 158
1873480 158
1873490 158
1873500 158
1873510 158
1873520 158
1873530 158
1873540 158
1873550 158
1873560 158
1873570 157
1873580 157
1873590 157
1873600 157
1873610 157
1873620 157
1873630 157
1873640 157
1873650 157
1873660 156
1873670 156
1873680 156
1873690 156
1873700 156
1873710 156
1873720 156
1873730 156
1873740 156
1873750 156
1873760 156
1873770 156
1873780 156
1873790 156
1873800 156
1873810 156
1873820 156
1873830 156
1873840 156
1873850 156
1873860 156
1873870 156
1873880 156
1873890 156
1873900 156
1873910 156
1873920 156
1873930 156
1873940 156
1873950 157
1873960 157
1873970 157
1873980 157
1873990 157
1874000 157
1874010 158
1874020 158
1874030 158
1874040 159
1874050 159
1874060 159
1874070 159
1874080 159
1874090 159
1874100 159
1874110 160
1874120 160
1874130 160
1874140 160
1874150 160
1874160 161
1874170 161
1874180 161
1874190 161
1874200 161
1874210 161
1874220 162
1874230 162
1874240 162
1874250 162
1874260 162
1874270 162
1874280 162
1874290 163
1874300 163
1874310 163
1874320 163
1874330 163
1874340 163
1874350 163
1874360 163
1874370 164
1874380 164
1874390 164
1874400 165
1874410 165
1874420 165
1874430 165
1874440 166
1874450 166
1874460 166
1874470 166
1874480 166
1874490 167
1874500 167
1874510 167
1874520 167
1874530 168
1874540 168
1874550 168
1874560 168
1874570 168
1874580 169
1874590 169
1874600 169
1874610 169
1874620 169
1874630 169
1874640 169
1874650 169
1874660 169
1874670 169
1874680 170
1874690 170
1874700 170
1874710 169
1874720 169
1874730 169
1874740 169
1874750 169
1874760 169
1874770 169
1874780 169
1874790 169
1874800 168
1874810 168
1874820 168
1874830 167
1874840 167
1874850 167
1874860 167
1874870 167
1874880 166
1874890 166
1874900 166
1874910 165
1874920 164
1874930 164
1874940 163
1874950 163
1874960 163
1874970 162
1874980 161
1874990 161
1875000 160
1875010 160
1875020 159
1875030 158
1875040 157
1875050 156
1875060 154
1875070 154
1875080 154
1875090 153
1875100 153
1875110 152
1875120 151
1875130 151
1875140 151
1875150 151
1875160 151
1875170 150
1875180 150
1875190 150
1875200 150
1875210 150
1875220 150
1875230 150
1875240 151
1875250 151
1875260 152
1875270 150
1875280 150
1875290 150
1875300 149
1875310 149
1875320 149
1875330 149
1875340 149
1875350 149
1875360 149
1875370 149
1875380 148
1875390 148
1875400 148
1875410 148
1875420 148
1875430 148
1875440 148
1875450 148
1875460 148
1875470 147
1875480 147
1875490 147
1875500 147
1875510 147
1875520 147
1875530 147
1875540 147
1875550 147
1875560 147
1875570 147
1875580 147
1875590 147
1875600 147
1875610 147
1875620 147
1875630 146
1875640 146
1875650 146
1875660 146
1875670 146
1875680 146
1875690 146
1875700 146
1875710 147
1875720 147
1875730 147
1875740 147
1875750 147
1875760 147
1875770 147
1875780 147
1875790 147
1875800 147
1875810 147
1875820 147
1875830 147
1875840 147
1875850 147
1875860 147
1875870 147
1875880 147
1875890 147
1875900 147
1875910 147
1875920 148
1875930 147
1875940 147
1875950 147
1875960 147
1875970 147
1875980 147
1875990 147
1876000 147
1876010 147
1876020 147
1876030 147
1876040 147
1876050 147
1876060 147
1876070 146
1876080 146
1876090 146
1876100 146
1876110 146
1876120 146
1876130 146
1876140 146
1876150 146
1876160 146
1876170 146
1876180 146
1876190 146
1876200 146
1876210 146
1876220 146
1876230 146
1876240 146
1876250 146
1876260 146
1876270 146
1876280 146
1876290 146
1876300 147
1876310 148
1876320 148
1876330 148
1876340 147
1876350 147
1876360 147
1876370 146
1876380 146
1876390 146
1876400 146
1876410 146
1876420 147
1876430 147
1876440 147
1876450 147
1876460 147
1876470 147
1876480 146
1876490 146
1876500 146
1876510 146
1876520 146
1876530 146
1876540 146
1876550 146
1876560 146
1876570 147
1876580 147
1876590 147
1876600 147
1876610 147
1876620 147
1876630 146
1876640 146
1876650 146
1876660 147
1876670 147
1876680 147
1876690 146
1876700 146
1876710 146
1876720 146
1876730 146
1876740 146
1876750 146
1876760 144
1876770 144
1876780 143
1876790 143
1876800 143
1876810 143
1876820 143
1876830 143
1876840 144
1876850 146
1876860 146
1876870 146
1876880 145
1876890 145
1876900 145
1876910 145
1876920 145
1876930 146
1876940 145
1876950 145
1876960 146
1876970 145
1876980 145
1876990 145
1877000 145
1877010 145
1877020 145
1877030 145
1877040 145
1877050 145
1877060 146
1877070 146
