1860000 190
1860010 189
1860020 189
1860030 189
1860040 188
1860050 188
1860060 188
1860070 188
1860080 188
1860090 188
1860100 187
1860110 187
1860120 187
1860130 187
1860140 187
1860150 187
1860160 187
1860170 187
1860180 186
1860190 186
1860200 186
1860210 186
1860220 186
1860230 186
1860240 186
1860250 186
1860260 186
1860270 186
1860280 186
1860290 186
1860300 186
1860310 186
1860320 186
1860330 186
1860340 186
1860350 186
1860360 186
1860370 186
1860380 186
1860390 187
1860400 187
1860410 187
1860420 187
1860430 188
1860440 188
1860450 189
1860460 190
1860470 190
1860480 191
1860490 192
1860500 192
1860510 194
1860520 195
1860530 195
1860540 197
1860550 198
1860560 198
1860570 199
1860580 200
1860590 200
1860600 202
1860610 205
1860620 205
1860630 206
1860640 207
1860650 207
1860660 208
1860670 208
1860680 208
1860690 209
1860700 209
1860710 209
1860720 209
1860730 209
1860740 209
1860750 209
1860760 209
1860770 209
1860780 209
1860790 208
1860800 208
1860810 208
1860820 207
1860830 207
1860840 206
1860850 206
1860860 206
1860870 205
1860880 204
1860890 204
1860900 204
1860910 203
1860920 203
1860930 202
1860940 202
1860950 202
1860960 201
1860970 200
1860980 200
1860990 200
1861000 199
1861010 199
1861020 199
1861030 199
1861040 198
1861050 198
1861060 198
1861070 198
1861080 198
1861090 198
1861100 198
1861110 197
1861120 197
1861130 197
1861140 197
1861150 197
1861160 196
1861170 196
1861180 196
1861190 195
1861200 195
1861210 195
1861220 194
1861230 194
1861240 194
1861250 194
1861260 193
1861270 193
1861280 193
1861290 192
1861300 192
1861310 192
1861320 192
1861330 192
1861340 192
1861350 192
1861360 192
1861370 191
1861380 191
1861390 191
1861400 191
1861410 190
1861420 190
1861430 190
1861440 190
1861450 190
1861460 190
1861470 189
1861480 189
1861490 189
1861500 189
1861510 189
1861520 189
1861530 189
1861540 189
1861550 189
1861560 189
1861570 189
1861580 188
1861590 188
1861600 188
1861610 188
1861620 187
1861630 187
1861640 187
1861650 186
1861660 186
1861670 185
1861680 184
1861690 184
1861700 183
1861710 183
1861720 183
1861730 182
1861740 181
1861750 181
1861760 180
1861770 179
1861780 179
1861790 178
1861800 177
1861810 177
1861820 176
1861830 175
1861840 175
1861850 174
1861860 173
1861870 173
1861880 172
1861890 172
1861900 172
1861910 172
1861920 172
1861930 172
1861940 171
1861950 171
1861960 171
1861970 171
1861980 171
1861990 171
1862000 172
1862010 172
1862020 172
1862030 172
1862040 172
1862050 172
1862060 173
1862070 174
1862080 174
1862090 175
1862100 174
1862110 174
1862120 174
1862130 174
1862140 174
1862150 171
1862160 171
1862170 170
1862180 170
1862190 170
1862200 170
1862210 170
1862220 170
1862230 170
1862240 170
1862250 170
1862260 170
1862270 170
1862280 170
1862290 170
1862300 169
1862310 169
1862320 169
1862330 169
1862340 169
1862350 169
1862360 169
1862370 169
1862380 169
1862390 169
1862400 169
1862410 169
1862420 168
1862430 168
1862440 169
1862450 168
1862460 168
1862470 168
1862480 168
1862490 168
1862500 169
1862510 169
1862520 169
1862530 169
1862540 169
1862550 169
1862560 169
1862570 170
1862580 170
1862590 173
1862600 175
1862610 175
1862620 178
1862630 183
1862640 183
1862650 185
1862660 185
1862670 185
1862680 186
1862690 186
1862700 186
1862710 186
1862720 186
1862730 186
1862740 187
1862750 187
1862760 187
1862770 187
1862780 187
1862790 187
1862800 187
1862810 187
1862820 187
1862830 187
1862840 187
1862850 187
1862860 187
1862870 187
1862880 187
1862890 187
1862900 186
1862910 186
1862920 185
1862930 185
1862940 185
1862950 185
1862960 185
1862970 185
1862980 185
1862990 184
1863000 184
1863010 183
1863020 182
1863030 182
1863040 182
1863050 182
1863060 182
1863070 183
1863080 183
1863090 183
1863100 183
1863110 184
1863120 184
1863130 184
1863140 185
1863150 185
1863160 185
1863170 185
1863180 185
1863190 185
1863200 184
1863210 184
1863220 184
1863230 184
1863240 184
1863250 183
1863260 183
1863270 183
1863280 182
1863290 182
1863300 182
1863310 182
1863320 182
1863330 181
1863340 180
1863350 180
1863360 179
1863370 178
1863380 178
1863390 178
1863400 177
1863410 177
1863420 177
1863430 176
1863440 176
1863450 175
1863460 174
1863470 174
1863480 173
1863490 173
1863500 173
1863510 172
1863520 172
1863530 172
1863540 172
1863550 172
1863560 172
1863570 173
1863580 174
1863590 174
1863600 176
1863610 177
1863620 177
1863630 178
1863640 179
1863650 179
1863660 181
1863670 181
1863680 181
1863690 182
1863700 182
1863710 182
1863720 182
1863730 182
1863740 182
1863750 182
1863760 182
1863770 182
1863780 181
1863790 181
1863800 181
1863810 181
1863820 181
1863830 181
1863840 181
1863850 180
1863860 180
1863870 180
1863880 180
1863890 180
1863900 179
1863910 179
1863920 179
1863930 179
1863940 180
1863950 180
1863960 179
1863970 179
1863980 179
1863990 178
1864000 179
1864010 179
1864020 178
1864030 178
1864040 178
1864050 179
1864060 179
1864070 179
1864080 179
1864090 179
1864100 179
1864110 179
1864120 179
1864130 179
1864140 179
1864150 178
1864160 178
1864170 178
1864180 178
1864190 178
1864200 177
1864210 177
1864220 177
1864230 177
1864240 177
1864250 177
1864260 177
1864270 177
1864280 177
1864290 176
1864300 176
1864310 176
1864320 176
1864330 176
1864340 177
1864350 177
1864360 177
1864370 177
1864380 177
1864390 177
1864400 176
1864410 176
1864420 176
1864430 176
1864440 177
1864450 177
1864460 177
1864470 178
1864480 178
1864490 178
1864500 179
1864510 179
1864520 179
1864530 179
1864540 179
1864550 180
1864560 180
1864570 180
1864580 180
1864590 180
1864600 180
1864610 181
1864620 181
1864630 181
1864640 181
1864650 181
1864660 181
1864670 181
1864680 181
1864690 181
1864700 181
1864710 181
1864720 181
1864730 181
1864740 181
1864750 181
1864760 181
1864770 181
1864780 181
1864790 181
1864800 181
1864810 181
1864820 181
1864830 181
1864840 181
1864850 181
1864860 181
1864870 181
1864880 181
1864890 181
1864900 181
1864910 181
1864920 181
1864930 181
1864940 181
1864950 181
1864960 181
1864970 181
1864980 181
1864990 181
1865000 181
1865010 181
1865020 181
1865030 181
1865040 181
1865050 181
1865060 181
1865070 181
1865080 181
1865090 181
1865100 181
1865110 181
1865120 181
1865130 181
1865140 181
1865150 181
1865160 181
1865170 181
1865180 181
1865190 181
1865200 181
1865210 181
1865220 181
1865230 181
1865240 180
1865250 180
1865260 180
1865270 180
1865280 179
1865290 179
1865300 179
1865310 178
1865320 178
1865330 178
1865340 177
1865350 177
1865360 176
1865370 175
1865380 175
1865390 174
1865400 174
1865410 173
1865420 172
1865430 172
1865440 171
1865450 170
1865460 170
1865470 169
1865480 169
1865490 169
1865500 168
1865510 168
1865520 168
1865530 168
1865540 167
1865550 167
1865560 167
1865570 167
1865580 167
1865590 167
1865600 167
1865610 167
1865620 167
1865630 167
1865640 167
1865650 168
1865660 169
1865670 169
1865680 172
1865690 176
1865700 176
1865710 179
1865720 181
1865730 181
1865740 181
1865750 182
1865760 182
1865770 182
1865780 182
1865790 182
1865800 182
1865810 182
1865820 182
1865830 181
1865840 181
1865850 181
1865860 181
1865870 181
1865880 181
1865890 181
1865900 182
1865910 182
1865920 182
1865930 183
1865940 183
1865950 184
1865960 184
1865970 184
1865980 185
1865990 185
1866000 185
1866010 185
1866020 186
1866030 186
1866040 186
1866050 186
1866060 186
1866070 186
1866080 186
1866090 186
1866100 185
1866110 185
1866120 185
1866130 185
1866140 185
1866150 185
1866160 185
1866170 185
1866180 185
1866190 185
1866200 185
1866210 185
1866220 185
1866230 185
1866240 185
1866250 184
1866260 184
1866270 184
1866280 184
1866290 184
1866300 184
1866310 183
1866320 183
1866330 183
1866340 183
1866350 182
1866360 182
1866370 182
1866380 181
1866390 181
1866400 181
1866410 180
1866420 180
1866430 180
1866440 179
1866450 179
1866460 178
1866470 178
1866480 178
1866490 177
1866500 177
1866510 176
1866520 176
1866530 176
1866540 175
1866550 174
1866560 174
1866570 173
1866580 173
1866590 173
1866600 172
1866610 172
1866620 172
1866630 171
1866640 171
1866650 171
1866660 170
1866670 170
1866680 170
1866690 170
1866700 170
1866710 170
1866720 169
1866730 169
1866740 169
1866750 169
1866760 169
1866770 169
1866780 169
1866790 169
1866800 169
1866810 169
1866820 169
1866830 169
1866840 169
1866850 169
1866860 169
1866870 170
1866880 170
1866890 170
1866900 170
1866910 170
1866920 170
1866930 170
1866940 171
1866950 171
1866960 171
1866970 171
1866980 171
1866990 171
1867000 171
1867010 171
1867020 172
1867030 172
1867040 172
1867050 172
1867060 173
1867070 173
1867080 173
1867090 174
1867100 174
1867110 174
1867120 175
1867130 175
1867140 177
1867150 178
1867160 178
1867170 179
1867180 179
1867190 179
1867200 180
1867210 180
1867220 180
1867230 181
1867240 181
1867250 181
1867260 181
1867270 182
1867280 182
1867290 182
1867300 182
1867310 182
1867320 182
1867330 182
1867340 182
1867350 182
1867360 182
1867370 182
1867380 182
1867390 182
1867400 182
1867410 182
1867420 182
1867430 182
1867440 182
1867450 182
1867460 182
1867470 181
1867480 181
1867490 181
1867500 181
1867510 181
1867520 181
1867530 181
1867540 181
1867550 181
1867560 181
1867570 181
1867580 181
1867590 181
1867600 181
1867610 181
1867620 181
1867630 181
1867640 181
1867650 180
1867660 180
1867670 180
1867680 181
1867690 181
1867700 181
1867710 181
1867720 181
1867730 181
1867740 181
1867750 181
1867760 181
1867770 181
1867780 181
1867790 181
1867800 182
1867810 182
1867820 182
1867830 182
1867840 182
1867850 182
1867860 182
1867870 182
1867880 182
1867890 182
1867900 182
1867910 182
1867920 182
1867930 182
1867940 182
1867950 182
1867960 182
1867970 182
1867980 182
1867990 182
1868000 182
1868010 182
1868020 182
1868030 182
1868040 182
1868050 182
1868060 182
1868070 182
1868080 182
1868090 182
1868100 182
1868110 182
1868120 182
1868130 182
1868140 182
1868150 181
1868160 181
1868170 181
1868180 181
1868190 181
1868200 181
1868210 182
1868220 181
1868230 181
1868240 181
1868250 181
1868260 181
1868270 181
1868280 181
1868290 181
1868300 181
1868310 181
1868320 181
1868330 181
1868340 180
1868350 180
1868360 180
1868370 180
1868380 180
1868390 180
1868400 180
1868410 180
1868420 180
1868430 180
1868440 180
1868450 180
1868460 180
1868470 180
1868480 180
1868490 180
1868500 180
1868510 180
1868520 180
1868530 180
1868540 180
1868550 179
1868560 179
1868570 180
1868580 180
1868590 180
1868600 180
1868610 180
1868620 180
1868630 180
1868640 180
1868650 180
1868660 180
1868670 180
1868680 180
1868690 180
1868700 180
1868710 180
1868720 180
1868730 180
1868740 181
1868750 181
1868760 181
1868770 181
1868780 181
1868790 181
1868800 181
1868810 181
1868820 181
1868830 181
1868840 180
1868850 180
1868860 180
1868870 180
1868880 180
1868890 180
1868900 180
1868910 180
1868920 180
1868930 179
1868940 179
1868950 179
1868960 179
1868970 179
1868980 179
1868990 179
1869000 179
1869010 179
1869020 179
1869030 179
1869040 179
1869050 179
1869060 179
1869070 179
1869080 179
1869090 179
1869100 179
1869110 179
1869120 179
1869130 179
1869140 179
1869150 179
1869160 179
1869170 179
1869180 179
1869190 178
1869200 178
1869210 178
1869220 178
1869230 178
1869240 178
1869250 178
1869260 178
1869270 178
1869280 178
1869290 178
1869300 178
1869310 178
1869320 178
1869330 178
1869340 178
1869350 178
1869360 178
1869370 178
1869380 178
1869390 178
1869400 178
1869410 178
1869420 178
1869430 178
1869440 178
1869450 178
1869460 178
1869470 178
1869480 178
1869490 178
1869500 178
1869510 178
1869520 177
1869530 177
1869540 177
1869550 177
1869560 177
1869570 177
1869580 177
1869590 177
1869600 177
1869610 177
1869620 177
1869630 177
1869640 177
1869650 177
1869660 177
1869670 177
1869680 177
1869690 177
1869700 177
1869710 177
1869720 177
1869730 177
1869740 177
1869750 177
1869760 177
1869770 177
1869780 177
1869790 177
1869800 177
1869810 177
1869820 177
1869830 177
1869840 177
1869850 177
1869860 177
1869870 178
1869880 178
1869890 178
1869900 178
1869910 178
1869920 178
1869930 178
1869940 178
1869950 178
1869960 178
1869970 178
1869980 178
1869990 178
1870000 177
1870010 177
1870020 177
1870030 177
1870040 177
1870050 177
1870060 177
1870070 177
1870080 177
1870090 177
1870100 177
1870110 177
1870120 177
1870130 177
1870140 177
1870150 177
1870160 177
1870170 177
1870180 177
1870190 177
1870200 177
1870210 177
1870220 177
1870230 177
1870240 177
1870250 177
1870260 177
1870270 177
1870280 177
1870290 177
1870300 177
1870310 177
1870320 177
1870330 177
1870340 177
1870350 177
1870360 177
1870370 177
1870380 177
1870390 177
1870400 177
1870410 177
1870420 177
1870430 177
1870440 176
1870450 176
1870460 176
1870470 176
1870480 176
1870490 176
1870500 176
1870510 176
1870520 176
1870530 176
1870540 176
1870550 176
1870560 176
1870570 176
1870580 176
1870590 176
1870600 176
1870610 176
1870620 176
1870630 176
1870640 176
1870650 176
1870660 176
1870670 176
1870680 176
1870690 176
1870700 176
1870710 176
1870720 176
1870730 176
1870740 176
1870750 176
1870760 176
1870770 175
1870780 175
1870790 175
1870800 175
1870810 175
1870820 175
1870830 175
1870840 175
1870850 175
1870860 175
1870870 175
1870880 175
1870890 175
1870900 175
1870910 175
1870920 175
1870930 175
1870940 175
1870950 175
1870960 175
1870970 175
1870980 175
1870990 175
1871000 175
1871010 175
1871020 175
1871030 175
1871040 175
1871050 175
1871060 175
1871070 175
1871080 175
1871090 175
1871100 175
1871110 175
1871120 175
1871130 175
1871140 175
1871150 175
1871160 175
1871170 175
1871180 175
1871190 175
1871200 175
1871210 175
1871220 174
1871230 174
1871240 174
1871250 174
1871260 174
1871270 174
1871280 174
1871290 174
1871300 174
1871310 174
1871320 174
1871330 174
1871340 173
1871350 173
1871360 173
1871370 173
1871380 173
1871390 173
1871400 172
1871410 172
1871420 172
1871430 172
1871440 172
1871450 173
1871460 173
1871470 173
1871480 173
1871490 173
1871500 173
1871510 173
1871520 173
1871530 173
1871540 172
1871550 173
1871560 173
1871570 173
1871580 173
1871590 173
1871600 173
1871610 172
1871620 172
1871630 172
1871640 172
1871650 172
1871660 172
1871670 172
1871680 172
1871690 172
1871700 172
1871710 172
1871720 171
1871730 171
1871740 171
1871750 171
1871760 171
1871770 171
1871780 171
1871790 171
1871800 171
1871810 170
1871820 170
1871830 170
1871840 170
1871850 170
1871860 170
1871870 170
1871880 169
1871890 169
1871900 169
1871910 169
1871920 169
1871930 169
1871940 169
1871950 168
1871960 168
1871970 168
1871980 168
1871990 168
1872000 168
1872010 168
1872020 168
1872030 168
1872040 167
1872050 167
1872060 167
1872070 167
1872080 166
1872090 166
1872100 167
1872110 167
1872120 167
1872130 167
1872140 167
1872150 167
1872160 167
1872170 167
1872180 167
1872190 167
1872200 167
1872210 166
1872220 166
1872230 166
1872240 166
1872250 165
1872260 165
1872270 165
1872280 164
1872290 164
1872300 164
1872310 164
1872320 164
1872330 164
1872340 163
1872350 163
1872360 163
1872370 162
1872380 162
1872390 162
1872400 162
1872410 162
1872420 162
1872430 162
1872440 162
1872450 162
1872460 161
1872470 161
1872480 161
1872490 161
1872500 161
1872510 161
1872520 160
1872530 160
1872540 160
1872550 160
1872560 160
1872570 160
1872580 160
1872590 160
1872600 160
1872610 159
1872620 159
1872630 159
1872640 159
1872650 159
1872660 159
1872670 159
1872680 160
1872690 160
1872700 160
1872710 160
1872720 160
1872730 160
1872740 160
1872750 160
1872760 160
1872770 160
1872780 160
1872790 160
1872800 159
1872810 159
1872820 159
1872830 159
1872840 159
1872850 159
1872860 159
1872870 159
1872880 159
1872890 158
1872900 158
1872910 158
1872920 158
1872930 158
1872940 157
1872950 157
1872960 157
1872970 157
1872980 156
1872990 156
1873000 156
1873010 156
1873020 156
1873030 155
1873040 155
1873050 155
1873060 155
1873070 155
1873080 154
1873090 154
1873100 154
1873110 154
1873120 153
1873130 153
1873140 153
1873150 153
1873160 153
1873170 152
1873180 152
1873190 152
1873200 152
1873210 152
1873220 152
1873230 152
1873240 151
1873250 151
1873260 151
1873270 151
1873280 151
1873290 151
1873300 151
1873310 151
1873320 151
1873330 151
1873340 151
1873350 151
1873360 151
1873370 151
1873380 151
1873390 151
1873400 151
1873410 151
1873420 152
1873430 152
1873440 152
1873450 152
1873460 152
1873470 152
1873480 152
1873490 152
1873500 152
1873510 152
1873520 152
1873530 152
1873540 152
1873550 152
1873560 153
1873570 154
1873580 154
1873590 154
1873600 155
1873610 155
1873620 156
1873630 157
1873640 157
1873650 159
1873660 159
1873670 159
1873680 160
1873690 161
1873700 161
1873710 161
1873720 162
1873730 162
1873740 163
1873750 164
1873760 164
1873770 165
1873780 166
1873790 166
1873800 166
1873810 166
1873820 166
1873830 166
1873840 166
1873850 166
1873860 167
1873870 167
1873880 167
1873890 167
1873900 167
1873910 167
1873920 167
1873930 167
1873940 167
1873950 167
1873960 167
1873970 167
1873980 167
1873990 167
1874000 167
1874010 167
1874020 167
1874030 167
1874040 167
1874050 167
1874060 167
1874070 167
1874080 167
1874090 167
1874100 167
1874110 167
1874120 167
1874130 166
1874140 166
1874150 166
1874160 166
1874170 166
1874180 166
1874190 166
1874200 166
1874210 166
1874220 165
1874230 165
1874240 165
1874250 165
1874260 165
1874270 164
1874280 163
1874290 163
1874300 163
1874310 163
1874320 163
1874330 162
1874340 162
1874350 162
1874360 163
1874370 163
1874380 163
1874390 163
1874400 163
1874410 163
1874420 164
1874430 164
1874440 164
1874450 164
1874460 164
1874470 164
1874480 164
1874490 164
1874500 164
1874510 164
1874520 164
1874530 164
1874540 164
1874550 164
1874560 163
1874570 163
1874580 163
1874590 163
1874600 163
1874610 163
1874620 163
1874630 163
1874640 162
1874650 162
1874660 162
1874670 162
1874680 162
1874690 161
1874700 161
1874710 161
1874720 160
1874730 160
1874740 160
1874750 159
1874760 158
1874770 158
1874780 157
1874790 156
1874800 156
1874810 154
1874820 153
1874830 153
1874840 153
1874850 152
1874860 152
1874870 152
1874880 151
1874890 151
1874900 151
1874910 150
1874920 150
1874930 150
1874940 149
1874950 149
1874960 149
1874970 149
1874980 149
1874990 149
1875000 148
1875010 148
1875020 148
1875030 148
1875040 148
1875050 148
1875060 148
1875070 148
1875080 148
1875090 148
1875100 148
1875110 148
1875120 148
1875130 148
1875140 148
1875150 148
1875160 148
1875170 148
1875180 148
1875190 148
1875200 148
1875210 148
1875220 148
1875230 148
1875240 148
1875250 148
1875260 149
1875270 149
1875280 149
1875290 148
1875300 148
1875310 148
1875320 148
1875330 148
1875340 148
1875350 148
1875360 148
1875370 148
1875380 148
1875390 148
1875400 148
1875410 148
1875420 148
1875430 148
1875440 148
1875450 148
1875460 148
1875470 148
1875480 148
1875490 148
1875500 147
1875510 147
1875520 147
1875530 147
1875540 147
1875550 147
1875560 147
1875570 147
1875580 147
1875590 147
1875600 147
1875610 147
1875620 147
1875630 147
1875640 147
1875650 147
1875660 147
1875670 147
1875680 147
1875690 147
1875700 147
1875710 147
1875720 147
1875730 147
1875740 147
1875750 147
1875760 147
1875770 147
1875780 147
1875790 147
1875800 147
1875810 147
1875820 147
1875830 147
1875840 147
1875850 147
1875860 147
1875870 147
1875880 147
1875890 148
1875900 148
1875910 149
1875920 149
1875930 149
1875940 148
1875950 146
1875960 146
1875970 146
1875980 147
1875990 147
1876000 149
1876010 149
1876020 149
1876030 149
1876040 148
1876050 148
1876060 147
1876070 147
1876080 147
1876090 147
1876100 148
1876110 148
1876120 149
1876130 147
1876140 147
1876150 147
1876160 147
1876170 147
1876180 147
1876190 147
1876200 147
1876210 147
1876220 147
1876230 147
1876240 147
1876250 147
1876260 146
1876270 146
1876280 146
1876290 146
1876300 146
1876310 146
1876320 146
1876330 146
1876340 146
1876350 146
1876360 146
1876370 146
1876380 146
1876390 146
1876400 146
1876410 146
1876420 148
1876430 148
1876440 149
1876450 147
1876460 147
1876470 146
1876480 146
1876490 146
1876500 146
1876510 146
1876520 146
1876530 146
1876540 146
1876550 146
1876560 146
1876570 146
1876580 146
1876590 146
1876600 146
1876610 146
1876620 146
1876630 145
1876640 145
1876650 145
1876660 145
1876670 145
1876680 145
1876690 145
1876700 145
1876710 145
1876720 145
1876730 145
1876740 145
1876750 146
1876760 146
1876770 146
1876780 146
1876790 146
1876800 145
1876810 145
1876820 145
1876830 145
1876840 145
1876850 145
1876860 144
1876870 144
1876880 144
1876890 144
1876900 144
1876910 144
1876920 144
1876930 144
1876940 144
1876950 144
1876960 144
1876970 144
1876980 144
1876990 145
1877000 145
1877010 146
1877020 147
1877030 147
1877040 147
1877050 147
1877060 147
1877070 146
