1860000 223
1860010 223
1860020 222
1860030 222
1860040 222
1860050 221
1860060 221
1860070 220
1860080 219
1860090 219
1860100 219
1860110 219
1860120 219
1860130 218
1860140 218
1860150 218
1860160 217
1860170 217
1860180 217
1860190 216
1860200 215
1860210 215
1860220 214
1860230 213
1860240 213
1860250 212
1860260 210
1860270 210
1860280 209
1860290 209
1860300 209
1860310 208
1860320 207
1860330 207
1860340 207
1860350 206
1860360 206
1860370 205
1860380 205
1860390 205
1860400 204
1860410 203
1860420 203
1860430 203
1860440 202
1860450 202
1860460 201
1860470 201
1860480 201
1860490 200
1860500 200
1860510 200
1860520 199
1860530 198
1860540 198
1860550 198
1860560 197
1860570 197
1860580 197
1860590 196
1860600 196
1860610 196
1860620 196
1860630 196
1860640 196
1860650 196
1860660 196
1860670 196
1860680 196
1860690 196
1860700 196
1860710 196
1860720 196
1860730 196
1860740 196
1860750 196
1860760 196
1860770 196
1860780 195
1860790 195
1860800 195
1860810 195
1860820 195
1860830 195
1860840 195
1860850 195
1860860 195
1860870 195
1860880 196
1860890 196
1860900 196
1860910 195
1860920 195
1860930 195
1860940 195
1860950 196
1860960 196
1860970 196
1860980 196
1860990 196
1861000 196
1861010 196
1861020 196
1861030 196
1861040 196
1861050 196
1861060 195
1861070 195
1861080 195
1861090 195
1861100 195
1861110 195
1861120 196
1861130 196
1861140 196
1861150 196
1861160 196
1861170 196
1861180 196
1861190 196
1861200 196
1861210 196
1861220 196
1861230 196
1861240 196
1861250 196
1861260 196
1861270 196
1861280 196
1861290 196
1861300 197
1861310 197
1861320 197
1861330 197
1861340 197
1861350 197
1861360 197
1861370 197
1861380 197
1861390 197
1861400 197
1861410 197
1861420 196
1861430 196
1861440 196
1861450 196
1861460 196
1861470 196
1861480 196
1861490 196
1861500 195
1861510 195
1861520 195
1861530 195
1861540 195
1861550 195
1861560 194
1861570 194
1861580 194
1861590 194
1861600 194
1861610 194
1861620 194
1861630 194
1861640 194
1861650 194
1861660 193
1861670 193
1861680 193
1861690 193
1861700 193
1861710 193
1861720 193
1861730 193
1861740 193
1861750 193
1861760 193
1861770 193
1861780 193
1861790 193
1861800 193
1861810 193
1861820 193
1861830 192
1861840 192
1861850 192
1861860 192
1861870 192
1861880 192
1861890 192
1861900 192
1861910 191
1861920 191
1861930 191
1861940 191
1861950 191
1861960 191
1861970 190
1861980 190
1861990 190
1862000 189
1862010 189
1862020 189
1862030 188
1862040 188
1862050 188
1862060 187
1862070 187
1862080 187
1862090 186
1862100 185
1862110 185
1862120 185
1862130 183
1862140 183
1862150 181
1862160 182
1862170 182
1862180 183
1862190 183
1862200 183
1862210 183
1862220 183
1862230 183
1862240 183
1862250 183
1862260 183
1862270 183
1862280 183
1862290 183
1862300 183
1862310 183
1862320 183
1862330 181
1862340 179
1862350 179
1862360 178
1862370 177
1862380 177
1862390 177
1862400 176
1862410 176
1862420 176
1862430 176
1862440 176
1862450 176
1862460 175
1862470 175
1862480 175
1862490 174
1862500 174
1862510 173
1862520 171
1862530 171
1862540 170
1862550 170
1862560 170
1862570 170
1862580 170
1862590 170
1862600 170
1862610 169
1862620 169
1862630 169
1862640 169
1862650 169
1862660 169
1862670 168
1862680 168
1862690 168
1862700 168
1862710 168
1862720 168
1862730 168
1862740 168
1862750 168
1862760 168
1862770 168
1862780 168
1862790 168
1862800 168
1862810 168
1862820 168
1862830 168
1862840 168
1862850 168
1862860 168
1862870 168
1862880 168
1862890 167
1862900 166
1862910 166
1862920 167
1862930 168
1862940 168
1862950 168
1862960 168
1862970 168
1862980 168
1862990 168
1863000 168
1863010 168
1863020 168
1863030 168
1863040 169
1863050 168
1863060 168
1863070 168
1863080 168
1863090 168
1863100 168
1863110 168
1863120 168
1863130 168
1863140 168
1863150 168
1863160 168
1863170 167
1863180 167
1863190 167
1863200 167
1863210 167
1863220 166
1863230 166
1863240 166
1863250 167
1863260 167
1863270 167
1863280 168
1863290 168
1863300 168
1863310 168
1863320 168
1863330 168
1863340 168
1863350 168
1863360 168
1863370 168
1863380 168
1863390 168
1863400 168
1863410 168
1863420 168
1863430 168
1863440 168
1863450 168
1863460 168
1863470 167
1863480 167
1863490 167
1863500 168
1863510 168
1863520 167
1863530 167
1863540 167
1863550 168
1863560 168
1863570 168
1863580 168
1863590 168
1863600 168
1863610 168
1863620 167
1863630 167
1863640 167
1863650 167
1863660 167
1863670 168
1863680 168
1863690 168
1863700 168
1863710 167
1863720 167
1863730 167
1863740 167
1863750 167
1863760 167
1863770 167
1863780 167
1863790 167
1863800 167
1863810 167
1863820 167
1863830 167
1863840 167
1863850 166
1863860 165
1863870 165
1863880 165
1863890 165
1863900 166
1863910 166
1863920 166
1863930 167
1863940 167
1863950 167
1863960 167
1863970 167
1863980 167
1863990 167
1864000 167
1864010 167
1864020 167
1864030 167
1864040 167
1864050 168
1864060 168
1864070 168
1864080 168
1864090 168
1864100 168
1864110 168
1864120 167
1864130 167
1864140 167
1864150 167
1864160 167
1864170 167
1864180 166
1864190 166
1864200 165
1864210 165
1864220 165
1864230 165
1864240 165
1864250 165
1864260 165
1864270 165
1864280 165
1864290 165
1864300 165
1864310 165
1864320 166
1864330 166
1864340 166
1864350 166
1864360 167
1864370 167
1864380 167
1864390 167
1864400 165
1864410 165
1864420 165
1864430 165
1864440 166
1864450 166
1864460 166
1864470 166
1864480 166
1864490 166
1864500 167
1864510 167
1864520 167
1864530 167
1864540 167
1864550 167
1864560 166
1864570 166
1864580 166
1864590 166
1864600 166
1864610 166
1864620 166
1864630 166
1864640 166
1864650 166
1864660 166
1864670 166
1864680 166
1864690 166
1864700 166
1864710 166
1864720 166
1864730 166
1864740 166
1864750 165
1864760 165
1864770 165
1864780 165
1864790 165
1864800 165
1864810 165
1864820 165
1864830 165
1864840 165
1864850 165
1864860 165
1864870 165
1864880 165
1864890 165
1864900 165
1864910 165
1864920 165
1864930 165
1864940 165
1864950 165
1864960 165
1864970 165
1864980 165
1864990 165
1865000 165
1865010 165
1865020 165
1865030 165
1865040 165
1865050 165
1865060 165
1865070 165
1865080 165
1865090 165
1865100 165
1865110 165
1865120 165
1865130 165
1865140 165
1865150 166
1865160 166
1865170 166
1865180 166
1865190 166
1865200 166
1865210 166
1865220 166
1865230 166
1865240 166
1865250 166
1865260 166
1865270 166
1865280 166
1865290 166
1865300 166
1865310 165
1865320 165
1865330 165
1865340 166
1865350 166
1865360 166
1865370 167
1865380 167
1865390 168
1865400 169
1865410 169
1865420 170
1865430 170
1865440 170
1865450 170
1865460 170
1865470 170
1865480 170
1865490 169
1865500 169
1865510 169
1865520 168
1865530 168
1865540 167
1865550 167
1865560 167
1865570 168
1865580 168
1865590 168
1865600 169
1865610 170
1865620 170
1865630 171
1865640 172
1865650 172
1865660 172
1865670 172
1865680 172
1865690 172
1865700 172
1865710 172
1865720 172
1865730 171
1865740 171
1865750 171
1865760 170
1865770 169
1865780 169
1865790 168
1865800 168
1865810 168
1865820 167
1865830 167
1865840 167
1865850 166
1865860 166
1865870 166
1865880 166
1865890 166
1865900 166
1865910 165
1865920 165
1865930 165
1865940 165
1865950 165
1865960 165
1865970 165
1865980 165
1865990 165
1866000 165
1866010 165
1866020 165
1866030 165
1866040 165
1866050 165
1866060 165
1866070 165
1866080 165
1866090 165
1866100 165
1866110 165
1866120 165
1866130 165
1866140 165
1866150 165
1866160 165
1866170 165
1866180 165
1866190 165
1866200 165
1866210 165
1866220 165
1866230 165
1866240 165
1866250 165
1866260 165
1866270 165
1866280 165
1866290 165
1866300 165
1866310 165
1866320 165
1866330 165
1866340 165
1866350 165
1866360 165
1866370 165
1866380 165
1866390 165
1866400 166
1866410 167
1866420 167
1866430 168
1866440 168
1866450 168
1866460 169
1866470 169
1866480 169
1866490 170
1866500 170
1866510 170
1866520 171
1866530 172
1866540 172
1866550 172
1866560 173
1866570 173
1866580 173
1866590 173
1866600 173
1866610 173
1866620 174
1866630 174
1866640 174
1866650 174
1866660 174
1866670 173
1866680 173
1866690 173
1866700 172
1866710 171
1866720 171
1866730 171
1866740 171
1866750 171
1866760 170
1866770 170
1866780 170
1866790 169
1866800 169
1866810 169
1866820 169
1866830 170
1866840 170
1866850 171
1866860 172
1866870 172
1866880 173
1866890 174
1866900 174
1866910 175
1866920 175
1866930 175
1866940 176
1866950 176
1866960 176
1866970 176
1866980 176
1866990 176
1867000 176
1867010 176
1867020 176
1867030 176
1867040 176
1867050 176
1867060 176
1867070 175
1867080 175
1867090 175
1867100 175
1867110 174
1867120 173
1867130 172
1867140 172
1867150 172
1867160 172
1867170 173
1867180 174
1867190 174
1867200 175
1867210 175
1867220 175
1867230 176
1867240 176
1867250 176
1867260 176
1867270 177
1867280 177
1867290 177
1867300 177
1867310 177
1867320 177
1867330 177
1867340 177
1867350 177
1867360 177
1867370 177
1867380 177
1867390 177
1867400 177
1867410 177
1867420 176
1867430 176
1867440 176
1867450 176
1867460 176
1867470 176
1867480 175
1867490 175
1867500 175
1867510 174
1867520 174
1867530 174
1867540 173
1867550 173
1867560 172
1867570 171
1867580 171
1867590 170
1867600 169
1867610 169
1867620 165
1867630 164
1867640 164
1867650 167
1867660 171
1867670 171
1867680 172
1867690 174
1867700 174
1867710 175
1867720 176
1867730 176
1867740 177
1867750 178
1867760 178
1867770 178
1867780 179
1867790 179
1867800 179
1867810 180
1867820 180
1867830 180
1867840 180
1867850 180
1867860 180
1867870 180
1867880 180
1867890 180
1867900 180
1867910 180
1867920 180
1867930 180
1867940 180
1867950 180
1867960 180
1867970 180
1867980 180
1867990 180
1868000 180
1868010 181
1868020 181
1868030 181
1868040 181
1868050 181
1868060 181
1868070 181
1868080 181
1868090 181
1868100 181
1868110 181
1868120 181
1868130 181
1868140 181
1868150 181
1868160 181
1868170 181
1868180 181
1868190 181
1868200 181
1868210 181
1868220 181
1868230 181
1868240 181
1868250 181
1868260 181
1868270 181
1868280 181
1868290 181
1868300 181
1868310 181
1868320 181
1868330 181
1868340 181
1868350 181
1868360 181
1868370 181
1868380 181
1868390 181
1868400 181
1868410 181
1868420 181
1868430 180
1868440 180
1868450 180
1868460 180
1868470 180
1868480 180
1868490 180
1868500 180
1868510 180
1868520 180
1868530 180
1868540 179
1868550 179
1868560 179
1868570 179
1868580 178
1868590 178
1868600 177
1868610 177
1868620 177
1868630 177
1868640 177
1868650 177
1868660 177
1868670 177
1868680 177
1868690 177
1868700 177
1868710 177
1868720 176
1868730 175
1868740 175
1868750 175
1868760 174
1868770 174
1868780 174
1868790 174
1868800 174
1868810 174
1868820 176
1868830 176
1868840 177
1868850 179
1868860 179
1868870 179
1868880 180
1868890 180
1868900 180
1868910 181
1868920 181
1868930 181
1868940 181
1868950 181
1868960 181
1868970 180
1868980 180
1868990 180
1869000 180
1869010 180
1869020 180
1869030 180
1869040 180
1869050 180
1869060 180
1869070 180
1869080 180
1869090 180
1869100 180
1869110 180
1869120 179
1869130 179
1869140 179
1869150 179
1869160 179
1869170 179
1869180 179
1869190 179
1869200 179
1869210 179
1869220 179
1869230 179
1869240 179
1869250 179
1869260 179
1869270 179
1869280 179
1869290 179
1869300 179
1869310 178
1869320 178
1869330 178
1869340 178
1869350 178
1869360 178
1869370 178
1869380 178
1869390 178
1869400 178
1869410 178
1869420 178
1869430 178
1869440 178
1869450 178
1869460 178
1869470 178
1869480 178
1869490 178
1869500 177
1869510 177
1869520 177
1869530 177
1869540 177
1869550 177
1869560 177
1869570 177
1869580 176
1869590 176
1869600 176
1869610 176
1869620 176
1869630 176
1869640 175
1869650 175
1869660 175
1869670 175
1869680 175
1869690 175
1869700 175
1869710 174
1869720 174
1869730 174
1869740 174
1869750 174
1869760 174
1869770 174
1869780 174
1869790 173
1869800 173
1869810 173
1869820 173
1869830 173
1869840 173
1869850 173
1869860 173
1869870 173
1869880 172
1869890 170
1869900 170
1869910 168
1869920 168
1869930 168
1869940 171
1869950 170
1869960 170
1869970 166
1869980 170
1869990 170
1870000 171
1870010 171
1870020 171
1870030 170
1870040 169
1870050 169
1870060 168
1870070 167
1870080 167
1870090 167
1870100 167
1870110 167
1870120 167
1870130 168
1870140 168
1870150 169
1870160 170
1870170 170
1870180 170
1870190 170
1870200 170
1870210 170
1870220 170
1870230 170
1870240 169
1870250 168
1870260 168
1870270 168
1870280 167
1870290 167
1870300 166
1870310 166
1870320 164
1870330 163
1870340 163
1870350 162
1870360 161
1870370 161
1870380 161
1870390 163
1870400 163
1870410 164
1870420 166
1870430 166
1870440 167
1870450 169
1870460 169
1870470 169
1870480 170
1870490 170
1870500 170
1870510 169
1870520 169
1870530 168
1870540 168
1870550 168
1870560 168
1870570 167
1870580 167
1870590 167
1870600 166
1870610 166
1870620 166
1870630 165
1870640 165
1870650 164
1870660 163
1870670 163
1870680 162
1870690 161
1870700 161
1870710 160
1870720 160
1870730 160
1870740 159
1870750 159
1870760 159
1870770 159
1870780 158
1870790 158
1870800 158
1870810 158
1870820 158
1870830 157
1870840 156
1870850 156
1870860 155
1870870 154
1870880 154
1870890 154
1870900 154
1870910 154
1870920 154
1870930 154
1870940 154
1870950 154
1870960 154
1870970 154
1870980 153
1870990 154
1871000 154
1871010 153
1871020 153
1871030 153
1871040 153
1871050 153
1871060 153
1871070 153
1871080 153
1871090 153
1871100 153
1871110 153
1871120 153
1871130 153
1871140 153
1871150 153
1871160 153
1871170 153
1871180 153
1871190 152
1871200 152
1871210 152
1871220 153
1871230 152
1871240 152
1871250 152
1871260 152
1871270 152
1871280 152
1871290 152
1871300 152
1871310 152
1871320 152
1871330 152
1871340 152
1871350 152
1871360 152
1871370 152
1871380 152
1871390 152
1871400 152
1871410 152
1871420 152
1871430 152
1871440 152
1871450 152
1871460 152
1871470 152
1871480 152
1871490 152
1871500 152
1871510 152
1871520 152
1871530 152
1871540 152
1871550 152
1871560 152
1871570 152
1871580 152
1871590 152
1871600 152
1871610 152
1871620 152
1871630 152
1871640 152
1871650 152
1871660 152
1871670 152
1871680 152
1871690 152
1871700 152
1871710 152
1871720 152
1871730 152
1871740 152
1871750 152
1871760 152
1871770 152
1871780 152
1871790 152
1871800 152
1871810 152
1871820 152
1871830 152
1871840 152
1871850 152
1871860 152
1871870 152
1871880 152
1871890 152
1871900 152
1871910 152
1871920 152
1871930 152
1871940 151
1871950 151
1871960 152
1871970 152
1871980 152
1871990 152
1872000 152
1872010 152
1872020 153
1872030 153
1872040 153
1872050 153
1872060 153
1872070 153
1872080 153
1872090 153
1872100 153
1872110 153
1872120 153
1872130 153
1872140 153
1872150 153
1872160 153
1872170 153
1872180 153
1872190 153
1872200 153
1872210 152
1872220 152
1872230 152
1872240 152
1872250 152
1872260 152
1872270 152
1872280 152
1872290 152
1872300 153
1872310 153
1872320 152
1872330 152
1872340 152
1872350 152
1872360 152
1872370 152
1872380 152
1872390 152
1872400 152
1872410 152
1872420 152
1872430 152
1872440 152
1872450 152
1872460 152
1872470 152
1872480 152
1872490 152
1872500 152
1872510 152
1872520 152
1872530 152
1872540 152
1872550 152
1872560 152
1872570 152
1872580 152
1872590 152
1872600 152
1872610 152
1872620 152
1872630 152
1872640 151
1872650 151
1872660 151
1872670 151
1872680 150
1872690 150
1872700 150
1872710 151
1872720 151
1872730 152
1872740 152
1872750 152
1872760 152
1872770 152
1872780 152
1872790 152
1872800 151
1872810 151
1872820 152
1872830 151
1872840 151
1872850 151
1872860 151
1872870 151
1872880 152
1872890 152
1872900 152
1872910 152
1872920 152
1872930 152
1872940 152
1872950 152
1872960 152
1872970 152
1872980 152
1872990 152
1873000 152
1873010 152
1873020 152
1873030 152
1873040 152
1873050 152
1873060 152
1873070 152
1873080 152
1873090 152
1873100 152
1873110 152
1873120 152
1873130 152
1873140 152
1873150 152
1873160 152
1873170 152
1873180 152
1873190 152
1873200 152
1873210 152
1873220 152
1873230 152
1873240 152
1873250 152
1873260 152
1873270 152
1873280 152
1873290 152
1873300 152
1873310 152
1873320 152
1873330 152
1873340 152
1873350 152
1873360 152
1873370 151
1873380 151
1873390 151
1873400 151
1873410 151
1873420 151
1873430 151
1873440 151
1873450 152
1873460 151
1873470 151
1873480 152
1873490 152
1873500 152
1873510 152
1873520 152
1873530 151
1873540 151
1873550 151
1873560 151
1873570 151
1873580 151
1873590 150
1873600 149
1873610 149
1873620 149
1873630 150
1873640 150
1873650 151
1873660 151
1873670 151
1873680 151
1873690 151
1873700 151
1873710 150
1873720 150
1873730 150
1873740 149
1873750 149
1873760 149
1873770 149
1873780 149
1873790 149
1873800 149
1873810 150
1873820 150
1873830 150
1873840 150
1873850 150
1873860 150
1873870 150
1873880 150
1873890 150
1873900 150
1873910 150
1873920 150
1873930 150
1873940 150
1873950 150
1873960 150
1873970 150
1873980 150
1873990 150
1874000 150
1874010 150
1874020 150
1874030 150
1874040 150
1874050 150
1874060 150
1874070 150
1874080 150
1874090 150
1874100 149
1874110 149
1874120 149
1874130 149
1874140 149
1874150 149
1874160 149
1874170 149
1874180 149
1874190 149
1874200 149
1874210 149
1874220 149
1874230 149
1874240 149
1874250 149
1874260 149
1874270 149
1874280 149
1874290 149
1874300 149
1874310 149
1874320 149
1874330 149
1874340 149
1874350 149
1874360 149
1874370 149
1874380 149
1874390 149
1874400 149
1874410 148
1874420 148
1874430 148
1874440 148
1874450 148
1874460 148
1874470 148
1874480 148
1874490 148
1874500 149
1874510 149
1874520 149
1874530 149
1874540 149
1874550 151
1874560 151
1874570 151
1874580 151
1874590 151
1874600 151
1874610 151
1874620 151
1874630 151
1874640 150
1874650 150
1874660 150
1874670 149
1874680 149
1874690 148
1874700 149
1874710 149
1874720 149
1874730 149
1874740 149
1874750 150
1874760 150
1874770 150
1874780 151
1874790 151
1874800 151
1874810 150
1874820 150
1874830 150
1874840 150
1874850 150
1874860 150
1874870 149
1874880 149
1874890 149
1874900 149
1874910 149
1874920 149
1874930 149
1874940 149
1874950 149
1874960 149
1874970 149
1874980 149
1874990 149
1875000 149
1875010 149
1875020 149
1875030 149
1875040 149
1875050 149
1875060 149
1875070 149
1875080 148
1875090 148
1875100 148
1875110 148
1875120 148
1875130 148
1875140 148
1875150 148
1875160 148
1875170 148
1875180 148
1875190 148
1875200 148
1875210 148
1875220 148
1875230 148
1875240 148
1875250 148
1875260 148
1875270 148
1875280 148
1875290 148
1875300 148
1875310 148
1875320 148
1875330 148
1875340 148
1875350 148
1875360 148
1875370 148
1875380 148
1875390 149
1875400 149
1875410 149
1875420 149
1875430 149
1875440 149
1875450 149
1875460 149
1875470 149
1875480 149
1875490 149
1875500 149
1875510 150
1875520 150
1875530 150
1875540 150
1875550 149
1875560 149
1875570 149
1875580 149
1875590 150
1875600 150
1875610 150
1875620 149
1875630 149
1875640 149
1875650 149
1875660 149
1875670 149
1875680 149
1875690 149
1875700 150
1875710 150
1875720 150
1875730 150
1875740 150
1875750 150
1875760 149
1875770 149
1875780 149
1875790 149
1875800 149
1875810 149
1875820 150
1875830 150
1875840 150
1875850 150
1875860 149
1875870 149
1875880 149
1875890 148
1875900 148
1875910 148
1875920 148
1875930 148
1875940 148
1875950 147
1875960 147
1875970 148
1875980 148
1875990 148
1876000 148
1876010 148
1876020 148
1876030 148
1876040 148
1876050 148
1876060 147
1876070 147
1876080 147
1876090 147
1876100 147
1876110 147
1876120 147
1876130 147
1876140 147
1876150 147
1876160 147
1876170 147
1876180 147
1876190 147
1876200 147
1876210 147
1876220 147
1876230 147
1876240 147
1876250 147
1876260 147
1876270 147
1876280 147
1876290 147
1876300 147
1876310 147
1876320 147
1876330 147
1876340 147
1876350 147
1876360 148
1876370 148
1876380 148
1876390 148
1876400 148
1876410 148
1876420 148
1876430 147
1876440 147
1876450 147
1876460 147
1876470 147
1876480 146
1876490 146
1876500 146
1876510 146
1876520 146
1876530 146
1876540 146
1876550 146
1876560 146
1876570 147
1876580 148
1876590 148
1876600 148
1876610 149
1876620 149
1876630 149
1876640 149
1876650 149
1876660 149
1876670 150
1876680 150
1876690 149
1876700 149
1876710 148
1876720 146
1876730 146
1876740 146
1876750 146
1876760 146
1876770 146
1876780 146
1876790 146
1876800 146
1876810 146
1876820 146
1876830 146
1876840 146
1876850 146
1876860 146
1876870 146
1876880 147
1876890 147
1876900 146
1876910 146
1876920 146
1876930 146
1876940 146
1876950 146
1876960 146
1876970 146
1876980 146
1876990 146
1877000 146
1877010 146
1877020 146
1877030 146
1877040 146
1877050 146
1877060 146
1877070 146
1877080 146
1877090 146
1877100 146
1877110 146
1877120 146
1877130 146
1877140 146
1877150 146
1877160 146
1877170 146
1877180 146
1877190 146
1877200 145
1877210 145
1877220 144
1877230 144
1877240 144
1877250 144
1877260 144
1877270 144
1877280 144
1877290 144
1877300 144
1877310 145
1877320 145
1877330 145
1877340 145
1877350 145
1877360 145
1877370 145
1877380 146
1877390 146
