1860000 215
1860010 215
1860020 215
1860030 215
1860040 215
1860050 215
1860060 215
1860070 215
1860080 215
1860090 215
1860100 215
1860110 215
1860120 215
1860130 215
1860140 215
1860150 215
1860160 215
1860170 215
1860180 215
1860190 215
1860200 215
1860210 215
1860220 214
1860230 214
1860240 214
1860250 214
1860260 214
1860270 214
1860280 214
1860290 214
1860300 214
1860310 214
1860320 214
1860330 214
1860340 214
1860350 214
1860360 214
1860370 214
1860380 214
1860390 214
1860400 213
1860410 213
1860420 213
1860430 213
1860440 213
1860450 213
1860460 212
1860470 212
1860480 212
1860490 211
1860500 211
1860510 211
1860520 211
1860530 211
1860540 210
1860550 210
1860560 210
1860570 210
1860580 209
1860590 209
1860600 209
1860610 208
1860620 208
1860630 207
1860640 207
1860650 207
1860660 207
1860670 207
1860680 206
1860690 206
1860700 206
1860710 206
1860720 206
1860730 206
1860740 205
1860750 205
1860760 205
1860770 205
1860780 205
1860790 205
1860800 204
1860810 204
1860820 204
1860830 203
1860840 203
1860850 203
1860860 203
1860870 202
1860880 202
1860890 202
1860900 202
1860910 202
1860920 201
1860930 201
1860940 201
1860950 200
1860960 200
1860970 200
1860980 200
1860990 199
1861000 199
1861010 199
1861020 198
1861030 198
1861040 198
1861050 197
1861060 197
1861070 196
1861080 195
1861090 195
1861100 195
1861110 194
1861120 194
1861130 193
1861140 193
1861150 192
1861160 191
1861170 190
1861180 190
1861190 189
1861200 189
1861210 189
1861220 188
1861230 188
1861240 188
1861250 187
1861260 186
1861270 186
1861280 185
1861290 185
1861300 185
1861310 184
1861320 184
1861330 184
1861340 184
1861350 184
1861360 184
1861370 184
1861380 183
1861390 183
1861400 183
1861410 183
1861420 183
1861430 183
1861440 183
1861450 183
1861460 183
1861470 182
1861480 182
1861490 181
1861500 181
1861510 181
1861520 180
1861530 180
1861540 180
1861550 180
1861560 180
1861570 180
1861580 179
1861590 179
1861600 179
1861610 179
1861620 179
1861630 179
1861640 178
1861650 178
1861660 178
1861670 178
1861680 178
1861690 178
1861700 178
1861710 177
1861720 177
1861730 177
1861740 177
1861750 177
1861760 178
1861770 178
1861780 178
1861790 178
1861800 178
1861810 179
1861820 180
1861830 180
1861840 183
1861850 184
1861860 184
1861870 185
1861880 186
1861890 186
1861900 187
1861910 187
1861920 187
1861930 188
1861940 188
1861950 188
1861960 188
1861970 188
1861980 188
1861990 188
1862000 188
1862010 188
1862020 187
1862030 187
1862040 187
1862050 186
1862060 186
1862070 186
1862080 185
1862090 185
1862100 185
1862110 184
1862120 184
1862130 184
1862140 183
1862150 182
1862160 182
1862170 182
1862180 180
1862190 180
1862200 180
1862210 179
1862220 179
1862230 178
1862240 177
1862250 177
1862260 175
1862270 174
1862280 174
1862290 173
1862300 172
1862310 172
1862320 171
1862330 170
1862340 170
1862350 170
1862360 169
1862370 169
1862380 168
1862390 168
1862400 168
1862410 168
1862420 168
1862430 168
1862440 168
1862450 168
1862460 168
1862470 168
1862480 167
1862490 167
1862500 168
1862510 168
1862520 168
1862530 168
1862540 169
1862550 169
1862560 169
1862570 169
1862580 169
1862590 170
1862600 170
1862610 170
1862620 171
1862630 173
1862640 173
1862650 175
1862660 177
1862670 177
1862680 179
1862690 180
1862700 180
1862710 180
1862720 181
1862730 181
1862740 181
1862750 183
1862760 183
1862770 184
1862780 185
1862790 185
1862800 186
1862810 186
1862820 186
1862830 187
1862840 187
1862850 187
1862860 188
1862870 189
1862880 189
1862890 190
1862900 190
1862910 190
1862920 190
1862930 190
1862940 190
1862950 191
1862960 191
1862970 191
1862980 190
1862990 190
1863000 190
1863010 190
1863020 190
1863030 190
1863040 190
1863050 190
1863060 189
1863070 188
1863080 188
1863090 188
1863100 186
1863110 186
1863120 184
1863130 181
1863140 181
1863150 181
1863160 178
1863170 178
1863180 177
1863190 177
1863200 177
1863210 177
1863220 179
1863230 179
1863240 180
1863250 183
1863260 183
1863270 184
1863280 185
1863290 185
1863300 187
1863310 187
1863320 187
1863330 187
1863340 187
1863350 187
1863360 187
1863370 187
1863380 187
1863390 187
1863400 187
1863410 187
1863420 188
1863430 188
1863440 188
1863450 188
1863460 188
1863470 188
1863480 188
1863490 188
1863500 188
1863510 188
1863520 188
1863530 188
1863540 189
1863550 189
1863560 190
1863570 190
1863580 190
1863590 190
1863600 190
1863610 190
1863620 190
1863630 190
1863640 190
1863650 190
1863660 190
1863670 190
1863680 190
1863690 190
1863700 190
1863710 190
1863720 190
1863730 189
1863740 189
1863750 189
1863760 188
1863770 188
1863780 188
1863790 188
1863800 188
1863810 188
1863820 187
1863830 187
1863840 187
1863850 187
1863860 187
1863870 187
1863880 187
1863890 186
1863900 185
1863910 185
1863920 184
1863930 183
1863940 183
1863950 182
1863960 180
1863970 180
1863980 178
1863990 177
1864000 177
1864010 175
1864020 174
1864030 174
1864040 173
1864050 172
1864060 172
1864070 172
1864080 171
1864090 171
1864100 171
1864110 171
1864120 171
1864130 171
1864140 171
1864150 171
1864160 171
1864170 171
1864180 171
1864190 170
1864200 170
1864210 170
1864220 170
1864230 170
1864240 170
1864250 171
1864260 172
1864270 172
1864280 172
1864290 173
1864300 173
1864310 175
1864320 176
1864330 176
1864340 176
1864350 178
1864360 178
1864370 180
1864380 180
1864390 180
1864400 181
1864410 181
1864420 181
1864430 182
1864440 182
1864450 182
1864460 182
1864470 182
1864480 182
1864490 182
1864500 181
1864510 181
1864520 181
1864530 182
1864540 182
1864550 182
1864560 182
1864570 182
1864580 182
1864590 182
1864600 182
1864610 180
1864620 179
1864630 179
1864640 177
1864650 176
1864660 176
1864670 175
1864680 174
1864690 174
1864700 173
1864710 174
1864720 174
1864730 174
1864740 175
1864750 175
1864760 176
1864770 176
1864780 176
1864790 177
1864800 178
1864810 178
1864820 179
1864830 180
1864840 180
1864850 180
1864860 181
1864870 181
1864880 181
1864890 181
1864900 181
1864910 182
1864920 182
1864930 183
1864940 183
1864950 183
1864960 183
1864970 183
1864980 183
1864990 183
1865000 183
1865010 183
1865020 183
1865030 183
1865040 183
1865050 183
1865060 183
1865070 183
1865080 183
1865090 183
1865100 183
1865110 183
1865120 183
1865130 183
1865140 183
1865150 183
1865160 183
1865170 182
1865180 182
1865190 182
1865200 181
1865210 180
1865220 180
1865230 178
1865240 176
1865250 176
1865260 175
1865270 174
1865280 175
1865290 174
1865300 173
1865310 173
1865320 172
1865330 171
1865340 171
1865350 170
1865360 169
1865370 169
1865380 168
1865390 167
1865400 167
1865410 166
1865420 166
1865430 166
1865440 165
1865450 165
1865460 165
1865470 165
1865480 165
1865490 165
1865500 165
1865510 165
1865520 165
1865530 164
1865540 164
1865550 164
1865560 164
1865570 164
1865580 164
1865590 164
1865600 164
1865610 164
1865620 164
1865630 164
1865640 164
1865650 164
1865660 164
1865670 164
1865680 164
1865690 164
1865700 164
1865710 164
1865720 164
1865730 164
1865740 164
1865750 164
1865760 164
1865770 164
1865780 164
1865790 164
1865800 164
1865810 164
1865820 164
1865830 164
1865840 164
1865850 164
1865860 164
1865870 163
1865880 163
1865890 164
1865900 164
1865910 164
1865920 164
1865930 164
1865940 164
1865950 164
1865960 164
1865970 164
1865980 164
1865990 164
1866000 164
1866010 164
1866020 164
1866030 164
1866040 164
1866050 164
1866060 164
1866070 164
1866080 164
1866090 164
1866100 164
1866110 164
1866120 164
1866130 164
1866140 164
1866150 164
1866160 164
1866170 164
1866180 164
1866190 164
1866200 164
1866210 164
1866220 164
1866230 164
1866240 164
1866250 164
1866260 164
1866270 164
1866280 164
1866290 164
1866300 164
1866310 164
1866320 164
1866330 164
1866340 164
1866350 164
1866360 164
1866370 164
1866380 164
1866390 164
1866400 163
1866410 163
1866420 163
1866430 163
1866440 163
1866450 163
1866460 163
1866470 163
1866480 162
1866490 162
1866500 162
1866510 162
1866520 162
1866530 162
1866540 162
1866550 161
1866560 161
1866570 161
1866580 161
1866590 161
1866600 161
1866610 161
1866620 161
1866630 161
1866640 161
1866650 161
1866660 161
1866670 161
1866680 161
1866690 161
1866700 161
1866710 161
1866720 161
1866730 160
1866740 160
1866750 160
1866760 160
1866770 160
1866780 160
1866790 160
1866800 160
1866810 160
1866820 160
1866830 160
1866840 160
1866850 160
1866860 160
1866870 160
1866880 160
1866890 160
1866900 159
1866910 159
1866920 159
1866930 159
1866940 160
1866950 160
1866960 159
1866970 159
1866980 159
1866990 159
1867000 159
1867010 159
1867020 159
1867030 159
1867040 159
1867050 159
1867060 159
1867070 159
1867080 159
1867090 159
1867100 159
1867110 158
1867120 158
1867130 159
1867140 159
1867150 159
1867160 159
1867170 159
1867180 159
1867190 159
1867200 159
1867210 159
1867220 159
1867230 158
1867240 158
1867250 158
1867260 158
1867270 158
1867280 159
1867290 159
1867300 159
1867310 159
1867320 158
1867330 158
1867340 159
1867350 159
1867360 159
1867370 159
1867380 159
1867390 159
1867400 159
1867410 159
1867420 159
1867430 159
1867440 159
1867450 159
1867460 159
1867470 159
1867480 159
1867490 159
1867500 158
1867510 158
1867520 158
1867530 159
1867540 159
1867550 160
1867560 160
1867570 160
1867580 160
1867590 160
1867600 160
1867610 161
1867620 161
1867630 161
1867640 161
1867650 162
1867660 162
1867670 162
1867680 161
1867690 161
1867700 161
1867710 161
1867720 161
1867730 161
1867740 161
1867750 161
1867760 161
1867770 161
1867780 161
1867790 161
1867800 161
1867810 161
1867820 161
1867830 161
1867840 161
1867850 161
1867860 161
1867870 161
1867880 161
1867890 161
1867900 161
1867910 161
1867920 162
1867930 162
1867940 163
1867950 163
1867960 163
1867970 163
1867980 164
1867990 164
1868000 163
1868010 162
1868020 162
1868030 162
1868040 164
1868050 164
1868060 164
1868070 166
1868080 166
1868090 167
1868100 168
1868110 168
1868120 168
1868130 168
1868140 169
1868150 170
1868160 170
1868170 170
1868180 170
1868190 170
1868200 171
1868210 171
1868220 171
1868230 171
1868240 171
1868250 171
1868260 171
1868270 171
1868280 171
1868290 170
1868300 170
1868310 170
1868320 170
1868330 170
1868340 169
1868350 169
1868360 169
1868370 169
1868380 169
1868390 169
1868400 169
1868410 168
1868420 168
1868430 168
1868440 169
1868450 168
1868460 168
1868470 167
1868480 165
1868490 165
1868500 165
1868510 167
1868520 167
1868530 168
1868540 168
1868550 168
1868560 168
1868570 168
1868580 168
1868590 167
1868600 166
1868610 166
1868620 164
1868630 161
1868640 161
1868650 160
1868660 160
1868670 160
1868680 160
1868690 160
1868700 160
1868710 160
1868720 162
1868730 162
1868740 164
1868750 164
1868760 164
1868770 166
1868780 165
1868790 165
1868800 166
1868810 166
1868820 166
1868830 167
1868840 167
1868850 167
1868860 167
1868870 166
1868880 166
1868890 165
1868900 165
1868910 165
1868920 164
1868930 163
1868940 163
1868950 162
1868960 162
1868970 162
1868980 162
1868990 162
1869000 162
1869010 163
1869020 162
1869030 162
1869040 160
1869050 160
1869060 160
1869070 160
1869080 160
1869090 160
1869100 160
1869110 160
1869120 160
1869130 160
1869140 159
1869150 159
1869160 159
1869170 159
1869180 160
1869190 160
1869200 160
1869210 160
1869220 159
1869230 159
1869240 158
1869250 158
1869260 158
1869270 158
1869280 158
1869290 158
1869300 158
1869310 158
1869320 158
1869330 158
1869340 158
1869350 158
1869360 157
1869370 157
1869380 157
1869390 157
1869400 158
1869410 158
1869420 158
1869430 158
1869440 158
1869450 157
1869460 157
1869470 157
1869480 157
1869490 157
1869500 157
1869510 157
1869520 157
1869530 157
1869540 157
1869550 157
1869560 157
1869570 158
1869580 158
1869590 158
1869600 158
1869610 158
1869620 158
1869630 157
1869640 157
1869650 157
1869660 158
1869670 158
1869680 158
1869690 158
1869700 157
1869710 157
1869720 156
1869730 156
1869740 156
1869750 156
1869760 156
1869770 156
1869780 158
1869790 158
1869800 158
1869810 157
1869820 156
1869830 156
1869840 155
1869850 155
1869860 155
1869870 155
1869880 155
1869890 155
1869900 154
1869910 155
1869920 155
1869930 156
1869940 156
1869950 156
1869960 155
1869970 155
1869980 155
1869990 155
1870000 155
1870010 155
1870020 155
1870030 155
1870040 155
1870050 155
1870060 155
1870070 155
1870080 155
1870090 155
1870100 155
1870110 155
1870120 155
1870130 155
1870140 155
1870150 155
1870160 155
1870170 155
1870180 155
1870190 155
1870200 155
1870210 155
1870220 155
1870230 155
1870240 155
1870250 155
1870260 155
1870270 155
1870280 155
1870290 155
1870300 155
1870310 155
1870320 156
1870330 156
1870340 156
1870350 156
1870360 156
1870370 156
1870380 157
1870390 157
1870400 157
1870410 157
1870420 157
1870430 158
1870440 158
1870450 158
1870460 158
1870470 158
1870480 158
1870490 157
1870500 157
1870510 157
1870520 158
1870530 158
1870540 158
1870550 158
1870560 158
1870570 158
1870580 158
1870590 158
1870600 158
1870610 158
1870620 158
1870630 158
1870640 158
1870650 158
1870660 158
1870670 158
1870680 158
1870690 158
1870700 158
1870710 159
1870720 159
1870730 160
1870740 160
1870750 160
1870760 160
1870770 161
1870780 161
1870790 161
1870800 162
1870810 162
1870820 163
1870830 164
1870840 164
1870850 166
1870860 167
1870870 167
1870880 167
1870890 167
1870900 167
1870910 169
1870920 169
1870930 169
1870940 169
1870950 169
1870960 169
1870970 169
1870980 169
1870990 169
1871000 170
1871010 171
1871020 171
1871030 171
1871040 171
1871050 173
1871060 174
1871070 174
1871080 174
1871090 172
1871100 171
1871110 171
1871120 170
1871130 169
1871140 169
1871150 170
1871160 170
1871170 170
1871180 172
1871190 174
1871200 174
1871210 176
1871220 177
1871230 177
1871240 178
1871250 179
1871260 179
1871270 179
1871280 179
1871290 180
1871300 180
1871310 180
1871320 180
1871330 180
1871340 180
1871350 180
1871360 180
1871370 180
1871380 180
1871390 181
1871400 181
1871410 181
1871420 181
1871430 181
1871440 181
1871450 181
1871460 181
1871470 181
1871480 180
1871490 180
1871500 180
1871510 180
1871520 180
1871530 179
1871540 179
1871550 179
1871560 178
1871570 178
1871580 178
1871590 177
1871600 176
1871610 176
1871620 176
1871630 176
1871640 176
1871650 175
1871660 175
1871670 175
1871680 174
1871690 174
1871700 174
1871710 173
1871720 173
1871730 173
1871740 173
1871750 172
1871760 172
1871770 171
1871780 170
1871790 170
1871800 169
1871810 168
1871820 168
1871830 167
1871840 167
1871850 167
1871860 167
1871870 168
1871880 168
1871890 168
1871900 167
1871910 167
1871920 168
1871930 167
1871940 167
1871950 167
1871960 167
1871970 167
1871980 166
1871990 166
1872000 166
1872010 165
1872020 165
1872030 165
1872040 165
1872050 164
1872060 165
1872070 164
1872080 164
1872090 164
1872100 163
1872110 162
1872120 162
1872130 162
1872140 162
1872150 162
1872160 162
1872170 161
1872180 161
1872190 161
1872200 160
1872210 160
1872220 160
1872230 160
1872240 160
1872250 160
1872260 159
1872270 159
1872280 159
1872290 159
1872300 159
1872310 158
1872320 158
1872330 158
1872340 158
1872350 158
1872360 158
1872370 158
1872380 158
1872390 158
1872400 158
1872410 158
1872420 158
1872430 159
1872440 159
1872450 159
1872460 159
1872470 159
1872480 157
1872490 156
1872500 156
1872510 156
1872520 156
1872530 156
1872540 157
1872550 159
1872560 159
1872570 159
1872580 159
1872590 159
1872600 159
1872610 158
1872620 158
1872630 157
1872640 155
1872650 155
1872660 155
1872670 156
1872680 156
1872690 156
1872700 155
1872710 155
1872720 155
1872730 155
1872740 155
1872750 154
1872760 154
1872770 154
1872780 153
1872790 153
1872800 153
1872810 153
1872820 153
1872830 153
1872840 152
1872850 153
1872860 153
1872870 153
1872880 153
1872890 153
1872900 153
1872910 153
1872920 153
1872930 153
1872940 154
1872950 154
1872960 155
1872970 156
1872980 156
1872990 158
1873000 162
1873010 162
1873020 165
1873030 165
1873040 165
1873050 166
1873060 167
1873070 168
1873080 169
1873090 170
1873100 170
1873110 171
1873120 171
1873130 171
1873140 172
1873150 172
1873160 172
1873170 172
1873180 173
1873190 173
1873200 173
1873210 173
1873220 173
1873230 173
1873240 173
1873250 173
1873260 173
1873270 173
1873280 173
1873290 173
1873300 173
1873310 173
1873320 173
1873330 173
1873340 173
1873350 172
1873360 172
1873370 172
1873380 173
1873390 173
1873400 173
1873410 173
1873420 173
1873430 173
1873440 172
1873450 172
1873460 172
1873470 172
1873480 172
1873490 171
1873500 170
1873510 170
1873520 170
1873530 169
1873540 169
1873550 167
1873560 167
1873570 167
1873580 166
1873590 166
1873600 166
1873610 167
1873620 166
1873630 166
1873640 166
1873650 165
1873660 165
1873670 165
1873680 164
1873690 164
1873700 163
1873710 162
1873720 162
1873730 161
1873740 161
1873750 161
1873760 160
1873770 160
1873780 160
1873790 160
1873800 159
1873810 159
1873820 159
1873830 158
1873840 158
1873850 158
1873860 157
1873870 157
1873880 156
1873890 155
1873900 155
1873910 154
1873920 153
1873930 153
1873940 154
1873950 153
1873960 153
1873970 153
1873980 153
1873990 153
1874000 153
1874010 153
1874020 153
1874030 153
1874040 153
1874050 153
1874060 153
1874070 153
1874080 153
1874090 153
1874100 153
1874110 153
1874120 153
1874130 153
1874140 153
1874150 153
1874160 153
1874170 153
1874180 153
1874190 153
1874200 153
1874210 153
1874220 153
1874230 153
1874240 153
1874250 153
1874260 153
1874270 153
1874280 152
1874290 152
1874300 152
1874310 151
1874320 151
1874330 151
1874340 151
1874350 151
1874360 151
1874370 151
1874380 151
1874390 151
1874400 151
1874410 151
1874420 151
1874430 151
1874440 151
1874450 151
1874460 151
1874470 151
1874480 151
1874490 151
1874500 151
1874510 151
1874520 151
1874530 151
1874540 151
1874550 151
1874560 152
1874570 152
1874580 152
1874590 152
1874600 152
1874610 152
1874620 153
1874630 153
1874640 153
1874650 153
1874660 153
1874670 153
1874680 154
1874690 154
1874700 154
1874710 154
1874720 154
1874730 154
1874740 154
1874750 153
1874760 153
1874770 153
1874780 153
1874790 153
1874800 153
1874810 152
1874820 152
1874830 152
1874840 152
1874850 152
1874860 152
1874870 152
1874880 152
1874890 152
1874900 152
1874910 152
1874920 152
1874930 151
1874940 151
1874950 151
1874960 151
1874970 151
1874980 151
1874990 151
1875000 151
1875010 151
1875020 151
1875030 151
1875040 151
1875050 151
1875060 151
1875070 151
1875080 151
1875090 151
1875100 151
1875110 151
1875120 151
1875130 151
1875140 151
1875150 151
1875160 151
1875170 150
1875180 150
1875190 150
1875200 150
1875210 150
1875220 150
1875230 150
1875240 150
1875250 150
1875260 150
1875270 150
1875280 150
1875290 150
1875300 150
1875310 150
1875320 150
1875330 150
1875340 150
1875350 149
1875360 149
1875370 149
1875380 149
1875390 149
1875400 149
1875410 149
1875420 149
1875430 149
1875440 149
1875450 149
1875460 149
1875470 149
1875480 149
1875490 149
1875500 149
1875510 149
1875520 149
1875530 149
1875540 149
1875550 149
1875560 149
1875570 149
1875580 149
1875590 149
1875600 149
1875610 149
1875620 149
1875630 149
1875640 149
1875650 149
1875660 149
1875670 149
1875680 149
1875690 149
1875700 149
1875710 149
1875720 148
1875730 148
1875740 148
1875750 148
1875760 148
1875770 148
1875780 148
1875790 148
1875800 148
1875810 148
1875820 148
1875830 148
1875840 148
1875850 148
1875860 148
1875870 148
1875880 148
1875890 148
1875900 148
1875910 148
1875920 148
1875930 148
1875940 148
1875950 148
1875960 148
1875970 148
1875980 148
1875990 148
1876000 148
1876010 148
1876020 148
1876030 148
1876040 148
1876050 148
1876060 148
1876070 148
1876080 148
1876090 147
1876100 147
1876110 147
1876120 147
1876130 147
1876140 147
1876150 147
1876160 147
1876170 147
1876180 147
1876190 147
1876200 147
1876210 147
1876220 147
1876230 147
1876240 147
1876250 147
1876260 147
1876270 147
1876280 147
1876290 147
1876300 147
1876310 147
1876320 147
1876330 147
1876340 147
1876350 147
1876360 147
1876370 147
1876380 147
1876390 147
1876400 147
1876410 147
1876420 147
1876430 147
1876440 147
1876450 147
1876460 147
1876470 147
1876480 147
1876490 147
1876500 147
1876510 147
1876520 147
1876530 148
1876540 148
1876550 148
1876560 148
1876570 148
1876580 148
1876590 149
1876600 149
1876610 149
1876620 148
1876630 148
1876640 148
1876650 148
1876660 148
1876670 149
1876680 149
1876690 149
1876700 149
1876710 149
1876720 149
1876730 150
1876740 150
1876750 150
1876760 150
1876770 150
1876780 150
1876790 150
1876800 150
1876810 150
1876820 150
1876830 150
1876840 150
1876850 149
1876860 149
1876870 149
1876880 149
1876890 149
1876900 149
1876910 149
1876920 148
1876930 148
1876940 148
1876950 147
1876960 147
1876970 147
1876980 147
1876990 147
1877000 148
1877010 148
1877020 148
1877030 148
1877040 148
1877050 148
1877060 149
1877070 148
1877080 148
1877090 148
1877100 148
1877110 148
1877120 148
1877130 148
1877140 148
1877150 148
1877160 148
1877170 148
1877180 147
1877190 147
1877200 147
1877210 146
1877220 146
1877230 146
1877240 147
1877250 147
1877260 147
1877270 148
1877280 149
1877290 149
1877300 149
1877310 148
1877320 148
1877330 147
1877340 146
1877350 146
1877360 146
1877370 146
1877380 146
1877390 146
1877400 146
1877410 146
1877420 147
1877430 147
1877440 147
1877450 148
1877460 147
1877470 147
1877480 147
1877490 148
1877500 148
1877510 147
1877520 146
1877530 146
1877540 146
1877550 146
1877560 146
1877570 146
1877580 146
1877590 146
1877600 146
1877610 146
1877620 146
1877630 146
1877640 146
1877650 146
1877660 145
1877670 145
1877680 145
1877690 145
1877700 145
1877710 145
1877720 145
1877730 145
1877740 145
1877750 146
1877760 146
1877770 146
1877780 145
1877790 145
1877800 145
1877810 145
1877820 145
1877830 145
1877840 145
1877850 145
1877860 145
1877870 145
1877880 145
1877890 145
1877900 145
1877910 145
1877920 145
1877930 145
1877940 145
1877950 145
1877960 145
1877970 145
1877980 146
1877990 146
1878000 146
1878010 146
1878020 146
1878030 146
1878040 146
1878050 146
1878060 146
1878070 146
1878080 146
1878090 146
1878100 146
1878110 146
1878120 146
1878130 146
1878140 146
1878150 146
1878160 146
1878170 145
1878180 145
1878190 145
1878200 145
1878210 145
1878220 144
1878230 144
1878240 144
1878250 144
1878260 144
1878270 144
1878280 144
