1860000 214
1860010 214
1860020 213
1860030 213
1860040 213
1860050 212
1860060 212
1860070 211
1860080 211
1860090 211
1860100 210
1860110 209
1860120 209
1860130 209
1860140 208
1860150 208
1860160 207
1860170 206
1860180 206
1860190 206
1860200 205
1860210 205
1860220 204
1860230 203
1860240 203
1860250 202
1860260 201
1860270 201
1860280 199
1860290 198
1860300 198
1860310 197
1860320 195
1860330 195
1860340 194
1860350 192
1860360 192
1860370 189
1860380 187
1860390 187
1860400 184
1860410 183
1860420 183
1860430 182
1860440 182
1860450 182
1860460 182
1860470 183
1860480 183
1860490 185
1860500 186
1860510 186
1860520 186
1860530 186
1860540 186
1860550 185
1860560 185
1860570 185
1860580 184
1860590 184
1860600 184
1860610 183
1860620 183
1860630 183
1860640 182
1860650 182
1860660 182
1860670 181
1860680 180
1860690 180
1860700 179
1860710 179
1860720 179
1860730 178
1860740 178
1860750 178
1860760 177
1860770 177
1860780 177
1860790 176
1860800 176
1860810 176
1860820 176
1860830 176
1860840 176
1860850 175
1860860 175
1860870 175
1860880 174
1860890 174
1860900 174
1860910 173
1860920 173
1860930 173
1860940 173
1860950 173
1860960 173
1860970 172
1860980 172
1860990 171
1861000 172
1861010 172
1861020 172
1861030 171
1861040 171
1861050 172
1861060 173
1861070 173
1861080 174
1861090 174
1861100 174
1861110 174
1861120 174
1861130 174
1861140 174
1861150 174
1861160 174
1861170 174
1861180 174
1861190 174
1861200 175
1861210 175
1861220 175
1861230 176
1861240 177
1861250 177
1861260 178
1861270 179
1861280 179
1861290 180
1861300 180
1861310 180
1861320 181
1861330 182
1861340 182
1861350 182
1861360 183
1861370 183
1861380 185
1861390 186
1861400 186
1861410 187
1861420 188
1861430 188
1861440 189
1861450 190
1861460 190
1861470 191
1861480 192
1861490 192
1861500 192
1861510 193
1861520 193
1861530 193
1861540 193
1861550 193
1861560 193
1861570 193
1861580 193
1861590 192
1861600 192
1861610 191
1861620 190
1861630 190
1861640 190
1861650 189
1861660 189
1861670 189
1861680 189
1861690 189
1861700 189
1861710 189
1861720 190
1861730 190
1861740 190
1861750 190
1861760 191
1861770 191
1861780 191
1861790 192
1861800 193
1861810 193
1861820 194
1861830 195
1861840 195
1861850 196
1861860 197
1861870 197
1861880 198
1861890 200
1861900 200
1861910 201
1861920 201
1861930 201
1861940 202
1861950 203
1861960 203
1861970 203
1861980 203
1861990 203
1862000 204
1862010 203
1862020 203
1862030 203
1862040 203
1862050 203
1862060 203
1862070 203
1862080 203
1862090 203
1862100 202
1862110 202
1862120 202
1862130 202
1862140 202
1862150 202
1862160 202
1862170 202
1862180 202
1862190 202
1862200 202
1862210 202
1862220 202
1862230 202
1862240 201
1862250 202
1862260 202
1862270 202
1862280 201
1862290 201
1862300 201
1862310 200
1862320 200
1862330 199
1862340 198
1862350 198
1862360 197
1862370 196
1862380 196
1862390 196
1862400 195
1862410 195
1862420 195
1862430 195
1862440 195
1862450 196
1862460 196
1862470 196
1862480 196
1862490 197
1862500 197
1862510 198
1862520 198
1862530 198
1862540 199
1862550 200
1862560 200
1862570 200
1862580 200
1862590 201
1862600 201
1862610 201
1862620 201
1862630 202
1862640 202
1862650 202
1862660 202
1862670 202
1862680 203
1862690 203
1862700 203
1862710 203
1862720 204
1862730 204
1862740 204
1862750 204
1862760 204
1862770 204
1862780 204
1862790 204
1862800 204
1862810 204
1862820 204
1862830 204
1862840 204
1862850 204
1862860 204
1862870 204
1862880 204
1862890 204
1862900 204
1862910 204
1862920 205
1862930 205
1862940 205
1862950 205
1862960 206
1862970 206
1862980 206
1862990 206
1863000 206
1863010 206
1863020 206
1863030 206
1863040 206
1863050 206
1863060 206
1863070 206
1863080 205
1863090 205
1863100 205
1863110 204
1863120 204
1863130 204
1863140 203
1863150 203
1863160 203
1863170 202
1863180 202
1863190 202
1863200 202
1863210 202
1863220 202
1863230 202
1863240 202
1863250 203
1863260 203
1863270 203
1863280 203
1863290 203
1863300 203
1863310 203
1863320 203
1863330 203
1863340 204
1863350 204
1863360 204
1863370 204
1863380 204
1863390 204
1863400 204
1863410 204
1863420 204
1863430 204
1863440 204
1863450 205
1863460 205
1863470 205
1863480 205
1863490 205
1863500 204
1863510 204
1863520 204
1863530 204
1863540 204
1863550 204
1863560 203
1863570 203
1863580 203
1863590 202
1863600 202
1863610 201
1863620 201
1863630 200
1863640 198
1863650 198
1863660 196
1863670 195
1863680 195
1863690 193
1863700 192
1863710 192
1863720 191
1863730 191
1863740 191
1863750 190
1863760 190
1863770 190
1863780 190
1863790 191
1863800 191
1863810 192
1863820 193
1863830 193
1863840 194
1863850 195
1863860 195
1863870 197
1863880 199
1863890 199
1863900 200
1863910 201
1863920 201
1863930 201
1863940 202
1863950 202
1863960 202
1863970 203
1863980 203
1863990 203
1864000 203
1864010 203
1864020 203
1864030 203
1864040 203
1864050 203
1864060 203
1864070 203
1864080 203
1864090 203
1864100 203
1864110 203
1864120 203
1864130 203
1864140 203
1864150 203
1864160 203
1864170 203
1864180 203
1864190 203
1864200 203
1864210 202
1864220 202
1864230 202
1864240 202
1864250 202
1864260 202
1864270 202
1864280 202
1864290 201
1864300 201
1864310 201
1864320 201
1864330 201
1864340 201
1864350 200
1864360 200
1864370 200
1864380 200
1864390 199
1864400 199
1864410 198
1864420 197
1864430 197
1864440 196
1864450 195
1864460 195
1864470 194
1864480 192
1864490 192
1864500 190
1864510 189
1864520 189
1864530 188
1864540 188
1864550 188
1864560 187
1864570 186
1864580 186
1864590 186
1864600 186
1864610 186
1864620 186
1864630 185
1864640 185
1864650 185
1864660 185
1864670 185
1864680 185
1864690 185
1864700 186
1864710 186
1864720 186
1864730 186
1864740 187
1864750 187
1864760 188
1864770 188
1864780 188
1864790 189
1864800 190
1864810 190
1864820 191
1864830 192
1864840 192
1864850 192
1864860 193
1864870 193
1864880 193
1864890 194
1864900 194
1864910 194
1864920 195
1864930 195
1864940 195
1864950 196
1864960 196
1864970 196
1864980 196
1864990 196
1865000 196
1865010 195
1865020 195
1865030 195
1865040 194
1865050 194
1865060 194
1865070 194
1865080 194
1865090 194
1865100 193
1865110 193
1865120 193
1865130 193
1865140 193
1865150 192
1865160 192
1865170 192
1865180 191
1865190 192
1865200 192
1865210 192
1865220 192
1865230 192
1865240 193
1865250 193
1865260 193
1865270 194
1865280 195
1865290 195
1865300 196
1865310 197
1865320 197
1865330 197
1865340 198
1865350 198
1865360 198
1865370 199
1865380 199
1865390 199
1865400 199
1865410 199
1865420 200
1865430 200
1865440 200
1865450 200
1865460 200
1865470 200
1865480 200
1865490 200
1865500 200
1865510 200
1865520 200
1865530 200
1865540 200
1865550 200
1865560 200
1865570 199
1865580 198
1865590 198
1865600 198
1865610 197
1865620 197
1865630 196
1865640 195
1865650 195
1865660 195
1865670 194
1865680 194
1865690 194
1865700 194
1865710 194
1865720 194
1865730 194
1865740 194
1865750 194
1865760 194
1865770 195
1865780 195
1865790 195
1865800 195
1865810 195
1865820 195
1865830 195
1865840 195
1865850 195
1865860 195
1865870 195
1865880 195
1865890 195
1865900 194
1865910 194
1865920 194
1865930 194
1865940 194
1865950 194
1865960 194
1865970 194
1865980 194
1865990 194
1866000 194
1866010 193
1866020 193
1866030 193
1866040 192
1866050 191
1866060 191
1866070 191
1866080 190
1866090 190
1866100 189
1866110 189
1866120 189
1866130 188
1866140 188
1866150 188
1866160 187
1866170 186
1866180 186
1866190 184
1866200 183
1866210 183
1866220 182
1866230 181
1866240 181
1866250 180
1866260 179
1866270 179
1866280 178
1866290 178
1866300 178
1866310 177
1866320 176
1866330 176
1866340 175
1866350 174
1866360 174
1866370 173
1866380 173
1866390 173
1866400 172
1866410 171
1866420 171
1866430 170
1866440 170
1866450 170
1866460 169
1866470 168
1866480 168
1866490 168
1866500 167
1866510 167
1866520 167
1866530 166
1866540 166
1866550 166
1866560 166
1866570 166
1866580 166
1866590 166
1866600 166
1866610 165
1866620 165
1866630 165
1866640 165
1866650 165
1866660 165
1866670 165
1866680 165
1866690 165
1866700 165
1866710 165
1866720 166
1866730 166
1866740 166
1866750 166
1866760 166
1866770 166
1866780 166
1866790 167
1866800 167
1866810 167
1866820 167
1866830 167
1866840 168
1866850 169
1866860 169
1866870 172
1866880 173
1866890 173
1866900 174
1866910 174
1866920 174
1866930 175
1866940 176
1866950 176
1866960 177
1866970 177
1866980 177
1866990 178
1867000 178
1867010 178
1867020 179
1867030 179
1867040 179
1867050 178
1867060 178
1867070 178
1867080 177
1867090 176
1867100 176
1867110 171
1867120 168
1867130 168
1867140 167
1867150 168
1867160 168
1867170 168
1867180 168
1867190 168
1867200 168
1867210 170
1867220 170
1867230 171
1867240 174
1867250 174
1867260 176
1867270 178
1867280 178
1867290 180
1867300 182
1867310 182
1867320 182
1867330 182
1867340 182
1867350 183
1867360 184
1867370 184
1867380 185
1867390 186
1867400 186
1867410 186
1867420 187
1867430 187
1867440 188
1867450 188
1867460 188
1867470 188
1867480 189
1867490 189
1867500 189
1867510 189
1867520 189
1867530 190
1867540 190
1867550 190
1867560 190
1867570 190
1867580 190
1867590 191
1867600 191
1867610 191
1867620 190
1867630 190
1867640 190
1867650 188
1867660 190
1867670 190
1867680 190
1867690 190
1867700 190
1867710 190
1867720 190
1867730 190
1867740 190
1867750 190
1867760 189
1867770 189
1867780 189
1867790 189
1867800 189
1867810 189
1867820 189
1867830 189
1867840 189
1867850 189
1867860 188
1867870 188
1867880 188
1867890 188
1867900 188
1867910 187
1867920 187
1867930 187
1867940 187
1867950 187
1867960 187
1867970 187
1867980 187
1867990 187
1868000 187
1868010 187
1868020 187
1868030 187
1868040 187
1868050 187
1868060 187
1868070 187
1868080 187
1868090 187
1868100 188
1868110 188
1868120 188
1868130 188
1868140 188
1868150 188
1868160 187
1868170 187
1868180 187
1868190 187
1868200 187
1868210 187
1868220 187
1868230 186
1868240 186
1868250 185
1868260 185
1868270 184
1868280 184
1868290 184
1868300 184
1868310 183
1868320 183
1868330 183
1868340 183
1868350 183
1868360 183
1868370 183
1868380 183
1868390 183
1868400 182
1868410 182
1868420 182
1868430 182
1868440 182
1868450 182
1868460 181
1868470 181
1868480 181
1868490 180
1868500 180
1868510 180
1868520 179
1868530 179
1868540 179
1868550 178
1868560 178
1868570 177
1868580 177
1868590 177
1868600 176
1868610 175
1868620 175
1868630 175
1868640 174
1868650 174
1868660 174
1868670 173
1868680 173
1868690 173
1868700 172
1868710 172
1868720 171
1868730 170
1868740 170
1868750 170
1868760 170
1868770 169
1868780 168
1868790 168
1868800 167
1868810 167
1868820 167
1868830 166
1868840 166
1868850 166
1868860 166
1868870 165
1868880 165
1868890 165
1868900 165
1868910 164
1868920 164
1868930 164
1868940 164
1868950 163
1868960 163
1868970 163
1868980 163
1868990 163
1869000 163
1869010 163
1869020 162
1869030 162
1869040 162
1869050 162
1869060 162
1869070 162
1869080 162
1869090 162
1869100 162
1869110 162
1869120 162
1869130 161
1869140 161
1869150 161
1869160 161
1869170 160
1869180 160
1869190 160
1869200 160
1869210 160
1869220 160
1869230 159
1869240 159
1869250 159
1869260 159
1869270 159
1869280 159
1869290 159
1869300 159
1869310 159
1869320 160
1869330 160
1869340 161
1869350 163
1869360 163
1869370 165
1869380 167
1869390 167
1869400 170
1869410 173
1869420 173
1869430 175
1869440 175
1869450 175
1869460 175
1869470 176
1869480 176
1869490 177
1869500 177
1869510 177
1869520 177
1869530 178
1869540 178
1869550 178
1869560 179
1869570 179
1869580 179
1869590 174
1869600 174
1869610 175
1869620 182
1869630 182
1869640 186
1869650 187
1869660 187
1869670 187
1869680 187
1869690 187
1869700 186
1869710 186
1869720 186
1869730 185
1869740 185
1869750 185
1869760 184
1869770 183
1869780 183
1869790 183
1869800 183
1869810 182
1869820 181
1869830 181
1869840 180
1869850 180
1869860 180
1869870 179
1869880 179
1869890 179
1869900 178
1869910 178
1869920 178
1869930 176
1869940 176
1869950 176
1869960 175
1869970 174
1869980 174
1869990 173
1870000 172
1870010 172
1870020 171
1870030 170
1870040 170
1870050 169
1870060 167
1870070 167
1870080 166
1870090 165
1870100 165
1870110 165
1870120 164
1870130 164
1870140 164
1870150 163
1870160 163
1870170 163
1870180 162
1870190 162
1870200 161
1870210 161
1870220 161
1870230 161
1870240 161
1870250 161
1870260 161
1870270 160
1870280 160
1870290 161
1870300 161
1870310 161
1870320 161
1870330 160
1870340 160
1870350 160
1870360 160
1870370 160
1870380 160
1870390 160
1870400 160
1870410 161
1870420 160
1870430 160
1870440 160
1870450 160
1870460 160
1870470 162
1870480 163
1870490 163
1870500 165
1870510 166
1870520 166
1870530 166
1870540 167
1870550 167
1870560 168
1870570 169
1870580 169
1870590 169
1870600 171
1870610 171
1870620 171
1870630 170
1870640 170
1870650 170
1870660 170
1870670 170
1870680 171
1870690 172
1870700 172
1870710 174
1870720 175
1870730 175
1870740 177
1870750 179
1870760 179
1870770 181
1870780 182
1870790 182
1870800 183
1870810 184
1870820 184
1870830 185
1870840 185
1870850 185
1870860 184
1870870 184
1870880 184
1870890 184
1870900 184
1870910 183
1870920 182
1870930 182
1870940 181
1870950 180
1870960 180
1870970 178
1870980 177
1870990 177
1871000 176
1871010 174
1871020 174
1871030 172
1871040 173
1871050 173
1871060 172
1871070 173
1871080 173
1871090 174
1871100 175
1871110 175
1871120 176
1871130 177
1871140 177
1871150 177
1871160 178
1871170 178
1871180 179
1871190 180
1871200 180
1871210 181
1871220 182
1871230 182
1871240 183
1871250 184
1871260 184
1871270 185
1871280 186
1871290 186
1871300 186
1871310 187
1871320 187
1871330 188
1871340 188
1871350 188
1871360 189
1871370 189
1871380 189
1871390 190
1871400 190
1871410 190
1871420 190
1871430 191
1871440 191
1871450 191
1871460 191
1871470 191
1871480 191
1871490 191
1871500 191
1871510 191
1871520 191
1871530 191
1871540 191
1871550 190
1871560 190
1871570 190
1871580 190
1871590 190
1871600 190
1871610 190
1871620 190
1871630 190
1871640 190
1871650 190
1871660 190
1871670 190
1871680 190
1871690 190
1871700 190
1871710 190
1871720 189
1871730 189
1871740 189
1871750 189
1871760 189
1871770 189
1871780 189
1871790 189
1871800 189
1871810 188
1871820 188
1871830 188
1871840 188
1871850 188
1871860 188
1871870 187
1871880 187
1871890 187
1871900 187
1871910 187
1871920 187
1871930 187
1871940 187
1871950 186
1871960 186
1871970 186
1871980 186
1871990 186
1872000 186
1872010 185
1872020 185
1872030 185
1872040 185
1872050 185
1872060 185
1872070 185
1872080 185
1872090 185
1872100 185
1872110 185
1872120 185
1872130 185
1872140 184
1872150 184
1872160 184
1872170 184
1872180 184
1872190 184
1872200 183
1872210 183
1872220 183
1872230 183
1872240 183
1872250 182
1872260 182
1872270 182
1872280 181
1872290 179
1872300 179
1872310 178
1872320 177
1872330 177
1872340 176
1872350 175
1872360 175
1872370 174
1872380 173
1872390 173
1872400 172
1872410 171
1872420 171
1872430 170
1872440 169
1872450 169
1872460 168
1872470 167
1872480 167
1872490 166
1872500 166
1872510 166
1872520 165
1872530 164
1872540 164
1872550 164
1872560 163
1872570 163
1872580 162
1872590 162
1872600 162
1872610 161
1872620 161
1872630 161
1872640 161
1872650 161
1872660 161
1872670 161
1872680 159
1872690 159
1872700 159
1872710 159
1872720 159
1872730 158
1872740 158
1872750 158
1872760 158
1872770 158
1872780 158
1872790 158
1872800 158
1872810 158
1872820 158
1872830 158
1872840 158
1872850 158
1872860 158
1872870 158
1872880 158
1872890 158
1872900 158
1872910 158
1872920 158
1872930 158
1872940 158
1872950 158
1872960 159
1872970 162
1872980 162
1872990 165
1873000 169
1873010 169
1873020 172
1873030 175
1873040 175
1873050 178
1873060 182
1873070 182
1873080 183
1873090 184
1873100 184
1873110 185
1873120 186
1873130 186
1873140 187
1873150 188
1873160 188
1873170 188
1873180 188
1873190 188
1873200 188
1873210 187
1873220 187
1873230 187
1873240 186
1873250 186
1873260 186
1873270 185
1873280 185
1873290 183
1873300 183
1873310 183
1873320 183
1873330 183
1873340 183
1873350 183
1873360 184
1873370 184
1873380 184
1873390 184
1873400 184
1873410 183
1873420 183
1873430 183
1873440 184
1873450 184
1873460 184
1873470 185
1873480 185
1873490 185
1873500 186
1873510 186
1873520 186
1873530 187
1873540 187
1873550 187
1873560 187
1873570 188
1873580 188
1873590 189
1873600 189
1873610 189
1873620 190
1873630 190
1873640 190
1873650 191
1873660 191
1873670 191
1873680 192
1873690 192
1873700 192
1873710 192
1873720 193
1873730 193
1873740 193
1873750 193
1873760 193
1873770 193
1873780 194
1873790 194
1873800 194
1873810 194
1873820 194
1873830 194
1873840 194
1873850 194
1873860 194
1873870 194
1873880 194
1873890 194
1873900 194
1873910 195
1873920 195
1873930 195
1873940 195
1873950 195
1873960 195
1873970 195
1873980 195
1873990 195
1874000 195
1874010 194
1874020 194
1874030 194
1874040 194
1874050 194
1874060 194
1874070 194
1874080 194
1874090 194
1874100 194
1874110 194
1874120 194
1874130 194
1874140 194
1874150 193
1874160 193
1874170 193
1874180 193
1874190 193
1874200 193
1874210 193
1874220 193
1874230 193
1874240 193
1874250 193
1874260 193
1874270 193
1874280 193
1874290 193
1874300 192
1874310 192
1874320 192
1874330 192
1874340 192
1874350 192
1874360 192
1874370 191
1874380 191
1874390 191
1874400 190
1874410 190
1874420 190
1874430 190
1874440 190
1874450 189
1874460 189
1874470 189
1874480 188
1874490 188
1874500 188
1874510 187
1874520 187
1874530 187
1874540 186
1874550 184
1874560 184
1874570 183
1874580 182
1874590 182
1874600 181
1874610 180
1874620 180
1874630 179
1874640 178
1874650 178
1874660 177
1874670 177
1874680 177
1874690 177
1874700 176
1874710 176
1874720 176
1874730 176
1874740 176
1874750 176
1874760 176
1874770 176
1874780 176
1874790 174
1874800 174
1874810 172
1874820 171
1874830 171
1874840 171
1874850 172
1874860 172
1874870 172
1874880 173
1874890 173
1874900 173
1874910 173
1874920 173
1874930 172
1874940 172
1874950 172
1874960 172
1874970 172
1874980 172
1874990 172
1875000 172
1875010 172
1875020 173
1875030 173
1875040 174
1875050 175
1875060 175
1875070 176
1875080 178
1875090 178
1875100 178
1875110 179
1875120 179
1875130 179
1875140 178
1875150 178
1875160 178
1875170 177
1875180 177
1875190 176
1875200 176
1875210 176
1875220 174
1875230 173
1875240 173
1875250 172
1875260 170
1875270 170
1875280 169
1875290 167
1875300 168
1875310 167
1875320 166
1875330 166
1875340 165
1875350 165
1875360 165
1875370 164
1875380 163
1875390 163
1875400 163
1875410 161
1875420 161
1875430 161
1875440 160
1875450 160
1875460 160
1875470 159
1875480 159
1875490 159
1875500 159
1875510 159
1875520 159
1875530 157
1875540 157
1875550 157
1875560 157
1875570 157
1875580 157
1875590 156
1875600 156
1875610 156
1875620 156
1875630 156
1875640 155
1875650 155
1875660 155
1875670 155
1875680 155
1875690 155
1875700 155
1875710 155
1875720 155
1875730 155
1875740 155
1875750 155
1875760 155
1875770 155
1875780 155
1875790 155
1875800 155
1875810 155
1875820 154
1875830 154
1875840 154
1875850 154
1875860 154
1875870 154
1875880 154
1875890 154
1875900 154
1875910 154
1875920 154
1875930 154
1875940 154
1875950 154
1875960 154
1875970 154
1875980 154
1875990 154
1876000 154
1876010 154
1876020 154
1876030 154
1876040 154
1876050 153
1876060 153
1876070 153
1876080 153
1876090 153
1876100 153
1876110 153
1876120 153
1876130 153
1876140 152
1876150 152
1876160 152
1876170 152
1876180 152
1876190 152
1876200 152
1876210 152
1876220 152
1876230 151
1876240 151
1876250 151
1876260 151
1876270 151
1876280 151
1876290 151
1876300 151
1876310 151
1876320 151
1876330 151
1876340 151
1876350 150
1876360 150
1876370 150
1876380 150
1876390 150
1876400 150
1876410 150
1876420 150
1876430 150
1876440 150
1876450 149
1876460 149
1876470 149
1876480 149
1876490 149
1876500 149
1876510 149
1876520 149
1876530 149
1876540 149
1876550 149
1876560 149
1876570 149
1876580 149
1876590 149
1876600 149
1876610 149
1876620 149
1876630 149
1876640 149
1876650 149
1876660 149
1876670 149
1876680 149
1876690 149
1876700 149
1876710 149
1876720 149
1876730 149
1876740 149
1876750 148
1876760 148
1876770 148
1876780 148
1876790 148
1876800 148
1876810 149
1876820 149
1876830 149
1876840 149
1876850 149
1876860 149
1876870 149
1876880 149
1876890 149
1876900 148
1876910 148
1876920 148
1876930 148
1876940 148
1876950 148
1876960 148
1876970 148
1876980 147
1876990 147
1877000 147
1877010 147
1877020 147
1877030 147
1877040 147
1877050 147
1877060 147
1877070 147
1877080 147
1877090 147
1877100 147
1877110 147
1877120 148
1877130 148
1877140 148
1877150 148
1877160 148
1877170 148
1877180 148
1877190 149
1877200 149
1877210 148
1877220 148
1877230 148
1877240 148
1877250 148
1877260 148
1877270 147
1877280 146
1877290 146
1877300 146
1877310 146
1877320 146
1877330 146
1877340 146
1877350 146
1877360 146
1877370 146
1877380 146
1877390 147
1877400 147
1877410 147
1877420 147
1877430 147
1877440 147
1877450 148
1877460 148
1877470 148
1877480 147
1877490 147
1877500 147
1877510 147
1877520 147
1877530 147
1877540 147
1877550 147
1877560 147
1877570 147
1877580 147
1877590 147
1877600 147
1877610 147
1877620 147
1877630 147
1877640 147
1877650 147
1877660 147
1877670 147
1877680 147
1877690 147
1877700 147
1877710 147
1877720 147
1877730 147
1877740 147
1877750 147
1877760 147
1877770 147
1877780 147
1877790 147
1877800 147
1877810 147
1877820 147
1877830 147
1877840 147
1877850 147
1877860 147
1877870 147
1877880 147
1877890 147
1877900 147
1877910 147
1877920 147
1877930 147
1877940 147
1877950 147
1877960 147
1877970 147
1877980 147
1877990 147
1878000 147
1878010 146
1878020 146
1878030 146
1878040 146
1878050 146
1878060 146
1878070 146
1878080 146
1878090 146
1878100 146
1878110 146
1878120 146
1878130 146
1878140 146
1878150 146
1878160 146
1878170 146
1878180 146
1878190 146
1878200 146
1878210 146
1878220 146
1878230 146
1878240 146
1878250 146
1878260 147
1878270 147
1878280 146
1878290 146
1878300 146
1878310 146
1878320 145
1878330 145
1878340 145
1878350 145
1878360 145
1878370 145
1878380 145
1878390 145
1878400 145
1878410 146
1878420 146
1878430 146
1878440 146
1878450 146
1878460 146
1878470 146
1878480 146
1878490 146
1878500 146
1878510 146
1878520 146
1878530 146
1878540 146
1878550 146
1878560 146
1878570 146
1878580 146
1878590 146
1878600 146
1878610 146
1878620 147
1878630 147
1878640 149
1878650 150
1878660 150
1878670 147
1878680 146
1878690 146
1878700 146
1878710 147
1878720 147
1878730 147
1878740 146
1878750 146
1878760 146
1878770 146
1878780 146
1878790 146
1878800 146
1878810 146
1878820 146
1878830 146
1878840 146
1878850 145
1878860 144
1878870 144
1878880 144
1878890 144
1878900 144
1878910 144
1878920 144
1878930 144
1878940 144
1878950 144
1878960 144
1878970 145
1878980 145
1878990 146
1879000 146
1879010 146
1879020 146
1879030 146
1879040 146
1879050 146
1879060 146
1879070 146
