1860000 201
1860010 201
1860020 200
1860030 199
1860040 198
1860050 197
1860060 195
1860070 195
1860080 191
1860090 191
1860100 191
1860110 193
1860120 193
1860130 193
1860140 190
1860150 187
1860160 187
1860170 186
1860180 186
1860190 186
1860200 188
1860210 188
1860220 187
1860230 186
1860240 186
1860250 186
1860260 185
1860270 185
1860280 184
1860290 184
1860300 184
1860310 184
1860320 184
1860330 184
1860340 183
1860350 183
1860360 183
1860370 182
1860380 181
1860390 180
1860400 179
1860410 177
1860420 177
1860430 177
1860440 175
1860450 175
1860460 175
1860470 175
1860480 175
1860490 174
1860500 174
1860510 174
1860520 174
1860530 173
1860540 173
1860550 174
1860560 174
1860570 174
1860580 174
1860590 174
1860600 174
1860610 174
1860620 174
1860630 174
1860640 174
1860650 174
1860660 174
1860670 174
1860680 174
1860690 174
1860700 174
1860710 173
1860720 173
1860730 172
1860740 172
1860750 172
1860760 173
1860770 173
1860780 173
1860790 173
1860800 174
1860810 174
1860820 174
1860830 174
1860840 174
1860850 174
1860860 176
1860870 176
1860880 177
1860890 179
1860900 179
1860910 181
1860920 181
1860930 181
1860940 181
1860950 181
1860960 181
1860970 181
1860980 182
1860990 182
1861000 182
1861010 183
1861020 183
1861030 181
1861040 180
1861050 180
1861060 179
1861070 179
1861080 179
1861090 181
1861100 187
1861110 187
1861120 188
1861130 187
1861140 187
1861150 186
1861160 186
1861170 186
1861180 187
1861190 190
1861200 190
1861210 191
1861220 191
1861230 189
1861240 192
1861250 192
1861260 195
1861270 195
1861280 195
1861290 195
1861300 195
1861310 195
1861320 195
1861330 195
1861340 195
1861350 195
1861360 195
1861370 195
1861380 196
1861390 196
1861400 196
1861410 196
1861420 196
1861430 197
1861440 198
1861450 198
1861460 198
1861470 199
1861480 200
1861490 200
1861500 201
1861510 202
1861520 202
1861530 203
1861540 203
1861550 203
1861560 204
1861570 205
1861580 205
1861590 206
1861600 207
1861610 207
1861620 207
1861630 207
1861640 207
1861650 207
1861660 207
1861670 207
1861680 207
1861690 207
1861700 207
1861710 207
1861720 207
1861730 207
1861740 207
1861750 207
1861760 207
1861770 207
1861780 207
1861790 207
1861800 207
1861810 207
1861820 207
1861830 207
1861840 207
1861850 207
1861860 207
1861870 207
1861880 207
1861890 207
1861900 206
1861910 206
1861920 207
1861930 207
1861940 207
1861950 206
1861960 206
1861970 206
1861980 206
1861990 206
1862000 206
1862010 206
1862020 206
1862030 206
1862040 206
1862050 206
1862060 206
1862070 205
1862080 205
1862090 205
1862100 204
1862110 203
1862120 203
1862130 202
1862140 201
1862150 201
1862160 201
1862170 200
1862180 200
1862190 200
1862200 200
1862210 200
1862220 200
1862230 200
1862240 200
1862250 200
1862260 200
1862270 200
1862280 200
1862290 200
1862300 200
1862310 200
1862320 200
1862330 200
1862340 199
1862350 199
1862360 199
1862370 199
1862380 199
1862390 200
1862400 201
1862410 201
1862420 202
1862430 203
1862440 203
1862450 204
1862460 205
1862470 205
1862480 205
1862490 206
1862500 206
1862510 206
1862520 206
1862530 206
1862540 206
1862550 206
1862560 206
1862570 206
1862580 206
1862590 206
1862600 206
1862610 206
1862620 206
1862630 206
1862640 206
1862650 206
1862660 206
1862670 206
1862680 206
1862690 206
1862700 206
1862710 206
1862720 207
1862730 207
1862740 207
1862750 207
1862760 208
1862770 208
1862780 208
1862790 209
1862800 209
1862810 210
1862820 210
1862830 210
1862840 210
1862850 211
1862860 211
1862870 211
1862880 210
1862890 210
1862900 210
1862910 210
1862920 210
1862930 209
1862940 209
1862950 209
1862960 209
1862970 208
1862980 208
1862990 208
1863000 208
1863010 208
1863020 207
1863030 207
1863040 207
1863050 207
1863060 206
1863070 206
1863080 206
1863090 206
1863100 206
1863110 207
1863120 207
1863130 207
1863140 207
1863150 207
1863160 207
1863170 208
1863180 208
1863190 208
1863200 208
1863210 209
1863220 209
1863230 209
1863240 209
1863250 209
1863260 209
1863270 209
1863280 209
1863290 209
1863300 209
1863310 209
1863320 208
1863330 208
1863340 208
1863350 208
1863360 208
1863370 208
1863380 207
1863390 207
1863400 207
1863410 206
1863420 206
1863430 206
1863440 205
1863450 205
1863460 205
1863470 204
1863480 204
1863490 204
1863500 203
1863510 203
1863520 203
1863530 202
1863540 202
1863550 201
1863560 200
1863570 200
1863580 198
1863590 197
1863600 197
1863610 196
1863620 195
1863630 195
1863640 195
1863650 195
1863660 195
1863670 196
1863680 196
1863690 196
1863700 197
1863710 197
1863720 197
1863730 199
1863740 200
1863750 200
1863760 201
1863770 203
1863780 203
1863790 203
1863800 204
1863810 204
1863820 205
1863830 205
1863840 206
1863850 206
1863860 207
1863870 207
1863880 207
1863890 207
1863900 207
1863910 207
1863920 208
1863930 208
1863940 208
1863950 208
1863960 208
1863970 209
1863980 209
1863990 209
1864000 209
1864010 209
1864020 209
1864030 208
1864040 208
1864050 208
1864060 208
1864070 208
1864080 208
1864090 207
1864100 207
1864110 207
1864120 206
1864130 205
1864140 205
1864150 203
1864160 202
1864170 202
1864180 201
1864190 200
1864200 200
1864210 199
1864220 198
1864230 198
1864240 198
1864250 197
1864260 197
1864270 197
1864280 196
1864290 196
1864300 196
1864310 196
1864320 195
1864330 195
1864340 195
1864350 194
1864360 194
1864370 194
1864380 193
1864390 193
1864400 193
1864410 193
1864420 193
1864430 193
1864440 193
1864450 192
1864460 192
1864470 192
1864480 193
1864490 193
1864500 193
1864510 193
1864520 193
1864530 195
1864540 195
1864550 195
1864560 196
1864570 197
1864580 197
1864590 198
1864600 199
1864610 199
1864620 199
1864630 200
1864640 200
1864650 201
1864660 201
1864670 201
1864680 201
1864690 202
1864700 202
1864710 202
1864720 203
1864730 203
1864740 203
1864750 203
1864760 203
1864770 204
1864780 204
1864790 204
1864800 204
1864810 204
1864820 204
1864830 204
1864840 204
1864850 204
1864860 204
1864870 205
1864880 205
1864890 205
1864900 204
1864910 204
1864920 204
1864930 204
1864940 204
1864950 204
1864960 204
1864970 204
1864980 204
1864990 204
1865000 204
1865010 203
1865020 203
1865030 203
1865040 203
1865050 203
1865060 203
1865070 203
1865080 203
1865090 203
1865100 203
1865110 203
1865120 203
1865130 203
1865140 202
1865150 202
1865160 202
1865170 202
1865180 202
1865190 202
1865200 202
1865210 202
1865220 202
1865230 202
1865240 202
1865250 202
1865260 202
1865270 202
1865280 202
1865290 202
1865300 202
1865310 201
1865320 201
1865330 201
1865340 201
1865350 201
1865360 201
1865370 200
1865380 200
1865390 200
1865400 200
1865410 200
1865420 200
1865430 200
1865440 200
1865450 200
1865460 199
1865470 199
1865480 199
1865490 199
1865500 199
1865510 199
1865520 198
1865530 198
1865540 198
1865550 197
1865560 197
1865570 197
1865580 196
1865590 196
1865600 196
1865610 195
1865620 195
1865630 194
1865640 192
1865650 192
1865660 191
1865670 189
1865680 189
1865690 187
1865700 186
1865710 186
1865720 184
1865730 183
1865740 183
1865750 182
1865760 181
1865770 181
1865780 180
1865790 179
1865800 179
1865810 178
1865820 178
1865830 178
1865840 179
1865850 179
1865860 179
1865870 180
1865880 181
1865890 180
1865900 180
1865910 180
1865920 180
1865930 180
1865940 179
1865950 179
1865960 178
1865970 177
1865980 177
1865990 176
1866000 175
1866010 175
1866020 175
1866030 174
1866040 174
1866050 173
1866060 173
1866070 173
1866080 172
1866090 171
1866100 171
1866110 170
1866120 170
1866130 170
1866140 169
1866150 168
1866160 168
1866170 168
1866180 167
1866190 167
1866200 167
1866210 167
1866220 167
1866230 167
1866240 166
1866250 166
1866260 166
1866270 166
1866280 166
1866290 166
1866300 166
1866310 166
1866320 166
1866330 166
1866340 166
1866350 166
1866360 166
1866370 166
1866380 166
1866390 166
1866400 167
1866410 167
1866420 167
1866430 167
1866440 167
1866450 167
1866460 168
1866470 168
1866480 168
1866490 169
1866500 170
1866510 170
1866520 172
1866530 174
1866540 174
1866550 176
1866560 178
1866570 178
1866580 182
1866590 183
1866600 183
1866610 184
1866620 186
1866630 186
1866640 187
1866650 188
1866660 188
1866670 189
1866680 190
1866690 190
1866700 192
1866710 193
1866720 193
1866730 193
1866740 193
1866750 193
1866760 193
1866770 194
1866780 194
1866790 194
1866800 194
1866810 194
1866820 195
1866830 195
1866840 195
1866850 195
1866860 196
1866870 196
1866880 196
1866890 196
1866900 196
1866910 195
1866920 195
1866930 195
1866940 194
1866950 193
1866960 193
1866970 192
1866980 191
1866990 191
1867000 189
1867010 188
1867020 188
1867030 188
1867040 189
1867050 189
1867060 189
1867070 189
1867080 189
1867090 190
1867100 191
1867110 191
1867120 191
1867130 192
1867140 192
1867150 192
1867160 193
1867170 193
1867180 193
1867190 193
1867200 193
1867210 193
1867220 193
1867230 193
1867240 193
1867250 193
1867260 193
1867270 193
1867280 193
1867290 193
1867300 193
1867310 192
1867320 192
1867330 192
1867340 192
1867350 192
1867360 191
1867370 191
1867380 191
1867390 191
1867400 191
1867410 191
1867420 190
1867430 190
1867440 190
1867450 190
1867460 190
1867470 190
1867480 189
1867490 189
1867500 189
1867510 188
1867520 188
1867530 187
1867540 187
1867550 187
1867560 186
1867570 185
1867580 185
1867590 184
1867600 182
1867610 182
1867620 180
1867630 175
1867640 175
1867650 179
1867660 182
1867670 182
1867680 183
1867690 184
1867700 184
1867710 184
1867720 184
1867730 184
1867740 185
1867750 184
1867760 184
1867770 184
1867780 184
1867790 184
1867800 184
1867810 184
1867820 184
1867830 185
1867840 184
1867850 184
1867860 184
1867870 184
1867880 184
1867890 183
1867900 183
1867910 183
1867920 182
1867930 181
1867940 180
1867950 179
1867960 177
1867970 177
1867980 176
1867990 176
1868000 176
1868010 176
1868020 177
1868030 177
1868040 177
1868050 178
1868060 178
1868070 177
1868080 177
1868090 177
1868100 176
1868110 176
1868120 176
1868130 176
1868140 175
1868150 175
1868160 175
1868170 174
1868180 174
1868190 174
1868200 173
1868210 173
1868220 173
1868230 173
1868240 173
1868250 172
1868260 170
1868270 170
1868280 169
1868290 169
1868300 169
1868310 169
1868320 169
1868330 169
1868340 168
1868350 168
1868360 168
1868370 167
1868380 167
1868390 167
1868400 167
1868410 167
1868420 167
1868430 166
1868440 166
1868450 166
1868460 166
1868470 166
1868480 166
1868490 166
1868500 166
1868510 166
1868520 166
1868530 166
1868540 165
1868550 165
1868560 165
1868570 165
1868580 164
1868590 164
1868600 164
1868610 163
1868620 163
1868630 163
1868640 163
1868650 163
1868660 162
1868670 162
1868680 162
1868690 162
1868700 162
1868710 162
1868720 162
1868730 162
1868740 162
1868750 162
1868760 162
1868770 162
1868780 162
1868790 162
1868800 162
1868810 162
1868820 162
1868830 162
1868840 162
1868850 162
1868860 162
1868870 162
1868880 162
1868890 162
1868900 162
1868910 162
1868920 162
1868930 162
1868940 162
1868950 162
1868960 162
1868970 162
1868980 162
1868990 162
1869000 162
1869010 162
1869020 162
1869030 162
1869040 162
1869050 161
1869060 161
1869070 161
1869080 161
1869090 161
1869100 161
1869110 161
1869120 161
1869130 161
1869140 161
1869150 161
1869160 161
1869170 161
1869180 161
1869190 161
1869200 161
1869210 161
1869220 161
1869230 162
1869240 163
1869250 163
1869260 165
1869270 169
1869280 169
1869290 172
1869300 178
1869310 178
1869320 183
1869330 184
1869340 184
1869350 186
1869360 187
1869370 187
1869380 188
1869390 188
1869400 188
1869410 188
1869420 188
1869430 188
1869440 188
1869450 188
1869460 188
1869470 188
1869480 188
1869490 188
1869500 188
1869510 188
1869520 187
1869530 186
1869540 186
1869550 186
1869560 186
1869570 186
1869580 185
1869590 185
1869600 185
1869610 185
1869620 184
1869630 184
1869640 183
1869650 183
1869660 183
1869670 182
1869680 182
1869690 182
1869700 181
1869710 181
1869720 181
1869730 181
1869740 180
1869750 180
1869760 179
1869770 179
1869780 179
1869790 178
1869800 177
1869810 177
1869820 177
1869830 177
1869840 177
1869850 177
1869860 176
1869870 176
1869880 176
1869890 175
1869900 175
1869910 174
1869920 172
1869930 172
1869940 172
1869950 172
1869960 172
1869970 170
1869980 169
1869990 169
1870000 167
1870010 164
1870020 164
1870030 163
1870040 162
1870050 162
1870060 162
1870070 162
1870080 162
1870090 162
1870100 162
1870110 162
1870120 161
1870130 162
1870140 162
1870150 162
1870160 164
1870170 164
1870180 165
1870190 166
1870200 166
1870210 167
1870220 170
1870230 170
1870240 172
1870250 174
1870260 174
1870270 176
1870280 176
1870290 176
1870300 174
1870310 175
1870320 175
1870330 175
1870340 174
1870350 174
1870360 174
1870370 176
1870380 176
1870390 178
1870400 180
1870410 180
1870420 182
1870430 182
1870440 185
1870450 187
1870460 187
1870470 188
1870480 189
1870490 189
1870500 190
1870510 191
1870520 191
1870530 192
1870540 193
1870550 193
1870560 193
1870570 193
1870580 193
1870590 193
1870600 193
1870610 193
1870620 194
1870630 194
1870640 194
1870650 193
1870660 193
1870670 193
1870680 193
1870690 192
1870700 192
1870710 192
1870720 191
1870730 191
1870740 190
1870750 190
1870760 190
1870770 189
1870780 188
1870790 188
1870800 187
1870810 186
1870820 186
1870830 185
1870840 184
1870850 184
1870860 183
1870870 183
1870880 183
1870890 182
1870900 183
1870910 183
1870920 183
1870930 184
1870940 184
1870950 184
1870960 185
1870970 185
1870980 185
1870990 186
1871000 186
1871010 186
1871020 186
1871030 186
1871040 186
1871050 187
1871060 187
1871070 189
1871080 189
1871090 189
1871100 188
1871110 188
1871120 188
1871130 188
1871140 189
1871150 189
1871160 189
1871170 190
1871180 190
1871190 190
1871200 190
1871210 190
1871220 191
1871230 191
1871240 191
1871250 191
1871260 191
1871270 191
1871280 191
1871290 191
1871300 191
1871310 191
1871320 191
1871330 191
1871340 191
1871350 191
1871360 191
1871370 190
1871380 190
1871390 190
1871400 190
1871410 190
1871420 190
1871430 190
1871440 190
1871450 190
1871460 189
1871470 189
1871480 189
1871490 189
1871500 189
1871510 189
1871520 189
1871530 189
1871540 188
1871550 188
1871560 188
1871570 188
1871580 188
1871590 188
1871600 187
1871610 187
1871620 187
1871630 187
1871640 187
1871650 187
1871660 186
1871670 185
1871680 185
1871690 185
1871700 185
1871710 185
1871720 184
1871730 184
1871740 184
1871750 183
1871760 183
1871770 183
1871780 182
1871790 182
1871800 182
1871810 181
1871820 180
1871830 180
1871840 180
1871850 179
1871860 179
1871870 179
1871880 178
1871890 178
1871900 178
1871910 177
1871920 177
1871930 177
1871940 176
1871950 176
1871960 176
1871970 175
1871980 175
1871990 175
1872000 174
1872010 174
1872020 173
1872030 173
1872040 173
1872050 172
1872060 172
1872070 172
1872080 172
1872090 171
1872100 171
1872110 171
1872120 171
1872130 171
1872140 171
1872150 171
1872160 171
1872170 171
1872180 171
1872190 171
1872200 171
1872210 171
1872220 171
1872230 171
1872240 170
1872250 170
1872260 170
1872270 170
1872280 170
1872290 170
1872300 170
1872310 170
1872320 168
1872330 171
1872340 171
1872350 174
1872360 174
1872370 174
1872380 175
1872390 176
1872400 176
1872410 176
1872420 177
1872430 177
1872440 177
1872450 177
1872460 178
1872470 178
1872480 178
1872490 178
1872500 178
1872510 178
1872520 178
1872530 178
1872540 178
1872550 178
1872560 177
1872570 177
1872580 177
1872590 176
1872600 176
1872610 175
1872620 174
1872630 174
1872640 173
1872650 172
1872660 172
1872670 172
1872680 171
1872690 171
1872700 170
1872710 169
1872720 169
1872730 167
1872740 166
1872750 166
1872760 165
1872770 164
1872780 164
1872790 163
1872800 162
1872810 162
1872820 161
1872830 161
1872840 161
1872850 160
1872860 160
1872870 160
1872880 160
1872890 159
1872900 159
1872910 159
1872920 159
1872930 159
1872940 159
1872950 159
1872960 159
1872970 159
1872980 159
1872990 159
1873000 159
1873010 160
1873020 160
1873030 162
1873040 164
1873050 164
1873060 165
1873070 166
1873080 166
1873090 166
1873100 165
1873110 165
1873120 164
1873130 162
1873140 162
1873150 161
1873160 160
1873170 160
1873180 159
1873190 159
1873200 159
1873210 159
1873220 159
1873230 159
1873240 159
1873250 159
1873260 159
1873270 159
1873280 159
1873290 159
1873300 159
1873310 159
1873320 159
1873330 159
1873340 161
1873350 161
1873360 161
1873370 161
1873380 161
1873390 161
1873400 161
1873410 161
1873420 161
1873430 161
1873440 161
1873450 161
1873460 161
1873470 161
1873480 161
1873490 161
1873500 161
1873510 162
1873520 162
1873530 164
1873540 167
1873550 167
1873560 170
1873570 174
1873580 174
1873590 178
1873600 182
1873610 182
1873620 187
1873630 190
1873640 190
1873650 190
1873660 191
1873670 191
1873680 192
1873690 192
1873700 192
1873710 193
1873720 193
1873730 193
1873740 193
1873750 194
1873760 194
1873770 194
1873780 194
1873790 194
1873800 194
1873810 194
1873820 194
1873830 194
1873840 194
1873850 194
1873860 194
1873870 194
1873880 194
1873890 194
1873900 194
1873910 194
1873920 194
1873930 194
1873940 194
1873950 194
1873960 194
1873970 194
1873980 194
1873990 194
1874000 194
1874010 193
1874020 193
1874030 193
1874040 193
1874050 193
1874060 193
1874070 193
1874080 192
1874090 192
1874100 192
1874110 192
1874120 192
1874130 192
1874140 192
1874150 192
1874160 192
1874170 192
1874180 192
1874190 192
1874200 192
1874210 192
1874220 192
1874230 191
1874240 191
1874250 191
1874260 191
1874270 191
1874280 191
1874290 191
1874300 191
1874310 191
1874320 190
1874330 190
1874340 191
1874350 190
1874360 190
1874370 190
1874380 190
1874390 190
1874400 190
1874410 190
1874420 190
1874430 190
1874440 190
1874450 190
1874460 190
1874470 190
1874480 190
1874490 190
1874500 190
1874510 190
1874520 190
1874530 190
1874540 190
1874550 190
1874560 190
1874570 190
1874580 190
1874590 190
1874600 190
1874610 190
1874620 190
1874630 190
1874640 190
1874650 190
1874660 190
1874670 190
1874680 190
1874690 190
1874700 190
1874710 190
1874720 190
1874730 190
1874740 190
1874750 190
1874760 190
1874770 190
1874780 190
1874790 189
1874800 189
1874810 189
1874820 189
1874830 189
1874840 188
1874850 188
1874860 188
1874870 187
1874880 186
1874890 186
1874900 186
1874910 186
1874920 186
1874930 186
1874940 187
1874950 187
1874960 187
1874970 187
1874980 187
1874990 188
1875000 188
1875010 188
1875020 188
1875030 188
1875040 188
1875050 188
1875060 187
1875070 187
1875080 187
1875090 186
1875100 186
1875110 186
1875120 185
1875130 185
1875140 184
1875150 183
1875160 183
1875170 181
1875180 177
1875190 177
1875200 176
1875210 174
1875220 174
1875230 173
1875240 173
1875250 173
1875260 175
1875270 175
1875280 175
1875290 176
1875300 174
1875310 174
1875320 173
1875330 175
1875340 175
1875350 179
1875360 178
1875370 178
1875380 178
1875390 178
1875400 178
1875410 178
1875420 177
1875430 177
1875440 177
1875450 176
1875460 176
1875470 174
1875480 172
1875490 172
1875500 171
1875510 171
1875520 170
1875530 169
1875540 169
1875550 168
1875560 167
1875570 167
1875580 166
1875590 165
1875600 165
1875610 164
1875620 163
1875630 163
1875640 162
1875650 161
1875660 161
1875670 161
1875680 160
1875690 160
1875700 160
1875710 160
1875720 160
1875730 159
1875740 158
1875750 158
1875760 157
1875770 157
1875780 157
1875790 156
1875800 156
1875810 156
1875820 155
1875830 155
1875840 155
1875850 155
1875860 155
1875870 155
1875880 155
1875890 155
1875900 155
1875910 155
1875920 154
1875930 154
1875940 154
1875950 154
1875960 154
1875970 154
1875980 154
1875990 154
1876000 154
1876010 154
1876020 154
1876030 153
1876040 153
1876050 153
1876060 153
1876070 153
1876080 153
1876090 153
1876100 153
1876110 153
1876120 153
1876130 153
1876140 153
1876150 153
1876160 153
1876170 153
1876180 153
1876190 153
1876200 153
1876210 154
1876220 154
1876230 154
1876240 154
1876250 154
1876260 154
1876270 153
1876280 153
1876290 153
1876300 153
1876310 153
1876320 153
1876330 152
1876340 152
1876350 152
1876360 152
1876370 151
1876380 151
1876390 151
1876400 151
1876410 151
1876420 150
1876430 150
1876440 150
1876450 149
1876460 149
1876470 149
1876480 148
1876490 148
1876500 148
1876510 148
1876520 148
1876530 148
1876540 148
1876550 148
1876560 147
1876570 147
1876580 147
1876590 147
1876600 147
1876610 147
1876620 147
1876630 147
1876640 147
1876650 147
1876660 147
1876670 147
1876680 147
1876690 147
1876700 147
1876710 147
1876720 147
1876730 147
1876740 147
1876750 147
1876760 147
1876770 146
1876780 146
1876790 146
1876800 146
1876810 147
1876820 147
1876830 147
1876840 147
1876850 147
1876860 147
1876870 147
1876880 147
1876890 147
1876900 147
1876910 147
1876920 147
1876930 147
1876940 147
1876950 147
1876960 147
1876970 147
1876980 147
1876990 148
1877000 148
1877010 148
1877020 148
1877030 148
1877040 148
1877050 148
1877060 148
1877070 148
1877080 148
1877090 148
1877100 148
1877110 148
1877120 148
1877130 148
1877140 147
1877150 147
1877160 147
1877170 147
1877180 147
1877190 147
1877200 147
1877210 147
1877220 147
1877230 147
1877240 147
1877250 147
1877260 147
1877270 147
1877280 146
1877290 146
1877300 146
1877310 147
1877320 148
1877330 148
1877340 148
1877350 148
1877360 148
1877370 148
1877380 148
1877390 148
1877400 147
1877410 146
1877420 146
1877430 146
1877440 146
1877450 146
1877460 146
1877470 147
1877480 147
1877490 147
1877500 147
1877510 147
1877520 147
1877530 147
1877540 147
1877550 147
1877560 147
1877570 146
1877580 146
1877590 146
1877600 146
1877610 146
1877620 146
1877630 147
1877640 147
1877650 147
1877660 147
1877670 147
1877680 147
1877690 147
1877700 147
1877710 147
1877720 147
1877730 147
1877740 147
1877750 147
1877760 147
1877770 147
1877780 147
1877790 147
1877800 147
1877810 147
1877820 147
1877830 147
1877840 147
1877850 147
1877860 147
1877870 147
1877880 147
1877890 147
1877900 146
1877910 146
1877920 146
1877930 146
1877940 146
1877950 146
1877960 146
1877970 146
1877980 146
1877990 146
1878000 146
1878010 146
1878020 147
1878030 146
1878040 146
1878050 147
1878060 147
1878070 147
1878080 147
1878090 147
1878100 147
1878110 147
1878120 147
1878130 147
1878140 147
1878150 147
1878160 147
1878170 147
1878180 147
1878190 147
1878200 147
1878210 147
1878220 147
1878230 147
1878240 147
1878250 147
1878260 147
1878270 147
1878280 147
1878290 147
1878300 147
1878310 147
1878320 147
1878330 146
1878340 146
1878350 146
1878360 146
1878370 146
1878380 146
1878390 146
1878400 146
1878410 146
1878420 146
1878430 146
1878440 145
1878450 146
1878460 146
1878470 146
1878480 146
1878490 146
1878500 146
1878510 146
1878520 146
1878530 146
1878540 146
1878550 145
1878560 145
1878570 145
1878580 145
1878590 145
1878600 145
1878610 145
1878620 146
1878630 146
1878640 146
1878650 146
1878660 146
1878670 146
1878680 146
1878690 146
1878700 146
1878710 146
1878720 146
1878730 146
1878740 146
1878750 146
1878760 146
1878770 146
1878780 146
1878790 146
1878800 148
1878810 148
1878820 150
1878830 148
1878840 148
1878850 145
1878860 145
1878870 145
1878880 146
1878890 146
1878900 146
1878910 146
1878920 146
1878930 146
1878940 147
1878950 147
1878960 147
1878970 146
1878980 145
1878990 145
1879000 144
1879010 144
1879020 144
1879030 145
1879040 145
1879050 145
1879060 145
1879070 146
1879080 146
1879090 146
1879100 146
1879110 146
1879120 146
1879130 146
1879140 146
1879150 146
1879160 146
1879170 146
1879180 146
1879270 146
1879280 146
1879290 146
1879300 146
1879310 146
1879320 146
1879330 146
1879340 146
1879350 146
1879360 146
1879370 146
1879380 146
1879390 146
1879400 146
1879410 146
1879480 147
1879490 147
1879500 147
1879510 147
1879520 146
1879530 146
1879540 146
1879550 146
1879560 146
1879570 147
1879580 147
1879590 147
1879600 147
1879610 147
1879620 146
1879630 146
1879640 146
1879650 145
1879660 145
1879670 145
1879680 145
1879690 145
1879700 145
1879710 145
1879720 145
1879730 145
1879740 145
1879750 145
1879760 145
1879770 145
1879780 146
1879790 146
1879800 146
1879810 146
1879820 146
1879830 146
1879840 146
1879850 146
1879860 146
1879870 146
1879880 146
1879890 146
1879900 146
1879910 146
1879920 146
1879930 146
1879940 146
1879950 146
1879960 146
1879970 146
1879980 146
1879990 146
