1860000 215
1860010 215
1860020 215
1860030 215
1860040 215
1860050 215
1860060 215
1860070 215
1860080 215
1860090 215
1860100 215
1860110 215
1860120 215
1860130 215
1860140 215
1860150 216
1860160 216
1860170 216
1860180 216
1860190 216
1860200 215
1860210 215
1860220 215
1860230 215
1860240 214
1860250 214
1860260 214
1860270 215
1860280 215
1860290 215
1860300 216
1860310 216
1860320 216
1860330 216
1860340 216
1860350 217
1860360 217
1860370 217
1860380 217
1860390 218
1860400 218
1860410 218
1860420 218
1860430 218
1860440 218
1860450 218
1860460 218
1860470 218
1860480 218
1860490 218
1860500 218
1860510 217
1860520 217
1860530 217
1860540 217
1860550 217
1860560 217
1860570 217
1860580 217
1860590 217
1860600 217
1860610 217
1860620 217
1860630 217
1860640 217
1860650 217
1860660 217
1860670 217
1860680 217
1860690 217
1860700 217
1860710 217
1860720 217
1860730 217
1860740 217
1860750 217
1860760 217
1860770 217
1860780 217
1860790 217
1860800 217
1860810 217
1860820 217
1860830 216
1860840 216
1860850 216
1860860 216
1860870 216
1860880 216
1860890 216
1860900 216
1860910 216
1860920 216
1860930 216
1860940 216
1860950 216
1860960 216
1860970 216
1860980 216
1860990 216
1861000 216
1861010 216
1861020 216
1861030 216
1861040 216
1861050 216
1861060 216
1861070 216
1861080 216
1861090 216
1861100 216
1861110 216
1861120 216
1861130 216
1861140 216
1861150 216
1861160 216
1861170 216
1861180 216
1861190 216
1861200 216
1861210 216
1861220 216
1861230 216
1861240 216
1861250 216
1861260 216
1861270 216
1861280 216
1861290 216
1861300 216
1861310 216
1861320 216
1861330 216
1861340 216
1861350 216
1861360 216
1861370 216
1861380 216
1861390 216
1861400 216
1861410 216
1861420 216
1861430 216
1861440 216
1861450 216
1861460 216
1861470 216
1861480 216
1861490 216
1861500 216
1861510 216
1861520 216
1861530 216
1861540 216
1861550 216
1861560 216
1861570 216
1861580 216
1861590 216
1861600 215
1861610 215
1861620 215
1861630 215
1861640 215
1861650 215
1861660 215
1861670 215
1861680 215
1861690 214
1861700 214
1861710 214
1861720 214
1861730 213
1861740 213
1861750 213
1861760 213
1861770 213
1861780 212
1861790 212
1861800 212
1861810 211
1861820 211
1861830 210
1861840 210
1861850 210
1861860 209
1861870 208
1861880 208
1861890 207
1861900 207
1861910 207
1861920 206
1861930 206
1861940 206
1861950 205
1861960 205
1861970 205
1861980 205
1861990 206
1862000 206
1862010 207
1862020 208
1862030 208
1862040 209
1862050 210
1862060 210
1862070 210
1862080 211
1862090 211
1862100 211
1862110 211
1862120 211
1862130 210
1862140 210
1862150 210
1862160 210
1862170 209
1862180 209
1862190 208
1862200 207
1862210 207
1862220 206
1862230 205
1862240 205
1862250 204
1862260 204
1862270 204
1862280 204
1862290 204
1862300 204
1862310 204
1862320 205
1862330 205
1862340 206
1862350 206
1862360 205
1862370 205
1862380 205
1862390 205
1862400 205
1862410 204
1862420 204
1862430 204
1862440 204
1862450 204
1862460 204
1862470 204
1862480 204
1862490 203
1862500 203
1862510 203
1862520 202
1862530 202
1862540 202
1862550 201
1862560 201
1862570 201
1862580 200
1862590 200
1862600 200
1862610 199
1862620 199
1862630 199
1862640 198
1862650 197
1862660 197
1862670 197
1862680 196
1862690 196
1862700 194
1862710 193
1862720 193
1862730 192
1862740 191
1862750 191
1862760 190
1862770 189
1862780 189
1862790 188
1862800 188
1862810 187
1862820 186
1862830 186
1862840 186
1862850 185
1862860 185
1862870 185
1862880 185
1862890 185
1862900 185
1862910 185
1862920 185
1862930 185
1862940 185
1862950 185
1862960 185
1862970 185
1862980 185
1862990 185
1863000 184
1863010 184
1863020 184
1863030 184
1863040 184
1863050 184
1863060 184
1863070 184
1863080 184
1863090 183
1863100 183
1863110 184
1863120 184
1863130 184
1863140 183
1863150 183
1863160 183
1863170 183
1863180 183
1863190 183
1863200 183
1863210 183
1863220 183
1863230 183
1863240 183
1863250 183
1863260 183
1863270 182
1863280 182
1863290 182
1863300 182
1863310 182
1863320 182
1863330 182
1863340 182
1863350 182
1863360 182
1863370 182
1863380 182
1863390 183
1863400 183
1863410 183
1863420 183
1863430 183
1863440 184
1863450 185
1863460 185
1863470 185
1863480 186
1863490 186
1863500 187
1863510 188
1863520 188
1863530 189
1863540 190
1863550 190
1863560 190
1863570 190
1863580 190
1863590 190
1863600 189
1863610 189
1863620 189
1863630 189
1863640 189
1863650 189
1863660 189
1863670 189
1863680 189
1863690 189
1863700 189
1863710 189
1863720 189
1863730 192
1863740 192
1863750 193
1863760 193
1863770 194
1863780 194
1863790 194
1863800 195
1863810 195
1863820 196
1863830 197
1863840 197
1863850 198
1863860 198
1863870 198
1863880 198
1863890 199
1863900 199
1863910 198
1863920 198
1863930 198
1863940 198
1863950 198
1863960 198
1863970 198
1863980 198
1863990 198
1864000 199
1864010 201
1864020 201
1864030 202
1864040 203
1864050 203
1864060 203
1864070 203
1864080 203
1864090 203
1864100 203
1864110 203
1864120 202
1864130 202
1864140 202
1864150 202
1864160 201
1864170 201
1864180 200
1864190 200
1864200 200
1864210 199
1864220 198
1864230 198
1864240 197
1864250 196
1864260 196
1864270 195
1864280 194
1864290 194
1864300 193
1864310 191
1864320 191
1864330 190
1864340 189
1864350 189
1864360 187
1864370 186
1864380 186
1864390 185
1864400 184
1864410 184
1864420 182
1864430 180
1864440 180
1864450 179
1864460 178
1864470 178
1864480 177
1864490 176
1864500 176
1864510 175
1864520 174
1864530 174
1864540 173
1864550 173
1864560 173
1864570 172
1864580 172
1864590 172
1864600 172
1864610 171
1864620 171
1864630 171
1864640 171
1864650 171
1864660 170
1864670 170
1864680 170
1864690 170
1864700 170
1864710 170
1864720 170
1864730 170
1864740 170
1864750 170
1864760 171
1864770 171
1864780 171
1864790 171
1864800 171
1864810 171
1864820 171
1864830 172
1864840 172
1864850 172
1864860 173
1864870 174
1864880 174
1864890 175
1864900 176
1864910 176
1864920 177
1864930 177
1864940 177
1864950 178
1864960 179
1864970 179
1864980 180
1864990 182
1865000 182
1865010 183
1865020 185
1865030 185
1865040 186
1865050 188
1865060 188
1865070 189
1865080 191
1865090 191
1865100 192
1865110 194
1865120 194
1865130 195
1865140 195
1865150 195
1865160 196
1865170 197
1865180 197
1865190 198
1865200 199
1865210 199
1865220 199
1865230 200
1865240 200
1865250 199
1865260 199
1865270 199
1865280 198
1865290 199
1865300 199
1865310 199
1865320 200
1865330 200
1865340 201
1865350 201
1865360 201
1865370 202
1865380 202
1865390 202
1865400 202
1865410 202
1865420 202
1865430 201
1865440 201
1865450 201
1865460 200
1865470 199
1865480 199
1865490 198
1865500 197
1865510 197
1865520 195
1865530 194
1865540 194
1865550 190
1865560 189
1865570 189
1865580 187
1865590 187
1865600 187
1865610 189
1865620 190
1865630 190
1865640 192
1865650 193
1865660 193
1865670 194
1865680 195
1865690 195
1865700 196
1865710 196
1865720 196
1865730 197
1865740 198
1865750 198
1865760 198
1865770 199
1865780 199
1865790 200
1865800 200
1865810 200
1865820 200
1865830 200
1865840 199
1865850 199
1865860 199
1865870 199
1865880 199
1865890 199
1865900 198
1865910 198
1865920 198
1865930 198
1865940 198
1865950 198
1865960 198
1865970 197
1865980 197
1865990 197
1866000 197
1866010 197
1866020 196
1866030 196
1866040 196
1866050 196
1866060 195
1866070 195
1866080 195
1866090 195
1866100 195
1866110 195
1866120 194
1866130 196
1866140 196
1866150 196
1866160 196
1866170 196
1866180 196
1866190 196
1866200 196
1866210 196
1866220 196
1866230 196
1866240 195
1866250 195
1866260 195
1866270 193
1866280 193
1866290 191
1866300 190
1866310 190
1866320 189
1866330 189
1866340 189
1866350 188
1866360 187
1866370 187
1866380 185
1866390 183
1866400 183
1866410 183
1866420 182
1866430 182
1866440 182
1866450 181
1866460 181
1866470 181
1866480 180
1866490 180
1866500 179
1866510 178
1866520 178
1866530 177
1866540 177
1866550 177
1866560 177
1866570 176
1866580 176
1866590 176
1866600 176
1866610 176
1866620 177
1866630 177
1866640 177
1866650 177
1866660 178
1866670 178
1866680 179
1866690 180
1866700 180
1866710 180
1866720 181
1866730 181
1866740 181
1866750 182
1866760 182
1866770 182
1866780 182
1866790 182
1866800 181
1866810 179
1866820 178
1866830 177
1866840 177
1866850 176
1866860 175
1866870 175
1866880 175
1866890 174
1866900 174
1866910 174
1866920 174
1866930 174
1866940 174
1866950 174
1866960 174
1866970 174
1866980 174
1866990 174
1867000 173
1867010 173
1867020 173
1867030 173
1867040 173
1867050 173
1867060 172
1867070 173
1867080 173
1867090 173
1867100 172
1867110 172
1867120 172
1867130 172
1867140 172
1867150 172
1867160 172
1867170 172
1867180 172
1867190 172
1867200 172
1867210 172
1867220 171
1867230 171
1867240 171
1867250 171
1867260 171
1867270 171
1867280 171
1867290 171
1867300 171
1867310 171
1867320 171
1867330 170
1867340 170
1867350 170
1867360 170
1867370 170
1867380 170
1867390 170
1867400 170
1867410 170
1867420 170
1867430 170
1867440 170
1867450 170
1867460 170
1867470 170
1867480 170
1867490 170
1867500 170
1867510 171
1867520 171
1867530 171
1867540 172
1867550 172
1867560 172
1867570 172
1867580 174
1867590 174
1867600 176
1867610 180
1867620 180
1867630 182
1867640 184
1867650 184
1867660 186
1867670 188
1867680 188
1867690 190
1867700 192
1867710 192
1867720 194
1867730 195
1867740 195
1867750 197
1867760 197
1867770 197
1867780 199
1867790 199
1867800 200
1867810 202
1867820 202
1867830 203
1867840 204
1867850 204
1867860 205
1867870 205
1867880 205
1867890 205
1867900 205
1867910 205
1867920 205
1867930 205
1867940 205
1867950 205
1867960 205
1867970 205
1867980 205
1867990 204
1868000 204
1868010 204
1868020 204
1868030 204
1868040 204
1868050 204
1868060 204
1868070 203
1868080 203
1868090 203
1868100 202
1868110 202
1868120 202
1868130 201
1868140 201
1868150 201
1868160 200
1868170 199
1868180 198
1868190 198
1868200 197
1868210 197
1868220 196
1868230 195
1868240 195
1868250 195
1868260 194
1868270 194
1868280 193
1868290 193
1868300 193
1868310 193
1868320 193
1868330 193
1868340 193
1868350 194
1868360 194
1868370 194
1868380 194
1868390 194
1868400 195
1868410 195
1868420 195
1868430 195
1868440 195
1868450 195
1868460 195
1868470 194
1868480 194
1868490 194
1868500 193
1868510 193
1868520 194
1868530 195
1868540 195
1868550 196
1868560 196
1868570 196
1868580 197
1868590 197
1868600 197
1868610 198
1868620 198
1868630 198
1868640 198
1868650 197
1868660 197
1868670 198
1868680 198
1868690 198
1868700 198
1868710 199
1868720 199
1868730 199
1868740 199
1868750 199
1868760 199
1868770 199
1868780 199
1868790 199
1868800 199
1868810 199
1868820 199
1868830 199
1868840 199
1868850 199
1868860 199
1868870 199
1868880 199
1868890 199
1868900 199
1868910 199
1868920 199
1868930 199
1868940 199
1868950 199
1868960 199
1868970 199
1868980 199
1868990 199
1869000 199
1869010 199
1869020 199
1869030 199
1869040 199
1869050 199
1869060 199
1869070 199
1869080 199
1869090 199
1869100 199
1869110 198
1869120 198
1869130 198
1869140 198
1869150 198
1869160 198
1869170 198
1869180 198
1869190 198
1869200 198
1869210 198
1869220 198
1869230 198
1869240 198
1869250 198
1869260 198
1869270 197
1869280 197
1869290 197
1869300 197
1869310 197
1869320 197
1869330 197
1869340 197
1869350 197
1869360 197
1869370 197
1869380 196
1869390 196
1869400 196
1869410 196
1869420 196
1869430 196
1869440 196
1869450 196
1869460 196
1869470 195
1869480 195
1869490 195
1869500 195
1869510 195
1869520 195
1869530 195
1869540 195
1869550 195
1869560 194
1869570 194
1869580 194
1869590 194
1869600 194
1869610 194
1869620 193
1869630 193
1869640 193
1869650 193
1869660 192
1869670 192
1869680 192
1869690 191
1869700 191
1869710 191
1869720 191
1869730 191
1869740 190
1869750 190
1869760 190
1869770 190
1869780 190
1869790 190
1869800 190
1869810 190
1869820 190
1869830 190
1869840 190
1869850 190
1869860 191
1869870 191
1869880 192
1869890 192
1869900 192
1869910 192
1869920 192
1869930 192
1869940 192
1869950 192
1869960 192
1869970 192
1869980 192
1869990 192
1870000 192
1870010 191
1870020 191
1870030 191
1870040 191
1870050 191
1870060 191
1870070 190
1870080 190
1870090 190
1870100 189
1870110 189
1870120 189
1870130 188
1870140 188
1870150 188
1870160 187
1870170 187
1870180 187
1870190 186
1870200 186
1870210 186
1870220 185
1870230 185
1870240 185
1870250 184
1870260 184
1870270 183
1870280 183
1870290 183
1870300 182
1870310 181
1870320 181
1870330 181
1870340 180
1870350 180
1870360 179
1870370 178
1870380 178
1870390 178
1870400 177
1870410 177
1870420 176
1870430 176
1870440 176
1870450 175
1870460 174
1870470 174
1870480 174
1870490 173
1870500 173
1870510 172
1870520 172
1870530 172
1870540 171
1870550 170
1870560 170
1870570 170
1870580 169
1870590 169
1870600 169
1870610 168
1870620 168
1870630 168
1870640 167
1870650 167
1870660 167
1870670 167
1870680 167
1870690 167
1870700 167
1870710 167
1870720 167
1870730 167
1870740 167
1870750 167
1870760 167
1870770 167
1870780 168
1870790 168
1870800 168
1870810 170
1870820 170
1870830 172
1870840 176
1870850 176
1870860 179
1870870 182
1870880 183
1870890 187
1870900 192
1870910 192
1870920 194
1870930 195
1870940 195
1870950 195
1870960 196
1870970 196
1870980 197
1870990 198
1871000 198
1871010 199
1871020 199
1871030 199
1871040 199
1871050 200
1871060 200
1871070 200
1871080 200
1871090 200
1871100 200
1871110 200
1871120 200
1871130 200
1871140 200
1871150 200
1871160 200
1871170 200
1871180 200
1871190 200
1871200 199
1871210 199
1871220 199
1871230 199
1871240 199
1871250 199
1871260 199
1871270 199
1871280 199
1871290 199
1871300 199
1871310 198
1871320 198
1871330 198
1871340 198
1871350 198
1871360 198
1871370 198
1871380 198
1871390 198
1871400 198
1871410 198
1871420 198
1871430 198
1871440 198
1871450 198
1871460 198
1871470 198
1871480 198
1871490 197
1871500 197
1871510 197
1871520 197
1871530 197
1871540 197
1871550 196
1871560 196
1871570 196
1871580 195
1871590 194
1871600 194
1871610 194
1871620 193
1871630 193
1871640 192
1871650 191
1871660 191
1871670 190
1871680 190
1871690 190
1871700 189
1871710 189
1871720 188
1871730 188
1871740 188
1871750 188
1871760 188
1871770 188
1871780 189
1871790 189
1871800 189
1871810 190
1871820 190
1871830 190
1871840 190
1871850 190
1871860 190
1871870 190
1871880 190
1871890 190
1871900 190
1871910 190
1871920 190
1871930 189
1871940 188
1871950 188
1871960 188
1871970 188
1871980 188
1871990 188
1872000 189
1872010 189
1872020 190
1872030 191
1872040 191
1872050 192
1872060 192
1872070 192
1872080 192
1872090 193
1872100 193
1872110 193
1872120 193
1872130 193
1872140 193
1872150 193
1872160 193
1872170 192
1872180 192
1872190 192
1872200 192
1872210 192
1872220 192
1872230 192
1872240 192
1872250 192
1872260 192
1872270 192
1872280 192
1872290 191
1872300 191
1872310 191
1872320 191
1872330 191
1872340 191
1872350 191
1872360 191
1872370 191
1872380 190
1872390 190
1872400 190
1872410 190
1872420 190
1872430 190
1872440 190
1872450 190
1872460 190
1872470 189
1872480 189
1872490 189
1872500 188
1872510 187
1872520 187
1872530 186
1872540 185
1872550 185
1872560 185
1872570 182
1872580 182
1872590 181
1872600 180
1872610 180
1872620 179
1872630 178
1872640 178
1872650 176
1872660 175
1872670 175
1872680 174
1872690 173
1872700 173
1872710 172
1872720 172
1872730 171
1872740 171
1872750 171
1872760 171
1872770 170
1872780 170
1872790 170
1872800 170
1872810 170
1872820 170
1872830 171
1872840 171
1872850 171
1872860 171
1872870 171
1872880 172
1872890 172
1872900 173
1872910 174
1872920 175
1872930 175
1872940 176
1872950 177
1872960 177
1872970 178
1872980 180
1872990 180
1873000 181
1873010 182
1873020 182
1873030 183
1873040 182
1873050 182
1873060 180
1873070 179
1873080 179
1873090 176
1873100 174
1873110 174
1873120 173
1873130 174
1873140 174
1873150 175
1873160 178
1873170 178
1873180 182
1873190 186
1873200 186
1873210 187
1873220 187
1873230 187
1873240 188
1873250 188
1873260 188
1873270 189
1873280 189
1873290 189
1873300 189
1873310 189
1873320 189
1873330 189
1873340 189
1873350 189
1873360 189
1873370 189
1873380 189
1873390 189
1873400 189
1873410 189
1873420 189
1873430 188
1873440 188
1873450 188
1873460 188
1873470 188
1873480 188
1873490 188
1873500 188
1873510 188
1873520 188
1873530 188
1873540 188
1873550 188
1873560 188
1873570 188
1873580 187
1873590 187
1873600 187
1873610 187
1873620 187
1873630 186
1873640 185
1873650 185
1873660 184
1873670 182
1873680 182
1873690 178
1873700 178
1873710 181
1873720 182
1873730 182
1873740 183
1873750 183
1873760 183
1873770 184
1873780 184
1873790 184
1873800 185
1873810 184
1873820 184
1873830 184
1873840 183
1873850 183
1873860 181
1873870 180
1873880 180
1873890 179
1873900 178
1873910 178
1873920 178
1873930 176
1873940 176
1873950 174
1873960 173
1873970 173
1873980 172
1873990 172
1874000 172
1874010 171
1874020 171
1874030 171
1874040 171
1874050 171
1874060 171
1874070 171
1874080 172
1874090 172
1874100 172
1874110 173
1874120 173
1874130 175
1874140 179
1874150 179
1874160 181
1874170 184
1874180 184
1874190 184
1874200 185
1874210 185
1874220 186
1874230 187
1874240 186
1874250 187
1874260 188
1874270 188
1874280 189
1874290 189
1874300 189
1874310 190
1874320 190
1874330 190
1874340 191
1874350 191
1874360 191
1874370 191
1874380 192
1874390 192
1874400 192
1874410 192
1874420 192
1874430 192
1874440 192
1874450 192
1874460 192
1874470 193
1874480 193
1874490 193
1874500 193
1874510 193
1874520 193
1874530 193
1874540 193
1874550 193
1874560 193
1874570 193
1874580 193
1874590 193
1874600 193
1874610 193
1874620 193
1874630 193
1874640 193
1874650 193
1874660 193
1874670 193
1874680 193
1874690 192
1874700 192
1874710 192
1874720 192
1874730 192
1874740 192
1874750 192
1874760 192
1874770 192
1874780 192
1874790 192
1874800 192
1874810 192
1874820 192
1874830 192
1874840 192
1874850 192
1874860 192
1874870 192
1874880 192
1874890 192
1874900 192
1874910 192
1874920 192
1874930 192
1874940 192
1874950 192
1874960 192
1874970 192
1874980 192
1874990 192
1875000 191
1875010 191
1875020 191
1875030 191
1875040 191
1875050 191
1875060 191
1875070 191
1875080 191
1875090 191
1875100 191
1875110 191
1875120 191
1875130 191
1875140 191
1875150 191
1875160 191
1875170 191
1875180 191
1875190 191
1875200 192
1875210 192
1875220 192
1875230 193
1875240 193
1875250 193
1875260 193
1875270 193
1875280 193
1875290 194
1875300 194
1875310 194
1875320 194
1875330 193
1875340 193
1875350 193
1875360 193
1875370 193
1875380 192
1875390 192
1875400 192
1875410 191
1875420 190
1875430 190
1875440 189
1875450 188
1875460 188
1875470 188
1875480 188
1875490 188
1875500 187
1875510 185
1875520 185
1875530 185
1875540 185
1875550 185
1875560 183
1875570 181
1875580 180
1875590 179
1875600 179
1875610 179
1875620 178
1875630 177
1875640 177
1875650 174
1875660 174
1875670 171
1875680 170
1875690 170
1875700 169
1875710 168
1875720 168
1875730 167
1875740 166
1875750 166
1875760 166
1875770 165
1875780 165
1875790 164
1875800 164
1875810 164
1875820 163
1875830 162
1875840 162
1875850 162
1875860 161
1875870 161
1875880 161
1875890 161
1875900 161
1875910 161
1875920 161
1875930 161
1875940 161
1875950 160
1875960 160
1875970 160
1875980 160
1875990 160
1876000 160
1876010 159
1876020 159
1876030 159
1876040 159
1876050 159
1876060 159
1876070 158
1876080 158
1876090 158
1876100 158
1876110 158
1876120 157
1876130 156
1876140 156
1876150 156
1876160 155
1876170 155
1876180 155
1876190 154
1876200 154
1876210 154
1876220 154
1876230 154
1876240 154
1876250 153
1876260 153
1876270 153
1876280 153
1876290 153
1876300 153
1876310 153
1876320 153
1876330 153
1876340 153
1876350 153
1876360 153
1876370 153
1876380 153
1876390 153
1876400 153
1876410 153
1876420 153
1876430 153
1876440 153
1876450 154
1876460 154
1876470 154
1876480 154
1876490 154
1876500 154
1876510 154
1876520 154
1876530 154
1876540 154
1876550 154
1876560 154
1876570 154
1876580 154
1876590 154
1876600 153
1876610 152
1876620 152
1876630 152
1876640 152
1876650 152
1876660 151
1876670 151
1876680 151
1876690 151
1876700 151
1876710 151
1876720 150
1876730 150
1876740 150
1876750 150
1876760 150
1876770 149
1876780 149
1876790 149
1876800 149
1876810 149
1876820 149
1876830 149
1876840 149
1876850 149
1876860 149
1876870 149
1876880 149
1876890 149
1876900 149
1876910 149
1876920 149
1876930 149
1876940 149
1876950 149
1876960 149
1876970 149
1876980 149
1876990 149
1877000 149
1877010 149
1877020 149
1877030 149
1877040 149
1877050 149
1877060 149
1877070 149
1877080 149
1877090 149
1877100 149
1877110 149
1877120 149
1877130 149
1877140 149
1877150 149
1877160 149
1877170 149
1877180 149
1877190 149
1877200 149
1877210 149
1877220 149
1877230 149
1877240 149
1877250 149
1877260 149
1877270 149
1877280 149
1877290 149
1877300 149
1877310 149
1877320 149
1877330 149
1877340 149
1877350 149
1877360 149
1877370 149
1877380 149
1877390 149
1877400 149
1877410 149
1877420 149
1877430 149
1877440 149
1877450 149
1877460 149
1877470 149
1877480 149
1877490 149
1877500 149
1877510 149
1877520 149
1877530 149
1877540 149
1877550 149
1877560 149
1877570 149
1877580 149
1877590 149
1877600 149
1877610 149
1877620 149
1877630 149
1877640 149
1877650 149
1877660 149
1877670 149
1877680 149
1877690 149
1877700 149
1877710 149
1877720 149
1877730 149
1877740 149
1877750 149
1877760 149
1877770 149
1877780 149
1877790 149
1877800 149
1877810 149
1877820 148
1877830 148
1877840 148
1877850 148
1877860 148
1877870 148
1877880 148
1877890 148
1877900 148
1877910 148
1877920 148
1877930 148
1877940 148
1877950 148
1877960 148
1877970 149
1877980 149
1877990 148
1878000 149
1878010 149
1878020 148
1878030 148
1878040 148
1878050 148
1878060 147
1878070 147
1878080 147
1878090 147
1878100 147
1878110 147
1878120 147
1878130 147
1878140 147
1878150 147
1878160 147
1878170 147
1878180 147
1878190 147
1878200 147
1878210 147
1878220 147
1878230 147
1878240 147
1878250 147
1878260 147
1878270 147
1878280 147
1878290 147
1878300 148
1878310 148
1878320 148
1878330 147
1878340 147
1878350 147
1878360 147
1878370 147
1878380 147
1878390 147
1878400 147
1878410 147
1878420 147
1878430 147
1878440 147
1878450 147
1878460 147
1878470 147
1878480 147
1878490 147
1878500 148
1878510 148
1878520 148
1878530 148
1878540 148
1878550 148
1878560 148
1878570 148
1878580 148
1878590 148
1878600 148
1878610 148
1878620 148
1878630 148
1878640 148
1878650 148
1878660 148
1878670 148
1878680 148
1878690 148
1878700 148
1878710 148
1878720 148
1878730 147
1878740 147
1878750 147
1878760 147
1878770 147
1878780 147
1878790 147
1878800 147
1878810 147
1878820 147
1878830 147
1878840 147
1878850 147
1878860 147
1878870 147
1878880 147
1878890 147
1878900 147
1878910 147
1878920 147
1878930 147
1878940 147
1878950 147
1878960 147
1878970 147
1878980 147
1878990 147
1879000 147
1879010 147
1879020 147
1879030 147
1879040 147
1879050 147
1879060 147
1879070 147
1879080 147
1879090 147
1879100 147
1879110 147
1879120 147
1879130 146
1879140 146
1879150 146
1879160 146
1879170 146
1879180 147
1879190 147
1879200 147
1879210 147
1879220 147
1879230 147
1879240 147
1879250 147
1879260 147
1879270 147
1879280 147
1879290 147
1879300 147
1879310 147
1879320 147
1879330 147
1879340 147
1879350 147
1879360 147
1879370 147
1879380 147
1879390 147
1879400 147
1879410 147
1879420 147
1879430 147
1879440 147
1879450 147
1879460 147
1879470 147
1879480 147
1879490 147
1879500 147
1879510 148
1879520 148
1879530 148
1879540 148
1879550 148
1879560 148
1879570 148
1879580 148
1879590 148
1879600 148
1879610 148
1879620 148
1879630 147
1879640 147
1879650 147
1879660 147
1879670 147
1879680 147
1879690 147
1879700 147
1879710 147
1879720 147
1879730 147
1879740 147
1879750 147
1879760 147
1879770 146
1879780 146
1879790 146
1879800 146
1879810 148
1879820 148
1879830 150
1879840 148
1879850 148
1879860 147
1879870 147
1879880 147
1879890 147
1879900 147
1879910 147
1879920 147
1879930 147
1879940 147
1879950 147
1879960 147
1879970 147
1879980 147
1879990 147
