1860000 206
1860010 207
1860020 207
1860030 207
1860040 208
1860050 208
1860060 208
1860070 209
1860080 209
1860090 210
1860100 210
1860110 210
1860120 211
1860130 211
1860140 211
1860150 212
1860160 212
1860170 212
1860180 213
1860190 213
1860200 213
1860210 213
1860220 213
1860230 213
1860240 213
1860250 212
1860260 212
1860270 212
1860280 212
1860290 212
1860300 211
1860310 211
1860320 211
1860330 210
1860340 210
1860350 210
1860360 210
1860370 209
1860380 209
1860390 209
1860400 209
1860410 209
1860420 209
1860430 208
1860440 208
1860450 208
1860460 208
1860470 208
1860480 209
1860490 209
1860500 209
1860510 209
1860520 209
1860530 209
1860540 209
1860550 209
1860560 209
1860570 210
1860580 210
1860590 210
1860600 210
1860610 210
1860620 211
1860630 211
1860640 211
1860650 211
1860660 212
1860670 212
1860680 212
1860690 212
1860700 212
1860710 212
1860720 213
1860730 213
1860740 213
1860750 213
1860760 213
1860770 213
1860780 214
1860790 214
1860800 214
1860810 214
1860820 214
1860830 215
1860840 215
1860850 215
1860860 215
1860870 215
1860880 215
1860890 216
1860900 216
1860910 216
1860920 216
1860930 216
1860940 216
1860950 216
1860960 216
1860970 216
1860980 216
1860990 216
1861000 216
1861010 216
1861020 216
1861030 216
1861040 216
1861050 216
1861060 216
1861070 216
1861080 216
1861090 216
1861100 216
1861110 216
1861120 216
1861130 216
1861140 216
1861150 216
1861160 216
1861170 215
1861180 215
1861190 215
1861200 215
1861210 215
1861220 215
1861230 215
1861240 215
1861250 215
1861260 215
1861270 215
1861280 215
1861290 215
1861300 215
1861310 215
1861320 215
1861330 215
1861340 215
1861350 215
1861360 215
1861370 215
1861380 215
1861390 215
1861400 215
1861410 215
1861420 215
1861430 215
1861440 215
1861450 215
1861460 215
1861470 215
1861480 215
1861490 215
1861500 216
1861510 216
1861520 216
1861530 216
1861540 216
1861550 216
1861560 216
1861570 216
1861580 216
1861590 216
1861600 216
1861610 217
1861620 217
1861630 217
1861640 217
1861650 217
1861660 217
1861670 217
1861680 217
1861690 217
1861700 217
1861710 217
1861720 217
1861730 217
1861740 217
1861750 217
1861760 217
1861770 217
1861780 217
1861790 217
1861800 217
1861810 217
1861820 217
1861830 217
1861840 216
1861850 216
1861860 216
1861870 216
1861880 216
1861890 216
1861900 216
1861910 216
1861920 216
1861930 216
1861940 216
1861950 216
1861960 216
1861970 216
1861980 216
1861990 216
1862000 215
1862010 215
1862020 215
1862030 215
1862040 215
1862050 215
1862060 215
1862070 215
1862080 215
1862090 215
1862100 215
1862110 215
1862120 215
1862130 215
1862140 215
1862150 215
1862160 215
1862170 215
1862180 216
1862190 216
1862200 216
1862210 216
1862220 216
1862230 216
1862240 216
1862250 216
1862260 216
1862270 216
1862280 216
1862290 216
1862300 216
1862310 216
1862320 216
1862330 216
1862340 216
1862350 216
1862360 216
1862370 216
1862380 216
1862390 216
1862400 216
1862410 216
1862420 216
1862430 216
1862440 216
1862450 216
1862460 216
1862470 216
1862480 216
1862490 216
1862500 216
1862510 216
1862520 216
1862530 216
1862540 216
1862550 216
1862560 216
1862570 216
1862580 216
1862590 216
1862600 216
1862610 215
1862620 215
1862630 215
1862640 215
1862650 215
1862660 215
1862670 214
1862680 213
1862690 213
1862700 213
1862710 212
1862720 212
1862730 212
1862740 211
1862750 211
1862760 210
1862770 210
1862780 210
1862790 209
1862800 208
1862810 208
1862820 207
1862830 206
1862840 206
1862850 204
1862860 204
1862870 204
1862880 204
1862890 205
1862900 205
1862910 206
1862920 207
1862930 207
1862940 209
1862950 209
1862960 209
1862970 210
1862980 211
1862990 211
1863000 212
1863010 212
1863020 212
1863030 212
1863040 213
1863050 213
1863060 213
1863070 212
1863080 212
1863090 212
1863100 212
1863110 212
1863120 212
1863130 212
1863140 212
1863150 211
1863160 211
1863170 211
1863180 211
1863190 210
1863200 210
1863210 209
1863220 209
1863230 209
1863240 209
1863250 208
1863260 208
1863270 208
1863280 207
1863290 207
1863300 207
1863310 206
1863320 206
1863330 206
1863340 206
1863350 206
1863360 205
1863370 204
1863380 204
1863390 204
1863400 203
1863410 203
1863420 202
1863430 201
1863440 201
1863450 200
1863460 199
1863470 199
1863480 198
1863490 197
1863500 197
1863510 195
1863520 195
1863530 193
1863540 191
1863550 191
1863560 190
1863570 188
1863580 188
1863590 187
1863600 186
1863610 186
1863620 185
1863630 184
1863640 184
1863650 183
1863660 183
1863670 183
1863680 183
1863690 183
1863700 183
1863710 184
1863720 188
1863730 188
1863740 188
1863750 189
1863760 189
1863770 190
1863780 190
1863790 190
1863800 190
1863810 190
1863820 190
1863830 189
1863840 188
1863850 188
1863860 187
1863870 186
1863880 185
1863890 184
1863900 183
1863910 183
1863920 183
1863930 182
1863940 182
1863950 182
1863960 182
1863970 182
1863980 182
1863990 182
1864000 182
1864010 181
1864020 181
1864030 181
1864040 181
1864050 181
1864060 181
1864070 181
1864080 180
1864090 180
1864100 180
1864110 180
1864120 180
1864130 179
1864140 179
1864150 179
1864160 179
1864170 179
1864180 179
1864190 179
1864200 179
1864210 179
1864220 178
1864230 176
1864240 176
1864250 176
1864260 176
1864270 176
1864280 175
1864290 175
1864300 175
1864310 175
1864320 174
1864330 174
1864340 174
1864350 174
1864360 174
1864370 174
1864380 173
1864390 173
1864400 173
1864410 174
1864420 174
1864430 174
1864440 173
1864450 173
1864460 173
1864470 173
1864480 173
1864490 173
1864500 173
1864510 173
1864520 173
1864530 173
1864540 172
1864550 172
1864560 172
1864570 172
1864580 172
1864590 172
1864600 171
1864610 171
1864620 171
1864630 171
1864640 171
1864650 171
1864660 171
1864670 171
1864680 171
1864690 171
1864700 171
1864710 171
1864720 171
1864730 170
1864740 170
1864750 171
1864760 171
1864770 171
1864780 171
1864790 171
1864800 171
1864810 171
1864820 171
1864830 171
1864840 172
1864850 172
1864860 172
1864870 172
1864880 172
1864890 172
1864900 172
1864910 174
1864920 174
1864930 174
1864940 173
1864950 173
1864960 172
1864970 172
1864980 172
1864990 171
1865000 170
1865010 170
1865020 169
1865030 169
1865040 169
1865050 169
1865060 169
1865070 169
1865080 169
1865090 169
1865100 169
1865110 169
1865120 169
1865130 169
1865140 169
1865150 170
1865160 170
1865170 171
1865180 172
1865190 172
1865200 174
1865210 176
1865220 176
1865230 177
1865240 179
1865250 179
1865260 181
1865270 182
1865280 182
1865290 183
1865300 183
1865310 183
1865320 184
1865330 185
1865340 185
1865350 185
1865360 185
1865370 185
1865380 186
1865390 186
1865400 186
1865410 186
1865420 185
1865430 185
1865440 184
1865450 183
1865460 183
1865470 181
1865480 180
1865490 180
1865500 178
1865510 177
1865520 177
1865530 175
1865540 175
1865550 174
1865560 174
1865570 174
1865580 173
1865590 173
1865600 173
1865610 173
1865620 173
1865630 173
1865640 173
1865650 173
1865660 173
1865670 173
1865680 174
1865690 174
1865700 174
1865710 175
1865720 175
1865730 175
1865740 175
1865750 175
1865760 175
1865770 176
1865780 176
1865790 177
1865800 177
1865810 177
1865820 178
1865830 178
1865840 178
1865850 179
1865860 180
1865870 180
1865880 180
1865890 181
1865900 181
1865910 182
1865920 182
1865930 182
1865940 182
1865950 183
1865960 183
1865970 183
1865980 184
1865990 184
1866000 184
1866010 184
1866020 184
1866030 184
1866040 185
1866050 185
1866060 185
1866070 186
1866080 186
1866090 186
1866100 186
1866110 186
1866120 187
1866130 187
1866140 187
1866150 188
1866160 188
1866170 188
1866180 189
1866190 190
1866200 190
1866210 190
1866220 191
1866230 191
1866240 192
1866250 194
1866260 194
1866270 195
1866280 196
1866290 196
1866300 197
1866310 198
1866320 198
1866330 199
1866340 200
1866350 200
1866360 200
1866370 201
1866380 201
1866390 201
1866400 201
1866410 201
1866420 202
1866430 202
1866440 202
1866450 202
1866460 202
1866470 202
1866480 202
1866490 202
1866500 202
1866510 202
1866520 202
1866530 202
1866540 201
1866550 201
1866560 201
1866570 201
1866580 201
1866590 201
1866600 201
1866610 201
1866620 200
1866630 200
1866640 200
1866650 199
1866660 199
1866670 199
1866680 199
1866690 199
1866700 199
1866710 198
1866720 198
1866730 198
1866740 198
1866750 197
1866760 197
1866770 197
1866780 196
1866790 196
1866800 196
1866810 195
1866820 195
1866830 195
1866840 194
1866850 194
1866860 193
1866870 193
1866880 193
1866890 192
1866900 192
1866910 192
1866920 191
1866930 190
1866940 190
1866950 190
1866960 189
1866970 189
1866980 188
1866990 188
1867000 188
1867010 187
1867020 187
1867030 187
1867040 186
1867050 186
1867060 186
1867070 185
1867080 185
1867090 185
1867100 184
1867110 184
1867120 184
1867130 183
1867140 183
1867150 183
1867160 182
1867170 181
1867180 181
1867190 181
1867200 180
1867210 180
1867220 179
1867230 179
1867240 179
1867250 178
1867260 177
1867270 177
1867280 177
1867290 176
1867300 176
1867310 174
1867320 174
1867330 174
1867340 173
1867350 173
1867360 173
1867370 172
1867380 172
1867390 172
1867400 172
1867410 172
1867420 172
1867430 170
1867440 169
1867450 169
1867460 169
1867470 169
1867480 169
1867490 169
1867500 169
1867510 169
1867520 168
1867530 168
1867540 168
1867550 168
1867560 168
1867570 169
1867580 169
1867590 169
1867600 170
1867610 172
1867620 172
1867630 174
1867640 177
1867650 177
1867660 180
1867670 184
1867680 184
1867690 186
1867700 188
1867710 188
1867720 191
1867730 192
1867740 192
1867750 193
1867760 194
1867770 194
1867780 194
1867790 195
1867800 195
1867810 196
1867820 197
1867830 197
1867840 197
1867850 198
1867860 198
1867870 199
1867880 199
1867890 199
1867900 200
1867910 200
1867920 200
1867930 201
1867940 201
1867950 201
1867960 202
1867970 202
1867980 202
1867990 203
1868000 203
1868010 203
1868020 203
1868030 203
1868040 203
1868050 203
1868060 203
1868070 203
1868080 203
1868090 203
1868100 203
1868110 203
1868120 203
1868130 203
1868140 203
1868150 202
1868160 202
1868170 202
1868180 202
1868190 202
1868200 202
1868210 202
1868220 202
1868230 202
1868240 202
1868250 202
1868260 202
1868270 202
1868280 202
1868290 202
1868300 202
1868310 202
1868320 202
1868330 201
1868340 201
1868350 201
1868360 201
1868370 201
1868380 201
1868390 200
1868400 200
1868410 200
1868420 200
1868430 200
1868440 200
1868450 199
1868460 199
1868470 199
1868480 199
1868490 199
1868500 198
1868510 198
1868520 198
1868530 198
1868540 198
1868550 197
1868560 197
1868570 197
1868580 197
1868590 196
1868600 196
1868610 196
1868620 196
1868630 196
1868640 195
1868650 195
1868660 195
1868670 194
1868680 194
1868690 194
1868700 193
1868710 193
1868720 193
1868730 192
1868740 192
1868750 192
1868760 191
1868770 190
1868780 190
1868790 190
1868800 189
1868810 189
1868820 189
1868830 188
1868840 188
1868850 188
1868860 187
1868870 187
1868880 186
1868890 185
1868900 185
1868910 184
1868920 183
1868930 183
1868940 182
1868950 182
1868960 182
1868970 181
1868980 181
1868990 181
1869000 180
1869010 180
1869020 180
1869030 179
1869040 179
1869050 179
1869060 178
1869070 178
1869080 178
1869090 178
1869100 177
1869110 177
1869120 177
1869130 176
1869140 176
1869150 176
1869160 176
1869170 176
1869180 176
1869190 176
1869200 176
1869210 176
1869220 177
1869230 177
1869240 177
1869250 177
1869260 177
1869270 177
1869280 177
1869290 177
1869300 178
1869310 178
1869320 178
1869330 178
1869340 180
1869350 180
1869360 178
1869370 177
1869380 177
1869390 178
1869400 178
1869410 178
1869420 179
1869430 179
1869440 179
1869450 181
1869460 182
1869470 182
1869480 184
1869490 185
1869500 185
1869510 185
1869520 186
1869530 186
1869540 186
1869550 186
1869560 186
1869570 186
1869580 186
1869590 186
1869600 186
1869610 186
1869620 185
1869630 184
1869640 184
1869650 183
1869660 181
1869670 181
1869680 176
1869690 174
1869700 174
1869710 173
1869720 169
1869730 169
1869740 166
1869750 165
1869760 165
1869770 164
1869780 164
1869790 164
1869800 164
1869810 164
1869820 164
1869830 165
1869840 166
1869850 166
1869860 167
1869870 168
1869880 168
1869890 170
1869900 170
1869910 170
1869920 169
1869930 170
1869940 170
1869950 172
1869960 174
1869970 174
1869980 174
1869990 174
1870000 174
1870010 176
1870020 173
1870030 173
1870040 174
1870050 175
1870060 175
1870070 176
1870080 176
1870090 176
1870100 175
1870110 176
1870120 176
1870130 176
1870140 175
1870150 175
1870160 174
1870170 172
1870180 172
1870190 169
1870200 166
1870210 166
1870220 165
1870230 165
1870240 165
1870250 165
1870260 165
1870270 165
1870280 165
1870290 165
1870300 165
1870310 165
1870320 165
1870330 165
1870340 165
1870350 165
1870360 165
1870370 165
1870380 165
1870390 165
1870400 165
1870410 165
1870420 165
1870430 165
1870440 165
1870450 165
1870460 165
1870470 165
1870480 165
1870490 165
1870500 165
1870510 165
1870520 165
1870530 165
1870540 165
1870550 166
1870560 166
1870570 167
1870580 167
1870590 167
1870600 167
1870610 166
1870620 166
1870630 165
1870640 166
1870650 166
1870660 166
1870670 166
1870680 166
1870690 167
1870700 168
1870710 168
1870720 169
1870730 171
1870740 171
1870750 174
1870760 177
1870770 177
1870780 179
1870790 181
1870800 181
1870810 183
1870820 184
1870830 184
1870840 185
1870850 187
1870860 187
1870870 189
1870880 192
1870890 192
1870900 193
1870910 193
1870920 193
1870930 194
1870940 194
1870950 194
1870960 195
1870970 195
1870980 195
1870990 195
1871000 195
1871010 195
1871020 195
1871030 195
1871040 195
1871050 195
1871060 195
1871070 195
1871080 195
1871090 195
1871100 195
1871110 194
1871120 194
1871130 194
1871140 194
1871150 194
1871160 194
1871170 194
1871180 194
1871190 194
1871200 194
1871210 195
1871220 195
1871230 194
1871240 194
1871250 194
1871260 194
1871270 194
1871280 194
1871290 194
1871300 194
1871310 194
1871320 194
1871330 194
1871340 194
1871350 194
1871360 194
1871370 195
1871380 194
1871390 194
1871400 194
1871410 195
1871420 195
1871430 195
1871440 194
1871450 194
1871460 194
1871470 194
1871480 194
1871490 194
1871500 194
1871510 194
1871520 194
1871530 194
1871540 194
1871550 194
1871560 194
1871570 194
1871580 194
1871590 193
1871600 193
1871610 193
1871620 193
1871630 193
1871640 193
1871650 193
1871660 193
1871670 193
1871680 193
1871690 193
1871700 193
1871710 193
1871720 193
1871730 193
1871740 192
1871750 192
1871760 192
1871770 192
1871780 192
1871790 192
1871800 192
1871810 192
1871820 192
1871830 192
1871840 192
1871850 192
1871860 192
1871870 192
1871880 192
1871890 192
1871900 192
1871910 192
1871920 191
1871930 191
1871940 191
1871950 191
1871960 191
1871970 190
1871980 190
1871990 190
1872000 188
1872010 187
1872020 187
1872030 186
1872040 183
1872050 183
1872060 182
1872070 181
1872080 181
1872090 178
1872100 177
1872110 177
1872120 176
1872130 175
1872140 175
1872150 174
1872160 173
1872170 173
1872180 173
1872190 173
1872200 173
1872210 175
1872220 176
1872230 176
1872240 179
1872250 182
1872260 182
1872270 183
1872280 184
1872290 184
1872300 185
1872310 186
1872320 186
1872330 187
1872340 188
1872350 188
1872360 189
1872370 189
1872380 189
1872390 189
1872400 189
1872410 189
1872420 189
1872430 189
1872440 189
1872450 189
1872460 188
1872470 188
1872480 188
1872490 188
1872500 188
1872510 188
1872520 188
1872530 188
1872540 188
1872550 188
1872560 188
1872570 187
1872580 187
1872590 187
1872600 186
1872610 186
1872620 186
1872630 185
1872640 185
1872650 185
1872660 185
1872670 185
1872680 184
1872690 184
1872700 184
1872710 183
1872720 182
1872730 182
1872740 181
1872750 181
1872760 181
1872770 180
1872780 179
1872790 179
1872800 178
1872810 177
1872820 177
1872830 176
1872840 175
1872850 175
1872860 174
1872870 174
1872880 174
1872890 173
1872900 172
1872910 172
1872920 171
1872930 170
1872940 170
1872950 169
1872960 168
1872970 168
1872980 168
1872990 167
1873000 167
1873010 167
1873020 166
1873030 166
1873040 166
1873050 165
1873060 165
1873070 165
1873080 164
1873090 164
1873100 165
1873110 166
1873120 166
1873130 167
1873140 169
1873150 169
1873160 172
1873170 176
1873180 176
1873190 177
1873200 177
1873210 177
1873220 178
1873230 178
1873240 178
1873250 178
1873260 179
1873270 179
1873280 179
1873290 180
1873300 180
1873310 181
1873320 181
1873330 181
1873340 182
1873350 182
1873360 182
1873370 183
1873380 183
1873390 183
1873400 183
1873410 183
1873420 183
1873430 183
1873440 183
1873450 183
1873460 183
1873470 184
1873480 184
1873490 184
1873500 185
1873510 185
1873520 185
1873530 185
1873540 186
1873550 186
1873560 186
1873570 187
1873580 187
1873590 187
1873600 187
1873610 187
1873620 187
1873630 187
1873640 186
1873650 186
1873660 186
1873670 186
1873680 186
1873690 186
1873700 186
1873710 186
1873720 185
1873730 185
1873740 185
1873750 185
1873760 184
1873770 184
1873780 183
1873790 183
1873800 183
1873810 182
1873820 181
1873830 181
1873840 180
1873850 179
1873860 179
1873870 178
1873880 177
1873890 177
1873900 175
1873910 174
1873920 174
1873930 173
1873940 172
1873950 172
1873960 170
1873970 169
1873980 169
1873990 169
1874000 169
1874010 169
1874020 169
1874030 169
1874040 169
1874050 170
1874060 170
1874070 170
1874080 171
1874090 172
1874100 172
1874110 174
1874120 175
1874130 175
1874140 176
1874150 177
1874160 177
1874170 178
1874180 178
1874190 178
1874200 179
1874210 179
1874220 179
1874230 180
1874240 180
1874250 180
1874260 181
1874270 181
1874280 181
1874290 182
1874300 183
1874310 183
1874320 183
1874330 184
1874340 184
1874350 184
1874360 184
1874370 184
1874380 184
1874390 185
1874400 185
1874410 185
1874420 185
1874430 185
1874440 186
1874450 186
1874460 186
1874470 186
1874480 186
1874490 186
1874500 187
1874510 188
1874520 188
1874530 189
1874540 189
1874550 190
1874560 190
1874570 190
1874580 191
1874590 191
1874600 191
1874610 191
1874620 191
1874630 191
1874640 191
1874650 191
1874660 191
1874670 192
1874680 192
1874690 192
1874700 192
1874710 192
1874720 192
1874730 192
1874740 192
1874750 192
1874760 192
1874770 192
1874780 192
1874790 192
1874800 192
1874810 192
1874820 192
1874830 192
1874840 192
1874850 192
1874860 193
1874870 193
1874880 193
1874890 193
1874900 193
1874910 193
1874920 193
1874930 193
1874940 193
1874950 193
1874960 193
1874970 193
1874980 193
1874990 193
1875000 193
1875010 193
1875020 193
1875030 194
1875040 193
1875050 193
1875060 193
1875070 193
1875080 193
1875090 193
1875100 192
1875110 192
1875120 192
1875130 192
1875140 192
1875150 191
1875160 190
1875170 190
1875180 189
1875190 188
1875200 188
1875210 186
1875220 184
1875230 184
1875240 182
1875250 180
1875260 180
1875270 178
1875280 177
1875290 177
1875300 175
1875310 174
1875320 174
1875330 174
1875340 174
1875350 174
1875360 175
1875370 176
1875380 176
1875390 178
1875400 180
1875410 180
1875420 183
1875430 184
1875440 184
1875450 184
1875460 184
1875470 184
1875480 185
1875490 185
1875500 185
1875510 186
1875520 186
1875530 188
1875540 188
1875550 188
1875560 189
1875570 189
1875580 189
1875590 189
1875600 190
1875610 190
1875620 189
1875630 189
1875640 189
1875650 189
1875660 189
1875670 189
1875680 189
1875690 187
1875700 187
1875710 186
1875720 185
1875730 185
1875740 183
1875750 181
1875760 181
1875770 179
1875780 178
1875790 178
1875800 177
1875810 175
1875820 175
1875830 174
1875840 173
1875850 173
1875860 171
1875870 169
1875880 169
1875890 167
1875900 165
1875910 165
1875920 163
1875930 162
1875940 162
1875950 160
1875960 159
1875970 159
1875980 159
1875990 157
1876000 157
1876010 156
1876020 155
1876030 155
1876040 154
1876050 154
1876060 154
1876070 153
1876080 153
1876090 153
1876100 152
1876110 152
1876120 152
1876130 151
1876140 151
1876150 151
1876160 151
1876170 151
1876180 151
1876190 151
1876200 151
1876210 151
1876220 151
1876230 151
1876240 151
1876250 151
1876260 151
1876270 151
1876280 151
1876290 152
1876300 152
1876310 152
1876320 152
1876330 152
1876340 151
1876350 151
1876360 151
1876370 152
1876380 152
1876390 152
1876400 152
1876410 152
1876420 152
1876430 152
1876440 152
1876450 152
1876460 152
1876470 151
1876480 151
1876490 151
1876500 151
1876510 151
1876520 151
1876530 151
1876540 150
1876550 150
1876560 150
1876570 150
1876580 150
1876590 150
1876600 150
1876610 150
1876620 150
1876630 150
1876640 150
1876650 150
1876660 150
1876670 149
1876680 149
1876690 149
1876700 149
1876710 149
1876720 149
1876730 149
1876740 149
1876750 149
1876760 148
1876770 148
1876780 148
1876790 148
1876800 148
1876810 148
1876820 148
1876830 148
1876840 148
1876850 148
1876860 148
1876870 148
1876880 148
1876890 148
1876900 148
1876910 148
1876920 148
1876930 148
1876940 148
1876950 148
1876960 148
1876970 148
1876980 148
1876990 148
1877000 148
1877010 148
1877020 148
1877030 148
1877040 148
1877050 148
1877060 148
1877070 148
1877080 148
1877090 147
1877100 147
1877110 147
1877120 147
1877130 147
1877140 147
1877150 147
1877160 147
1877170 147
1877180 147
1877190 147
1877200 147
1877210 147
1877220 147
1877230 148
1877240 148
1877250 148
1877260 148
1877270 148
1877280 148
1877290 148
1877300 148
1877310 148
1877320 148
1877330 148
1877340 148
1877350 148
1877360 148
1877370 148
1877380 148
1877390 148
1877400 148
1877410 148
1877420 148
1877430 148
1877440 148
1877450 148
1877460 148
1877470 148
1877480 149
1877490 149
1877500 149
1877510 149
1877520 149
1877530 149
1877540 149
1877550 149
1877560 149
1877570 149
1877580 149
1877590 149
1877600 149
1877610 149
1877620 149
1877630 149
1877640 149
1877650 149
1877660 149
1877670 149
1877680 149
1877690 149
1877700 149
1877710 149
1877720 149
1877730 149
1877740 149
1877750 149
1877760 149
1877770 150
1877780 150
1877790 148
1877800 148
1877810 148
1877820 150
1877830 149
1877840 149
1877850 148
1877860 148
1877870 148
1877880 148
1877890 147
1877900 147
1877910 147
1877920 148
1877930 148
1877940 147
1877950 147
1877960 147
1877970 147
1877980 147
1877990 147
1878000 147
1878010 147
1878020 147
1878030 147
1878040 147
1878050 147
1878060 146
1878070 146
1878080 146
1878090 146
1878100 146
1878110 146
1878120 147
1878130 147
1878140 147
1878150 146
1878160 147
1878170 147
1878180 146
1878190 147
1878200 147
1878210 147
1878220 147
1878230 147
1878240 147
1878250 147
1878260 147
1878270 147
1878280 147
1878290 147
1878300 147
1878310 147
1878320 147
1878330 147
1878340 147
1878350 147
1878360 147
1878370 147
1878380 147
1878390 147
1878400 147
1878410 147
1878420 147
1878430 147
1878440 147
1878450 147
1878460 147
1878470 147
1878480 147
1878490 147
1878500 147
1878510 147
1878520 147
1878530 147
1878540 147
1878550 147
1878560 147
1878570 147
1878580 147
1878590 147
1878600 147
1878610 147
1878620 147
1878630 147
1878640 147
1878650 147
1878660 147
1878670 147
1878680 147
1878690 147
1878700 147
1878710 147
1878720 147
1878730 147
1878740 147
1878750 147
1878760 147
1878770 147
1878780 147
1878790 147
1878800 147
1878810 147
1878820 147
1878830 147
1878840 146
1878850 146
1878860 146
1878870 147
1878880 147
1878890 147
1878900 147
1878910 147
1878920 147
1878930 147
1878940 147
1878950 147
1878960 147
1878970 147
1878980 147
1878990 147
1879000 147
1879010 147
1879020 147
1879030 147
1879040 147
1879050 147
1879060 147
1879070 147
1879080 147
1879090 147
1879100 147
1879110 147
1879120 147
1879130 147
1879140 147
1879150 147
1879160 147
1879170 146
1879180 146
1879190 146
1879200 146
1879210 146
1879220 146
1879230 146
1879240 146
1879250 146
1879260 147
1879270 147
1879280 147
1879290 148
1879300 148
1879310 148
1879320 148
1879330 148
1879340 148
1879350 148
1879360 148
1879370 148
1879380 148
1879390 148
1879400 148
1879410 148
1879420 148
1879430 148
1879440 147
1879450 147
1879460 147
1879470 147
1879480 147
1879490 147
1879500 147
1879510 147
1879520 147
1879530 147
1879540 147
1879550 147
1879560 147
1879570 147
1879580 147
1879590 147
1879600 147
1879610 147
1879620 147
1879630 147
1879640 148
1879650 148
1879660 148
1879670 150
1879680 150
1879690 149
1879700 148
1879710 148
1879720 147
1879730 147
1879740 147
1879750 147
1879760 147
1879770 147
1879780 147
1879790 147
1879800 147
1879810 147
1879820 147
1879830 147
1879840 147
1879850 147
1879860 147
1879870 147
1879880 147
1879890 147
1879900 147
1879910 147
1879920 147
1879930 146
1879940 146
1879950 146
1879960 146
1879970 146
1879980 146
1879990 147
