1860000 218
1860010 217
1860020 217
1860030 217
1860040 217
1860050 217
1860060 217
1860070 217
1860080 217
1860090 217
1860100 216
1860110 216
1860120 216
1860130 215
1860140 215
1860150 214
1860160 213
1860170 213
1860180 212
1860190 211
1860200 211
1860210 211
1860220 211
1860230 211
1860240 212
1860250 212
1860260 212
1860270 213
1860280 213
1860290 213
1860300 213
1860310 213
1860320 213
1860330 212
1860340 212
1860350 212
1860360 211
1860370 211
1860380 211
1860390 211
1860400 211
1860410 211
1860420 212
1860430 213
1860440 213
1860450 214
1860460 214
1860470 214
1860480 214
1860490 214
1860500 214
1860510 214
1860520 214
1860530 214
1860540 214
1860550 214
1860560 214
1860570 213
1860580 213
1860590 213
1860600 213
1860610 213
1860620 213
1860630 212
1860640 212
1860650 212
1860660 212
1860670 212
1860680 211
1860690 211
1860700 211
1860710 211
1860720 210
1860730 210
1860740 210
1860750 210
1860760 210
1860770 209
1860780 209
1860790 209
1860800 208
1860810 208
1860820 208
1860830 207
1860840 207
1860850 207
1860860 205
1860870 205
1860880 205
1860890 204
1860900 204
1860910 204
1860920 203
1860930 203
1860940 203
1860950 203
1860960 202
1860970 202
1860980 202
1860990 201
1861000 201
1861010 201
1861020 201
1861030 201
1861040 201
1861050 201
1861060 201
1861070 200
1861080 200
1861090 200
1861100 200
1861110 200
1861120 200
1861130 199
1861140 199
1861150 199
1861160 198
1861170 197
1861180 197
1861190 197
1861200 197
1861210 197
1861220 197
1861230 197
1861240 197
1861250 197
1861260 197
1861270 197
1861280 197
1861290 197
1861300 197
1861310 197
1861320 197
1861330 197
1861340 197
1861350 197
1861360 197
1861370 197
1861380 197
1861390 197
1861400 197
1861410 197
1861420 197
1861430 197
1861440 197
1861450 197
1861460 197
1861470 197
1861480 197
1861490 196
1861500 196
1861510 196
1861520 196
1861530 196
1861540 196
1861550 197
1861560 197
1861570 196
1861580 196
1861590 196
1861600 196
1861610 196
1861620 196
1861630 197
1861640 197
1861650 197
1861660 197
1861670 197
1861680 197
1861690 198
1861700 199
1861710 199
1861720 199
1861730 200
1861740 200
1861750 201
1861760 201
1861770 201
1861780 201
1861790 200
1861800 200
1861810 199
1861820 199
1861830 199
1861840 198
1861850 197
1861860 197
1861870 196
1861880 196
1861890 196
1861900 195
1861910 195
1861920 195
1861930 195
1861940 195
1861950 195
1861960 195
1861970 195
1861980 195
1861990 196
1862000 197
1862010 197
1862020 197
1862030 198
1862040 198
1862050 198
1862060 199
1862070 199
1862080 199
1862090 200
1862100 200
1862110 200
1862120 201
1862130 201
1862140 201
1862150 201
1862160 201
1862170 201
1862180 201
1862190 201
1862200 201
1862210 201
1862220 201
1862230 201
1862240 202
1862250 202
1862260 201
1862270 201
1862280 201
1862290 200
1862300 199
1862310 199
1862320 199
1862330 199
1862340 199
1862350 200
1862360 200
1862370 200
1862380 201
1862390 201
1862400 201
1862410 202
1862420 203
1862430 203
1862440 204
1862450 205
1862460 205
1862470 205
1862480 206
1862490 206
1862500 206
1862510 206
1862520 207
1862530 207
1862540 207
1862550 208
1862560 208
1862570 208
1862580 209
1862590 209
1862600 209
1862610 209
1862620 209
1862630 209
1862640 210
1862650 210
1862660 210
1862670 210
1862680 210
1862690 210
1862700 210
1862710 211
1862720 211
1862730 211
1862740 211
1862750 211
1862760 211
1862770 211
1862780 211
1862790 211
1862800 211
1862810 211
1862820 211
1862830 211
1862840 211
1862850 211
1862860 211
1862870 211
1862880 210
1862890 210
1862900 210
1862910 210
1862920 210
1862930 209
1862940 208
1862950 208
1862960 208
1862970 208
1862980 207
1862990 207
1863000 207
1863010 207
1863020 207
1863030 207
1863040 206
1863050 206
1863060 206
1863070 206
1863080 206
1863090 205
1863100 205
1863110 205
1863120 205
1863130 205
1863140 205
1863150 204
1863160 204
1863170 204
1863180 204
1863190 204
1863200 204
1863210 204
1863220 203
1863230 203
1863240 203
1863250 203
1863260 203
1863270 202
1863280 202
1863290 202
1863300 203
1863310 203
1863320 203
1863330 203
1863340 203
1863350 203
1863360 203
1863370 203
1863380 203
1863390 202
1863400 202
1863410 202
1863420 201
1863430 201
1863440 201
1863450 200
1863460 199
1863470 199
1863480 198
1863490 198
1863500 197
1863510 196
1863520 196
1863530 194
1863540 193
1863550 193
1863560 192
1863570 191
1863580 191
1863590 190
1863600 189
1863610 189
1863620 188
1863630 187
1863640 187
1863650 187
1863660 186
1863670 186
1863680 186
1863690 186
1863700 186
1863710 185
1863720 185
1863730 185
1863740 184
1863750 184
1863760 184
1863770 183
1863780 182
1863790 182
1863800 182
1863810 181
1863820 181
1863830 181
1863840 180
1863850 180
1863860 180
1863870 180
1863880 180
1863890 179
1863900 179
1863910 179
1863920 178
1863930 178
1863940 178
1863950 178
1863960 178
1863970 178
1863980 177
1863990 177
1864000 177
1864010 176
1864020 176
1864030 176
1864040 177
1864050 177
1864060 177
1864070 176
1864080 176
1864090 176
1864100 176
1864110 176
1864120 176
1864130 177
1864140 177
1864150 177
1864160 177
1864170 177
1864180 177
1864190 178
1864200 178
1864210 178
1864220 179
1864230 181
1864240 181
1864250 182
1864260 184
1864270 184
1864280 186
1864290 188
1864300 191
1864310 194
1864320 196
1864330 196
1864340 199
1864350 200
1864360 200
1864370 201
1864380 202
1864390 202
1864400 202
1864410 203
1864420 203
1864430 203
1864440 204
1864450 204
1864460 204
1864470 204
1864480 205
1864490 205
1864500 205
1864510 205
1864520 205
1864530 205
1864540 206
1864550 206
1864560 206
1864570 206
1864580 207
1864590 207
1864600 207
1864610 207
1864620 207
1864630 206
1864640 204
1864650 206
1864660 204
1864670 205
1864680 205
1864690 207
1864700 209
1864710 209
1864720 210
1864730 211
1864740 211
1864750 212
1864760 213
1864770 213
1864780 213
1864790 213
1864800 213
1864810 213
1864820 213
1864830 213
1864840 213
1864850 213
1864860 213
1864870 212
1864880 212
1864890 212
1864900 212
1864910 212
1864920 212
1864930 212
1864940 212
1864950 212
1864960 212
1864970 212
1864980 212
1864990 211
1865000 211
1865010 211
1865020 212
1865030 212
1865040 212
1865050 212
1865060 212
1865070 212
1865080 212
1865090 212
1865100 212
1865110 212
1865120 212
1865130 212
1865140 212
1865150 212
1865160 212
1865170 212
1865180 212
1865190 212
1865200 213
1865210 212
1865220 212
1865230 212
1865240 212
1865250 212
1865260 212
1865270 212
1865280 212
1865290 212
1865300 212
1865310 212
1865320 212
1865330 212
1865340 212
1865350 211
1865360 211
1865370 211
1865380 211
1865390 211
1865400 211
1865410 210
1865420 210
1865430 210
1865440 210
1865450 210
1865460 209
1865470 209
1865480 209
1865490 209
1865500 209
1865510 209
1865520 208
1865530 208
1865540 208
1865550 208
1865560 208
1865570 208
1865580 207
1865590 207
1865600 207
1865610 207
1865620 207
1865630 207
1865640 207
1865650 207
1865660 207
1865670 206
1865680 206
1865690 206
1865700 206
1865710 207
1865720 207
1865730 207
1865740 206
1865750 206
1865760 206
1865770 206
1865780 206
1865790 205
1865800 205
1865810 205
1865820 204
1865830 204
1865840 204
1865850 203
1865860 202
1865870 202
1865880 201
1865890 201
1865900 201
1865910 200
1865920 199
1865930 199
1865940 198
1865950 197
1865960 197
1865970 196
1865980 195
1865990 195
1866000 194
1866010 193
1866020 193
1866030 192
1866040 191
1866050 191
1866060 190
1866070 189
1866080 189
1866090 189
1866100 188
1866110 188
1866120 187
1866130 187
1866140 187
1866150 187
1866160 187
1866170 187
1866180 186
1866190 186
1866200 186
1866210 186
1866220 185
1866230 185
1866240 185
1866250 185
1866260 185
1866270 184
1866280 184
1866290 184
1866300 183
1866310 182
1866320 182
1866330 181
1866340 181
1866350 181
1866360 179
1866370 178
1866380 178
1866390 177
1866400 176
1866410 176
1866420 175
1866430 175
1866440 175
1866450 174
1866460 174
1866470 174
1866480 174
1866490 174
1866500 174
1866510 173
1866520 173
1866530 173
1866540 173
1866550 173
1866560 173
1866570 173
1866580 173
1866590 173
1866600 173
1866610 173
1866620 173
1866630 175
1866640 175
1866650 178
1866660 181
1866670 181
1866680 184
1866690 186
1866700 188
1866710 189
1866720 190
1866730 190
1866740 191
1866750 193
1866760 193
1866770 194
1866780 195
1866790 195
1866800 196
1866810 197
1866820 197
1866830 198
1866840 199
1866850 199
1866860 200
1866870 200
1866880 200
1866890 201
1866900 201
1866910 201
1866920 201
1866930 201
1866940 201
1866950 202
1866960 202
1866970 202
1866980 202
1866990 202
1867000 202
1867010 202
1867020 202
1867030 202
1867040 202
1867050 201
1867060 201
1867070 201
1867080 201
1867090 201
1867100 201
1867110 201
1867120 201
1867130 201
1867140 201
1867150 201
1867160 201
1867170 201
1867180 201
1867190 201
1867200 201
1867210 201
1867220 201
1867230 200
1867240 200
1867250 199
1867260 199
1867270 199
1867280 200
1867290 200
1867300 200
1867310 201
1867320 201
1867330 201
1867340 202
1867350 202
1867360 202
1867370 203
1867380 204
1867390 204
1867400 205
1867410 205
1867420 205
1867430 205
1867440 205
1867450 205
1867460 205
1867470 205
1867480 206
1867490 206
1867500 206
1867510 206
1867520 206
1867530 206
1867540 206
1867550 206
1867560 206
1867570 206
1867580 206
1867590 206
1867600 206
1867610 206
1867620 206
1867630 206
1867640 206
1867650 206
1867660 206
1867670 206
1867680 206
1867690 207
1867700 207
1867710 207
1867720 207
1867730 207
1867740 207
1867750 207
1867760 207
1867770 207
1867780 207
1867790 207
1867800 207
1867810 207
1867820 207
1867830 207
1867840 207
1867850 207
1867860 207
1867870 207
1867880 207
1867890 207
1867900 207
1867910 207
1867920 207
1867930 207
1867940 207
1867950 207
1867960 207
1867970 207
1867980 207
1867990 207
1868000 207
1868010 207
1868020 207
1868030 207
1868040 207
1868050 207
1868060 208
1868070 208
1868080 207
1868090 208
1868100 208
1868110 208
1868120 208
1868130 208
1868140 208
1868150 207
1868160 207
1868170 207
1868180 207
1868190 207
1868200 207
1868210 207
1868220 207
1868230 207
1868240 207
1868250 207
1868260 207
1868270 207
1868280 207
1868290 207
1868300 207
1868310 207
1868320 207
1868330 207
1868340 207
1868350 207
1868360 206
1868370 206
1868380 206
1868390 206
1868400 206
1868410 206
1868420 206
1868430 206
1868440 206
1868450 206
1868460 206
1868470 205
1868480 205
1868490 205
1868500 205
1868510 205
1868520 205
1868530 205
1868540 205
1868550 204
1868560 204
1868570 204
1868580 204
1868590 204
1868600 204
1868610 204
1868620 204
1868630 204
1868640 204
1868650 204
1868660 204
1868670 204
1868680 203
1868690 203
1868700 203
1868710 203
1868720 203
1868730 203
1868740 203
1868750 203
1868760 202
1868770 202
1868780 202
1868790 202
1868800 202
1868810 202
1868820 202
1868830 202
1868840 202
1868850 202
1868860 202
1868870 202
1868880 202
1868890 202
1868900 202
1868910 202
1868920 202
1868930 202
1868940 201
1868950 201
1868960 201
1868970 201
1868980 201
1868990 201
1869000 200
1869010 200
1869020 200
1869030 199
1869040 199
1869050 199
1869060 198
1869070 198
1869080 197
1869090 197
1869100 197
1869110 197
1869120 197
1869130 197
1869140 197
1869150 197
1869160 197
1869170 197
1869180 197
1869190 197
1869200 197
1869210 196
1869220 196
1869230 196
1869240 196
1869250 196
1869260 196
1869270 196
1869280 196
1869290 196
1869300 195
1869310 195
1869320 195
1869330 195
1869340 194
1869350 194
1869360 194
1869370 194
1869380 194
1869390 193
1869400 193
1869410 193
1869420 192
1869430 192
1869440 191
1869450 190
1869460 190
1869470 190
1869480 189
1869490 189
1869500 188
1869510 188
1869520 188
1869530 187
1869540 187
1869550 187
1869560 186
1869570 186
1869580 186
1869590 185
1869600 185
1869610 185
1869620 184
1869630 183
1869640 183
1869650 182
1869660 182
1869670 182
1869680 181
1869690 181
1869700 181
1869710 181
1869720 180
1869730 180
1869740 179
1869750 179
1869760 178
1869770 177
1869780 176
1869790 176
1869800 175
1869810 174
1869820 174
1869830 174
1869840 174
1869850 174
1869860 173
1869870 173
1869880 173
1869890 173
1869900 172
1869910 172
1869920 172
1869930 172
1869940 172
1869950 172
1869960 172
1869970 172
1869980 172
1869990 171
1870000 171
1870010 171
1870020 171
1870030 171
1870040 171
1870050 171
1870060 171
1870070 171
1870080 171
1870090 171
1870100 171
1870110 171
1870120 171
1870130 171
1870140 170
1870150 170
1870160 170
1870170 170
1870180 170
1870190 170
1870200 170
1870210 170
1870220 171
1870230 171
1870240 171
1870250 171
1870260 171
1870270 171
1870280 171
1870290 172
1870300 172
1870310 174
1870320 176
1870330 176
1870340 177
1870350 177
1870360 179
1870370 179
1870380 179
1870390 180
1870400 180
1870410 180
1870420 181
1870430 182
1870440 182
1870450 182
1870460 183
1870470 183
1870480 183
1870490 183
1870500 183
1870510 183
1870520 183
1870530 183
1870540 182
1870550 182
1870560 182
1870570 181
1870580 181
1870590 181
1870600 180
1870610 176
1870620 176
1870630 176
1870640 177
1870650 177
1870660 181
1870670 184
1870680 184
1870690 185
1870700 188
1870710 188
1870720 190
1870730 192
1870740 192
1870750 194
1870760 196
1870770 195
1870780 195
1870790 195
1870800 195
1870810 195
1870820 195
1870830 195
1870840 195
1870850 194
1870860 194
1870870 194
1870880 193
1870890 193
1870900 194
1870910 194
1870920 194
1870930 194
1870940 194
1870950 194
1870960 194
1870970 195
1870980 195
1870990 195
1871000 196
1871010 196
1871020 196
1871030 197
1871040 197
1871050 197
1871060 198
1871070 198
1871080 198
1871090 199
1871100 199
1871110 199
1871120 200
1871130 200
1871140 200
1871150 200
1871160 200
1871170 200
1871180 201
1871190 201
1871200 201
1871210 201
1871220 201
1871230 201
1871240 201
1871250 201
1871260 201
1871270 201
1871280 201
1871290 201
1871300 201
1871310 201
1871320 201
1871330 201
1871340 201
1871350 201
1871360 201
1871370 201
1871380 201
1871390 201
1871400 201
1871410 201
1871420 201
1871430 201
1871440 201
1871450 201
1871460 201
1871470 201
1871480 201
1871490 201
1871500 201
1871510 201
1871520 201
1871530 201
1871540 201
1871550 201
1871560 201
1871570 201
1871580 201
1871590 201
1871600 201
1871610 201
1871620 201
1871630 201
1871640 200
1871650 200
1871660 200
1871670 200
1871680 200
1871690 200
1871700 200
1871710 199
1871720 199
1871730 199
1871740 199
1871750 199
1871760 199
1871770 199
1871780 199
1871790 199
1871800 198
1871810 198
1871820 198
1871830 198
1871840 198
1871850 198
1871860 197
1871870 197
1871880 197
1871890 197
1871900 197
1871910 197
1871920 196
1871930 196
1871940 196
1871950 196
1871960 196
1871970 195
1871980 195
1871990 195
1872000 195
1872010 194
1872020 194
1872030 194
1872040 193
1872050 193
1872060 192
1872070 191
1872080 191
1872090 191
1872100 190
1872110 190
1872120 188
1872130 187
1872140 187
1872150 186
1872160 183
1872170 183
1872180 182
1872190 181
1872200 181
1872210 180
1872220 179
1872230 179
1872240 178
1872250 177
1872260 177
1872270 176
1872280 176
1872290 176
1872300 176
1872310 176
1872320 177
1872330 179
1872340 179
1872350 180
1872360 181
1872370 181
1872380 182
1872390 184
1872400 184
1872410 185
1872420 186
1872430 186
1872440 187
1872450 189
1872460 189
1872470 190
1872480 191
1872490 191
1872500 191
1872510 192
1872520 192
1872530 192
1872540 192
1872550 192
1872560 192
1872570 192
1872580 192
1872590 193
1872600 193
1872610 193
1872620 193
1872630 194
1872640 194
1872650 194
1872660 195
1872670 195
1872680 196
1872690 196
1872700 196
1872710 196
1872720 196
1872730 196
1872740 196
1872750 196
1872760 196
1872770 196
1872780 196
1872790 196
1872800 196
1872810 196
1872820 196
1872830 196
1872840 196
1872850 196
1872860 196
1872870 196
1872880 196
1872890 196
1872900 196
1872910 196
1872920 196
1872930 196
1872940 196
1872950 196
1872960 195
1872970 195
1872980 195
1872990 195
1873000 195
1873010 195
1873020 195
1873030 195
1873040 195
1873050 195
1873060 195
1873070 195
1873080 195
1873090 195
1873100 194
1873110 194
1873120 194
1873130 194
1873140 194
1873150 194
1873160 194
1873170 194
1873180 194
1873190 194
1873200 194
1873210 194
1873220 193
1873230 193
1873240 193
1873250 193
1873260 193
1873270 193
1873280 193
1873290 193
1873300 193
1873310 193
1873320 193
1873330 193
1873340 192
1873350 192
1873360 192
1873370 192
1873380 192
1873390 192
1873400 192
1873410 192
1873420 191
1873430 191
1873440 191
1873450 191
1873460 191
1873470 191
1873480 191
1873490 191
1873500 191
1873510 190
1873520 190
1873530 190
1873540 190
1873550 189
1873560 189
1873570 189
1873580 189
1873590 189
1873600 188
1873610 188
1873620 188
1873630 187
1873640 186
1873650 186
1873660 186
1873670 186
1873680 186
1873690 186
1873700 186
1873710 186
1873720 186
1873730 187
1873740 187
1873750 188
1873760 188
1873770 188
1873780 189
1873790 189
1873800 189
1873810 189
1873820 189
1873830 189
1873840 189
1873850 188
1873860 188
1873870 188
1873880 186
1873890 186
1873900 185
1873910 184
1873920 184
1873930 183
1873940 182
1873950 182
1873960 181
1873970 178
1873980 178
1873990 177
1874000 176
1874010 176
1874020 175
1874030 174
1874040 174
1874050 174
1874060 175
1874070 175
1874080 175
1874090 176
1874100 176
1874110 176
1874120 177
1874130 177
1874140 177
1874150 178
1874160 178
1874170 178
1874180 179
1874190 179
1874200 179
1874210 180
1874220 180
1874230 181
1874240 181
1874250 181
1874260 182
1874270 182
1874280 183
1874290 184
1874300 184
1874310 185
1874320 185
1874330 185
1874340 186
1874350 186
1874360 186
1874370 187
1874380 187
1874390 187
1874400 188
1874410 188
1874420 188
1874430 189
1874440 189
1874450 189
1874460 190
1874470 191
1874480 191
1874490 191
1874500 191
1874510 191
1874520 192
1874530 192
1874540 192
1874550 192
1874560 192
1874570 192
1874580 192
1874590 192
1874600 192
1874610 192
1874620 192
1874630 192
1874640 192
1874650 192
1874660 192
1874670 193
1874680 193
1874690 193
1874700 193
1874710 194
1874720 194
1874730 194
1874740 193
1874750 193
1874760 193
1874770 193
1874780 193
1874790 193
1874800 193
1874810 193
1874820 193
1874830 193
1874840 193
1874850 193
1874860 193
1874870 193
1874880 193
1874890 194
1874900 194
1874910 194
1874920 194
1874930 194
1874940 194
1874950 194
1874960 194
1874970 194
1874980 194
1874990 194
1875000 194
1875010 194
1875020 194
1875030 194
1875040 194
1875050 194
1875060 194
1875070 193
1875080 193
1875090 193
1875100 193
1875110 193
1875120 193
1875130 192
1875140 192
1875150 192
1875160 192
1875170 192
1875180 192
1875190 192
1875200 192
1875210 192
1875220 192
1875230 191
1875240 191
1875250 191
1875260 191
1875270 191
1875280 191
1875290 191
1875300 191
1875310 191
1875320 191
1875330 191
1875340 191
1875350 191
1875360 191
1875370 191
1875380 191
1875390 191
1875400 191
1875410 191
1875420 191
1875430 191
1875440 191
1875450 191
1875460 191
1875470 191
1875480 191
1875490 191
1875500 191
1875510 190
1875520 190
1875530 190
1875540 190
1875550 190
1875560 189
1875570 189
1875580 189
1875590 189
1875600 188
1875610 188
1875620 188
1875630 187
1875640 187
1875650 187
1875660 187
1875670 187
1875680 186
1875690 186
1875700 186
1875710 186
1875720 185
1875730 185
1875740 185
1875750 184
1875760 184
1875770 183
1875780 183
1875790 183
1875800 182
1875810 181
1875820 181
1875830 180
1875840 178
1875850 178
1875860 177
1875870 176
1875880 176
1875890 175
1875900 174
1875910 174
1875920 173
1875930 172
1875940 172
1875950 171
1875960 170
1875970 170
1875980 169
1875990 168
1876000 168
1876010 167
1876020 166
1876030 166
1876040 166
1876050 165
1876060 165
1876070 165
1876080 165
1876090 165
1876100 164
1876110 164
1876120 164
1876130 165
1876140 165
1876150 165
1876160 165
1876170 165
1876180 164
1876190 164
1876200 164
1876210 163
1876220 162
1876230 162
1876240 161
1876250 160
1876260 160
1876270 159
1876280 158
1876290 158
1876300 157
1876310 156
1876320 156
1876330 156
1876340 155
1876350 155
1876360 155
1876370 154
1876380 154
1876390 154
1876400 154
1876410 154
1876420 154
1876430 154
1876440 154
1876450 154
1876460 153
1876470 153
1876480 153
1876490 153
1876500 153
1876510 153
1876520 153
1876530 153
1876540 153
1876550 154
1876560 154
1876570 153
1876580 153
1876590 153
1876600 153
1876610 153
1876620 153
1876630 153
1876640 153
1876650 153
1876660 153
1876670 153
1876680 153
1876690 153
1876700 153
1876710 153
1876720 153
1876730 153
1876740 153
1876750 153
1876760 153
1876770 153
1876780 153
1876790 153
1876800 153
1876810 153
1876820 153
1876830 153
1876840 153
1876850 153
1876860 153
1876870 153
1876880 153
1876890 153
1876900 153
1876910 153
1876920 153
1876930 153
1876940 153
1876950 153
1876960 153
1876970 152
1876980 152
1876990 152
1877000 152
1877010 152
1877020 152
1877030 152
1877040 152
1877050 152
1877060 152
1877070 152
1877080 152
1877090 152
1877100 152
1877110 152
1877120 152
1877130 152
1877140 152
1877150 152
1877160 152
1877170 151
1877180 151
1877190 151
1877200 151
1877210 151
1877220 151
1877230 151
1877240 151
1877250 151
1877260 151
1877270 151
1877280 151
1877290 151
1877300 151
1877310 151
1877320 151
1877330 151
1877340 151
1877350 151
1877360 151
1877370 151
1877380 151
1877390 151
1877400 151
1877410 151
1877420 151
1877430 150
1877440 150
1877450 150
1877460 150
1877470 150
1877480 150
1877490 150
1877500 150
1877510 150
1877520 150
1877530 150
1877540 150
1877550 150
1877560 149
1877570 149
1877580 149
1877590 149
1877600 149
1877610 149
1877620 149
1877630 149
1877640 149
1877650 149
1877660 149
1877670 149
1877680 149
1877690 149
1877700 149
1877710 149
1877720 149
1877730 149
1877740 149
1877750 149
1877760 149
1877770 149
1877780 149
1877790 149
1877800 149
1877810 149
1877820 149
1877830 149
1877840 149
1877850 149
1877860 149
1877870 149
1877880 149
1877890 149
1877900 149
1877910 149
1877920 149
1877930 149
1877940 149
1877950 149
1877960 149
1877970 149
1877980 149
1877990 149
1878000 149
1878010 149
1878020 149
1878030 149
1878040 149
1878050 149
1878060 150
1878070 150
1878080 150
1878090 150
1878100 150
1878110 151
1878120 151
1878130 151
1878140 151
1878150 151
1878160 151
1878170 152
1878180 152
1878190 152
1878200 151
1878210 151
1878220 151
1878230 151
1878240 150
1878250 150
1878260 150
1878270 151
1878280 151
1878290 149
1878300 149
1878310 149
1878320 149
1878330 149
1878340 149
1878350 149
1878360 149
1878370 149
1878380 149
1878390 149
1878400 149
1878410 149
1878420 149
1878430 149
1878440 149
1878450 149
1878460 149
1878470 150
1878480 150
1878490 150
1878500 150
1878510 149
1878520 149
1878530 149
1878540 149
1878550 149
1878560 149
1878570 149
1878580 149
1878590 149
1878600 149
1878610 149
1878620 149
1878630 149
1878640 149
1878650 149
1878660 149
1878670 149
1878680 149
1878690 149
1878700 149
1878710 149
1878720 149
1878730 149
1878740 149
1878750 149
1878760 149
1878770 149
1878780 149
1878790 149
1878800 149
1878810 149
1878820 149
1878830 148
1878840 148
1878850 148
1878860 148
1878870 148
1878880 148
1878890 148
1878900 148
1878910 148
1878920 147
1878930 147
1878940 147
1878950 147
1878960 147
1878970 147
1878980 147
1878990 147
1879000 147
1879010 147
1879020 147
1879030 147
1879040 147
1879050 147
1879060 147
1879070 147
1879080 147
1879090 147
1879100 147
1879110 147
1879120 147
1879130 147
1879140 147
1879150 147
1879160 147
1879170 147
1879180 147
1879190 147
1879200 147
1879210 147
1879220 147
1879230 147
1879240 147
1879250 147
1879260 147
1879270 147
1879280 147
1879290 147
1879300 147
1879310 147
1879320 147
1879330 147
1879340 147
1879350 147
1879360 147
1879370 147
1879380 147
1879390 147
1879400 147
1879410 147
1879420 147
1879430 147
1879440 147
1879450 147
1879460 147
1879470 147
1879480 148
1879490 148
1879500 148
1879510 148
1879520 148
1879530 148
1879540 148
1879550 148
1879560 148
1879570 148
1879580 148
1879590 148
1879600 148
1879610 148
1879620 148
1879630 148
1879640 148
1879650 148
1879660 148
1879670 148
1879680 148
1879690 148
1879700 148
1879710 148
1879720 147
1879730 147
1879740 147
1879750 147
1879760 147
1879770 147
1879780 147
1879790 147
1879800 147
1879810 147
1879820 147
1879830 147
1879840 148
1879850 148
1879860 148
1879870 148
1879880 149
1879890 149
1879900 148
1879910 148
1879920 148
1879930 148
1879940 150
1879950 150
1879960 148
1879970 146
1879980 146
1879990 146
