1860000 221
1860010 221
1860020 221
1860030 221
1860040 221
1860050 221
1860060 221
1860070 221
1860080 221
1860090 221
1860100 221
1860110 221
1860120 221
1860130 220
1860140 220
1860150 220
1860160 221
1860170 221
1860180 221
1860190 220
1860200 221
1860210 221
1860220 221
1860230 221
1860240 221
1860250 221
1860260 220
1860270 220
1860280 220
1860290 220
1860300 220
1860310 220
1860320 220
1860330 220
1860340 220
1860350 220
1860360 220
1860370 220
1860380 220
1860390 220
1860400 220
1860410 220
1860420 220
1860430 220
1860440 220
1860450 220
1860460 220
1860470 220
1860480 220
1860490 220
1860500 220
1860510 220
1860520 220
1860530 220
1860540 220
1860550 220
1860560 220
1860570 220
1860580 220
1860590 220
1860600 220
1860610 220
1860620 221
1860630 221
1860640 221
1860650 221
1860660 221
1860670 221
1860680 221
1860690 221
1860700 221
1860710 221
1860720 221
1860730 221
1860740 221
1860750 221
1860760 221
1860770 221
1860780 221
1860790 221
1860800 221
1860810 221
1860820 221
1860830 221
1860840 221
1860850 221
1860860 221
1860870 221
1860880 221
1860890 221
1860900 221
1860910 221
1860920 221
1860930 221
1860940 221
1860950 221
1860960 221
1860970 221
1860980 221
1860990 221
1861000 221
1861010 221
1861020 221
1861030 220
1861040 220
1861050 220
1861060 220
1861070 220
1861080 220
1861090 220
1861100 220
1861110 219
1861120 219
1861130 219
1861140 219
1861150 219
1861160 219
1861170 219
1861180 218
1861190 218
1861200 218
1861210 218
1861220 218
1861230 218
1861240 217
1861250 217
1861260 217
1861270 217
1861280 217
1861290 217
1861300 216
1861310 216
1861320 216
1861330 215
1861340 215
1861350 215
1861360 215
1861370 215
1861380 214
1861390 214
1861400 214
1861410 213
1861420 213
1861430 213
1861440 212
1861450 212
1861460 212
1861470 211
1861480 211
1861490 211
1861500 210
1861510 210
1861520 210
1861530 209
1861540 209
1861550 209
1861560 208
1861570 208
1861580 208
1861590 207
1861600 207
1861610 207
1861620 206
1861630 206
1861640 206
1861650 205
1861660 204
1861670 204
1861680 203
1861690 203
1861700 203
1861710 202
1861720 202
1861730 202
1861740 201
1861750 200
1861760 200
1861770 200
1861780 200
1861790 200
1861800 199
1861810 199
1861820 199
1861830 198
1861840 197
1861850 197
1861860 197
1861870 197
1861880 197
1861890 196
1861900 196
1861910 196
1861920 196
1861930 195
1861940 195
1861950 195
1861960 195
1861970 195
1861980 194
1861990 194
1862000 194
1862010 193
1862020 193
1862030 193
1862040 193
1862050 193
1862060 193
1862070 193
1862080 193
1862090 193
1862100 193
1862110 193
1862120 193
1862130 193
1862140 193
1862150 193
1862160 193
1862170 193
1862180 194
1862190 194
1862200 194
1862210 195
1862220 195
1862230 195
1862240 196
1862250 196
1862260 196
1862270 196
1862280 196
1862290 196
1862300 196
1862310 196
1862320 196
1862330 196
1862340 197
1862350 197
1862360 198
1862370 199
1862380 199
1862390 200
1862400 200
1862410 200
1862420 201
1862430 202
1862440 202
1862450 203
1862460 204
1862470 204
1862480 204
1862490 205
1862500 205
1862510 205
1862520 206
1862530 206
1862540 206
1862550 206
1862560 206
1862570 206
1862580 206
1862590 206
1862600 206
1862610 206
1862620 206
1862630 206
1862640 206
1862650 206
1862660 206
1862670 206
1862680 206
1862690 206
1862700 207
1862710 207
1862720 207
1862730 208
1862740 208
1862750 208
1862760 209
1862770 209
1862780 209
1862790 209
1862800 209
1862810 210
1862820 210
1862830 210
1862840 211
1862850 211
1862860 211
1862870 211
1862880 212
1862890 212
1862900 212
1862910 212
1862920 212
1862930 212
1862940 212
1862950 213
1862960 213
1862970 213
1862980 213
1862990 213
1863000 213
1863010 213
1863020 213
1863030 213
1863040 213
1863050 213
1863060 213
1863070 213
1863080 213
1863090 213
1863100 213
1863110 213
1863120 213
1863130 213
1863140 213
1863150 213
1863160 213
1863170 213
1863180 213
1863190 213
1863200 213
1863210 213
1863220 213
1863230 213
1863240 213
1863250 213
1863260 212
1863270 212
1863280 212
1863290 211
1863300 211
1863310 211
1863320 210
1863330 210
1863340 210
1863350 209
1863360 209
1863370 209
1863380 208
1863390 208
1863400 208
1863410 207
1863420 207
1863430 206
1863440 206
1863450 206
1863460 205
1863470 204
1863480 204
1863490 204
1863500 203
1863510 203
1863520 202
1863530 202
1863540 202
1863550 201
1863560 201
1863570 201
1863580 200
1863590 200
1863600 200
1863610 201
1863620 202
1863630 202
1863640 203
1863650 204
1863660 204
1863670 205
1863680 206
1863690 206
1863700 206
1863710 206
1863720 206
1863730 206
1863740 206
1863750 206
1863760 206
1863770 206
1863780 206
1863790 206
1863800 206
1863810 206
1863820 206
1863830 206
1863840 206
1863850 207
1863860 207
1863870 207
1863880 207
1863890 207
1863900 208
1863910 208
1863920 208
1863930 208
1863940 208
1863950 208
1863960 207
1863970 207
1863980 207
1863990 207
1864000 207
1864010 207
1864020 207
1864030 207
1864040 207
1864050 206
1864060 206
1864070 206
1864080 206
1864090 206
1864100 206
1864110 205
1864120 205
1864130 205
1864140 204
1864150 204
1864160 204
1864170 203
1864180 202
1864190 202
1864200 201
1864210 200
1864220 200
1864230 196
1864240 194
1864250 194
1864260 196
1864270 196
1864280 196
1864290 193
1864300 193
1864310 193
1864320 193
1864330 193
1864340 193
1864350 198
1864360 200
1864370 200
1864380 200
1864390 200
1864400 200
1864410 200
1864420 199
1864430 199
1864440 201
1864450 202
1864460 202
1864470 203
1864480 204
1864490 204
1864500 205
1864510 206
1864520 206
1864530 206
1864540 207
1864550 207
1864560 207
1864570 207
1864580 207
1864590 208
1864600 207
1864610 207
1864620 207
1864630 207
1864640 207
1864650 207
1864660 207
1864670 207
1864680 207
1864690 206
1864700 206
1864710 206
1864720 206
1864730 206
1864740 207
1864750 207
1864760 207
1864770 207
1864780 208
1864790 208
1864800 208
1864810 208
1864820 208
1864830 208
1864840 208
1864850 208
1864860 208
1864870 208
1864880 208
1864890 208
1864900 208
1864910 208
1864920 207
1864930 207
1864940 208
1864950 207
1864960 207
1864970 207
1864980 207
1864990 207
1865000 207
1865010 207
1865020 207
1865030 207
1865040 207
1865050 207
1865060 207
1865070 207
1865080 207
1865090 207
1865100 207
1865110 207
1865120 206
1865130 206
1865140 206
1865150 206
1865160 206
1865170 206
1865180 206
1865190 205
1865200 205
1865210 205
1865220 205
1865230 205
1865240 204
1865250 204
1865260 204
1865270 204
1865280 203
1865290 203
1865300 203
1865310 202
1865320 202
1865330 202
1865340 202
1865350 202
1865360 201
1865370 201
1865380 201
1865390 201
1865400 200
1865410 200
1865420 200
1865430 199
1865440 199
1865450 198
1865460 198
1865470 198
1865480 197
1865490 197
1865500 197
1865510 196
1865520 195
1865530 195
1865540 194
1865550 194
1865560 194
1865570 193
1865580 192
1865590 192
1865600 191
1865610 190
1865620 190
1865630 189
1865640 188
1865650 188
1865660 188
1865670 187
1865680 187
1865690 186
1865700 185
1865710 185
1865720 184
1865730 184
1865740 184
1865750 183
1865760 183
1865770 182
1865780 181
1865790 181
1865800 180
1865810 180
1865820 180
1865830 180
1865840 180
1865850 180
1865860 180
1865870 179
1865880 179
1865890 179
1865900 179
1865910 179
1865920 179
1865930 178
1865940 178
1865950 178
1865960 178
1865970 178
1865980 178
1865990 178
1866000 178
1866010 177
1866020 178
1866030 178
1866040 177
1866050 177
1866060 177
1866070 177
1866080 177
1866090 177
1866100 178
1866110 177
1866120 177
1866130 177
1866140 177
1866150 177
1866160 177
1866170 178
1866180 178
1866190 178
1866200 179
1866210 179
1866220 180
1866230 181
1866240 181
1866250 183
1866260 184
1866270 184
1866280 185
1866290 185
1866300 185
1866310 186
1866320 187
1866330 187
1866340 188
1866350 189
1866360 189
1866370 191
1866380 192
1866390 192
1866400 194
1866410 195
1866420 195
1866430 196
1866440 196
1866450 196
1866460 197
1866470 199
1866480 199
1866490 200
1866500 200
1866510 200
1866520 201
1866530 201
1866540 201
1866550 201
1866560 201
1866570 201
1866580 201
1866590 201
1866600 201
1866610 200
1866620 200
1866630 200
1866640 200
1866650 200
1866660 200
1866670 200
1866680 199
1866690 199
1866700 199
1866710 199
1866720 198
1866730 198
1866740 198
1866750 197
1866760 197
1866770 197
1866780 196
1866790 196
1866800 196
1866810 196
1866820 196
1866830 196
1866840 196
1866850 196
1866860 196
1866870 196
1866880 195
1866890 195
1866900 195
1866910 195
1866920 195
1866930 195
1866940 195
1866950 195
1866960 195
1866970 194
1866980 194
1866990 194
1867000 194
1867010 194
1867020 193
1867030 193
1867040 193
1867050 193
1867060 192
1867070 192
1867080 192
1867090 192
1867100 192
1867110 192
1867120 191
1867130 191
1867140 191
1867150 192
1867160 192
1867170 192
1867180 192
1867190 192
1867200 191
1867210 191
1867220 191
1867230 191
1867240 191
1867250 191
1867260 191
1867270 191
1867280 191
1867290 191
1867300 192
1867310 192
1867320 191
1867330 191
1867340 191
1867350 191
1867360 190
1867370 190
1867380 189
1867390 188
1867400 188
1867410 188
1867420 187
1867430 187
1867440 185
1867450 184
1867460 184
1867470 184
1867480 183
1867490 184
1867500 183
1867510 183
1867520 183
1867530 183
1867540 183
1867550 183
1867560 183
1867570 183
1867580 183
1867590 184
1867600 184
1867610 184
1867620 186
1867630 188
1867640 188
1867650 190
1867660 193
1867670 193
1867680 194
1867690 194
1867700 195
1867710 195
1867720 195
1867730 196
1867740 196
1867750 196
1867760 196
1867770 196
1867780 196
1867790 196
1867800 196
1867810 196
1867820 196
1867830 195
1867840 195
1867850 194
1867860 194
1867870 194
1867880 193
1867890 193
1867900 193
1867910 193
1867920 193
1867930 193
1867940 193
1867950 193
1867960 193
1867970 192
1867980 192
1867990 192
1868000 191
1868010 190
1868020 190
1868030 189
1868040 189
1868050 189
1868060 188
1868070 187
1868080 187
1868090 186
1868100 185
1868110 185
1868120 184
1868130 183
1868140 183
1868150 182
1868160 181
1868170 180
1868180 180
1868190 180
1868200 180
1868210 179
1868220 179
1868230 179
1868240 179
1868250 179
1868260 179
1868270 179
1868280 178
1868290 178
1868300 178
1868310 178
1868320 178
1868330 178
1868340 178
1868350 178
1868360 178
1868370 178
1868380 178
1868390 177
1868400 177
1868410 177
1868420 177
1868430 177
1868440 177
1868450 177
1868460 177
1868470 177
1868480 177
1868490 177
1868500 177
1868510 177
1868520 177
1868530 177
1868540 177
1868550 176
1868560 176
1868570 176
1868580 176
1868590 176
1868600 176
1868610 176
1868620 176
1868630 177
1868640 177
1868650 178
1868660 178
1868670 178
1868680 179
1868690 179
1868700 179
1868710 181
1868720 183
1868730 183
1868740 186
1868750 189
1868760 189
1868770 193
1868780 196
1868790 196
1868800 198
1868810 199
1868820 199
1868830 200
1868840 200
1868850 201
1868860 202
1868870 203
1868880 203
1868890 203
1868900 203
1868910 203
1868920 204
1868930 204
1868940 204
1868950 204
1868960 204
1868970 204
1868980 204
1868990 204
1869000 204
1869010 204
1869020 204
1869030 204
1869040 204
1869050 203
1869060 203
1869070 203
1869080 203
1869090 203
1869100 203
1869110 203
1869120 203
1869130 204
1869140 204
1869150 204
1869160 204
1869170 204
1869180 204
1869190 205
1869200 205
1869210 205
1869220 205
1869230 205
1869240 205
1869250 205
1869260 205
1869270 205
1869280 205
1869290 205
1869300 205
1869310 205
1869320 205
1869330 205
1869340 204
1869350 204
1869360 204
1869370 204
1869380 203
1869390 203
1869400 203
1869410 202
1869420 202
1869430 202
1869440 201
1869450 201
1869460 200
1869470 199
1869480 199
1869490 199
1869500 199
1869510 199
1869520 199
1869530 200
1869540 200
1869550 200
1869560 199
1869570 199
1869580 199
1869590 199
1869600 198
1869610 198
1869620 198
1869630 198
1869640 199
1869650 199
1869660 201
1869670 202
1869680 202
1869690 203
1869700 204
1869710 204
1869720 204
1869730 204
1869740 204
1869750 205
1869760 205
1869770 205
1869780 205
1869790 205
1869800 205
1869810 206
1869820 206
1869830 206
1869840 206
1869850 206
1869860 206
1869870 206
1869880 206
1869890 206
1869900 206
1869910 207
1869920 207
1869930 207
1869940 207
1869950 207
1869960 207
1869970 207
1869980 207
1869990 207
1870000 207
1870010 207
1870020 207
1870030 207
1870040 207
1870050 207
1870060 207
1870070 207
1870080 206
1870090 206
1870100 206
1870110 206
1870120 206
1870130 206
1870140 206
1870150 205
1870160 205
1870170 203
1870180 201
1870190 201
1870200 199
1870210 197
1870220 197
1870230 196
1870240 196
1870250 196
1870260 196
1870270 196
1870280 196
1870290 196
1870300 197
1870310 197
1870320 198
1870330 201
1870340 201
1870350 203
1870360 204
1870370 204
1870380 205
1870390 206
1870400 206
1870410 206
1870420 207
1870430 207
1870440 207
1870450 207
1870460 207
1870470 208
1870480 208
1870490 208
1870500 208
1870510 208
1870520 208
1870530 209
1870540 209
1870550 209
1870560 209
1870570 209
1870580 209
1870590 209
1870600 209
1870610 209
1870620 209
1870630 209
1870640 209
1870650 209
1870660 209
1870670 209
1870680 209
1870690 209
1870700 209
1870710 208
1870720 208
1870730 208
1870740 208
1870750 208
1870760 208
1870770 208
1870780 208
1870790 208
1870800 208
1870810 208
1870820 208
1870830 208
1870840 208
1870850 208
1870860 208
1870870 208
1870880 208
1870890 208
1870900 208
1870910 208
1870920 208
1870930 208
1870940 208
1870950 208
1870960 208
1870970 208
1870980 207
1870990 207
1871000 207
1871010 207
1871020 207
1871030 207
1871040 207
1871050 207
1871060 207
1871070 207
1871080 207
1871090 207
1871100 207
1871110 207
1871120 207
1871130 207
1871140 207
1871150 207
1871160 207
1871170 207
1871180 207
1871190 207
1871200 207
1871210 207
1871220 207
1871230 207
1871240 207
1871250 207
1871260 207
1871270 207
1871280 207
1871290 207
1871300 207
1871310 207
1871320 207
1871330 207
1871340 207
1871350 207
1871360 207
1871370 207
1871380 207
1871390 207
1871400 207
1871410 207
1871420 207
1871430 207
1871440 207
1871450 207
1871460 207
1871470 207
1871480 207
1871490 207
1871500 207
1871510 206
1871520 206
1871530 206
1871540 206
1871550 206
1871560 206
1871570 205
1871580 205
1871590 203
1871600 201
1871610 201
1871620 200
1871630 199
1871640 199
1871650 199
1871660 199
1871670 199
1871680 200
1871690 201
1871700 201
1871710 202
1871720 204
1871730 204
1871740 205
1871750 206
1871760 206
1871770 206
1871780 206
1871790 206
1871800 206
1871810 206
1871820 206
1871830 207
1871840 207
1871850 207
1871860 207
1871870 207
1871880 207
1871890 207
1871900 207
1871910 207
1871920 207
1871930 207
1871940 207
1871950 207
1871960 207
1871970 207
1871980 207
1871990 207
1872000 207
1872010 206
1872020 206
1872030 206
1872040 206
1872050 206
1872060 206
1872070 206
1872080 206
1872090 206
1872100 206
1872110 206
1872120 206
1872130 206
1872140 206
1872150 206
1872160 206
1872170 205
1872180 205
1872190 205
1872200 205
1872210 205
1872220 205
1872230 205
1872240 205
1872250 205
1872260 205
1872270 205
1872280 205
1872290 205
1872300 205
1872310 204
1872320 204
1872330 204
1872340 204
1872350 204
1872360 204
1872370 204
1872380 204
1872390 204
1872400 203
1872410 203
1872420 203
1872430 203
1872440 203
1872450 203
1872460 203
1872470 203
1872480 203
1872490 203
1872500 203
1872510 203
1872520 202
1872530 202
1872540 202
1872550 202
1872560 202
1872570 202
1872580 202
1872590 202
1872600 202
1872610 202
1872620 202
1872630 202
1872640 201
1872650 201
1872660 201
1872670 201
1872680 201
1872690 201
1872700 201
1872710 201
1872720 201
1872730 200
1872740 200
1872750 200
1872760 200
1872770 200
1872780 200
1872790 200
1872800 200
1872810 199
1872820 199
1872830 199
1872840 199
1872850 199
1872860 199
1872870 198
1872880 198
1872890 198
1872900 197
1872910 197
1872920 197
1872930 196
1872940 196
1872950 196
1872960 195
1872970 195
1872980 195
1872990 194
1873000 193
1873010 193
1873020 192
1873030 191
1873040 191
1873050 190
1873060 189
1873070 189
1873080 188
1873090 187
1873100 187
1873110 187
1873120 186
1873130 186
1873140 186
1873150 186
1873160 186
1873170 186
1873180 187
1873190 187
1873200 189
1873210 190
1873220 190
1873230 191
1873240 193
1873250 193
1873260 193
1873270 193
1873280 193
1873290 193
1873300 192
1873310 192
1873320 192
1873330 191
1873340 191
1873350 190
1873360 190
1873370 189
1873380 188
1873390 188
1873400 188
1873410 188
1873420 188
1873430 189
1873440 190
1873450 190
1873460 191
1873470 193
1873480 193
1873490 194
1873500 194
1873510 194
1873520 195
1873530 195
1873540 195
1873550 195
1873560 195
1873570 196
1873580 195
1873590 195
1873600 195
1873610 195
1873620 195
1873630 195
1873640 195
1873650 195
1873660 195
1873670 196
1873680 196
1873690 196
1873700 196
1873710 196
1873720 196
1873730 196
1873740 196
1873750 196
1873760 196
1873770 196
1873780 196
1873790 196
1873800 196
1873810 196
1873820 196
1873830 196
1873840 196
1873850 196
1873860 196
1873870 196
1873880 196
1873890 196
1873900 196
1873910 196
1873920 197
1873930 197
1873940 197
1873950 196
1873960 196
1873970 195
1873980 195
1873990 195
1874000 195
1874010 195
1874020 195
1874030 195
1874040 195
1874050 195
1874060 195
1874070 195
1874080 195
1874090 195
1874100 195
1874110 195
1874120 194
1874130 194
1874140 194
1874150 194
1874160 194
1874170 194
1874180 194
1874190 193
1874200 193
1874210 193
1874220 192
1874230 192
1874240 192
1874250 191
1874260 191
1874270 191
1874280 192
1874290 192
1874300 192
1874310 192
1874320 192
1874330 192
1874340 192
1874350 191
1874360 191
1874370 191
1874380 191
1874390 190
1874400 190
1874410 190
1874420 189
1874430 189
1874440 188
1874450 188
1874460 188
1874470 187
1874480 186
1874490 186
1874500 185
1874510 184
1874520 184
1874530 184
1874540 183
1874550 183
1874560 183
1874570 182
1874580 182
1874590 182
1874600 182
1874610 182
1874620 183
1874630 183
1874640 183
1874650 184
1874660 184
1874670 184
1874680 185
1874690 186
1874700 186
1874710 187
1874720 187
1874730 187
1874740 187
1874750 187
1874760 187
1874770 187
1874780 187
1874790 187
1874800 186
1874810 186
1874820 186
1874830 186
1874840 186
1874850 186
1874860 185
1874870 184
1874880 184
1874890 183
1874900 182
1874910 181
1874920 180
1874930 179
1874940 179
1874950 178
1874960 176
1874970 176
1874980 174
1874990 173
1875000 173
1875010 172
1875020 171
1875030 171
1875040 171
1875050 171
1875060 171
1875070 170
1875080 170
1875090 170
1875100 170
1875110 170
1875120 170
1875130 170
1875140 170
1875150 170
1875160 170
1875170 170
1875180 170
1875190 170
1875200 170
1875210 170
1875220 170
1875230 170
1875240 171
1875250 171
1875260 171
1875270 172
1875280 172
1875290 172
1875300 173
1875310 173
1875320 173
1875330 173
1875340 173
1875350 173
1875360 173
1875370 173
1875380 173
1875390 174
1875400 175
1875410 175
1875420 176
1875430 177
1875440 177
1875450 177
1875460 176
1875470 176
1875480 175
1875490 174
1875500 174
1875510 173
1875520 171
1875530 171
1875540 170
1875550 170
1875560 170
1875570 170
1875580 171
1875590 171
1875600 171
1875610 171
1875620 171
1875630 171
1875640 172
1875650 172
1875660 173
1875670 174
1875680 174
1875690 175
1875700 176
1875710 176
1875720 177
1875730 178
1875740 178
1875750 179
1875760 180
1875770 180
1875780 181
1875790 182
1875800 182
1875810 183
1875820 184
1875830 184
1875840 184
1875850 185
1875860 185
1875870 185
1875880 186
1875890 186
1875900 186
1875910 187
1875920 187
1875930 187
1875940 187
1875950 187
1875960 187
1875970 187
1875980 187
1875990 187
1876000 187
1876010 187
1876020 187
1876030 187
1876040 187
1876050 187
1876060 187
1876070 187
1876080 187
1876090 187
1876100 187
1876110 187
1876120 187
1876130 187
1876140 187
1876150 187
1876160 187
1876170 186
1876180 186
1876190 186
1876200 185
1876210 185
1876220 184
1876230 183
1876240 184
1876250 183
1876260 182
1876270 182
1876280 181
1876290 180
1876300 180
1876310 180
1876320 179
1876330 179
1876340 179
1876350 178
1876360 178
1876370 177
1876380 177
1876390 177
1876400 176
1876410 175
1876420 175
1876430 175
1876440 174
1876450 174
1876460 173
1876470 172
1876480 172
1876490 172
1876500 171
1876510 171
1876520 170
1876530 169
1876540 169
1876550 169
1876560 168
1876570 169
1876580 168
1876590 168
1876600 168
1876610 167
1876620 167
1876630 167
1876640 166
1876650 166
1876660 166
1876670 165
1876680 165
1876690 165
1876700 165
1876710 164
1876720 164
1876730 164
1876740 163
1876750 163
1876760 163
1876770 162
1876780 162
1876790 162
1876800 161
1876810 161
1876820 160
1876830 160
1876840 160
1876850 160
1876860 159
1876870 159
1876880 159
1876890 159
1876900 159
1876910 159
1876920 160
1876930 160
1876940 160
1876950 161
1876960 161
1876970 162
1876980 164
1876990 164
1877000 166
1877010 168
1877020 168
1877030 169
1877040 171
1877050 171
1877060 173
1877070 174
1877080 174
1877090 175
1877100 176
1877110 176
1877120 177
1877130 178
1877140 178
1877150 178
1877160 178
1877170 178
1877180 178
1877190 178
1877200 178
1877210 178
1877220 178
1877230 178
1877240 179
1877250 179
1877260 179
1877270 178
1877280 178
1877290 178
1877300 177
1877310 177
1877320 176
1877330 176
1877340 176
1877350 175
1877360 174
1877370 174
1877380 172
1877390 171
1877400 171
1877410 170
1877420 168
1877430 168
1877440 167
1877450 166
1877460 166
1877470 165
1877480 164
1877490 164
1877500 163
1877510 162
1877520 162
1877530 161
1877540 160
1877550 160
1877560 159
1877570 158
1877580 158
1877590 158
1877600 157
1877610 157
1877620 156
1877630 155
1877640 155
1877650 155
1877660 154
1877670 154
1877680 154
1877690 154
1877700 154
1877710 153
1877720 153
1877730 153
1877740 154
1877750 153
1877760 153
1877770 153
1877780 153
1877790 153
1877800 153
1877810 153
1877820 153
1877830 153
1877840 152
1877850 152
1877860 153
1877870 152
1877880 152
1877890 152
1877900 151
1877910 151
1877920 151
1877930 151
1877940 151
1877950 150
1877960 150
1877970 150
1877980 150
1877990 150
1878000 150
1878010 150
1878020 150
1878030 150
1878040 150
1878050 150
1878060 150
1878070 150
1878080 150
1878090 150
1878100 150
1878110 150
1878120 150
1878130 150
1878140 150
1878150 150
1878160 150
1878170 150
1878180 150
1878190 150
1878200 150
1878210 150
1878220 150
1878230 150
1878240 150
1878250 150
1878260 150
1878270 150
1878280 150
1878290 150
1878300 150
1878310 150
1878320 150
1878330 150
1878340 151
1878350 151
1878360 151
1878370 150
1878380 150
1878390 150
1878400 150
1878410 150
1878420 150
1878430 150
1878440 150
1878450 150
1878460 150
1878470 150
1878480 151
1878490 151
1878500 151
1878510 151
1878520 151
1878530 151
1878540 151
1878550 151
1878560 151
1878570 151
1878580 151
1878590 151
1878600 151
1878610 151
1878620 151
1878630 151
1878640 151
1878650 151
1878660 151
1878670 151
1878680 151
1878690 151
1878700 151
1878710 151
1878720 151
1878730 151
1878740 151
1878750 151
1878760 151
1878770 151
1878780 151
1878790 151
1878800 151
1878810 151
1878820 151
1878830 151
1878840 151
1878850 151
1878860 151
1878870 152
1878880 151
1878890 152
1878900 150
1878910 149
1878920 149
1878930 149
1878940 149
1878950 149
1878960 148
1878970 148
1878980 148
1878990 148
1879000 148
1879010 148
1879020 148
1879030 148
1879040 148
1879050 148
1879060 148
1879070 148
1879080 148
1879090 148
1879100 148
1879110 149
1879120 149
1879130 149
1879140 149
1879150 149
1879160 149
1879170 149
1879180 149
1879190 149
1879200 149
1879210 149
1879220 149
1879230 149
1879240 149
1879250 149
1879260 149
1879270 149
1879280 149
1879290 149
1879300 149
1879310 149
1879320 149
1879330 149
1879340 149
1879350 149
1879360 149
1879370 149
1879380 149
1879390 149
1879400 149
1879410 149
1879420 149
1879430 149
1879440 149
1879450 149
1879460 149
1879470 149
1879480 149
1879490 149
1879500 150
1879510 150
1879520 151
1879530 150
1879540 150
1879550 149
1879560 150
1879570 150
1879580 150
1879590 150
1879600 150
1879610 150
1879620 150
1879630 150
1879640 150
1879650 150
1879660 150
1879670 150
1879680 150
1879690 150
1879700 150
1879710 149
1879720 149
1879730 149
1879740 149
1879750 149
1879760 149
1879770 149
1879780 149
1879790 149
1879800 149
1879810 149
1879820 149
1879830 149
1879840 149
1879850 149
1879860 149
1879870 149
1879880 149
1879890 149
1879900 149
1879910 148
1879920 148
1879930 148
1879940 148
1879950 148
1879960 148
1879970 148
1879980 148
1879990 148
