1860000 208
1860010 208
1860020 208
1860030 208
1860040 208
1860050 208
1860060 208
1860070 208
1860080 208
1860090 208
1860100 209
1860110 209
1860120 209
1860130 209
1860140 209
1860150 209
1860160 210
1860170 210
1860180 210
1860190 210
1860200 211
1860210 211
1860220 211
1860230 211
1860240 211
1860250 212
1860260 212
1860270 212
1860280 213
1860290 213
1860300 213
1860310 213
1860320 214
1860330 214
1860340 215
1860350 215
1860360 215
1860370 215
1860380 215
1860390 215
1860400 215
1860410 215
1860420 215
1860430 215
1860440 215
1860450 215
1860460 216
1860470 216
1860480 216
1860490 216
1860500 216
1860510 216
1860520 216
1860530 216
1860540 216
1860550 216
1860560 216
1860570 216
1860580 216
1860590 216
1860600 216
1860610 216
1860620 215
1860630 215
1860640 215
1860650 215
1860660 215
1860670 214
1860680 214
1860690 214
1860700 214
1860710 214
1860720 214
1860730 214
1860740 214
1860750 214
1860760 214
1860770 214
1860780 214
1860790 214
1860800 214
1860810 214
1860820 214
1860830 214
1860840 214
1860850 214
1860860 214
1860870 214
1860880 214
1860890 214
1860900 214
1860910 215
1860920 215
1860930 215
1860940 215
1860950 215
1860960 215
1860970 215
1860980 215
1860990 215
1861000 215
1861010 215
1861020 216
1861030 216
1861040 216
1861050 216
1861060 216
1861070 216
1861080 216
1861090 216
1861100 216
1861110 216
1861120 216
1861130 216
1861140 216
1861150 216
1861160 216
1861170 216
1861180 216
1861190 216
1861200 216
1861210 217
1861220 217
1861230 217
1861240 217
1861250 217
1861260 217
1861270 217
1861280 217
1861290 217
1861300 217
1861310 217
1861320 217
1861330 217
1861340 217
1861350 217
1861360 218
1861370 218
1861380 218
1861390 218
1861400 218
1861410 218
1861420 218
1861430 218
1861440 217
1861450 217
1861460 217
1861470 217
1861480 217
1861490 217
1861500 217
1861510 217
1861520 217
1861530 217
1861540 217
1861550 217
1861560 217
1861570 217
1861580 217
1861590 217
1861600 217
1861610 217
1861620 217
1861630 217
1861640 217
1861650 217
1861660 217
1861670 217
1861680 216
1861690 216
1861700 216
1861710 216
1861720 215
1861730 215
1861740 215
1861750 215
1861760 215
1861770 215
1861780 214
1861790 214
1861800 214
1861810 214
1861820 214
1861830 213
1861840 213
1861850 213
1861860 212
1861870 212
1861880 212
1861890 211
1861900 211
1861910 211
1861920 210
1861930 208
1861940 208
1861950 207
1861960 206
1861970 206
1861980 205
1861990 205
1862000 204
1862010 204
1862020 204
1862030 203
1862040 203
1862050 203
1862060 203
1862070 203
1862080 203
1862090 203
1862100 203
1862110 203
1862120 203
1862130 203
1862140 203
1862150 202
1862160 202
1862170 202
1862180 201
1862190 200
1862200 200
1862210 199
1862220 199
1862230 199
1862240 198
1862250 198
1862260 198
1862270 197
1862280 197
1862290 197
1862300 196
1862310 196
1862320 196
1862330 196
1862340 195
1862350 195
1862360 195
1862370 194
1862380 194
1862390 194
1862400 193
1862410 193
1862420 193
1862430 193
1862440 193
1862450 193
1862460 192
1862470 192
1862480 192
1862490 191
1862500 191
1862510 190
1862520 190
1862530 190
1862540 190
1862550 190
1862560 190
1862570 189
1862580 190
1862590 190
1862600 190
1862610 190
1862620 190
1862630 190
1862640 190
1862650 190
1862660 191
1862670 191
1862680 191
1862690 191
1862700 192
1862710 192
1862720 192
1862730 192
1862740 193
1862750 194
1862760 195
1862770 195
1862780 195
1862790 196
1862800 196
1862810 196
1862820 197
1862830 197
1862840 197
1862850 197
1862860 197
1862870 197
1862880 197
1862890 197
1862900 197
1862910 197
1862920 197
1862930 198
1862940 198
1862950 198
1862960 199
1862970 199
1862980 199
1862990 200
1863000 200
1863010 200
1863020 201
1863030 201
1863040 202
1863050 202
1863060 202
1863070 203
1863080 203
1863090 204
1863100 205
1863110 205
1863120 205
1863130 206
1863140 206
1863150 206
1863160 206
1863170 207
1863180 207
1863190 207
1863200 207
1863210 207
1863220 207
1863230 207
1863240 207
1863250 208
1863260 208
1863270 208
1863280 209
1863290 210
1863300 210
1863310 210
1863320 211
1863330 211
1863340 211
1863350 212
1863360 212
1863370 212
1863380 212
1863390 212
1863400 212
1863410 213
1863420 213
1863430 213
1863440 213
1863450 213
1863460 213
1863470 213
1863480 213
1863490 213
1863500 213
1863510 213
1863520 213
1863530 213
1863540 213
1863550 214
1863560 214
1863570 214
1863580 214
1863590 214
1863600 214
1863610 214
1863620 214
1863630 214
1863640 214
1863650 214
1863660 214
1863670 214
1863680 214
1863690 214
1863700 214
1863710 214
1863720 214
1863730 214
1863740 214
1863750 214
1863760 214
1863770 214
1863780 214
1863790 214
1863800 214
1863810 214
1863820 214
1863830 214
1863840 214
1863850 214
1863860 214
1863870 214
1863880 214
1863890 214
1863900 214
1863910 214
1863920 214
1863930 214
1863940 214
1863950 214
1863960 213
1863970 213
1863980 213
1863990 213
1864000 213
1864010 213
1864020 213
1864030 213
1864040 213
1864050 213
1864060 213
1864070 213
1864080 213
1864090 213
1864100 213
1864110 213
1864120 212
1864130 212
1864140 212
1864150 212
1864160 212
1864170 212
1864180 212
1864190 212
1864200 212
1864210 212
1864220 212
1864230 211
1864240 211
1864250 211
1864260 211
1864270 211
1864280 211
1864290 211
1864300 211
1864310 211
1864320 211
1864330 210
1864340 210
1864350 211
1864360 212
1864370 212
1864380 212
1864390 211
1864400 211
1864410 211
1864420 211
1864430 211
1864440 211
1864450 211
1864460 211
1864470 211
1864480 211
1864490 211
1864500 211
1864510 211
1864520 211
1864530 211
1864540 210
1864550 210
1864560 210
1864570 210
1864580 210
1864590 210
1864600 210
1864610 210
1864620 210
1864630 209
1864640 209
1864650 209
1864660 208
1864670 208
1864680 208
1864690 207
1864700 207
1864710 207
1864720 206
1864730 206
1864740 207
1864750 207
1864760 207
1864770 207
1864780 207
1864790 207
1864800 207
1864810 207
1864820 207
1864830 207
1864840 208
1864850 208
1864860 207
1864870 207
1864880 207
1864890 207
1864900 207
1864910 207
1864920 206
1864930 206
1864940 206
1864950 205
1864960 205
1864970 205
1864980 204
1864990 204
1865000 204
1865010 204
1865020 204
1865030 203
1865040 203
1865050 203
1865060 203
1865070 202
1865080 202
1865090 202
1865100 201
1865110 201
1865120 201
1865130 201
1865140 201
1865150 201
1865160 202
1865170 202
1865180 202
1865190 203
1865200 203
1865210 203
1865220 203
1865230 203
1865240 204
1865250 204
1865260 204
1865270 204
1865280 204
1865290 204
1865300 204
1865310 204
1865320 204
1865330 205
1865340 205
1865350 205
1865360 205
1865370 205
1865380 205
1865390 205
1865400 205
1865410 205
1865420 205
1865430 205
1865440 205
1865450 205
1865460 205
1865470 205
1865480 205
1865490 205
1865500 205
1865510 205
1865520 204
1865530 204
1865540 204
1865550 204
1865560 204
1865570 203
1865580 203
1865590 203
1865600 203
1865610 203
1865620 203
1865630 202
1865640 202
1865650 202
1865660 201
1865670 201
1865680 201
1865690 201
1865700 200
1865710 200
1865720 200
1865730 199
1865740 199
1865750 199
1865760 198
1865770 198
1865780 197
1865790 197
1865800 197
1865810 196
1865820 196
1865830 195
1865840 194
1865850 194
1865860 193
1865870 193
1865880 193
1865890 192
1865900 191
1865910 191
1865920 191
1865930 190
1865940 190
1865950 190
1865960 189
1865970 189
1865980 188
1865990 188
1866000 188
1866010 187
1866020 187
1866030 187
1866040 186
1866050 185
1866060 185
1866070 185
1866080 184
1866090 184
1866100 183
1866110 182
1866120 182
1866130 181
1866140 181
1866150 181
1866160 180
1866170 179
1866180 179
1866190 178
1866200 177
1866210 177
1866220 177
1866230 176
1866240 176
1866250 176
1866260 176
1866270 176
1866280 175
1866290 175
1866300 175
1866310 175
1866320 175
1866330 175
1866340 175
1866350 175
1866360 175
1866370 175
1866380 175
1866390 175
1866400 175
1866410 175
1866420 175
1866430 175
1866440 176
1866450 176
1866460 176
1866470 177
1866480 177
1866490 179
1866500 181
1866510 181
1866520 183
1866530 184
1866540 184
1866550 185
1866560 185
1866570 185
1866580 186
1866590 186
1866600 186
1866610 185
1866620 185
1866630 185
1866640 185
1866650 185
1866660 185
1866670 186
1866680 187
1866690 187
1866700 188
1866710 188
1866720 188
1866730 189
1866740 190
1866750 190
1866760 191
1866770 192
1866780 192
1866790 193
1866800 193
1866810 195
1866820 196
1866830 196
1866840 197
1866850 198
1866860 199
1866870 199
1866880 200
1866890 200
1866900 200
1866910 201
1866920 201
1866930 201
1866940 201
1866950 201
1866960 201
1866970 201
1866980 201
1866990 201
1867000 200
1867010 200
1867020 200
1867030 200
1867040 200
1867050 199
1867060 199
1867070 199
1867080 199
1867090 198
1867100 198
1867110 198
1867120 197
1867130 197
1867140 197
1867150 196
1867160 196
1867170 197
1867180 197
1867190 197
1867200 197
1867210 197
1867220 197
1867230 198
1867240 199
1867250 199
1867260 199
1867270 200
1867280 200
1867290 200
1867300 200
1867310 200
1867320 200
1867330 201
1867340 201
1867350 201
1867360 201
1867370 201
1867380 201
1867390 201
1867400 201
1867410 201
1867420 201
1867430 201
1867440 201
1867450 201
1867460 201
1867470 201
1867480 202
1867490 202
1867500 202
1867510 201
1867520 201
1867530 201
1867540 201
1867550 201
1867560 201
1867570 201
1867580 201
1867590 201
1867600 201
1867610 201
1867620 201
1867630 201
1867640 201
1867650 201
1867660 201
1867670 201
1867680 201
1867690 202
1867700 202
1867710 202
1867720 202
1867730 202
1867740 203
1867750 203
1867760 203
1867770 204
1867780 204
1867790 204
1867800 204
1867810 204
1867820 204
1867830 204
1867840 204
1867850 204
1867860 204
1867870 204
1867880 204
1867890 204
1867900 204
1867910 204
1867920 204
1867930 204
1867940 204
1867950 204
1867960 204
1867970 204
1867980 204
1867990 204
1868000 204
1868010 204
1868020 204
1868030 204
1868040 204
1868050 204
1868060 204
1868070 203
1868080 203
1868090 203
1868100 203
1868110 203
1868120 203
1868130 202
1868140 202
1868150 202
1868160 201
1868170 201
1868180 201
1868190 201
1868200 201
1868210 200
1868220 199
1868230 199
1868240 199
1868250 198
1868260 198
1868270 197
1868280 196
1868290 196
1868300 196
1868310 195
1868320 195
1868330 195
1868340 194
1868350 194
1868360 194
1868370 193
1868380 193
1868390 192
1868400 192
1868410 192
1868420 191
1868430 190
1868440 190
1868450 190
1868460 189
1868470 189
1868480 188
1868490 187
1868500 187
1868510 186
1868520 186
1868530 186
1868540 185
1868550 184
1868560 183
1868570 183
1868580 182
1868590 182
1868600 181
1868610 181
1868620 181
1868630 180
1868640 179
1868650 179
1868660 178
1868670 177
1868680 177
1868690 177
1868700 177
1868710 176
1868720 176
1868730 176
1868740 176
1868750 175
1868760 175
1868770 175
1868780 175
1868790 175
1868800 175
1868810 175
1868820 175
1868830 175
1868840 175
1868850 175
1868860 175
1868870 174
1868880 174
1868890 174
1868900 174
1868910 174
1868920 174
1868930 174
1868940 174
1868950 174
1868960 174
1868970 174
1868980 175
1868990 175
1869000 175
1869010 175
1869020 175
1869030 175
1869040 176
1869050 178
1869060 178
1869070 180
1869080 183
1869090 183
1869100 187
1869110 188
1869120 188
1869130 189
1869140 190
1869150 190
1869160 191
1869170 191
1869180 191
1869190 191
1869200 191
1869210 191
1869220 191
1869230 191
1869240 192
1869250 193
1869260 193
1869270 193
1869280 193
1869290 193
1869300 193
1869310 193
1869320 193
1869330 193
1869340 192
1869350 192
1869360 192
1869370 191
1869380 190
1869390 190
1869400 189
1869410 189
1869420 189
1869430 188
1869440 188
1869450 188
1869460 187
1869470 187
1869480 187
1869490 187
1869500 187
1869510 187
1869520 188
1869530 189
1869540 189
1869550 190
1869560 192
1869570 192
1869580 193
1869590 194
1869600 194
1869610 194
1869620 195
1869630 195
1869640 195
1869650 196
1869660 196
1869670 196
1869680 196
1869690 197
1869700 197
1869710 197
1869720 197
1869730 197
1869740 197
1869750 198
1869760 198
1869770 198
1869780 198
1869790 198
1869800 198
1869810 198
1869820 199
1869830 199
1869840 199
1869850 199
1869860 199
1869870 199
1869880 199
1869890 199
1869900 199
1869910 200
1869920 200
1869930 200
1869940 201
1869950 201
1869960 201
1869970 201
1869980 201
1869990 201
1870000 201
1870010 201
1870020 201
1870030 201
1870040 201
1870050 200
1870060 198
1870070 198
1870080 196
1870090 194
1870100 194
1870110 192
1870120 190
1870130 190
1870140 188
1870150 188
1870160 188
1870170 188
1870180 189
1870190 189
1870200 190
1870210 193
1870220 193
1870230 195
1870240 198
1870250 198
1870260 201
1870270 203
1870280 203
1870290 203
1870300 203
1870310 203
1870320 204
1870330 204
1870340 204
1870350 205
1870360 205
1870370 205
1870380 205
1870390 206
1870400 206
1870410 206
1870420 206
1870430 206
1870440 206
1870450 207
1870460 207
1870470 207
1870480 207
1870490 207
1870500 207
1870510 207
1870520 207
1870530 207
1870540 207
1870550 207
1870560 208
1870570 208
1870580 208
1870590 208
1870600 208
1870610 208
1870620 208
1870630 208
1870640 208
1870650 208
1870660 208
1870670 208
1870680 208
1870690 208
1870700 208
1870710 208
1870720 208
1870730 208
1870740 208
1870750 208
1870760 208
1870770 208
1870780 208
1870790 208
1870800 208
1870810 208
1870820 208
1870830 208
1870840 208
1870850 208
1870860 208
1870870 208
1870880 208
1870890 208
1870900 208
1870910 208
1870920 208
1870930 208
1870940 208
1870950 208
1870960 208
1870970 208
1870980 208
1870990 208
1871000 208
1871010 208
1871020 208
1871030 207
1871040 207
1871050 207
1871060 207
1871070 207
1871080 207
1871090 207
1871100 206
1871110 206
1871120 206
1871130 206
1871140 206
1871150 206
1871160 206
1871170 206
1871180 206
1871190 205
1871200 205
1871210 205
1871220 205
1871230 205
1871240 204
1871250 204
1871260 204
1871270 203
1871280 203
1871290 203
1871300 202
1871310 201
1871320 201
1871330 201
1871340 200
1871350 200
1871360 200
1871370 200
1871380 200
1871390 200
1871400 200
1871410 200
1871420 200
1871430 200
1871440 200
1871450 200
1871460 201
1871470 201
1871480 201
1871490 202
1871500 202
1871510 202
1871520 203
1871530 203
1871540 203
1871550 204
1871560 204
1871570 204
1871580 204
1871590 204
1871600 204
1871610 204
1871620 204
1871630 204
1871640 204
1871650 204
1871660 203
1871670 203
1871680 203
1871690 203
1871700 203
1871710 202
1871720 201
1871730 201
1871740 199
1871750 198
1871760 198
1871770 197
1871780 196
1871790 196
1871800 195
1871810 194
1871820 194
1871830 195
1871840 196
1871850 196
1871860 198
1871870 200
1871880 200
1871890 202
1871900 203
1871910 203
1871920 204
1871930 204
1871940 204
1871950 205
1871960 205
1871970 205
1871980 205
1871990 205
1872000 205
1872010 205
1872020 205
1872030 205
1872040 205
1872050 204
1872060 204
1872070 204
1872080 204
1872090 204
1872100 204
1872110 204
1872120 204
1872130 203
1872140 203
1872150 203
1872160 203
1872170 203
1872180 203
1872190 203
1872200 203
1872210 203
1872220 203
1872230 203
1872240 203
1872250 203
1872260 204
1872270 204
1872280 204
1872290 204
1872300 204
1872310 204
1872320 204
1872330 204
1872340 204
1872350 203
1872360 203
1872370 203
1872380 203
1872390 203
1872400 203
1872410 203
1872420 203
1872430 203
1872440 203
1872450 203
1872460 203
1872470 202
1872480 202
1872490 202
1872500 202
1872510 202
1872520 202
1872530 202
1872540 202
1872550 202
1872560 202
1872570 202
1872580 201
1872590 201
1872600 201
1872610 201
1872620 201
1872630 201
1872640 200
1872650 200
1872660 200
1872670 200
1872680 200
1872690 200
1872700 200
1872710 200
1872720 199
1872730 199
1872740 199
1872750 199
1872760 198
1872770 198
1872780 198
1872790 198
1872800 198
1872810 197
1872820 197
1872830 197
1872840 196
1872850 196
1872860 196
1872870 196
1872880 196
1872890 196
1872900 196
1872910 196
1872920 196
1872930 196
1872940 196
1872950 196
1872960 196
1872970 196
1872980 196
1872990 196
1873000 196
1873010 196
1873020 195
1873030 195
1873040 195
1873050 195
1873060 195
1873070 195
1873080 194
1873090 194
1873100 194
1873110 194
1873120 193
1873130 193
1873140 193
1873150 193
1873160 193
1873170 192
1873180 192
1873190 192
1873200 192
1873210 191
1873220 191
1873230 191
1873240 190
1873250 190
1873260 190
1873270 189
1873280 189
1873290 189
1873300 188
1873310 188
1873320 188
1873330 188
1873340 188
1873350 188
1873360 188
1873370 188
1873380 189
1873390 189
1873400 189
1873410 189
1873420 189
1873430 189
1873440 189
1873450 188
1873460 188
1873470 187
1873480 187
1873490 186
1873500 185
1873510 185
1873520 184
1873530 183
1873540 183
1873550 182
1873560 181
1873570 181
1873580 181
1873590 181
1873600 181
1873610 181
1873620 182
1873630 182
1873640 183
1873650 184
1873660 184
1873670 185
1873680 187
1873690 187
1873700 188
1873710 189
1873720 189
1873730 190
1873740 191
1873750 191
1873760 191
1873770 192
1873780 192
1873790 192
1873800 192
1873810 192
1873820 192
1873830 192
1873840 192
1873850 193
1873860 193
1873870 193
1873880 193
1873890 193
1873900 193
1873910 193
1873920 194
1873930 194
1873940 194
1873950 194
1873960 194
1873970 194
1873980 194
1873990 194
1874000 194
1874010 194
1874020 194
1874030 194
1874040 194
1874050 194
1874060 194
1874070 194
1874080 194
1874090 194
1874100 194
1874110 194
1874120 194
1874130 194
1874140 194
1874150 194
1874160 194
1874170 194
1874180 194
1874190 194
1874200 194
1874210 195
1874220 194
1874230 194
1874240 194
1874250 194
1874260 194
1874270 194
1874280 194
1874290 194
1874300 194
1874310 194
1874320 194
1874330 194
1874340 194
1874350 194
1874360 194
1874370 194
1874380 194
1874390 194
1874400 194
1874410 194
1874420 194
1874430 194
1874440 193
1874450 193
1874460 193
1874470 193
1874480 193
1874490 193
1874500 193
1874510 193
1874520 193
1874530 193
1874540 193
1874550 193
1874560 193
1874570 193
1874580 193
1874590 193
1874600 193
1874610 193
1874620 193
1874630 193
1874640 193
1874650 193
1874660 193
1874670 193
1874680 193
1874690 193
1874700 193
1874710 193
1874720 193
1874730 193
1874740 192
1874750 192
1874760 192
1874770 192
1874780 192
1874790 192
1874800 192
1874810 192
1874820 192
1874830 192
1874840 192
1874850 192
1874860 191
1874870 191
1874880 191
1874890 190
1874900 189
1874910 189
1874920 188
1874930 187
1874940 187
1874950 185
1874960 184
1874970 184
1874980 182
1874990 181
1875000 181
1875010 181
1875020 180
1875030 180
1875040 179
1875050 179
1875060 179
1875070 178
1875080 178
1875090 178
1875100 178
1875110 178
1875120 178
1875130 178
1875140 180
1875150 180
1875160 181
1875170 183
1875180 183
1875190 184
1875200 185
1875210 185
1875220 185
1875230 186
1875240 186
1875250 186
1875260 187
1875270 187
1875280 187
1875290 186
1875300 186
1875310 186
1875320 185
1875330 185
1875340 185
1875350 185
1875360 185
1875370 185
1875380 184
1875390 184
1875400 184
1875410 184
1875420 183
1875430 183
1875440 183
1875450 183
1875460 182
1875470 182
1875480 181
1875490 181
1875500 181
1875510 180
1875520 179
1875530 179
1875540 179
1875550 178
1875560 178
1875570 177
1875580 176
1875590 176
1875600 175
1875610 174
1875620 173
1875630 172
1875640 171
1875650 171
1875660 170
1875670 170
1875680 170
1875690 169
1875700 168
1875710 168
1875720 167
1875730 167
1875740 167
1875750 166
1875760 165
1875770 165
1875780 164
1875790 164
1875800 164
1875810 163
1875820 163
1875830 163
1875840 163
1875850 163
1875860 163
1875870 163
1875880 164
1875890 164
1875900 164
1875910 164
1875920 164
1875930 165
1875940 165
1875950 165
1875960 167
1875970 169
1875980 169
1875990 170
1876000 171
1876010 171
1876020 173
1876030 175
1876040 175
1876050 176
1876060 178
1876070 178
1876080 180
1876090 181
1876100 181
1876110 183
1876120 183
1876130 183
1876140 184
1876150 184
1876160 184
1876170 185
1876180 185
1876190 185
1876200 185
1876210 185
1876220 185
1876230 185
1876240 185
1876250 185
1876260 185
1876270 185
1876280 185
1876290 185
1876300 185
1876310 185
1876320 185
1876330 185
1876340 185
1876350 184
1876360 184
1876370 184
1876380 184
1876390 184
1876400 184
1876410 184
1876420 184
1876430 184
1876440 184
1876450 184
1876460 183
1876470 183
1876480 183
1876490 183
1876500 183
1876510 183
1876520 182
1876530 182
1876540 182
1876550 181
1876560 181
1876570 181
1876580 180
1876590 179
1876600 179
1876610 178
1876620 178
1876630 178
1876640 177
1876650 176
1876660 176
1876670 175
1876680 174
1876690 174
1876700 174
1876710 173
1876720 173
1876730 172
1876740 171
1876750 171
1876760 170
1876770 169
1876780 169
1876790 168
1876800 167
1876810 167
1876820 166
1876830 166
1876840 166
1876850 165
1876860 164
1876870 164
1876880 163
1876890 162
1876900 162
1876910 161
1876920 160
1876930 160
1876940 159
1876950 158
1876960 158
1876970 157
1876980 156
1876990 156
1877000 156
1877010 156
1877020 156
1877030 156
1877040 156
1877050 156
1877060 156
1877070 156
1877080 156
1877090 156
1877100 156
1877110 156
1877120 156
1877130 156
1877140 156
1877150 156
1877160 156
1877170 156
1877180 156
1877190 156
1877200 156
1877210 156
1877220 156
1877230 156
1877240 156
1877250 156
1877260 156
1877270 156
1877280 156
1877290 157
1877300 157
1877310 157
1877320 156
1877330 156
1877340 156
1877350 156
1877360 156
1877370 156
1877380 156
1877390 156
1877400 156
1877410 155
1877420 155
1877430 155
1877440 154
1877450 154
1877460 154
1877470 153
1877480 153
1877490 153
1877500 153
1877510 153
1877520 153
1877530 152
1877540 152
1877550 152
1877560 152
1877570 152
1877580 152
1877590 152
1877600 152
1877610 152
1877620 152
1877630 152
1877640 152
1877650 152
1877660 152
1877670 152
1877680 152
1877690 152
1877700 152
1877710 150
1877720 149
1877730 149
1877740 149
1877750 149
1877760 149
1877770 149
1877780 149
1877790 149
1877800 149
1877810 149
1877820 149
1877830 149
1877840 149
1877850 149
1877860 149
1877870 149
1877880 149
1877890 149
1877900 149
1877910 149
1877920 149
1877930 149
1877940 149
1877950 149
1877960 149
1877970 149
1877980 149
1877990 149
1878000 149
1878010 149
1878020 149
1878030 149
1878040 149
1878050 149
1878060 149
1878070 149
1878080 149
1878090 149
1878100 149
1878110 149
1878120 149
1878130 149
1878140 149
1878150 149
1878160 149
1878170 149
1878180 149
1878190 149
1878200 149
1878210 149
1878220 149
1878230 149
1878240 149
1878250 149
1878260 149
1878270 149
1878280 149
1878290 149
1878300 149
1878310 149
1878320 149
1878330 149
1878340 149
1878350 149
1878360 149
1878370 149
1878380 149
1878390 149
1878400 149
1878410 149
1878420 149
1878430 149
1878440 149
1878450 149
1878460 149
1878470 149
1878480 149
1878490 149
1878500 149
1878510 149
1878520 149
1878530 149
1878540 149
1878550 149
1878560 149
1878570 149
1878580 149
1878590 149
1878600 150
1878610 150
1878620 150
1878630 149
1878640 149
1878650 149
1878660 149
1878670 149
1878680 149
1878690 149
1878700 151
1878710 151
1878720 150
1878730 149
1878740 149
1878750 149
1878760 149
1878770 149
1878780 148
1878790 148
1878800 148
1878810 148
1878820 148
1878830 148
1878840 148
1878850 148
1878860 148
1878870 148
1878880 148
1878890 148
1878900 148
1878910 148
1878920 148
1878930 148
1878940 148
1878950 148
1878960 148
1878970 148
1878980 148
1878990 148
1879000 148
1879010 148
1879020 148
1879030 148
1879040 148
1879050 148
1879060 148
1879070 148
1879080 148
1879090 148
1879100 148
1879110 148
1879120 148
1879130 148
1879140 148
1879150 148
1879160 148
1879170 148
1879180 148
1879190 148
1879200 148
1879210 148
1879220 148
1879230 148
1879240 148
1879250 148
1879260 148
1879270 148
1879280 148
1879290 149
1879300 149
1879310 149
1879320 149
1879330 149
1879340 149
1879350 149
1879360 149
1879370 150
1879380 150
1879390 150
1879400 149
1879410 149
1879420 149
1879430 149
1879440 149
1879450 149
1879460 149
1879470 149
1879480 149
1879490 149
1879500 149
1879510 149
1879520 149
1879530 149
1879540 149
1879550 149
1879560 148
1879570 148
1879580 148
1879590 148
1879600 148
1879610 148
1879620 148
1879630 148
1879640 148
1879650 148
1879660 148
1879670 148
1879680 148
1879690 148
1879700 148
1879710 148
1879720 148
1879730 148
1879740 148
1879750 148
1879760 148
1879770 148
1879780 148
1879790 148
1879800 148
1879810 148
1879820 148
1879830 148
1879840 148
1879850 148
1879860 148
1879870 148
1879880 151
1879890 151
1879900 151
1879910 151
1879920 151
1879930 151
1879940 152
1879950 153
1879960 153
1879970 150
1879980 148
1879990 148
