1860000 226
1860010 226
1860020 226
1860030 226
1860040 226
1860050 226
1860060 226
1860070 226
1860080 226
1860090 226
1860100 226
1860110 226
1860120 227
1860130 227
1860140 227
1860150 227
1860160 227
1860170 227
1860180 228
1860190 228
1860200 228
1860210 229
1860220 229
1860230 229
1860240 229
1860250 229
1860260 230
1860270 230
1860280 230
1860290 230
1860300 230
1860310 231
1860320 231
1860330 231
1860340 231
1860350 230
1860360 230
1860370 230
1860380 230
1860390 230
1860400 230
1860410 230
1860420 230
1860430 230
1860440 230
1860450 230
1860460 230
1860470 230
1860480 230
1860490 230
1860500 230
1860510 231
1860520 231
1860530 231
1860540 231
1860550 231
1860560 231
1860570 231
1860580 231
1860590 231
1860600 231
1860610 231
1860620 230
1860630 230
1860640 230
1860650 230
1860660 231
1860670 230
1860680 230
1860690 230
1860700 230
1860710 230
1860720 230
1860730 230
1860740 230
1860750 230
1860760 230
1860770 229
1860780 229
1860790 229
1860800 229
1860810 229
1860820 229
1860830 229
1860840 229
1860850 229
1860860 228
1860870 228
1860880 228
1860890 228
1860900 228
1860910 228
1860920 228
1860930 228
1860940 227
1860950 227
1860960 227
1860970 227
1860980 227
1860990 227
1861000 227
1861010 226
1861020 226
1861030 226
1861040 226
1861050 226
1861060 225
1861070 225
1861080 225
1861090 224
1861100 223
1861110 223
1861120 222
1861130 221
1861140 221
1861150 220
1861160 220
1861170 220
1861180 219
1861190 218
1861200 218
1861210 217
1861220 216
1861230 216
1861240 215
1861250 215
1861260 215
1861270 214
1861280 214
1861290 214
1861300 214
1861310 214
1861320 214
1861330 215
1861340 215
1861350 216
1861360 217
1861370 218
1861380 218
1861390 218
1861400 219
1861410 219
1861420 220
1861430 220
1861440 220
1861450 221
1861460 221
1861470 221
1861480 222
1861490 222
1861500 222
1861510 222
1861520 222
1861530 222
1861540 222
1861550 222
1861560 222
1861570 222
1861580 222
1861590 222
1861600 222
1861610 222
1861620 222
1861630 221
1861640 221
1861650 221
1861660 221
1861670 221
1861680 221
1861690 220
1861700 220
1861710 219
1861720 219
1861730 219
1861740 219
1861750 218
1861760 218
1861770 218
1861780 217
1861790 217
1861800 216
1861810 216
1861820 216
1861830 215
1861840 215
1861850 215
1861860 214
1861870 213
1861880 213
1861890 212
1861900 211
1861910 211
1861920 211
1861930 210
1861940 210
1861950 209
1861960 209
1861970 209
1861980 208
1861990 207
1862000 207
1862010 206
1862020 205
1862030 205
1862040 203
1862050 203
1862060 203
1862070 202
1862080 202
1862090 202
1862100 201
1862110 201
1862120 201
1862130 200
1862140 200
1862150 200
1862160 199
1862170 199
1862180 199
1862190 199
1862200 199
1862210 199
1862220 199
1862230 199
1862240 199
1862250 198
1862260 198
1862270 198
1862280 199
1862290 199
1862300 199
1862310 199
1862320 200
1862330 200
1862340 200
1862350 201
1862360 201
1862370 202
1862380 202
1862390 204
1862400 204
1862410 205
1862420 205
1862430 205
1862440 206
1862450 206
1862460 206
1862470 207
1862480 207
1862490 207
1862500 207
1862510 208
1862520 208
1862530 208
1862540 209
1862550 210
1862560 210
1862570 210
1862580 211
1862590 211
1862600 211
1862610 212
1862620 212
1862630 212
1862640 213
1862650 213
1862660 213
1862670 214
1862680 214
1862690 214
1862700 214
1862710 214
1862720 214
1862730 215
1862740 215
1862750 215
1862760 215
1862770 215
1862780 216
1862790 216
1862800 216
1862810 216
1862820 216
1862830 216
1862840 216
1862850 216
1862860 216
1862870 216
1862880 216
1862890 216
1862900 216
1862910 216
1862920 216
1862930 216
1862940 216
1862950 216
1862960 216
1862970 216
1862980 216
1862990 216
1863000 216
1863010 216
1863020 216
1863030 216
1863040 216
1863050 215
1863060 215
1863070 215
1863080 215
1863090 215
1863100 215
1863110 215
1863120 214
1863130 214
1863140 214
1863150 214
1863160 214
1863170 213
1863180 212
1863190 212
1863200 212
1863210 213
1863220 213
1863230 213
1863240 214
1863250 214
1863260 214
1863270 214
1863280 214
1863290 211
1863300 214
1863310 214
1863320 214
1863330 214
1863340 214
1863350 214
1863360 214
1863370 214
1863380 214
1863390 214
1863400 214
1863410 214
1863420 214
1863430 214
1863440 214
1863450 214
1863460 214
1863470 214
1863480 214
1863490 214
1863500 214
1863510 214
1863520 213
1863530 213
1863540 213
1863550 213
1863560 213
1863570 213
1863580 213
1863590 213
1863600 213
1863610 213
1863620 213
1863630 213
1863640 213
1863650 213
1863660 213
1863670 213
1863680 213
1863690 213
1863700 213
1863710 212
1863720 212
1863730 212
1863740 212
1863750 212
1863760 212
1863770 212
1863780 212
1863790 212
1863800 212
1863810 212
1863820 212
1863830 212
1863840 212
1863850 211
1863860 211
1863870 211
1863880 211
1863890 210
1863900 210
1863910 210
1863920 209
1863930 209
1863940 209
1863950 208
1863960 208
1863970 207
1863980 206
1863990 206
1864000 205
1864010 205
1864020 205
1864030 204
1864040 203
1864050 203
1864060 203
1864070 203
1864080 203
1864090 203
1864100 203
1864110 203
1864120 204
1864130 202
1864140 202
1864150 202
1864160 203
1864170 203
1864180 203
1864190 203
1864200 203
1864210 204
1864220 204
1864230 204
1864240 205
1864250 205
1864260 205
1864270 206
1864280 207
1864290 207
1864300 207
1864310 208
1864320 208
1864330 209
1864340 209
1864350 209
1864360 209
1864370 209
1864380 210
1864390 210
1864400 210
1864410 210
1864420 210
1864430 210
1864440 210
1864450 211
1864460 211
1864470 211
1864480 211
1864490 211
1864500 211
1864510 211
1864520 211
1864530 211
1864540 211
1864550 211
1864560 211
1864570 211
1864580 211
1864590 211
1864600 211
1864610 211
1864620 210
1864630 210
1864640 210
1864650 210
1864660 210
1864670 210
1864680 210
1864690 210
1864700 210
1864710 210
1864720 210
1864730 210
1864740 209
1864750 209
1864760 209
1864770 209
1864780 209
1864790 209
1864800 209
1864810 209
1864820 209
1864830 209
1864840 208
1864850 208
1864860 208
1864870 208
1864880 208
1864890 207
1864900 207
1864910 207
1864920 207
1864930 206
1864940 206
1864950 206
1864960 205
1864970 205
1864980 204
1864990 204
1865000 204
1865010 204
1865020 203
1865030 203
1865040 203
1865050 202
1865060 202
1865070 202
1865080 202
1865090 202
1865100 201
1865110 201
1865120 201
1865130 201
1865140 202
1865150 202
1865160 202
1865170 201
1865180 201
1865190 201
1865200 201
1865210 201
1865220 200
1865230 200
1865240 200
1865250 200
1865260 200
1865270 199
1865280 199
1865290 199
1865300 199
1865310 199
1865320 199
1865330 199
1865340 198
1865350 198
1865360 198
1865370 198
1865380 198
1865390 198
1865400 197
1865410 197
1865420 197
1865430 197
1865440 197
1865450 196
1865460 196
1865470 196
1865480 196
1865490 196
1865500 196
1865510 195
1865520 195
1865530 195
1865540 194
1865550 194
1865560 194
1865570 193
1865580 193
1865590 193
1865600 193
1865610 192
1865620 192
1865630 192
1865640 192
1865650 192
1865660 192
1865670 192
1865680 192
1865690 192
1865700 192
1865710 192
1865720 192
1865730 192
1865740 192
1865750 192
1865760 192
1865770 192
1865780 193
1865790 194
1865800 194
1865810 194
1865820 193
1865830 193
1865840 193
1865850 194
1865860 194
1865870 194
1865880 194
1865890 194
1865900 194
1865910 194
1865920 194
1865930 195
1865940 195
1865950 195
1865960 196
1865970 196
1865980 196
1865990 197
1866000 197
1866010 197
1866020 197
1866030 197
1866040 197
1866050 197
1866060 197
1866070 197
1866080 196
1866090 196
1866100 196
1866110 195
1866120 194
1866130 194
1866140 194
1866150 194
1866160 193
1866170 192
1866180 192
1866190 191
1866200 191
1866210 191
1866220 191
1866230 190
1866240 190
1866250 190
1866260 189
1866270 189
1866280 189
1866290 188
1866300 188
1866310 188
1866320 188
1866330 188
1866340 188
1866350 188
1866360 188
1866370 188
1866380 188
1866390 188
1866400 189
1866410 189
1866420 189
1866430 189
1866440 189
1866450 189
1866460 190
1866470 191
1866480 191
1866490 192
1866500 193
1866510 193
1866520 194
1866530 194
1866540 194
1866550 195
1866560 194
1866570 194
1866580 194
1866590 194
1866600 194
1866610 194
1866620 194
1866630 194
1866640 194
1866650 194
1866660 194
1866670 194
1866680 194
1866690 194
1866700 194
1866710 195
1866720 195
1866730 195
1866740 195
1866750 195
1866760 196
1866770 196
1866780 196
1866790 196
1866800 197
1866810 197
1866820 197
1866830 198
1866840 198
1866850 197
1866860 198
1866870 198
1866880 199
1866890 200
1866900 200
1866910 201
1866920 202
1866930 202
1866940 203
1866950 203
1866960 203
1866970 204
1866980 204
1866990 204
1867000 205
1867010 205
1867020 205
1867030 205
1867040 205
1867050 205
1867060 205
1867070 205
1867080 205
1867090 205
1867100 205
1867110 205
1867120 205
1867130 205
1867140 205
1867150 205
1867160 205
1867170 205
1867180 205
1867190 205
1867200 205
1867210 205
1867220 205
1867230 205
1867240 205
1867250 205
1867260 205
1867270 205
1867280 205
1867290 206
1867300 206
1867310 206
1867320 206
1867330 206
1867340 206
1867350 206
1867360 206
1867370 206
1867380 206
1867390 206
1867400 206
1867410 206
1867420 206
1867430 206
1867440 206
1867450 206
1867460 206
1867470 206
1867480 206
1867490 206
1867500 206
1867510 206
1867520 206
1867530 206
1867540 206
1867550 206
1867560 206
1867570 206
1867580 206
1867590 205
1867600 205
1867610 205
1867620 205
1867630 205
1867640 205
1867650 205
1867660 205
1867670 205
1867680 205
1867690 205
1867700 205
1867710 205
1867720 205
1867730 205
1867740 205
1867750 205
1867760 205
1867770 205
1867780 205
1867790 205
1867800 205
1867810 205
1867820 205
1867830 204
1867840 204
1867850 204
1867860 203
1867870 203
1867880 203
1867890 202
1867900 202
1867910 202
1867920 202
1867930 202
1867940 202
1867950 202
1867960 202
1867970 202
1867980 202
1867990 202
1868000 202
1868010 202
1868020 202
1868030 202
1868040 202
1868050 202
1868060 202
1868070 202
1868080 202
1868090 202
1868100 202
1868110 202
1868120 202
1868130 202
1868140 202
1868150 201
1868160 201
1868170 201
1868180 201
1868190 201
1868200 201
1868210 201
1868220 201
1868230 201
1868240 201
1868250 201
1868260 201
1868270 201
1868280 201
1868290 201
1868300 200
1868310 200
1868320 200
1868330 200
1868340 200
1868350 200
1868360 200
1868370 201
1868380 201
1868390 201
1868400 202
1868410 202
1868420 203
1868430 203
1868440 203
1868450 204
1868460 204
1868470 204
1868480 204
1868490 205
1868500 205
1868510 205
1868520 205
1868530 205
1868540 205
1868550 205
1868560 205
1868570 205
1868580 206
1868590 206
1868600 206
1868610 206
1868620 206
1868630 206
1868640 206
1868650 206
1868660 206
1868670 206
1868680 206
1868690 206
1868700 206
1868710 206
1868720 206
1868730 206
1868740 206
1868750 206
1868760 206
1868770 206
1868780 206
1868790 206
1868800 206
1868810 206
1868820 206
1868830 206
1868840 206
1868850 206
1868860 206
1868870 205
1868880 205
1868890 205
1868900 205
1868910 205
1868920 205
1868930 205
1868940 205
1868950 205
1868960 205
1868970 205
1868980 205
1868990 205
1869000 205
1869010 205
1869020 205
1869030 205
1869040 205
1869050 205
1869060 205
1869070 205
1869080 204
1869090 204
1869100 204
1869110 204
1869120 204
1869130 204
1869140 204
1869150 204
1869160 204
1869170 204
1869180 204
1869190 204
1869200 204
1869210 204
1869220 204
1869230 204
1869240 204
1869250 204
1869260 204
1869270 204
1869280 204
1869290 204
1869300 204
1869310 204
1869320 204
1869330 204
1869340 204
1869350 204
1869360 204
1869370 204
1869380 204
1869390 204
1869400 203
1869410 203
1869420 203
1869430 203
1869440 203
1869450 203
1869460 203
1869470 203
1869480 203
1869490 203
1869500 203
1869510 203
1869520 203
1869530 203
1869540 203
1869550 203
1869560 203
1869570 203
1869580 203
1869590 203
1869600 203
1869610 203
1869620 203
1869630 203
1869640 204
1869650 204
1869660 204
1869670 203
1869680 203
1869690 203
1869700 203
1869710 202
1869720 202
1869730 202
1869740 202
1869750 202
1869760 202
1869770 202
1869780 202
1869790 202
1869800 202
1869810 202
1869820 202
1869830 202
1869840 202
1869850 202
1869860 202
1869870 202
1869880 202
1869890 202
1869900 202
1869910 203
1869920 203
1869930 203
1869940 203
1869950 203
1869960 203
1869970 203
1869980 203
1869990 203
1870000 203
1870010 203
1870020 202
1870030 202
1870040 202
1870050 202
1870060 202
1870070 202
1870080 201
1870090 201
1870100 201
1870110 201
1870120 201
1870130 201
1870140 202
1870150 202
1870160 202
1870170 203
1870180 203
1870190 203
1870200 204
1870210 204
1870220 204
1870230 205
1870240 205
1870250 205
1870260 206
1870270 206
1870280 206
1870290 206
1870300 205
1870310 205
1870320 205
1870330 205
1870340 205
1870350 205
1870360 205
1870370 205
1870380 205
1870390 205
1870400 205
1870410 205
1870420 205
1870430 205
1870440 205
1870450 204
1870460 204
1870470 204
1870480 204
1870490 204
1870500 204
1870510 204
1870520 204
1870530 204
1870540 204
1870550 204
1870560 204
1870570 204
1870580 204
1870590 204
1870600 204
1870610 204
1870620 204
1870630 203
1870640 203
1870650 203
1870660 203
1870670 203
1870680 203
1870690 203
1870700 203
1870710 202
1870720 202
1870730 203
1870740 203
1870750 203
1870760 203
1870770 204
1870780 204
1870790 204
1870800 204
1870810 204
1870820 205
1870830 205
1870840 205
1870850 205
1870860 205
1870870 205
1870880 205
1870890 206
1870900 206
1870910 206
1870920 206
1870930 206
1870940 206
1870950 206
1870960 206
1870970 206
1870980 206
1870990 206
1871000 206
1871010 206
1871020 206
1871030 206
1871040 205
1871050 205
1871060 205
1871070 205
1871080 205
1871090 205
1871100 205
1871110 205
1871120 204
1871130 204
1871140 204
1871150 204
1871160 204
1871170 204
1871180 204
1871190 204
1871200 204
1871210 204
1871220 204
1871230 204
1871240 205
1871250 205
1871260 205
1871270 205
1871280 205
1871290 205
1871300 206
1871310 206
1871320 206
1871330 206
1871340 206
1871350 206
1871360 206
1871370 206
1871380 206
1871390 206
1871400 205
1871410 205
1871420 205
1871430 206
1871440 206
1871450 206
1871460 206
1871470 206
1871480 206
1871490 206
1871500 206
1871510 206
1871520 206
1871530 206
1871540 206
1871550 206
1871560 206
1871570 206
1871580 206
1871590 206
1871600 206
1871610 206
1871620 206
1871630 206
1871640 206
1871650 206
1871660 206
1871670 206
1871680 205
1871690 205
1871700 205
1871710 205
1871720 205
1871730 205
1871740 205
1871750 205
1871760 205
1871770 205
1871780 205
1871790 205
1871800 205
1871810 205
1871820 205
1871830 205
1871840 205
1871850 205
1871860 205
1871870 205
1871880 205
1871890 205
1871900 205
1871910 205
1871920 205
1871930 205
1871940 205
1871950 205
1871960 205
1871970 205
1871980 205
1871990 205
1872000 205
1872010 205
1872020 205
1872030 205
1872040 205
1872050 205
1872060 205
1872070 205
1872080 204
1872090 204
1872100 204
1872110 204
1872120 204
1872130 204
1872140 204
1872150 204
1872160 204
1872170 204
1872180 204
1872190 203
1872200 203
1872210 203
1872220 203
1872230 203
1872240 203
1872250 202
1872260 202
1872270 202
1872280 202
1872290 202
1872300 202
1872310 202
1872320 202
1872330 202
1872340 201
1872350 201
1872360 201
1872370 201
1872380 200
1872390 200
1872400 200
1872410 200
1872420 200
1872430 199
1872440 199
1872450 199
1872460 199
1872470 199
1872480 199
1872490 199
1872500 199
1872510 199
1872520 199
1872530 199
1872540 199
1872550 200
1872560 200
1872570 200
1872580 200
1872590 200
1872600 200
1872610 200
1872620 200
1872630 200
1872640 200
1872650 200
1872660 200
1872670 199
1872680 199
1872690 199
1872700 199
1872710 199
1872720 199
1872730 199
1872740 199
1872750 199
1872760 199
1872770 199
1872780 199
1872790 199
1872800 199
1872810 199
1872820 199
1872830 199
1872840 199
1872850 199
1872860 199
1872870 199
1872880 198
1872890 198
1872900 198
1872910 197
1872920 197
1872930 197
1872940 197
1872950 197
1872960 197
1872970 197
1872980 197
1872990 197
1873000 197
1873010 197
1873020 197
1873030 197
1873040 197
1873050 197
1873060 197
1873070 197
1873080 197
1873090 197
1873100 197
1873110 197
1873120 198
1873130 198
1873140 198
1873150 198
1873160 198
1873170 199
1873180 199
1873190 199
1873200 200
1873210 201
1873220 201
1873230 201
1873240 202
1873250 202
1873260 202
1873270 203
1873280 203
1873290 203
1873300 203
1873310 203
1873320 204
1873330 204
1873340 204
1873350 204
1873360 204
1873370 204
1873380 204
1873390 204
1873400 204
1873410 205
1873420 205
1873430 205
1873440 205
1873450 205
1873460 205
1873470 205
1873480 205
1873490 205
1873500 205
1873510 205
1873520 205
1873530 206
1873540 206
1873550 206
1873560 206
1873570 206
1873580 206
1873590 206
1873600 206
1873610 206
1873620 206
1873630 206
1873640 206
1873650 206
1873660 206
1873670 206
1873680 206
1873690 206
1873700 206
1873710 207
1873720 207
1873730 207
1873740 207
1873750 207
1873760 207
1873770 207
1873780 207
1873790 207
1873800 207
1873810 207
1873820 207
1873830 207
1873840 207
1873850 207
1873860 207
1873870 207
1873880 206
1873890 206
1873900 206
1873910 206
1873920 206
1873930 206
1873940 206
1873950 206
1873960 206
1873970 206
1873980 206
1873990 206
1874000 206
1874010 205
1874020 205
1874030 205
1874040 205
1874050 205
1874060 205
1874070 205
1874080 205
1874090 205
1874100 204
1874110 204
1874120 204
1874130 204
1874140 204
1874150 204
1874160 204
1874170 204
1874180 203
1874190 203
1874200 203
1874210 203
1874220 203
1874230 203
1874240 202
1874250 202
1874260 202
1874270 202
1874280 202
1874290 202
1874300 201
1874310 201
1874320 201
1874330 201
1874340 201
1874350 200
1874360 200
1874370 200
1874380 199
1874390 199
1874400 199
1874410 199
1874420 198
1874430 198
1874440 198
1874450 198
1874460 198
1874470 197
1874480 197
1874490 197
1874500 197
1874510 196
1874520 196
1874530 196
1874540 195
1874550 195
1874560 195
1874570 195
1874580 195
1874590 194
1874600 194
1874610 195
1874620 195
1874630 195
1874640 195
1874650 195
1874660 194
1874670 194
1874680 194
1874690 193
1874700 193
1874710 192
1874720 191
1874730 191
1874740 191
1874750 192
1874760 192
1874770 192
1874780 193
1874790 193
1874800 193
1874810 194
1874820 194
1874830 194
1874840 195
1874850 195
1874860 195
1874870 196
1874880 196
1874890 196
1874900 196
1874910 196
1874920 196
1874930 196
1874940 196
1874950 196
1874960 195
1874970 195
1874980 195
1874990 195
1875000 195
1875010 194
1875020 194
1875030 194
1875040 194
1875050 194
1875060 194
1875070 194
1875080 194
1875090 194
1875100 194
1875110 195
1875120 195
1875130 195
1875140 195
1875150 195
1875160 195
1875170 195
1875180 195
1875190 195
1875200 196
1875210 196
1875220 196
1875230 196
1875240 196
1875250 196
1875260 196
1875270 196
1875280 196
1875290 196
1875300 196
1875310 196
1875320 196
1875330 196
1875340 196
1875350 196
1875360 196
1875370 196
1875380 196
1875390 196
1875400 196
1875410 196
1875420 196
1875430 196
1875440 196
1875450 196
1875460 196
1875470 196
1875480 196
1875490 196
1875500 196
1875510 196
1875520 196
1875530 196
1875540 196
1875550 196
1875560 196
1875570 196
1875580 196
1875590 196
1875600 196
1875610 196
1875620 196
1875630 196
1875640 196
1875650 196
1875660 196
1875670 196
1875680 196
1875690 196
1875700 196
1875710 196
1875720 196
1875730 196
1875740 196
1875750 196
1875760 196
1875770 196
1875780 196
1875790 196
1875800 196
1875810 196
1875820 196
1875830 196
1875840 196
1875850 196
1875860 196
1875870 196
1875880 196
1875890 196
1875900 196
1875910 196
1875920 196
1875930 196
1875940 195
1875950 196
1875960 196
1875970 196
1875980 196
1875990 195
1876000 195
1876010 195
1876020 195
1876030 195
1876040 195
1876050 195
1876060 195
1876070 195
1876080 195
1876090 195
1876100 195
1876110 194
1876120 194
1876130 194
1876140 194
1876150 194
1876160 194
1876170 194
1876180 194
1876190 194
1876200 194
1876210 194
1876220 193
1876230 193
1876240 193
1876250 193
1876260 193
1876270 193
1876280 193
1876290 193
1876300 193
1876310 192
1876320 192
1876330 192
1876340 192
1876350 192
1876360 192
1876370 192
1876380 192
1876390 192
1876400 192
1876410 191
1876420 191
1876430 190
1876440 190
1876450 190
1876460 190
1876470 189
1876480 189
1876490 188
1876500 188
1876510 188
1876520 187
1876530 187
1876540 187
1876550 187
1876560 186
1876570 186
1876580 186
1876590 186
1876600 186
1876610 186
1876620 185
1876630 185
1876640 184
1876650 183
1876660 183
1876670 183
1876680 182
1876690 182
1876700 181
1876710 181
1876720 181
1876730 180
1876740 180
1876750 180
1876760 179
1876770 178
1876780 178
1876790 178
1876800 177
1876810 177
1876820 176
1876830 175
1876840 175
1876850 174
1876860 173
1876870 173
1876880 172
1876890 171
1876900 171
1876910 170
1876920 169
1876930 169
1876940 168
1876950 168
1876960 168
1876970 168
1876980 167
1876990 167
1877000 167
1877010 166
1877020 166
1877030 166
1877040 166
1877050 166
1877060 166
1877070 166
1877080 165
1877090 166
1877100 166
1877110 166
1877120 166
1877130 166
1877140 164
1877150 163
1877160 163
1877170 163
1877180 163
1877190 163
1877200 162
1877210 162
1877220 162
1877230 162
1877240 161
1877250 161
1877260 161
1877270 161
1877280 161
1877290 161
1877300 161
1877310 161
1877320 161
1877330 161
1877340 161
1877350 161
1877360 161
1877370 161
1877380 161
1877390 163
1877400 163
1877410 164
1877420 166
1877430 166
1877440 168
1877450 169
1877460 169
1877470 170
1877480 170
1877490 170
1877500 169
1877510 169
1877520 169
1877530 169
1877540 168
1877550 168
1877560 166
1877570 166
1877580 166
1877590 169
1877600 170
1877610 170
1877620 172
1877630 173
1877640 173
1877650 175
1877660 177
1877670 177
1877680 178
1877690 180
1877700 180
1877710 181
1877720 182
1877730 182
1877740 184
1877750 185
1877760 185
1877770 185
1877780 186
1877790 186
1877800 187
1877810 188
1877820 188
1877830 189
1877840 189
1877850 189
1877860 190
1877870 191
1877880 191
1877890 191
1877900 192
1877910 192
1877920 193
1877930 193
1877940 194
1877950 194
1877960 194
1877970 195
1877980 196
1877990 196
1878000 196
1878010 197
1878020 197
1878030 198
1878040 199
1878050 199
1878060 199
1878070 200
1878080 200
1878090 200
1878100 200
1878110 200
1878120 201
1878130 201
1878140 201
1878150 202
1878160 203
1878170 203
1878180 203
1878190 204
1878200 204
1878210 205
1878220 205
1878230 205
1878240 206
1878250 206
1878260 206
1878270 207
1878280 208
1878290 208
1878300 208
1878310 208
1878320 208
1878330 209
1878340 209
1878350 209
1878360 210
1878370 210
1878380 210
1878390 210
1878400 210
1878410 210
1878420 211
1878430 211
1878440 211
1878450 211
1878460 211
1878470 211
1878480 212
1878490 212
1878500 212
1878510 212
1878520 212
1878530 212
1878540 211
1878550 211
1878560 211
1878570 211
1878580 211
1878590 211
1878600 211
1878610 211
1878620 211
1878630 211
1878640 211
1878650 211
1878660 211
1878670 211
1878680 211
1878690 210
1878700 210
1878710 210
1878720 210
1878730 209
1878740 209
1878750 209
1878760 207
1878770 207
1878780 205
1878790 204
1878800 204
1878810 203
1878820 202
1878830 202
1878840 201
1878850 200
1878860 200
1878870 199
1878880 199
1878890 198
1878900 196
1878910 196
1878920 195
1878930 194
1878940 195
1878950 194
1878960 192
1878970 192
1878980 191
1878990 190
1879000 190
1879010 188
1879020 187
1879030 187
1879040 185
1879050 183
1879060 183
1879070 182
1879080 181
1879090 181
1879100 179
1879110 178
1879120 178
1879130 177
1879140 176
1879150 176
1879160 176
1879170 176
1879180 176
1879190 176
1879200 174
1879210 174
1879220 171
1879230 171
1879240 171
1879250 170
1879260 170
1879270 169
1879280 169
1879290 168
1879300 168
1879310 168
1879320 168
1879330 168
1879340 167
1879350 166
1879360 166
1879370 165
1879380 164
1879390 164
1879400 163
1879410 162
1879420 162
1879430 161
1879440 160
1879450 160
1879460 159
1879470 159
1879480 159
1879490 159
1879500 159
1879510 159
1879520 158
1879530 156
1879540 156
1879550 156
1879560 155
1879570 155
1879580 154
1879590 153
1879600 154
1879610 153
1879620 152
1879630 152
1879640 152
1879650 151
1879660 151
1879670 151
1879680 151
1879690 151
1879700 151
1879710 150
1879720 150
1879730 150
1879740 150
1879750 150
1879760 150
1879770 150
1879780 150
1879790 150
1879800 150
1879810 150
1879820 150
1879830 150
1879840 150
1879850 150
1879860 150
1879870 150
1879880 150
1879890 150
1879900 151
1879910 151
1879920 151
1879930 151
1879940 151
1879950 151
1879960 151
1879970 150
1879980 150
1879990 150
