1860000 233
1860010 234
1860020 234
1860030 234
1860040 235
1860050 235
1860060 235
1860070 235
1860080 235
1860090 235
1860100 235
1860110 235
1860120 235
1860130 236
1860140 236
1860150 236
1860160 235
1860170 235
1860180 235
1860190 235
1860200 235
1860210 235
1860220 235
1860230 235
1860240 235
1860250 235
1860260 235
1860270 235
1860280 235
1860290 235
1860300 235
1860310 234
1860320 234
1860330 234
1860340 234
1860350 234
1860360 234
1860370 234
1860380 234
1860390 234
1860400 234
1860410 234
1860420 233
1860430 233
1860440 233
1860450 233
1860460 233
1860470 233
1860480 233
1860490 233
1860500 233
1860510 232
1860520 232
1860530 232
1860540 232
1860550 232
1860560 232
1860570 232
1860580 231
1860590 231
1860600 231
1860610 231
1860620 231
1860630 230
1860640 230
1860650 230
1860660 230
1860670 229
1860680 229
1860690 229
1860700 229
1860710 229
1860720 229
1860730 228
1860740 228
1860750 228
1860760 228
1860770 228
1860780 227
1860790 227
1860800 227
1860810 226
1860820 225
1860830 225
1860840 224
1860850 224
1860860 224
1860870 223
1860880 223
1860890 223
1860900 222
1860910 222
1860920 222
1860930 221
1860940 221
1860950 221
1860960 220
1860970 220
1860980 220
1860990 219
1861000 219
1861010 219
1861020 218
1861030 218
1861040 218
1861050 218
1861060 218
1861070 218
1861080 218
1861090 218
1861100 218
1861110 218
1861120 218
1861130 218
1861140 218
1861150 218
1861160 220
1861170 221
1861180 221
1861190 221
1861200 222
1861210 222
1861220 223
1861230 224
1861240 224
1861250 224
1861260 224
1861270 224
1861280 225
1861290 225
1861300 225
1861310 225
1861320 225
1861330 225
1861340 225
1861350 225
1861360 225
1861370 225
1861380 225
1861390 225
1861400 224
1861410 224
1861420 224
1861430 224
1861440 223
1861450 223
1861460 223
1861470 223
1861480 223
1861490 222
1861500 222
1861510 221
1861520 221
1861530 220
1861540 220
1861550 219
1861560 218
1861570 218
1861580 218
1861590 217
1861600 217
1861610 217
1861620 216
1861630 216
1861640 215
1861650 214
1861660 214
1861670 213
1861680 213
1861690 212
1861700 211
1861710 211
1861720 210
1861730 209
1861740 209
1861750 208
1861760 207
1861770 207
1861780 207
1861790 206
1861800 206
1861810 205
1861820 205
1861830 205
1861840 204
1861850 204
1861860 203
1861870 203
1861880 203
1861890 203
1861900 202
1861910 202
1861920 202
1861930 202
1861940 202
1861950 202
1861960 202
1861970 201
1861980 201
1861990 201
1862000 201
1862010 201
1862020 201
1862030 202
1862040 202
1862050 202
1862060 202
1862070 202
1862080 202
1862090 202
1862100 202
1862110 203
1862120 204
1862130 204
1862140 205
1862150 205
1862160 205
1862170 205
1862180 206
1862190 206
1862200 208
1862210 209
1862220 209
1862230 210
1862240 211
1862250 211
1862260 212
1862270 212
1862280 212
1862290 213
1862300 214
1862310 214
1862320 214
1862330 215
1862340 215
1862350 216
1862360 216
1862370 216
1862380 217
1862390 218
1862400 218
1862410 218
1862420 218
1862430 218
1862440 219
1862450 219
1862460 219
1862470 219
1862480 219
1862490 219
1862500 219
1862510 219
1862520 219
1862530 219
1862540 219
1862550 219
1862560 219
1862570 219
1862580 219
1862590 219
1862600 219
1862610 219
1862620 219
1862630 219
1862640 219
1862650 219
1862660 219
1862670 219
1862680 219
1862690 219
1862700 219
1862710 219
1862720 219
1862730 219
1862740 218
1862750 218
1862760 218
1862770 218
1862780 218
1862790 218
1862800 218
1862810 218
1862820 218
1862830 218
1862840 218
1862850 218
1862860 218
1862870 218
1862880 217
1862890 217
1862900 217
1862910 217
1862920 217
1862930 217
1862940 217
1862950 217
1862960 217
1862970 217
1862980 217
1862990 217
1863000 217
1863010 217
1863020 217
1863030 216
1863040 216
1863050 216
1863060 216
1863070 216
1863080 216
1863090 216
1863100 216
1863110 216
1863120 216
1863130 216
1863140 216
1863150 216
1863160 216
1863170 216
1863180 215
1863190 215
1863200 215
1863210 215
1863220 215
1863230 215
1863240 214
1863250 214
1863260 214
1863270 213
1863280 213
1863290 213
1863300 213
1863310 212
1863320 212
1863330 212
1863340 212
1863350 212
1863360 211
1863370 210
1863380 210
1863390 210
1863400 210
1863410 210
1863420 210
1863430 210
1863440 210
1863450 209
1863460 209
1863470 209
1863480 209
1863490 209
1863500 208
1863510 208
1863520 208
1863530 208
1863540 208
1863550 208
1863560 208
1863570 208
1863580 207
1863590 207
1863600 207
1863610 207
1863620 207
1863630 207
1863640 207
1863650 207
1863660 207
1863670 207
1863680 207
1863690 206
1863700 206
1863710 206
1863720 206
1863730 206
1863740 206
1863750 206
1863760 206
1863770 206
1863780 205
1863790 205
1863800 205
1863810 205
1863820 205
1863830 205
1863840 205
1863850 205
1863860 205
1863870 204
1863880 204
1863890 204
1863900 204
1863910 204
1863920 204
1863930 204
1863940 204
1863950 204
1863960 204
1863970 204
1863980 204
1863990 204
1864000 204
1864010 204
1864020 204
1864030 204
1864040 204
1864050 204
1864060 204
1864070 204
1864080 205
1864090 205
1864100 206
1864110 206
1864120 206
1864130 207
1864140 208
1864150 208
1864160 209
1864170 210
1864180 210
1864190 210
1864200 211
1864210 211
1864220 211
1864230 211
1864240 211
1864250 211
1864260 211
1864270 211
1864280 211
1864290 211
1864300 211
1864310 211
1864320 211
1864330 211
1864340 211
1864350 211
1864360 211
1864370 211
1864380 211
1864390 211
1864400 210
1864410 210
1864420 210
1864430 210
1864440 210
1864450 210
1864460 210
1864470 210
1864480 210
1864490 210
1864500 210
1864510 210
1864520 210
1864530 210
1864540 210
1864550 210
1864560 210
1864570 210
1864580 209
1864590 209
1864600 209
1864610 209
1864620 209
1864630 209
1864640 208
1864650 208
1864660 208
1864670 208
1864680 208
1864690 208
1864700 208
1864710 208
1864720 208
1864730 208
1864740 208
1864750 208
1864760 207
1864770 207
1864780 207
1864790 207
1864800 207
1864810 207
1864820 207
1864830 207
1864840 207
1864850 207
1864860 207
1864870 207
1864880 206
1864890 206
1864900 206
1864910 206
1864920 206
1864930 206
1864940 206
1864950 206
1864960 206
1864970 206
1864980 206
1864990 205
1865000 205
1865010 205
1865020 205
1865030 205
1865040 205
1865050 205
1865060 205
1865070 205
1865080 204
1865090 204
1865100 204
1865110 204
1865120 203
1865130 203
1865140 203
1865150 203
1865160 203
1865170 203
1865180 202
1865190 202
1865200 202
1865210 202
1865220 202
1865230 201
1865240 201
1865250 201
1865260 201
1865270 200
1865280 200
1865290 200
1865300 200
1865310 199
1865320 199
1865330 199
1865340 199
1865350 199
1865360 199
1865370 198
1865380 198
1865390 198
1865400 198
1865410 198
1865420 198
1865430 198
1865440 198
1865450 198
1865460 198
1865470 198
1865480 198
1865490 198
1865500 198
1865510 198
1865520 197
1865530 197
1865540 197
1865550 197
1865560 197
1865570 197
1865580 197
1865590 197
1865600 197
1865610 197
1865620 197
1865630 197
1865640 198
1865650 198
1865660 198
1865670 198
1865680 198
1865690 198
1865700 198
1865710 198
1865720 198
1865730 197
1865740 197
1865750 197
1865760 197
1865770 197
1865780 197
1865790 196
1865800 196
1865810 196
1865820 195
1865830 195
1865840 195
1865850 194
1865860 193
1865870 193
1865880 192
1865890 192
1865900 192
1865910 192
1865920 191
1865930 191
1865940 191
1865950 191
1865960 191
1865970 191
1865980 192
1865990 192
1866000 192
1866010 192
1866020 192
1866030 192
1866040 191
1866050 191
1866060 191
1866070 191
1866080 191
1866090 191
1866100 191
1866110 191
1866120 190
1866130 190
1866140 190
1866150 190
1866160 190
1866170 190
1866180 190
1866190 189
1866200 189
1866210 190
1866220 190
1866230 190
1866240 190
1866250 190
1866260 190
1866270 190
1866280 190
1866290 191
1866300 191
1866310 191
1866320 193
1866330 194
1866340 194
1866350 194
1866360 195
1866370 195
1866380 195
1866390 196
1866400 196
1866410 196
1866420 196
1866430 196
1866440 196
1866450 196
1866460 196
1866470 196
1866480 195
1866490 195
1866500 195
1866510 195
1866520 195
1866530 196
1866540 196
1866550 196
1866560 196
1866570 197
1866580 197
1866590 197
1866600 197
1866610 197
1866620 197
1866630 197
1866640 197
1866650 198
1866660 199
1866670 199
1866680 200
1866690 201
1866700 201
1866710 201
1866720 202
1866730 202
1866740 203
1866750 203
1866760 203
1866770 204
1866780 204
1866790 204
1866800 204
1866810 204
1866820 204
1866830 204
1866840 203
1866850 203
1866860 202
1866870 201
1866880 201
1866890 200
1866900 199
1866910 199
1866920 199
1866930 198
1866940 198
1866950 198
1866960 199
1866970 199
1866980 199
1866990 199
1867000 200
1867010 200
1867020 200
1867030 200
1867040 200
1867050 200
1867060 200
1867070 200
1867080 200
1867090 200
1867100 201
1867110 201
1867120 201
1867130 202
1867140 202
1867150 202
1867160 202
1867170 202
1867180 202
1867190 202
1867200 202
1867210 202
1867220 202
1867230 202
1867240 202
1867250 201
1867260 201
1867270 201
1867280 201
1867290 201
1867300 201
1867310 201
1867320 201
1867330 202
1867340 202
1867350 202
1867360 203
1867370 203
1867380 203
1867390 204
1867400 205
1867410 205
1867420 205
1867430 206
1867440 206
1867450 206
1867460 206
1867470 206
1867480 206
1867490 206
1867500 206
1867510 206
1867520 207
1867530 207
1867540 207
1867550 207
1867560 207
1867570 207
1867580 207
1867590 207
1867600 207
1867610 207
1867620 207
1867630 207
1867640 207
1867650 207
1867660 207
1867670 207
1867680 207
1867690 207
1867700 207
1867710 207
1867720 207
1867730 207
1867740 207
1867750 206
1867760 206
1867770 206
1867780 206
1867790 205
1867800 205
1867810 205
1867820 205
1867830 205
1867840 205
1867850 204
1867860 204
1867870 204
1867880 204
1867890 204
1867900 204
1867910 204
1867920 204
1867930 204
1867940 204
1867950 204
1867960 204
1867970 204
1867980 204
1867990 204
1868000 204
1868010 204
1868020 204
1868030 204
1868040 204
1868050 204
1868060 204
1868070 204
1868080 204
1868090 204
1868100 204
1868110 204
1868120 204
1868130 204
1868140 204
1868150 204
1868160 204
1868170 204
1868180 204
1868190 204
1868200 204
1868210 204
1868220 204
1868230 204
1868240 204
1868250 204
1868260 204
1868270 204
1868280 203
1868290 203
1868300 203
1868310 202
1868320 201
1868330 201
1868340 200
1868350 200
1868360 200
1868370 199
1868380 199
1868390 199
1868400 199
1868410 199
1868420 199
1868430 199
1868440 199
1868450 199
1868460 200
1868470 201
1868480 201
1868490 201
1868500 202
1868510 202
1868520 203
1868530 204
1868540 204
1868550 205
1868560 205
1868570 205
1868580 206
1868590 206
1868600 206
1868610 206
1868620 207
1868630 207
1868640 207
1868650 207
1868660 207
1868670 207
1868680 207
1868690 207
1868700 207
1868710 207
1868720 207
1868730 207
1868740 207
1868750 207
1868760 207
1868770 207
1868780 207
1868790 207
1868800 207
1868810 207
1868820 207
1868830 207
1868840 207
1868850 207
1868860 207
1868870 207
1868880 207
1868890 207
1868900 207
1868910 207
1868920 207
1868930 207
1868940 207
1868950 207
1868960 206
1868970 206
1868980 206
1868990 206
1869000 206
1869010 206
1869020 206
1869030 206
1869040 206
1869050 206
1869060 206
1869070 206
1869080 206
1869090 206
1869100 206
1869110 206
1869120 206
1869130 206
1869140 206
1869150 206
1869160 206
1869170 206
1869180 206
1869190 206
1869200 206
1869210 206
1869220 206
1869230 206
1869240 206
1869250 206
1869260 206
1869270 206
1869280 206
1869290 206
1869300 206
1869310 206
1869320 206
1869330 205
1869340 205
1869350 205
1869360 205
1869370 205
1869380 206
1869390 206
1869400 206
1869410 206
1869420 206
1869430 206
1869440 206
1869450 206
1869460 206
1869470 206
1869480 205
1869490 205
1869500 205
1869510 205
1869520 205
1869530 205
1869540 205
1869550 205
1869560 205
1869570 205
1869580 205
1869590 205
1869600 205
1869610 205
1869620 205
1869630 205
1869640 205
1869650 205
1869660 205
1869670 205
1869680 205
1869690 205
1869700 205
1869710 204
1869720 204
1869730 204
1869740 204
1869750 203
1869760 203
1869770 202
1869780 201
1869790 201
1869800 200
1869810 200
1869820 200
1869830 200
1869840 200
1869850 200
1869860 201
1869870 201
1869880 201
1869890 202
1869900 202
1869910 203
1869920 203
1869930 203
1869940 204
1869950 204
1869960 204
1869970 204
1869980 205
1869990 205
1870000 205
1870010 205
1870020 205
1870030 206
1870040 206
1870050 206
1870060 206
1870070 206
1870080 206
1870090 206
1870100 206
1870110 206
1870120 206
1870130 206
1870140 206
1870150 206
1870160 206
1870170 206
1870180 205
1870190 205
1870200 205
1870210 205
1870220 205
1870230 205
1870240 205
1870250 204
1870260 204
1870270 204
1870280 204
1870290 204
1870300 204
1870310 204
1870320 204
1870330 204
1870340 204
1870350 204
1870360 204
1870370 204
1870380 204
1870390 204
1870400 204
1870410 204
1870420 204
1870430 204
1870440 204
1870450 204
1870460 204
1870470 204
1870480 204
1870490 204
1870500 204
1870510 204
1870520 205
1870530 205
1870540 205
1870550 205
1870560 205
1870570 205
1870580 205
1870590 205
1870600 205
1870610 205
1870620 205
1870630 205
1870640 205
1870650 205
1870660 205
1870670 205
1870680 205
1870690 205
1870700 204
1870710 204
1870720 204
1870730 204
1870740 204
1870750 204
1870760 204
1870770 204
1870780 204
1870790 204
1870800 204
1870810 203
1870820 203
1870830 203
1870840 203
1870850 203
1870860 202
1870870 202
1870880 202
1870890 202
1870900 202
1870910 202
1870920 202
1870930 202
1870940 202
1870950 202
1870960 202
1870970 202
1870980 202
1870990 202
1871000 202
1871010 202
1871020 201
1871030 201
1871040 201
1871050 201
1871060 201
1871070 201
1871080 201
1871090 201
1871100 201
1871110 201
1871120 201
1871130 201
1871140 201
1871150 201
1871160 201
1871170 201
1871180 201
1871190 202
1871200 202
1871210 202
1871220 202
1871230 201
1871240 201
1871250 201
1871260 201
1871270 201
1871280 201
1871290 201
1871300 201
1871310 201
1871320 201
1871330 201
1871340 201
1871350 200
1871360 200
1871370 200
1871380 200
1871390 200
1871400 200
1871410 200
1871420 200
1871430 200
1871440 201
1871450 201
1871460 201
1871470 202
1871480 202
1871490 202
1871500 202
1871510 202
1871520 203
1871530 203
1871540 203
1871550 203
1871560 203
1871570 203
1871580 204
1871590 204
1871600 204
1871610 204
1871620 204
1871630 204
1871640 204
1871650 204
1871660 204
1871670 204
1871680 204
1871690 204
1871700 204
1871710 204
1871720 204
1871730 204
1871740 204
1871750 204
1871760 204
1871770 204
1871780 204
1871790 205
1871800 205
1871810 205
1871820 205
1871830 205
1871840 204
1871850 204
1871860 204
1871870 204
1871880 204
1871890 204
1871900 204
1871910 204
1871920 204
1871930 204
1871940 204
1871950 204
1871960 204
1871970 204
1871980 204
1871990 204
1872000 204
1872010 204
1872020 204
1872030 204
1872040 204
1872050 204
1872060 204
1872070 204
1872080 204
1872090 204
1872100 204
1872110 203
1872120 203
1872130 203
1872140 203
1872150 203
1872160 203
1872170 203
1872180 202
1872190 202
1872200 202
1872210 202
1872220 202
1872230 202
1872240 201
1872250 201
1872260 201
1872270 201
1872280 201
1872290 201
1872300 200
1872310 200
1872320 200
1872330 200
1872340 200
1872350 200
1872360 199
1872370 199
1872380 199
1872390 199
1872400 199
1872410 199
1872420 199
1872430 199
1872440 198
1872450 198
1872460 198
1872470 198
1872480 198
1872490 198
1872500 197
1872510 197
1872520 197
1872530 196
1872540 196
1872550 196
1872560 196
1872570 196
1872580 196
1872590 196
1872600 196
1872610 195
1872620 195
1872630 195
1872640 195
1872650 195
1872660 195
1872670 195
1872680 195
1872690 195
1872700 195
1872710 196
1872720 196
1872730 196
1872740 197
1872750 197
1872760 197
1872770 197
1872780 197
1872790 197
1872800 197
1872810 197
1872820 196
1872830 196
1872840 196
1872850 196
1872860 195
1872870 195
1872880 195
1872890 195
1872900 195
1872910 194
1872920 194
1872930 194
1872940 194
1872950 194
1872960 194
1872970 194
1872980 194
1872990 194
1873000 194
1873010 195
1873020 195
1873030 195
1873040 196
1873050 196
1873060 196
1873070 197
1873080 197
1873090 198
1873100 199
1873110 199
1873120 199
1873130 200
1873140 200
1873150 201
1873160 201
1873170 201
1873180 202
1873190 202
1873200 202
1873210 202
1873220 203
1873230 203
1873240 203
1873250 203
1873260 203
1873270 203
1873280 203
1873290 203
1873300 204
1873310 204
1873320 204
1873330 204
1873340 204
1873350 204
1873360 204
1873370 204
1873380 204
1873390 205
1873400 205
1873410 205
1873420 205
1873430 205
1873440 205
1873450 205
1873460 205
1873470 205
1873480 205
1873490 205
1873500 205
1873510 205
1873520 205
1873530 206
1873540 206
1873550 206
1873560 206
1873570 206
1873580 206
1873590 206
1873600 206
1873610 206
1873620 206
1873630 206
1873640 206
1873650 206
1873660 206
1873670 206
1873680 206
1873690 206
1873700 206
1873710 206
1873720 206
1873730 206
1873740 206
1873750 207
1873760 206
1873770 207
1873780 206
1873790 206
1873800 206
1873810 206
1873820 206
1873830 207
1873840 207
1873850 207
1873860 207
1873870 207
1873880 207
1873890 207
1873900 206
1873910 206
1873920 206
1873930 206
1873940 206
1873950 206
1873960 206
1873970 206
1873980 206
1873990 206
1874000 206
1874010 206
1874020 206
1874030 206
1874040 205
1874050 205
1874060 205
1874070 205
1874080 205
1874090 205
1874100 205
1874110 204
1874120 204
1874130 204
1874140 204
1874150 204
1874160 204
1874170 204
1874180 204
1874190 203
1874200 203
1874210 203
1874220 203
1874230 203
1874240 203
1874250 203
1874260 202
1874270 202
1874280 202
1874290 202
1874300 202
1874310 202
1874320 201
1874330 201
1874340 201
1874350 201
1874360 201
1874370 200
1874380 200
1874390 200
1874400 200
1874410 200
1874420 200
1874430 200
1874440 200
1874450 200
1874460 200
1874470 200
1874480 199
1874490 199
1874500 199
1874510 199
1874520 199
1874530 199
1874540 198
1874550 198
1874560 198
1874570 198
1874580 198
1874590 198
1874600 198
1874610 197
1874620 197
1874630 197
1874640 197
1874650 197
1874660 198
1874670 198
1874680 198
1874690 198
1874700 198
1874710 198
1874720 198
1874730 198
1874740 198
1874750 198
1874760 198
1874770 198
1874780 198
1874790 197
1874800 197
1874810 197
1874820 197
1874830 197
1874840 197
1874850 197
1874860 197
1874870 197
1874880 197
1874890 197
1874900 196
1874910 196
1874920 196
1874930 196
1874940 196
1874950 196
1874960 196
1874970 196
1874980 196
1874990 197
1875000 197
1875010 197
1875020 197
1875030 197
1875040 197
1875050 197
1875060 197
1875070 197
1875080 197
1875090 197
1875100 197
1875110 197
1875120 197
1875130 197
1875140 197
1875150 197
1875160 197
1875170 197
1875180 197
1875190 197
1875200 197
1875210 197
1875220 197
1875230 197
1875240 197
1875250 197
1875260 197
1875270 197
1875280 197
1875290 197
1875300 197
1875310 197
1875320 197
1875330 197
1875340 197
1875350 197
1875360 197
1875370 197
1875380 197
1875390 197
1875400 197
1875410 197
1875420 197
1875430 197
1875440 198
1875450 198
1875460 198
1875470 198
1875480 198
1875490 198
1875500 198
1875510 198
1875520 197
1875530 197
1875540 197
1875550 197
1875560 197
1875570 197
1875580 197
1875590 197
1875600 197
1875610 197
1875620 197
1875630 197
1875640 197
1875650 197
1875660 197
1875670 197
1875680 197
1875690 197
1875700 197
1875710 197
1875720 197
1875730 197
1875740 198
1875750 198
1875760 198
1875770 198
1875780 198
1875790 198
1875800 198
1875810 198
1875820 198
1875830 197
1875840 197
1875850 197
1875860 197
1875870 197
1875880 197
1875890 197
1875900 197
1875910 197
1875920 197
1875930 197
1875940 197
1875950 197
1875960 197
1875970 197
1875980 197
1875990 197
1876000 196
1876010 196
1876020 196
1876030 196
1876040 196
1876050 196
1876060 196
1876070 196
1876080 196
1876090 196
1876100 195
1876110 195
1876120 195
1876130 195
1876140 195
1876150 195
1876160 194
1876170 194
1876180 194
1876190 194
1876200 194
1876210 194
1876220 194
1876230 193
1876240 193
1876250 193
1876260 193
1876270 193
1876280 193
1876290 192
1876300 192
1876310 192
1876320 192
1876330 192
1876340 192
1876350 192
1876360 192
1876370 192
1876380 191
1876390 191
1876400 191
1876410 191
1876420 191
1876430 191
1876440 190
1876450 190
1876460 190
1876470 190
1876480 190
1876490 190
1876500 189
1876510 189
1876520 189
1876530 189
1876540 189
1876550 189
1876560 188
1876570 188
1876580 188
1876590 187
1876600 187
1876610 187
1876620 187
1876630 186
1876640 186
1876650 185
1876660 184
1876670 184
1876680 184
1876690 183
1876700 183
1876710 182
1876720 182
1876730 182
1876740 181
1876750 180
1876760 180
1876770 180
1876780 179
1876790 179
1876800 178
1876810 178
1876820 178
1876830 177
1876840 177
1876850 177
1876860 177
1876870 176
1876880 176
1876890 176
1876900 176
1876910 176
1876920 175
1876930 175
1876940 175
1876950 175
1876960 170
1876970 170
1876980 169
1876990 169
1877000 169
1877010 171
1877020 171
1877030 171
1877040 170
1877050 169
1877060 169
1877070 168
1877080 168
1877090 167
1877100 165
1877110 165
1877120 164
1877130 163
1877140 163
1877150 163
1877160 163
1877170 163
1877180 162
1877190 162
1877200 162
1877210 162
1877220 162
1877230 162
1877240 162
1877250 162
1877260 162
1877270 162
1877280 162
1877290 162
1877300 162
1877310 163
1877320 163
1877330 165
1877340 166
1877350 166
1877360 168
1877370 170
1877380 170
1877390 172
1877400 174
1877410 174
1877420 176
1877430 178
1877440 178
1877450 179
1877460 179
1877470 179
1877480 179
1877490 178
1877500 178
1877510 177
1877520 176
1877530 176
1877540 176
1877550 176
1877560 176
1877570 175
1877580 175
1877590 175
1877600 175
1877610 175
1877620 175
1877630 174
1877640 174
1877650 174
1877660 174
1877670 173
1877680 173
1877690 173
1877700 173
1877710 173
1877720 173
1877730 173
1877740 173
1877750 173
1877760 174
1877770 174
1877780 176
1877790 178
1877800 178
1877810 181
1877820 184
1877830 184
1877840 187
1877850 189
1877860 189
1877870 191
1877880 192
1877890 192
1877900 194
1877910 195
1877920 195
1877930 196
1877940 197
1877950 197
1877960 198
1877970 198
1877980 199
1877990 199
1878000 199
1878010 200
1878020 201
1878030 201
1878040 201
1878050 202
1878060 202
1878070 202
1878080 203
1878090 203
1878100 204
1878110 204
1878120 204
1878130 205
1878140 205
1878150 205
1878160 206
1878170 206
1878180 206
1878190 206
1878200 207
1878210 207
1878220 207
1878230 208
1878240 208
1878250 208
1878260 208
1878270 208
1878280 209
1878290 209
1878300 209
1878310 209
1878320 210
1878330 210
1878340 210
1878350 210
1878360 210
1878370 211
1878380 211
1878390 211
1878400 211
1878410 211
1878420 211
1878430 212
1878440 212
1878450 212
1878460 212
1878470 212
1878480 212
1878490 213
1878500 213
1878510 213
1878520 213
1878530 213
1878540 213
1878550 213
1878560 213
1878570 213
1878580 214
1878590 214
1878600 214
1878610 214
1878620 214
1878630 214
1878640 214
1878650 214
1878660 214
1878670 214
1878680 214
1878690 214
1878700 214
1878710 214
1878720 214
1878730 214
1878740 213
1878750 213
1878760 213
1878770 213
1878780 213
1878790 213
1878800 212
1878810 212
1878820 212
1878830 211
1878840 211
1878850 210
1878860 209
1878870 209
1878880 207
1878890 207
1878900 206
1878910 205
1878920 205
1878930 203
1878940 202
1878950 202
1878960 200
1878970 199
1878980 199
1878990 199
1879000 198
1879010 198
1879020 197
1879030 194
1879040 194
1879050 193
1879060 192
1879070 192
1879080 190
1879090 189
1879100 189
1879110 188
1879120 186
1879130 186
1879140 184
1879150 182
1879160 182
1879170 180
1879180 179
1879190 179
1879200 178
1879210 177
1879220 177
1879230 176
1879240 175
1879250 175
1879260 174
1879270 174
1879280 174
1879290 174
1879300 172
1879310 172
1879320 169
1879330 168
1879340 168
1879350 168
1879360 167
1879370 167
1879380 167
1879390 166
1879400 166
1879410 166
1879420 165
1879430 165
1879440 164
1879450 163
1879460 163
1879470 162
1879480 162
1879490 162
1879500 161
1879510 161
1879520 161
1879530 161
1879540 160
1879550 160
1879560 160
1879570 159
1879580 159
1879590 158
1879600 157
1879610 157
1879620 157
1879630 156
1879640 156
1879650 155
1879660 154
1879670 154
1879680 153
1879690 152
1879700 152
1879710 152
1879720 152
1879730 152
1879740 152
1879750 152
1879760 152
1879770 152
1879780 152
1879790 152
1879800 152
1879810 152
1879820 152
1879830 152
1879840 152
1879850 152
1879860 152
1879870 152
1879880 152
1879890 152
1879900 152
1879910 152
1879920 151
1879930 151
1879940 151
1879950 151
1879960 151
1879970 151
1879980 151
1879990 151
