1860000 228
1860010 227
1860020 227
1860030 227
1860040 226
1860050 226
1860060 226
1860070 225
1860080 225
1860090 224
1860100 224
1860110 224
1860120 224
1860130 223
1860140 223
1860150 223
1860160 223
1860170 223
1860180 224
1860190 224
1860200 224
1860210 224
1860220 224
1860230 224
1860240 224
1860250 225
1860260 225
1860270 225
1860280 226
1860290 226
1860300 227
1860310 228
1860320 228
1860330 228
1860340 228
1860350 228
1860360 228
1860370 227
1860380 227
1860390 227
1860400 226
1860410 226
1860420 227
1860430 227
1860440 227
1860450 228
1860460 228
1860470 228
1860480 229
1860490 229
1860500 229
1860510 229
1860520 229
1860530 229
1860540 229
1860550 229
1860560 229
1860570 229
1860580 229
1860590 229
1860600 229
1860610 229
1860620 229
1860630 229
1860640 229
1860650 229
1860660 229
1860670 229
1860680 229
1860690 229
1860700 229
1860710 229
1860720 229
1860730 229
1860740 229
1860750 229
1860760 229
1860770 229
1860780 229
1860790 229
1860800 229
1860810 229
1860820 229
1860830 228
1860840 228
1860850 228
1860860 228
1860870 228
1860880 228
1860890 228
1860900 228
1860910 228
1860920 228
1860930 227
1860940 227
1860950 227
1860960 227
1860970 227
1860980 227
1860990 227
1861000 227
1861010 227
1861020 226
1861030 226
1861040 226
1861050 226
1861060 226
1861070 226
1861080 226
1861090 226
1861100 225
1861110 225
1861120 225
1861130 224
1861140 224
1861150 224
1861160 223
1861170 222
1861180 222
1861190 222
1861200 221
1861210 221
1861220 220
1861230 219
1861240 219
1861250 218
1861260 217
1861270 217
1861280 216
1861290 216
1861300 216
1861310 215
1861320 214
1861330 214
1861340 213
1861350 213
1861360 213
1861370 213
1861380 213
1861390 213
1861400 213
1861410 213
1861420 213
1861430 214
1861440 214
1861450 214
1861460 214
1861470 214
1861480 215
1861490 215
1861500 215
1861510 215
1861520 215
1861530 215
1861540 216
1861550 216
1861560 216
1861570 216
1861580 217
1861590 217
1861600 218
1861610 219
1861620 219
1861630 219
1861640 220
1861650 220
1861660 220
1861670 220
1861680 221
1861690 221
1861700 220
1861710 220
1861720 220
1861730 220
1861740 220
1861750 220
1861760 220
1861770 220
1861780 219
1861790 219
1861800 219
1861810 218
1861820 218
1861830 218
1861840 217
1861850 217
1861860 217
1861870 216
1861880 216
1861890 216
1861900 215
1861910 215
1861920 215
1861930 214
1861940 213
1861950 213
1861960 213
1861970 212
1861980 212
1861990 211
1862000 210
1862010 210
1862020 210
1862030 208
1862040 208
1862050 208
1862060 207
1862070 207
1862080 206
1862090 205
1862100 205
1862110 204
1862120 203
1862130 203
1862140 202
1862150 201
1862160 201
1862170 201
1862180 200
1862190 200
1862200 200
1862210 199
1862220 199
1862230 199
1862240 199
1862250 199
1862260 198
1862270 198
1862280 198
1862290 198
1862300 198
1862310 197
1862320 197
1862330 197
1862340 197
1862350 197
1862360 197
1862370 198
1862380 199
1862390 199
1862400 199
1862410 199
1862420 199
1862430 200
1862440 200
1862450 200
1862460 200
1862470 200
1862480 200
1862490 201
1862500 201
1862510 201
1862520 202
1862530 203
1862540 203
1862550 204
1862560 205
1862570 205
1862580 205
1862590 206
1862600 206
1862610 207
1862620 207
1862630 207
1862640 208
1862650 209
1862660 209
1862670 210
1862680 210
1862690 210
1862700 211
1862710 211
1862720 212
1862730 212
1862740 212
1862750 212
1862760 213
1862770 213
1862780 213
1862790 214
1862800 214
1862810 214
1862820 214
1862830 214
1862840 214
1862850 214
1862860 215
1862870 215
1862880 215
1862890 215
1862900 215
1862910 215
1862920 215
1862930 215
1862940 215
1862950 215
1862960 215
1862970 215
1862980 215
1862990 215
1863000 215
1863010 215
1863020 215
1863030 215
1863040 215
1863050 215
1863060 215
1863070 215
1863080 215
1863090 214
1863100 214
1863110 214
1863120 213
1863130 212
1863140 212
1863150 211
1863160 210
1863170 210
1863180 210
1863190 210
1863200 210
1863210 210
1863220 210
1863230 210
1863240 211
1863250 211
1863260 213
1863270 213
1863280 213
1863290 214
1863300 214
1863310 214
1863320 214
1863330 214
1863340 214
1863350 214
1863360 214
1863370 214
1863380 214
1863390 214
1863400 214
1863410 214
1863420 214
1863430 214
1863440 214
1863450 213
1863460 213
1863470 213
1863480 213
1863490 213
1863500 213
1863510 213
1863520 213
1863530 213
1863540 213
1863550 213
1863560 213
1863570 213
1863580 213
1863590 213
1863600 213
1863610 213
1863620 212
1863630 212
1863640 212
1863650 212
1863660 212
1863670 212
1863680 212
1863690 212
1863700 212
1863710 212
1863720 211
1863730 211
1863740 211
1863750 211
1863760 211
1863770 211
1863780 211
1863790 211
1863800 210
1863810 210
1863820 210
1863830 210
1863840 210
1863850 210
1863860 209
1863870 209
1863880 209
1863890 209
1863900 209
1863910 209
1863920 209
1863930 209
1863940 209
1863950 209
1863960 209
1863970 209
1863980 208
1863990 208
1864000 208
1864010 208
1864020 207
1864030 207
1864040 206
1864050 206
1864060 206
1864070 205
1864080 204
1864090 204
1864100 204
1864110 202
1864120 202
1864130 202
1864140 202
1864150 202
1864160 202
1864170 202
1864180 202
1864190 202
1864200 202
1864210 202
1864220 202
1864230 202
1864240 202
1864250 202
1864260 202
1864270 202
1864280 202
1864290 202
1864300 202
1864310 203
1864320 203
1864330 203
1864340 203
1864350 203
1864360 204
1864370 204
1864380 204
1864390 205
1864400 205
1864410 205
1864420 206
1864430 206
1864440 207
1864450 207
1864460 207
1864470 207
1864480 207
1864490 207
1864500 207
1864510 208
1864520 208
1864530 208
1864540 208
1864550 208
1864560 208
1864570 209
1864580 209
1864590 209
1864600 209
1864610 209
1864620 209
1864630 209
1864640 210
1864650 210
1864660 210
1864670 209
1864680 209
1864690 209
1864700 209
1864710 209
1864720 209
1864730 209
1864740 209
1864750 209
1864760 209
1864770 209
1864780 209
1864790 209
1864800 209
1864810 208
1864820 208
1864830 208
1864840 208
1864850 207
1864860 207
1864870 206
1864880 205
1864890 205
1864900 204
1864910 203
1864920 203
1864930 202
1864940 201
1864950 201
1864960 201
1864970 200
1864980 200
1864990 199
1865000 199
1865010 199
1865020 198
1865030 198
1865040 198
1865050 198
1865060 198
1865070 198
1865080 198
1865090 198
1865100 197
1865110 197
1865120 197
1865130 197
1865140 197
1865150 197
1865160 197
1865170 197
1865180 197
1865190 196
1865200 196
1865210 196
1865220 196
1865230 196
1865240 196
1865250 195
1865260 195
1865270 195
1865280 195
1865290 195
1865300 195
1865310 195
1865320 195
1865330 195
1865340 195
1865350 195
1865360 195
1865370 194
1865380 194
1865390 194
1865400 194
1865410 194
1865420 194
1865430 194
1865440 194
1865450 194
1865460 194
1865470 193
1865480 193
1865490 193
1865500 193
1865510 193
1865520 193
1865530 194
1865540 194
1865550 193
1865560 193
1865570 193
1865580 193
1865590 193
1865600 193
1865610 193
1865620 193
1865630 193
1865640 193
1865650 193
1865660 193
1865670 193
1865680 193
1865690 193
1865700 194
1865710 195
1865720 195
1865730 195
1865740 196
1865750 196
1865760 198
1865770 199
1865780 199
1865790 200
1865800 200
1865810 200
1865820 200
1865830 200
1865840 200
1865850 200
1865860 201
1865870 201
1865880 200
1865890 200
1865900 200
1865910 201
1865920 200
1865930 200
1865940 200
1865950 200
1865960 200
1865970 200
1865980 200
1865990 200
1866000 200
1866010 200
1866020 200
1866030 200
1866040 200
1866050 199
1866060 199
1866070 199
1866080 199
1866090 198
1866100 198
1866110 198
1866120 197
1866130 197
1866140 197
1866150 196
1866160 196
1866170 196
1866180 195
1866190 195
1866200 194
1866210 194
1866220 194
1866230 193
1866240 192
1866250 192
1866260 191
1866270 190
1866280 190
1866290 189
1866300 188
1866310 188
1866320 188
1866330 188
1866340 188
1866350 188
1866360 188
1866370 188
1866380 188
1866390 188
1866400 188
1866410 188
1866420 188
1866430 188
1866440 189
1866450 189
1866460 189
1866470 190
1866480 191
1866490 191
1866500 192
1866510 194
1866520 194
1866530 195
1866540 196
1866550 196
1866560 197
1866570 197
1866580 197
1866590 198
1866600 199
1866610 199
1866620 199
1866630 199
1866640 199
1866650 200
1866660 200
1866670 200
1866680 200
1866690 200
1866700 200
1866710 200
1866720 200
1866730 200
1866740 201
1866750 201
1866760 201
1866770 201
1866780 201
1866790 201
1866800 201
1866810 202
1866820 202
1866830 202
1866840 202
1866850 202
1866860 202
1866870 202
1866880 203
1866890 203
1866900 203
1866910 203
1866920 203
1866930 203
1866940 204
1866950 204
1866960 204
1866970 204
1866980 204
1866990 204
1867000 205
1867010 205
1867020 205
1867030 205
1867040 205
1867050 205
1867060 205
1867070 205
1867080 205
1867090 205
1867100 205
1867110 205
1867120 205
1867130 206
1867140 206
1867150 206
1867160 206
1867170 206
1867180 206
1867190 206
1867200 206
1867210 206
1867220 206
1867230 206
1867240 206
1867250 206
1867260 206
1867270 206
1867280 206
1867290 206
1867300 206
1867310 206
1867320 206
1867330 206
1867340 206
1867350 206
1867360 206
1867370 206
1867380 206
1867390 206
1867400 206
1867410 206
1867420 205
1867430 205
1867440 205
1867450 205
1867460 205
1867470 205
1867480 205
1867490 205
1867500 205
1867510 206
1867520 205
1867530 205
1867540 205
1867550 205
1867560 205
1867570 205
1867580 205
1867590 205
1867600 205
1867610 205
1867620 205
1867630 205
1867640 205
1867650 205
1867660 205
1867670 205
1867680 205
1867690 204
1867700 204
1867710 204
1867720 204
1867730 204
1867740 204
1867750 204
1867760 204
1867770 204
1867780 204
1867790 204
1867800 204
1867810 204
1867820 204
1867830 203
1867840 203
1867850 203
1867860 202
1867870 202
1867880 202
1867890 201
1867900 201
1867910 201
1867920 201
1867930 201
1867940 201
1867950 201
1867960 201
1867970 201
1867980 201
1867990 202
1868000 202
1868010 203
1868020 203
1868030 203
1868040 204
1868050 204
1868060 204
1868070 204
1868080 204
1868090 204
1868100 204
1868110 204
1868120 204
1868130 204
1868140 204
1868150 204
1868160 204
1868170 204
1868180 204
1868190 203
1868200 204
1868210 204
1868220 204
1868230 204
1868240 204
1868250 204
1868260 204
1868270 204
1868280 204
1868290 204
1868300 204
1868310 204
1868320 203
1868330 203
1868340 203
1868350 203
1868360 203
1868370 203
1868380 203
1868390 203
1868400 204
1868410 204
1868420 204
1868430 204
1868440 205
1868450 205
1868460 205
1868470 205
1868480 205
1868490 205
1868500 205
1868510 205
1868520 205
1868530 205
1868540 205
1868550 205
1868560 205
1868570 205
1868580 205
1868590 205
1868600 205
1868610 206
1868620 205
1868630 205
1868640 205
1868650 205
1868660 205
1868670 205
1868680 205
1868690 205
1868700 206
1868710 206
1868720 206
1868730 206
1868740 206
1868750 205
1868760 206
1868770 206
1868780 205
1868790 205
1868800 205
1868810 205
1868820 205
1868830 205
1868840 205
1868850 205
1868860 205
1868870 205
1868880 205
1868890 205
1868900 205
1868910 205
1868920 205
1868930 205
1868940 205
1868950 205
1868960 205
1868970 205
1868980 205
1868990 204
1869000 204
1869010 204
1869020 204
1869030 204
1869040 204
1869050 204
1869060 204
1869070 204
1869080 204
1869090 204
1869100 204
1869110 204
1869120 204
1869130 204
1869140 204
1869150 204
1869160 204
1869170 204
1869180 204
1869190 204
1869200 204
1869210 204
1869220 204
1869230 204
1869240 204
1869250 204
1869260 204
1869270 204
1869280 204
1869290 204
1869300 204
1869310 204
1869320 204
1869330 204
1869340 204
1869350 204
1869360 204
1869370 204
1869380 204
1869390 204
1869400 204
1869410 204
1869420 204
1869430 204
1869440 204
1869450 204
1869460 204
1869470 204
1869480 204
1869490 204
1869500 204
1869510 204
1869520 204
1869530 204
1869540 203
1869550 203
1869560 203
1869570 203
1869580 203
1869590 203
1869600 203
1869610 202
1869620 202
1869630 202
1869640 202
1869650 202
1869660 202
1869670 203
1869680 203
1869690 203
1869700 203
1869710 203
1869720 203
1869730 204
1869740 204
1869750 204
1869760 204
1869770 204
1869780 204
1869790 204
1869800 204
1869810 204
1869820 203
1869830 203
1869840 203
1869850 203
1869860 203
1869870 203
1869880 203
1869890 204
1869900 204
1869910 204
1869920 204
1869930 204
1869940 204
1869950 204
1869960 204
1869970 204
1869980 204
1869990 204
1870000 204
1870010 204
1870020 204
1870030 204
1870040 203
1870050 203
1870060 203
1870070 203
1870080 203
1870090 202
1870100 202
1870110 202
1870120 202
1870130 202
1870140 202
1870150 202
1870160 203
1870170 203
1870180 203
1870190 204
1870200 204
1870210 205
1870220 205
1870230 205
1870240 205
1870250 206
1870260 206
1870270 206
1870280 206
1870290 206
1870300 206
1870310 205
1870320 205
1870330 205
1870340 206
1870350 206
1870360 206
1870370 206
1870380 206
1870390 205
1870400 205
1870410 205
1870420 205
1870430 205
1870440 205
1870450 205
1870460 205
1870470 205
1870480 205
1870490 205
1870500 205
1870510 205
1870520 205
1870530 204
1870540 204
1870550 204
1870560 205
1870570 204
1870580 204
1870590 204
1870600 204
1870610 204
1870620 204
1870630 203
1870640 203
1870650 203
1870660 203
1870670 203
1870680 203
1870690 203
1870700 203
1870710 203
1870720 203
1870730 203
1870740 204
1870750 204
1870760 204
1870770 204
1870780 205
1870790 205
1870800 205
1870810 205
1870820 205
1870830 206
1870840 206
1870850 206
1870860 206
1870870 206
1870880 206
1870890 206
1870900 206
1870910 206
1870920 206
1870930 206
1870940 206
1870950 206
1870960 206
1870970 206
1870980 206
1870990 206
1871000 206
1871010 206
1871020 206
1871030 206
1871040 206
1871050 206
1871060 206
1871070 206
1871080 206
1871090 206
1871100 206
1871110 206
1871120 206
1871130 206
1871140 205
1871150 205
1871160 205
1871170 205
1871180 205
1871190 205
1871200 204
1871210 204
1871220 204
1871230 205
1871240 205
1871250 205
1871260 205
1871270 205
1871280 205
1871290 206
1871300 206
1871310 206
1871320 206
1871330 206
1871340 206
1871350 206
1871360 206
1871370 206
1871380 206
1871390 206
1871400 206
1871410 206
1871420 206
1871430 206
1871440 206
1871450 206
1871460 206
1871470 206
1871480 206
1871490 206
1871500 206
1871510 206
1871520 206
1871530 206
1871540 206
1871550 206
1871560 206
1871570 206
1871580 206
1871590 206
1871600 206
1871610 206
1871620 206
1871630 206
1871640 206
1871650 206
1871660 206
1871670 206
1871680 206
1871690 206
1871700 206
1871710 206
1871720 206
1871730 206
1871740 206
1871750 206
1871760 206
1871770 206
1871780 206
1871790 206
1871800 206
1871810 206
1871820 206
1871830 206
1871840 206
1871850 206
1871860 206
1871870 206
1871880 206
1871890 206
1871900 206
1871910 205
1871920 205
1871930 205
1871940 205
1871950 205
1871960 205
1871970 205
1871980 205
1871990 205
1872000 205
1872010 205
1872020 205
1872030 205
1872040 205
1872050 205
1872060 205
1872070 205
1872080 205
1872090 205
1872100 205
1872110 205
1872120 204
1872130 204
1872140 204
1872150 204
1872160 204
1872170 204
1872180 203
1872190 203
1872200 203
1872210 203
1872220 203
1872230 203
1872240 203
1872250 202
1872260 202
1872270 202
1872280 202
1872290 202
1872300 201
1872310 201
1872320 201
1872330 201
1872340 201
1872350 201
1872360 201
1872370 201
1872380 201
1872390 201
1872400 200
1872410 200
1872420 200
1872430 200
1872440 201
1872450 201
1872460 201
1872470 201
1872480 201
1872490 201
1872500 201
1872510 201
1872520 201
1872530 202
1872540 202
1872550 202
1872560 201
1872570 201
1872580 201
1872590 201
1872600 201
1872610 201
1872620 201
1872630 201
1872640 201
1872650 201
1872660 201
1872670 201
1872680 201
1872690 201
1872700 200
1872710 200
1872720 200
1872730 200
1872740 200
1872750 200
1872760 200
1872770 200
1872780 200
1872790 200
1872800 200
1872810 200
1872820 200
1872830 200
1872840 200
1872850 199
1872860 199
1872870 199
1872880 199
1872890 198
1872900 198
1872910 198
1872920 198
1872930 198
1872940 198
1872950 199
1872960 199
1872970 199
1872980 199
1872990 199
1873000 199
1873010 199
1873020 199
1873030 199
1873040 199
1873050 199
1873060 199
1873070 199
1873080 199
1873090 199
1873100 199
1873110 199
1873120 199
1873130 199
1873140 199
1873150 200
1873160 200
1873170 200
1873180 200
1873190 201
1873200 201
1873210 201
1873220 201
1873230 201
1873240 202
1873250 202
1873260 202
1873270 202
1873280 202
1873290 203
1873300 203
1873310 203
1873320 203
1873330 204
1873340 204
1873350 204
1873360 204
1873370 204
1873380 204
1873390 204
1873400 204
1873410 204
1873420 204
1873430 204
1873440 204
1873450 204
1873460 204
1873470 205
1873480 205
1873490 205
1873500 205
1873510 205
1873520 205
1873530 205
1873540 205
1873550 205
1873560 205
1873570 205
1873580 205
1873590 206
1873600 206
1873610 206
1873620 206
1873630 206
1873640 206
1873650 206
1873660 206
1873670 206
1873680 206
1873690 206
1873700 206
1873710 206
1873720 206
1873730 206
1873740 206
1873750 206
1873760 206
1873770 206
1873780 206
1873790 206
1873800 206
1873810 206
1873820 206
1873830 206
1873840 206
1873850 206
1873860 206
1873870 206
1873880 206
1873890 206
1873900 206
1873910 206
1873920 206
1873930 206
1873940 206
1873950 206
1873960 206
1873970 206
1873980 206
1873990 206
1874000 206
1874010 206
1874020 205
1874030 205
1874040 205
1874050 205
1874060 205
1874070 205
1874080 205
1874090 205
1874100 205
1874110 204
1874120 204
1874130 204
1874140 204
1874150 204
1874160 204
1874170 204
1874180 204
1874190 203
1874200 203
1874210 203
1874220 203
1874230 203
1874240 203
1874250 203
1874260 202
1874270 202
1874280 202
1874290 202
1874300 202
1874310 201
1874320 201
1874330 201
1874340 201
1874350 201
1874360 201
1874370 200
1874380 200
1874390 200
1874400 200
1874410 200
1874420 200
1874430 199
1874440 199
1874450 199
1874460 199
1874470 199
1874480 199
1874490 198
1874500 198
1874510 198
1874520 197
1874530 197
1874540 197
1874550 196
1874560 196
1874570 196
1874580 195
1874590 195
1874600 194
1874610 194
1874620 194
1874630 194
1874640 193
1874650 193
1874660 193
1874670 192
1874680 192
1874690 192
1874700 192
1874710 192
1874720 191
1874730 191
1874740 191
1874750 190
1874760 190
1874770 190
1874780 189
1874790 189
1874800 189
1874810 189
1874820 190
1874830 190
1874840 190
1874850 190
1874860 190
1874870 191
1874880 192
1874890 192
1874900 192
1874910 193
1874920 193
1874930 194
1874940 195
1874950 195
1874960 195
1874970 195
1874980 195
1874990 195
1875000 194
1875010 194
1875020 194
1875030 194
1875040 194
1875050 193
1875060 193
1875070 193
1875080 192
1875090 192
1875100 192
1875110 192
1875120 192
1875130 192
1875140 192
1875150 192
1875160 193
1875170 193
1875180 193
1875190 193
1875200 194
1875210 194
1875220 194
1875230 194
1875240 194
1875250 194
1875260 195
1875270 195
1875280 195
1875290 195
1875300 195
1875310 195
1875320 195
1875330 195
1875340 195
1875350 195
1875360 195
1875370 195
1875380 195
1875390 195
1875400 195
1875410 195
1875420 195
1875430 195
1875440 195
1875450 195
1875460 195
1875470 195
1875480 195
1875490 195
1875500 195
1875510 195
1875520 195
1875530 195
1875540 195
1875550 195
1875560 195
1875570 195
1875580 195
1875590 195
1875600 195
1875610 195
1875620 195
1875630 195
1875640 195
1875650 195
1875660 195
1875670 195
1875680 195
1875690 195
1875700 195
1875710 195
1875720 195
1875730 195
1875740 195
1875750 195
1875760 195
1875770 195
1875780 195
1875790 195
1875800 195
1875810 195
1875820 195
1875830 194
1875840 194
1875850 194
1875860 194
1875870 194
1875880 194
1875890 194
1875900 194
1875910 194
1875920 194
1875930 194
1875940 194
1875950 194
1875960 194
1875970 194
1875980 194
1875990 194
1876000 194
1876010 194
1876020 194
1876030 194
1876040 194
1876050 194
1876060 194
1876070 194
1876080 194
1876090 194
1876100 194
1876110 194
1876120 193
1876130 193
1876140 193
1876150 193
1876160 193
1876170 193
1876180 193
1876190 193
1876200 193
1876210 193
1876220 193
1876230 193
1876240 193
1876250 193
1876260 193
1876270 192
1876280 192
1876290 192
1876300 192
1876310 192
1876320 192
1876330 192
1876340 192
1876350 192
1876360 191
1876370 191
1876380 191
1876390 191
1876400 191
1876410 191
1876420 191
1876430 191
1876440 190
1876450 190
1876460 190
1876470 189
1876480 189
1876490 189
1876500 188
1876510 187
1876520 187
1876530 186
1876540 185
1876550 185
1876560 184
1876570 183
1876580 183
1876590 182
1876600 181
1876610 181
1876620 181
1876630 180
1876640 180
1876650 180
1876660 179
1876670 179
1876680 178
1876690 178
1876700 178
1876710 177
1876720 177
1876730 177
1876740 176
1876750 175
1876760 175
1876770 175
1876780 174
1876790 174
1876800 173
1876810 173
1876820 173
1876830 172
1876840 172
1876850 172
1876860 172
1876870 171
1876880 171
1876890 171
1876900 171
1876910 171
1876920 172
1876930 170
1876940 171
1876950 171
1876960 171
1876970 173
1876980 174
1876990 174
1877000 174
1877010 174
1877020 174
1877030 174
1877040 174
1877050 174
1877060 174
1877070 173
1877080 173
1877090 173
1877100 172
1877110 172
1877120 171
1877130 170
1877140 170
1877150 169
1877160 169
1877170 169
1877180 169
1877190 167
1877200 167
1877210 166
1877220 165
1877230 165
1877240 164
1877250 163
1877260 162
1877270 161
1877280 161
1877290 161
1877300 160
1877310 160
1877320 160
1877330 160
1877340 160
1877350 160
1877360 160
1877370 160
1877380 160
1877390 160
1877400 161
1877410 161
1877420 163
1877430 164
1877440 164
1877450 165
1877460 168
1877470 168
1877480 168
1877490 167
1877500 167
1877510 166
1877520 165
1877530 165
1877540 165
1877550 164
1877560 164
1877570 164
1877580 164
1877590 165
1877600 165
1877610 166
1877620 166
1877630 168
1877640 170
1877650 170
1877660 173
1877670 175
1877680 175
1877690 176
1877700 176
1877710 176
1877720 177
1877730 178
1877740 178
1877750 179
1877760 181
1877770 181
1877780 182
1877790 182
1877800 183
1877810 184
1877820 184
1877830 185
1877840 186
1877850 186
1877860 187
1877870 190
1877880 190
1877890 190
1877900 191
1877910 191
1877920 191
1877930 192
1877940 192
1877950 193
1877960 194
1877970 194
1877980 195
1877990 195
1878000 195
1878010 196
1878020 197
1878030 197
1878040 198
1878050 198
1878060 198
1878070 199
1878080 200
1878090 200
1878100 200
1878110 201
1878120 201
1878130 202
1878140 202
1878150 202
1878160 203
1878170 203
1878180 203
1878190 203
1878200 204
1878210 204
1878220 204
1878230 205
1878240 205
1878250 205
1878260 206
1878270 206
1878280 206
1878290 207
1878300 207
1878310 207
1878320 208
1878330 208
1878340 208
1878350 208
1878360 208
1878370 209
1878380 209
1878390 209
1878400 209
1878410 210
1878420 210
1878430 210
1878440 210
1878450 210
1878460 210
1878470 210
1878480 210
1878490 211
1878500 211
1878510 211
1878520 211
1878530 211
1878540 211
1878550 211
1878560 211
1878570 211
1878580 210
1878590 210
1878600 210
1878610 210
1878620 210
1878630 210
1878640 210
1878650 209
1878660 209
1878670 209
1878680 209
1878690 209
1878700 208
1878710 208
1878720 206
1878730 205
1878740 205
1878750 204
1878760 203
1878770 203
1878780 202
1878790 201
1878800 201
1878810 200
1878820 199
1878830 199
1878840 198
1878850 197
1878860 197
1878870 195
1878880 194
1878890 194
1878900 193
1878910 193
1878920 193
1878930 193
1878940 192
1878950 192
1878960 189
1878970 186
1878980 186
1878990 185
1879000 183
1879010 183
1879020 181
1879030 180
1879040 180
1879050 178
1879060 177
1879070 177
1879080 177
1879090 176
1879100 176
1879110 176
1879120 175
1879130 175
1879140 174
1879150 174
1879160 174
1879170 173
1879180 171
1879190 171
1879200 171
1879210 170
1879220 170
1879230 170
1879240 170
1879250 171
1879260 171
1879270 170
1879280 170
1879290 170
1879300 169
1879310 169
1879320 169
1879330 168
1879340 168
1879350 166
1879360 165
1879370 165
1879380 164
1879390 162
1879400 162
1879410 161
1879420 160
1879430 160
1879440 160
1879450 159
1879460 159
1879470 159
1879480 157
1879490 157
1879500 156
1879510 155
1879520 155
1879530 154
1879540 154
1879550 154
1879560 153
1879570 153
1879580 153
1879590 153
1879600 153
1879610 152
1879620 152
1879630 152
1879640 152
1879650 152
1879660 152
1879670 151
1879680 151
1879690 151
1879700 151
1879710 151
1879720 151
1879730 151
1879740 151
1879750 151
1879760 150
1879770 150
1879780 150
1879790 150
1879800 150
1879810 150
1879820 150
1879830 150
1879840 150
1879850 150
1879860 150
1879870 150
1879880 150
1879890 151
1879900 151
1879910 151
1879920 150
1879930 150
1879940 150
1879950 150
1879960 150
1879970 150
1879980 149
1879990 149
