1860000 237
1860010 237
1860020 236
1860030 235
1860040 235
1860050 234
1860060 234
1860070 234
1860080 234
1860090 236
1860100 236
1860110 237
1860120 238
1860130 238
1860140 242
1860150 243
1860160 243
1860170 243
1860180 244
1860190 244
1860200 244
1860210 244
1860220 244
1860230 244
1860240 244
1860250 244
1860260 244
1860270 244
1860280 244
1860290 243
1860300 243
1860310 243
1860320 243
1860330 243
1860340 243
1860350 243
1860360 242
1860370 242
1860380 242
1860390 242
1860400 242
1860410 242
1860420 242
1860430 242
1860440 242
1860450 241
1860460 241
1860470 240
1860480 240
1860490 240
1860500 239
1860510 239
1860520 239
1860530 238
1860540 237
1860550 237
1860560 236
1860570 235
1860580 235
1860590 235
1860600 234
1860610 234
1860620 233
1860630 232
1860640 232
1860650 230
1860660 229
1860670 229
1860680 228
1860690 227
1860700 227
1860710 226
1860720 224
1860730 224
1860740 223
1860750 222
1860760 222
1860770 221
1860780 220
1860790 220
1860800 218
1860810 216
1860820 216
1860830 215
1860840 215
1860850 215
1860860 214
1860870 214
1860880 214
1860890 214
1860900 214
1860910 214
1860920 213
1860930 213
1860940 213
1860950 213
1860960 213
1860970 213
1860980 213
1860990 213
1861000 213
1861010 213
1861020 213
1861030 213
1861040 213
1861050 213
1861060 213
1861070 213
1861080 213
1861090 213
1861100 213
1861110 213
1861120 213
1861130 213
1861140 213
1861150 213
1861160 214
1861170 214
1861180 215
1861190 216
1861200 216
1861210 216
1861220 218
1861230 218
1861240 222
1861250 224
1861260 224
1861270 224
1861280 225
1861290 225
1861300 226
1861310 227
1861320 227
1861330 229
1861340 230
1861350 230
1861360 231
1861370 232
1861380 232
1861390 233
1861400 235
1861410 235
1861420 236
1861430 237
1861440 237
1861450 237
1861460 238
1861470 238
1861480 239
1861490 239
1861500 239
1861510 240
1861520 240
1861530 240
1861540 241
1861550 241
1861560 241
1861570 241
1861580 241
1861590 241
1861600 240
1861610 240
1861620 240
1861630 239
1861640 238
1861650 238
1861660 238
1861670 237
1861680 237
1861690 237
1861700 236
1861710 236
1861720 237
1861730 237
1861740 237
1861750 237
1861760 237
1861770 238
1861780 238
1861790 238
1861800 239
1861810 239
1861820 239
1861830 239
1861840 239
1861850 239
1861860 239
1861870 239
1861880 239
1861890 239
1861900 239
1861910 239
1861920 239
1861930 239
1861940 239
1861950 239
1861960 238
1861970 238
1861980 238
1861990 238
1862000 238
1862010 238
1862020 237
1862030 237
1862040 237
1862050 237
1862060 237
1862070 237
1862080 237
1862090 237
1862100 236
1862110 236
1862120 236
1862130 236
1862140 235
1862150 235
1862160 235
1862170 235
1862180 235
1862190 234
1862200 234
1862210 234
1862220 234
1862230 234
1862240 234
1862250 233
1862260 233
1862270 233
1862280 233
1862290 232
1862300 232
1862310 232
1862320 232
1862330 232
1862340 232
1862350 231
1862360 231
1862370 231
1862380 231
1862390 231
1862400 230
1862410 230
1862420 230
1862430 230
1862440 230
1862450 230
1862460 229
1862470 229
1862480 229
1862490 229
1862500 228
1862510 228
1862520 228
1862530 228
1862540 227
1862550 227
1862560 226
1862570 226
1862580 225
1862590 225
1862600 225
1862610 224
1862620 224
1862630 224
1862640 223
1862650 223
1862660 223
1862670 222
1862680 222
1862690 221
1862700 221
1862710 221
1862720 221
1862730 220
1862740 220
1862750 220
1862760 219
1862770 219
1862780 219
1862790 219
1862800 219
1862810 218
1862820 218
1862830 218
1862840 218
1862850 218
1862860 218
1862870 218
1862880 218
1862890 219
1862900 219
1862910 219
1862920 219
1862930 220
1862940 220
1862950 220
1862960 220
1862970 221
1862980 221
1862990 221
1863000 221
1863010 221
1863020 221
1863030 221
1863040 221
1863050 221
1863060 221
1863070 221
1863080 221
1863090 221
1863100 221
1863110 221
1863120 221
1863130 221
1863140 221
1863150 221
1863160 221
1863170 221
1863180 221
1863190 221
1863200 221
1863210 221
1863220 221
1863230 221
1863240 221
1863250 221
1863260 221
1863270 221
1863280 221
1863290 221
1863300 220
1863310 220
1863320 220
1863330 220
1863340 220
1863350 220
1863360 220
1863370 220
1863380 219
1863390 219
1863400 219
1863410 219
1863420 218
1863430 218
1863440 218
1863450 217
1863460 217
1863470 217
1863480 216
1863490 216
1863500 216
1863510 216
1863520 215
1863530 215
1863540 215
1863550 214
1863560 214
1863570 214
1863580 214
1863590 214
1863600 214
1863610 214
1863620 214
1863630 214
1863640 214
1863650 214
1863660 214
1863670 214
1863680 214
1863690 214
1863700 215
1863710 216
1863720 216
1863730 217
1863740 217
1863750 217
1863760 218
1863770 218
1863780 218
1863790 219
1863800 219
1863810 219
1863820 219
1863830 219
1863840 219
1863850 219
1863860 219
1863870 219
1863880 219
1863890 219
1863900 219
1863910 219
1863920 219
1863930 219
1863940 218
1863950 218
1863960 218
1863970 218
1863980 218
1863990 218
1864000 217
1864010 217
1864020 217
1864030 217
1864040 216
1864050 216
1864060 216
1864070 216
1864080 216
1864090 216
1864100 216
1864110 216
1864120 215
1864130 215
1864140 215
1864150 215
1864160 215
1864170 215
1864180 215
1864190 214
1864200 214
1864210 214
1864220 214
1864230 214
1864240 214
1864250 214
1864260 214
1864270 214
1864280 213
1864290 213
1864300 213
1864310 213
1864320 213
1864330 213
1864340 213
1864350 213
1864360 213
1864370 212
1864380 212
1864390 212
1864400 212
1864410 212
1864420 212
1864430 212
1864440 212
1864450 212
1864460 212
1864470 212
1864480 212
1864490 212
1864500 212
1864510 212
1864520 212
1864530 211
1864540 211
1864550 211
1864560 211
1864570 211
1864580 211
1864590 211
1864600 211
1864610 211
1864620 211
1864630 211
1864640 211
1864650 211
1864660 211
1864670 211
1864680 211
1864690 210
1864700 210
1864710 210
1864720 210
1864730 210
1864740 209
1864750 210
1864760 210
1864770 210
1864780 210
1864790 210
1864800 209
1864810 209
1864820 209
1864830 209
1864840 209
1864850 209
1864860 208
1864870 208
1864880 208
1864890 208
1864900 208
1864910 208
1864920 208
1864930 208
1864940 208
1864950 207
1864960 207
1864970 207
1864980 206
1864990 206
1865000 206
1865010 206
1865020 205
1865030 205
1865040 205
1865050 205
1865060 205
1865070 204
1865080 204
1865090 204
1865100 204
1865110 204
1865120 204
1865130 204
1865140 204
1865150 204
1865160 204
1865170 204
1865180 204
1865190 204
1865200 204
1865210 204
1865220 204
1865230 203
1865240 203
1865250 203
1865260 203
1865270 203
1865280 203
1865290 203
1865300 203
1865310 203
1865320 203
1865330 203
1865340 203
1865350 203
1865360 202
1865370 202
1865380 202
1865390 202
1865400 202
1865410 202
1865420 202
1865430 202
1865440 202
1865450 202
1865460 202
1865470 202
1865480 202
1865490 202
1865500 202
1865510 202
1865520 202
1865530 202
1865540 202
1865550 202
1865560 202
1865570 203
1865580 203
1865590 203
1865600 204
1865610 204
1865620 204
1865630 204
1865640 204
1865650 204
1865660 203
1865670 203
1865680 203
1865690 202
1865700 202
1865710 202
1865720 202
1865730 202
1865740 202
1865750 202
1865760 202
1865770 202
1865780 201
1865790 201
1865800 201
1865810 201
1865820 201
1865830 201
1865840 202
1865850 202
1865860 202
1865870 203
1865880 204
1865890 204
1865900 204
1865910 205
1865920 205
1865930 205
1865940 205
1865950 205
1865960 205
1865970 205
1865980 205
1865990 205
1866000 205
1866010 205
1866020 206
1866030 206
1866040 206
1866050 206
1866060 207
1866070 207
1866080 207
1866090 207
1866100 207
1866110 207
1866120 207
1866130 207
1866140 207
1866150 207
1866160 208
1866170 208
1866180 208
1866190 208
1866200 208
1866210 208
1866220 208
1866230 208
1866240 208
1866250 208
1866260 208
1866270 208
1866280 208
1866290 208
1866300 208
1866310 208
1866320 208
1866330 208
1866340 208
1866350 208
1866360 208
1866370 208
1866380 208
1866390 208
1866400 208
1866410 208
1866420 208
1866430 208
1866440 208
1866450 208
1866460 208
1866470 208
1866480 208
1866490 208
1866500 208
1866510 208
1866520 208
1866530 208
1866540 208
1866550 208
1866560 207
1866570 207
1866580 207
1866590 207
1866600 207
1866610 207
1866620 207
1866630 207
1866640 207
1866650 207
1866660 207
1866670 207
1866680 207
1866690 207
1866700 207
1866710 207
1866720 207
1866730 207
1866740 207
1866750 207
1866760 207
1866770 207
1866780 207
1866790 207
1866800 207
1866810 207
1866820 207
1866830 207
1866840 207
1866850 207
1866860 208
1866870 208
1866880 208
1866890 208
1866900 208
1866910 208
1866920 208
1866930 208
1866940 208
1866950 208
1866960 208
1866970 208
1866980 208
1866990 208
1867000 208
1867010 208
1867020 208
1867030 208
1867040 208
1867050 208
1867060 208
1867070 208
1867080 208
1867090 208
1867100 208
1867110 208
1867120 208
1867130 208
1867140 208
1867150 208
1867160 208
1867170 208
1867180 208
1867190 208
1867200 208
1867210 208
1867220 208
1867230 208
1867240 208
1867250 208
1867260 208
1867270 208
1867280 208
1867290 208
1867300 208
1867310 208
1867320 208
1867330 208
1867340 208
1867350 208
1867360 207
1867370 207
1867380 207
1867390 207
1867400 207
1867410 207
1867420 207
1867430 207
1867440 207
1867450 207
1867460 207
1867470 207
1867480 207
1867490 207
1867500 207
1867510 207
1867520 207
1867530 207
1867540 207
1867550 207
1867560 207
1867570 207
1867580 207
1867590 207
1867600 207
1867610 207
1867620 207
1867630 207
1867640 207
1867650 207
1867660 207
1867670 207
1867680 206
1867690 206
1867700 206
1867710 206
1867720 206
1867730 206
1867740 206
1867750 206
1867760 206
1867770 206
1867780 206
1867790 206
1867800 206
1867810 206
1867820 206
1867830 206
1867840 206
1867850 206
1867860 206
1867870 205
1867880 205
1867890 205
1867900 205
1867910 205
1867920 205
1867930 205
1867940 206
1867950 205
1867960 205
1867970 206
1867980 206
1867990 206
1868000 206
1868010 206
1868020 205
1868030 205
1868040 205
1868050 205
1868060 205
1868070 205
1868080 205
1868090 205
1868100 205
1868110 205
1868120 205
1868130 205
1868140 205
1868150 205
1868160 205
1868170 205
1868180 205
1868190 205
1868200 205
1868210 205
1868220 206
1868230 206
1868240 206
1868250 206
1868260 206
1868270 205
1868280 205
1868290 205
1868300 205
1868310 205
1868320 205
1868330 205
1868340 205
1868350 205
1868360 205
1868370 205
1868380 205
1868390 205
1868400 204
1868410 204
1868420 203
1868430 202
1868440 202
1868450 201
1868460 200
1868470 200
1868480 199
1868490 198
1868500 198
1868510 196
1868520 195
1868530 195
1868540 194
1868550 193
1868560 193
1868570 192
1868580 192
1868590 192
1868600 192
1868610 192
1868620 192
1868630 192
1868640 193
1868650 193
1868660 196
1868670 199
1868680 199
1868690 202
1868700 202
1868710 202
1868720 202
1868730 203
1868740 203
1868750 203
1868760 203
1868770 203
1868780 204
1868790 204
1868800 204
1868810 204
1868820 204
1868830 204
1868840 204
1868850 204
1868860 204
1868870 204
1868880 204
1868890 204
1868900 204
1868910 204
1868920 204
1868930 204
1868940 204
1868950 204
1868960 204
1868970 204
1868980 204
1868990 205
1869000 205
1869010 205
1869020 204
1869030 204
1869040 204
1869050 204
1869060 204
1869070 204
1869080 204
1869090 204
1869100 204
1869110 204
1869120 204
1869130 204
1869140 204
1869150 204
1869160 204
1869170 204
1869180 204
1869190 204
1869200 204
1869210 204
1869220 204
1869230 203
1869240 203
1869250 203
1869260 203
1869270 203
1869280 203
1869290 203
1869300 203
1869310 202
1869320 202
1869330 202
1869340 201
1869350 201
1869360 201
1869370 200
1869380 199
1869390 199
1869400 199
1869410 198
1869420 198
1869430 197
1869440 197
1869450 197
1869460 196
1869470 196
1869480 196
1869490 195
1869500 195
1869510 195
1869520 195
1869530 195
1869540 195
1869550 195
1869560 195
1869570 195
1869580 196
1869590 197
1869600 197
1869610 197
1869620 197
1869630 197
1869640 197
1869650 197
1869660 197
1869670 197
1869680 198
1869690 198
1869700 198
1869710 198
1869720 198
1869730 197
1869740 197
1869750 197
1869760 196
1869770 196
1869780 195
1869790 194
1869800 194
1869810 193
1869820 193
1869830 193
1869840 194
1869850 194
1869860 194
1869870 195
1869880 197
1869890 197
1869900 198
1869910 199
1869920 199
1869930 200
1869940 201
1869950 201
1869960 202
1869970 202
1869980 202
1869990 202
1870000 203
1870010 203
1870020 203
1870030 203
1870040 203
1870050 203
1870060 203
1870070 203
1870080 203
1870090 202
1870100 202
1870110 202
1870120 202
1870130 202
1870140 202
1870150 202
1870160 202
1870170 202
1870180 202
1870190 202
1870200 202
1870210 202
1870220 202
1870230 202
1870240 203
1870250 203
1870260 203
1870270 203
1870280 203
1870290 203
1870300 203
1870310 203
1870320 203
1870330 203
1870340 203
1870350 204
1870360 204
1870370 204
1870380 203
1870390 203
1870400 203
1870410 203
1870420 203
1870430 203
1870440 203
1870450 203
1870460 203
1870470 203
1870480 203
1870490 203
1870500 203
1870510 203
1870520 203
1870530 203
1870540 203
1870550 203
1870560 203
1870570 203
1870580 203
1870590 203
1870600 203
1870610 203
1870620 203
1870630 203
1870640 202
1870650 202
1870660 202
1870670 202
1870680 202
1870690 202
1870700 202
1870710 202
1870720 202
1870730 202
1870740 202
1870750 202
1870760 201
1870770 201
1870780 201
1870790 201
1870800 201
1870810 201
1870820 201
1870830 201
1870840 201
1870850 201
1870860 201
1870870 201
1870880 201
1870890 201
1870900 201
1870910 201
1870920 201
1870930 201
1870940 201
1870950 201
1870960 201
1870970 201
1870980 200
1870990 200
1871000 200
1871010 199
1871020 199
1871030 199
1871040 198
1871050 198
1871060 197
1871070 197
1871080 197
1871090 196
1871100 196
1871110 196
1871120 196
1871130 196
1871140 196
1871150 197
1871160 197
1871170 197
1871180 198
1871190 198
1871200 198
1871210 199
1871220 199
1871230 199
1871240 200
1871250 200
1871260 200
1871270 200
1871280 200
1871290 200
1871300 200
1871310 200
1871320 200
1871330 200
1871340 200
1871350 200
1871360 200
1871370 200
1871380 200
1871390 200
1871400 200
1871410 200
1871420 199
1871430 199
1871440 199
1871450 199
1871460 199
1871470 199
1871480 198
1871490 198
1871500 198
1871510 197
1871520 197
1871530 197
1871540 196
1871550 196
1871560 196
1871570 196
1871580 196
1871590 196
1871600 197
1871610 197
1871620 197
1871630 197
1871640 197
1871650 197
1871660 197
1871670 197
1871680 197
1871690 197
1871700 197
1871710 198
1871720 198
1871730 198
1871740 198
1871750 198
1871760 198
1871770 198
1871780 198
1871790 198
1871800 198
1871810 198
1871820 198
1871830 198
1871840 198
1871850 198
1871860 198
1871870 198
1871880 198
1871890 198
1871900 197
1871910 197
1871920 197
1871930 197
1871940 197
1871950 197
1871960 197
1871970 197
1871980 197
1871990 196
1872000 196
1872010 196
1872020 196
1872030 196
1872040 196
1872050 196
1872060 196
1872070 196
1872080 196
1872090 196
1872100 196
1872110 196
1872120 196
1872130 196
1872140 195
1872150 195
1872160 195
1872170 195
1872180 195
1872190 195
1872200 195
1872210 195
1872220 195
1872230 195
1872240 195
1872250 195
1872260 195
1872270 195
1872280 194
1872290 194
1872300 194
1872310 194
1872320 194
1872330 194
1872340 193
1872350 193
1872360 193
1872370 192
1872380 192
1872390 192
1872400 191
1872410 191
1872420 189
1872430 188
1872440 188
1872450 186
1872460 185
1872470 185
1872480 184
1872490 184
1872500 184
1872510 183
1872520 183
1872530 183
1872540 183
1872550 183
1872560 183
1872570 183
1872580 183
1872590 183
1872600 184
1872610 184
1872620 184
1872630 185
1872640 185
1872650 185
1872660 186
1872670 187
1872680 187
1872690 188
1872700 188
1872710 188
1872720 189
1872730 190
1872740 190
1872750 191
1872760 191
1872770 191
1872780 192
1872790 192
1872800 192
1872810 193
1872820 193
1872830 193
1872840 193
1872850 194
1872860 194
1872870 194
1872880 195
1872890 195
1872900 195
1872910 195
1872920 195
1872930 195
1872940 196
1872950 196
1872960 196
1872970 196
1872980 196
1872990 196
1873000 197
1873010 197
1873020 197
1873030 198
1873040 198
1873050 198
1873060 198
1873070 198
1873080 199
1873090 199
1873100 199
1873110 199
1873120 199
1873130 199
1873140 199
1873150 200
1873160 200
1873170 200
1873180 200
1873190 200
1873200 200
1873210 200
1873220 200
1873230 200
1873240 200
1873250 200
1873260 200
1873270 200
1873280 201
1873290 201
1873300 201
1873310 201
1873320 201
1873330 201
1873340 201
1873350 201
1873360 201
1873370 201
1873380 202
1873390 202
1873400 202
1873410 202
1873420 202
1873430 202
1873440 202
1873450 202
1873460 202
1873470 202
1873480 202
1873490 202
1873500 202
1873510 202
1873520 202
1873530 203
1873540 203
1873550 203
1873560 203
1873570 203
1873580 203
1873590 203
1873600 203
1873610 203
1873620 203
1873630 203
1873640 203
1873650 204
1873660 204
1873670 204
1873680 204
1873690 204
1873700 204
1873710 204
1873720 204
1873730 204
1873740 204
1873750 204
1873760 204
1873770 204
1873780 204
1873790 205
1873800 205
1873810 205
1873820 205
1873830 205
1873840 205
1873850 205
1873860 205
1873870 205
1873880 205
1873890 206
1873900 206
1873910 206
1873920 206
1873930 206
1873940 206
1873950 206
1873960 206
1873970 206
1873980 206
1873990 206
1874000 206
1874010 206
1874020 206
1874030 206
1874040 207
1874050 207
1874060 207
1874070 207
1874080 207
1874090 207
1874100 207
1874110 207
1874120 207
1874130 207
1874140 207
1874150 208
1874160 208
1874170 208
1874180 208
1874190 208
1874200 208
1874210 208
1874220 208
1874230 208
1874240 208
1874250 208
1874260 208
1874270 208
1874280 208
1874290 208
1874300 208
1874310 208
1874320 208
1874330 208
1874340 208
1874350 208
1874360 208
1874370 208
1874380 208
1874390 208
1874400 208
1874410 208
1874420 208
1874430 208
1874440 208
1874450 208
1874460 208
1874470 208
1874480 208
1874490 208
1874500 208
1874510 208
1874520 208
1874530 208
1874540 208
1874550 208
1874560 208
1874570 208
1874580 208
1874590 208
1874600 208
1874610 208
1874620 208
1874630 207
1874640 207
1874650 207
1874660 207
1874670 207
1874680 207
1874690 207
1874700 207
1874710 207
1874720 206
1874730 206
1874740 206
1874750 206
1874760 207
1874770 207
1874780 206
1874790 206
1874800 206
1874810 206
1874820 206
1874830 206
1874840 206
1874850 206
1874860 206
1874870 206
1874880 206
1874890 206
1874900 206
1874910 206
1874920 205
1874930 205
1874940 205
1874950 205
1874960 205
1874970 205
1874980 205
1874990 205
1875000 205
1875010 205
1875020 205
1875030 204
1875040 204
1875050 204
1875060 204
1875070 204
1875080 204
1875090 204
1875100 203
1875110 203
1875120 203
1875130 203
1875140 203
1875150 203
1875160 202
1875170 202
1875180 202
1875190 202
1875200 202
1875210 202
1875220 201
1875230 201
1875240 201
1875250 201
1875260 201
1875270 201
1875280 201
1875290 201
1875300 200
1875310 200
1875320 200
1875330 200
1875340 200
1875350 200
1875360 199
1875370 199
1875380 199
1875390 199
1875400 199
1875410 199
1875420 198
1875430 198
1875440 198
1875450 198
1875460 198
1875470 198
1875480 198
1875490 198
1875500 198
1875510 197
1875520 197
1875530 197
1875540 197
1875550 197
1875560 197
1875570 197
1875580 196
1875590 196
1875600 196
1875610 196
1875620 196
1875630 196
1875640 196
1875650 196
1875660 196
1875670 195
1875680 195
1875690 195
1875700 195
1875710 195
1875720 195
1875730 195
1875740 195
1875750 195
1875760 195
1875770 195
1875780 195
1875790 194
1875800 194
1875810 194
1875820 194
1875830 194
1875840 194
1875850 194
1875860 194
1875870 193
1875880 193
1875890 193
1875900 193
1875910 193
1875920 193
1875930 192
1875940 192
1875950 192
1875960 192
1875970 192
1875980 191
1875990 190
1876000 190
1876010 189
1876020 188
1876030 188
1876040 187
1876050 186
1876060 186
1876070 186
1876080 185
1876090 185
1876100 183
1876110 182
1876120 182
1876130 181
1876140 181
1876150 181
1876160 180
1876170 179
1876180 179
1876190 178
1876200 177
1876210 177
1876220 176
1876230 175
1876240 175
1876250 174
1876260 174
1876270 174
1876280 173
1876290 172
1876300 172
1876310 172
1876320 171
1876330 171
1876340 171
1876350 171
1876360 171
1876370 171
1876380 172
1876390 172
1876400 173
1876410 173
1876420 173
1876430 176
1876440 177
1876450 177
1876460 177
1876470 178
1876480 178
1876490 178
1876500 179
1876510 179
1876520 179
1876530 181
1876540 181
1876550 182
1876560 183
1876570 183
1876580 183
1876590 184
1876600 184
1876610 183
1876620 183
1876630 183
1876640 182
1876650 181
1876660 181
1876670 179
1876680 178
1876690 178
1876700 177
1876710 175
1876720 175
1876730 174
1876740 172
1876750 172
1876760 172
1876770 172
1876780 171
1876790 170
1876800 170
1876810 169
1876820 169
1876830 169
1876840 169
1876850 169
1876860 169
1876870 169
1876880 169
1876890 169
1876900 170
1876910 172
1876920 172
1876930 174
1876940 176
1876950 176
1876960 178
1876970 179
1876980 179
1876990 181
1877000 184
1877010 184
1877020 186
1877030 188
1877040 188
1877050 189
1877060 190
1877070 190
1877080 191
1877090 193
1877100 193
1877110 193
1877120 194
1877130 194
1877140 195
1877150 195
1877160 195
1877170 195
1877180 195
1877190 195
1877200 195
1877210 194
1877220 194
1877230 194
1877240 194
1877250 194
1877260 194
1877270 194
1877280 194
1877290 194
1877300 194
1877310 194
1877320 194
1877330 195
1877340 195
1877350 195
1877360 195
1877370 195
1877380 195
1877390 195
1877400 195
1877410 195
1877420 195
1877430 195
1877440 195
1877450 195
1877460 195
1877470 195
1877480 195
1877490 195
1877500 195
1877510 196
1877520 196
1877530 196
1877540 197
1877550 197
1877560 197
1877570 197
1877580 197
1877590 197
1877600 197
1877610 197
1877620 197
1877630 197
1877640 197
1877650 198
1877660 198
1877670 198
1877680 198
1877690 198
1877700 198
1877710 198
1877720 198
1877730 198
1877740 198
1877750 198
1877760 198
1877770 198
1877780 198
1877790 197
1877800 197
1877810 197
1877820 197
1877830 197
1877840 197
1877850 197
1877860 197
1877870 197
1877880 197
1877890 197
1877900 197
1877910 197
1877920 198
1877930 198
1877940 198
1877950 199
1877960 199
1877970 199
1877980 200
1877990 200
1878000 200
1878010 201
1878020 201
1878030 201
1878040 202
1878050 202
1878060 202
1878070 203
1878080 203
1878090 203
1878100 203
1878110 203
1878120 204
1878130 204
1878140 204
1878150 204
1878160 205
1878170 205
1878180 205
1878190 206
1878200 206
1878210 206
1878220 206
1878230 206
1878240 207
1878250 207
1878260 207
1878270 208
1878280 208
1878290 208
1878300 208
1878310 209
1878320 209
1878330 209
1878340 209
1878350 209
1878360 209
1878370 209
1878380 209
1878390 210
1878400 210
1878410 210
1878420 210
1878430 210
1878440 210
1878450 210
1878460 210
1878470 210
1878480 210
1878490 210
1878500 210
1878510 210
1878520 210
1878530 210
1878540 210
1878550 210
1878560 210
1878570 210
1878580 210
1878590 210
1878600 210
1878610 210
1878620 210
1878630 210
1878640 210
1878650 210
1878660 210
1878670 210
1878680 210
1878690 210
1878700 210
1878710 210
1878720 210
1878730 210
1878740 210
1878750 209
1878760 209
1878770 209
1878780 209
1878790 209
1878800 209
1878810 209
1878820 209
1878830 209
1878840 209
1878850 209
1878860 209
1878870 208
1878880 208
1878890 208
1878900 208
1878910 208
1878920 207
1878930 207
1878940 207
1878950 207
1878960 206
1878970 206
1878980 206
1878990 205
1879000 205
1879010 205
1879020 205
1879030 205
1879040 205
1879050 204
1879060 204
1879070 204
1879080 203
1879090 203
1879100 202
1879110 199
1879120 199
1879130 197
1879140 195
1879150 195
1879160 194
1879170 193
1879180 193
1879190 192
1879200 190
1879210 190
1879220 188
1879230 187
1879240 187
1879250 186
1879260 185
1879270 185
1879280 185
1879290 184
1879300 184
1879310 183
1879320 182
1879330 182
1879340 182
1879350 181
1879360 181
1879370 180
1879380 179
1879390 179
1879400 179
1879410 179
1879420 179
1879430 178
1879440 178
1879450 177
1879460 175
1879470 175
1879480 174
1879490 172
1879500 172
1879510 171
1879520 171
1879530 171
1879540 170
1879550 169
1879560 169
1879570 168
1879580 168
1879590 168
1879600 168
1879610 167
1879620 167
1879630 166
1879640 166
1879650 166
1879660 165
1879670 165
1879680 165
1879690 164
1879700 164
1879710 164
1879720 164
1879730 163
1879740 164
1879750 163
1879760 163
1879770 163
1879780 163
1879790 163
1879800 163
1879810 162
1879820 162
1879830 162
1879840 162
1879850 162
1879860 162
1879870 161
1879880 161
1879890 161
1879900 160
1879910 159
1879920 159
1879930 157
1879940 156
1879950 156
1879960 155
1879970 155
1879980 155
1879990 155
