1860000 238
1860010 237
1860020 236
1860030 236
1860040 234
1860050 232
1860060 232
1860070 229
1860080 228
1860090 228
1860100 226
1860110 225
1860120 225
1860130 226
1860140 227
1860150 227
1860160 229
1860170 232
1860180 232
1860190 235
1860200 237
1860210 237
1860220 237
1860230 237
1860240 237
1860250 237
1860260 237
1860270 237
1860280 236
1860290 236
1860300 236
1860310 236
1860320 236
1860330 236
1860340 236
1860350 236
1860360 235
1860370 235
1860380 235
1860390 235
1860400 234
1860410 234
1860420 234
1860430 233
1860440 233
1860450 232
1860460 231
1860470 231
1860480 229
1860490 228
1860500 228
1860510 227
1860520 225
1860530 225
1860540 225
1860550 224
1860560 224
1860570 222
1860580 221
1860590 221
1860600 220
1860610 219
1860620 218
1860630 217
1860640 217
1860650 217
1860660 217
1860670 217
1860680 217
1860690 216
1860700 216
1860710 216
1860720 215
1860730 215
1860740 215
1860750 214
1860760 214
1860770 214
1860780 214
1860790 214
1860800 214
1860810 214
1860820 214
1860830 214
1860840 214
1860850 214
1860860 214
1860870 214
1860880 214
1860890 214
1860900 214
1860910 215
1860920 215
1860930 215
1860940 216
1860950 216
1860960 216
1860970 219
1860980 219
1860990 219
1861000 219
1861010 219
1861020 219
1861030 218
1861040 218
1861050 217
1861060 216
1861070 216
1861080 215
1861090 215
1861100 215
1861110 215
1861120 215
1861130 215
1861140 215
1861150 215
1861160 215
1861170 217
1861180 217
1861190 218
1861200 220
1861210 220
1861220 221
1861230 223
1861240 223
1861250 226
1861260 227
1861270 227
1861280 228
1861290 230
1861300 230
1861310 232
1861320 234
1861330 234
1861340 236
1861350 238
1861360 238
1861370 239
1861380 240
1861390 240
1861400 241
1861410 241
1861420 241
1861430 242
1861440 242
1861450 242
1861460 243
1861470 243
1861480 243
1861490 244
1861500 244
1861510 244
1861520 244
1861530 244
1861540 244
1861550 245
1861560 245
1861570 245
1861580 245
1861590 245
1861600 245
1861610 244
1861620 244
1861630 244
1861640 244
1861650 244
1861660 244
1861670 244
1861680 244
1861690 244
1861700 244
1861710 243
1861720 243
1861730 243
1861740 243
1861750 243
1861760 243
1861770 243
1861780 243
1861790 243
1861800 242
1861810 242
1861820 242
1861830 242
1861840 242
1861850 242
1861860 241
1861870 241
1861880 241
1861890 241
1861900 241
1861910 241
1861920 241
1861930 241
1861940 241
1861950 240
1861960 240
1861970 240
1861980 240
1861990 240
1862000 240
1862010 239
1862020 239
1862030 239
1862040 239
1862050 238
1862060 238
1862070 238
1862080 237
1862090 237
1862100 237
1862110 236
1862120 235
1862130 235
1862140 234
1862150 234
1862160 234
1862170 233
1862180 232
1862190 232
1862200 232
1862210 231
1862220 231
1862230 231
1862240 230
1862250 230
1862260 230
1862270 230
1862280 230
1862290 230
1862300 229
1862310 229
1862320 229
1862330 229
1862340 229
1862350 229
1862360 228
1862370 228
1862380 228
1862390 228
1862400 228
1862410 228
1862420 228
1862430 228
1862440 228
1862450 228
1862460 228
1862470 228
1862480 228
1862490 228
1862500 229
1862510 229
1862520 229
1862530 229
1862540 229
1862550 229
1862560 229
1862570 229
1862580 229
1862590 229
1862600 228
1862610 228
1862620 228
1862630 228
1862640 228
1862650 227
1862660 227
1862670 227
1862680 226
1862690 227
1862700 227
1862710 226
1862720 226
1862730 226
1862740 227
1862750 227
1862760 227
1862770 227
1862780 227
1862790 227
1862800 227
1862810 227
1862820 227
1862830 226
1862840 226
1862850 226
1862860 226
1862870 226
1862880 226
1862890 226
1862900 226
1862910 226
1862920 226
1862930 226
1862940 226
1862950 225
1862960 225
1862970 225
1862980 225
1862990 225
1863000 225
1863010 225
1863020 225
1863030 225
1863040 225
1863050 225
1863060 224
1863070 224
1863080 224
1863090 224
1863100 224
1863110 224
1863120 223
1863130 223
1863140 223
1863150 223
1863160 223
1863170 223
1863180 222
1863190 222
1863200 222
1863210 221
1863220 221
1863230 221
1863240 220
1863250 220
1863260 220
1863270 219
1863280 218
1863290 218
1863300 218
1863310 218
1863320 218
1863330 217
1863340 217
1863350 217
1863360 217
1863370 216
1863380 216
1863390 216
1863400 216
1863410 216
1863420 216
1863430 216
1863440 216
1863450 216
1863460 216
1863470 216
1863480 216
1863490 216
1863500 216
1863510 216
1863520 217
1863530 217
1863540 217
1863550 217
1863560 217
1863570 218
1863580 218
1863590 218
1863600 219
1863610 220
1863620 220
1863630 220
1863640 221
1863650 221
1863660 221
1863670 221
1863680 221
1863690 221
1863700 221
1863710 221
1863720 221
1863730 221
1863740 221
1863750 221
1863760 221
1863770 221
1863780 221
1863790 221
1863800 221
1863810 220
1863820 220
1863830 220
1863840 220
1863850 220
1863860 220
1863870 219
1863880 219
1863890 219
1863900 219
1863910 219
1863920 218
1863930 218
1863940 218
1863950 218
1863960 217
1863970 217
1863980 217
1863990 217
1864000 217
1864010 217
1864020 217
1864030 217
1864040 216
1864050 216
1864060 216
1864070 216
1864080 216
1864090 216
1864100 216
1864110 215
1864120 215
1864130 215
1864140 215
1864150 215
1864160 215
1864170 215
1864180 215
1864190 214
1864200 214
1864210 214
1864220 214
1864230 214
1864240 214
1864250 214
1864260 214
1864270 214
1864280 213
1864290 213
1864300 213
1864310 213
1864320 213
1864330 213
1864340 213
1864350 213
1864360 213
1864370 213
1864380 212
1864390 212
1864400 212
1864410 212
1864420 212
1864430 212
1864440 212
1864450 212
1864460 212
1864470 211
1864480 211
1864490 211
1864500 211
1864510 211
1864520 211
1864530 211
1864540 211
1864550 211
1864560 210
1864570 210
1864580 210
1864590 210
1864600 210
1864610 210
1864620 209
1864630 209
1864640 209
1864650 210
1864660 210
1864670 210
1864680 210
1864690 208
1864700 208
1864710 208
1864720 208
1864730 208
1864740 208
1864750 207
1864760 207
1864770 207
1864780 207
1864790 207
1864800 207
1864810 207
1864820 207
1864830 207
1864840 207
1864850 207
1864860 207
1864870 207
1864880 207
1864890 207
1864900 207
1864910 206
1864920 206
1864930 206
1864940 206
1864950 206
1864960 206
1864970 206
1864980 206
1864990 206
1865000 206
1865010 206
1865020 206
1865030 207
1865040 207
1865050 207
1865060 207
1865070 207
1865080 207
1865090 207
1865100 208
1865110 208
1865120 208
1865130 208
1865140 208
1865150 208
1865160 208
1865170 207
1865180 207
1865190 207
1865200 207
1865210 207
1865220 207
1865230 207
1865240 206
1865250 206
1865260 206
1865270 205
1865280 205
1865290 205
1865300 204
1865310 204
1865320 204
1865330 204
1865340 204
1865350 203
1865360 203
1865370 203
1865380 203
1865390 203
1865400 203
1865410 204
1865420 204
1865430 204
1865440 205
1865450 205
1865460 205
1865470 206
1865480 206
1865490 206
1865500 206
1865510 206
1865520 206
1865530 206
1865540 206
1865550 206
1865560 206
1865570 206
1865580 206
1865590 206
1865600 206
1865610 206
1865620 205
1865630 205
1865640 205
1865650 205
1865660 205
1865670 206
1865680 206
1865690 206
1865700 206
1865710 206
1865720 206
1865730 206
1865740 206
1865750 206
1865760 206
1865770 207
1865780 207
1865790 207
1865800 207
1865810 207
1865820 207
1865830 207
1865840 207
1865850 206
1865860 206
1865870 206
1865880 205
1865890 205
1865900 205
1865910 204
1865920 205
1865930 205
1865940 205
1865950 205
1865960 205
1865970 206
1865980 206
1865990 206
1866000 207
1866010 207
1866020 207
1866030 207
1866040 207
1866050 207
1866060 207
1866070 207
1866080 207
1866090 208
1866100 208
1866110 208
1866120 208
1866130 208
1866140 208
1866150 208
1866160 208
1866170 208
1866180 208
1866190 208
1866200 208
1866210 208
1866220 208
1866230 208
1866240 208
1866250 208
1866260 208
1866270 208
1866280 208
1866290 208
1866300 208
1866310 208
1866320 208
1866330 208
1866340 208
1866350 208
1866360 208
1866370 208
1866380 208
1866390 208
1866400 208
1866410 208
1866420 208
1866430 208
1866440 208
1866450 208
1866460 208
1866470 208
1866480 208
1866490 208
1866500 208
1866510 208
1866520 208
1866530 208
1866540 208
1866550 208
1866560 207
1866570 207
1866580 207
1866590 207
1866600 207
1866610 207
1866620 207
1866630 207
1866640 207
1866650 207
1866660 206
1866670 206
1866680 206
1866690 206
1866700 206
1866710 206
1866720 206
1866730 206
1866740 206
1866750 206
1866760 206
1866770 205
1866780 205
1866790 205
1866800 205
1866810 205
1866820 205
1866830 205
1866840 204
1866850 204
1866860 204
1866870 204
1866880 204
1866890 203
1866900 203
1866910 203
1866920 203
1866930 203
1866940 203
1866950 203
1866960 203
1866970 203
1866980 203
1866990 203
1867000 203
1867010 203
1867020 203
1867030 203
1867040 203
1867050 203
1867060 203
1867070 204
1867080 204
1867090 204
1867100 205
1867110 205
1867120 205
1867130 206
1867140 206
1867150 206
1867160 206
1867170 206
1867180 206
1867190 206
1867200 206
1867210 206
1867220 207
1867230 207
1867240 207
1867250 207
1867260 207
1867270 207
1867280 207
1867290 207
1867300 207
1867310 207
1867320 207
1867330 207
1867340 207
1867350 207
1867360 207
1867370 207
1867380 207
1867390 207
1867400 207
1867410 207
1867420 207
1867430 207
1867440 207
1867450 207
1867460 207
1867470 207
1867480 207
1867490 207
1867500 207
1867510 207
1867520 207
1867530 207
1867540 207
1867550 207
1867560 207
1867570 207
1867580 207
1867590 207
1867600 207
1867610 207
1867620 207
1867630 206
1867640 206
1867650 206
1867660 206
1867670 206
1867680 206
1867690 206
1867700 205
1867710 205
1867720 205
1867730 205
1867740 205
1867750 204
1867760 204
1867770 204
1867780 203
1867790 203
1867800 203
1867810 202
1867820 202
1867830 202
1867840 202
1867850 201
1867860 201
1867870 201
1867880 201
1867890 201
1867900 201
1867910 201
1867920 201
1867930 201
1867940 201
1867950 201
1867960 201
1867970 201
1867980 201
1867990 201
1868000 202
1868010 202
1868020 202
1868030 202
1868040 202
1868050 202
1868060 202
1868070 202
1868080 202
1868090 202
1868100 202
1868110 202
1868120 202
1868130 202
1868140 202
1868150 202
1868160 202
1868170 202
1868180 202
1868190 202
1868200 202
1868210 202
1868220 203
1868230 203
1868240 203
1868250 203
1868260 203
1868270 203
1868280 203
1868290 203
1868300 203
1868310 203
1868320 203
1868330 203
1868340 203
1868350 203
1868360 203
1868370 203
1868380 203
1868390 203
1868400 203
1868410 203
1868420 203
1868430 203
1868440 202
1868450 202
1868460 202
1868470 202
1868480 202
1868490 201
1868500 200
1868510 200
1868520 199
1868530 198
1868540 198
1868550 197
1868560 195
1868570 195
1868580 193
1868590 192
1868600 192
1868610 191
1868620 191
1868630 191
1868640 190
1868650 190
1868660 190
1868670 190
1868680 190
1868690 190
1868700 190
1868710 191
1868720 191
1868730 194
1868740 197
1868750 197
1868760 200
1868770 201
1868780 201
1868790 201
1868800 202
1868810 202
1868820 202
1868830 203
1868840 203
1868850 203
1868860 203
1868870 203
1868880 203
1868890 203
1868900 203
1868910 204
1868920 204
1868930 204
1868940 204
1868950 204
1868960 204
1868970 204
1868980 204
1868990 204
1869000 204
1869010 204
1869020 204
1869030 203
1869040 203
1869050 203
1869060 203
1869070 203
1869080 203
1869090 203
1869100 203
1869110 203
1869120 203
1869130 203
1869140 203
1869150 203
1869160 203
1869170 203
1869180 203
1869190 203
1869200 203
1869210 203
1869220 203
1869230 203
1869240 203
1869250 203
1869260 203
1869270 203
1869280 203
1869290 202
1869300 202
1869310 202
1869320 202
1869330 201
1869340 201
1869350 201
1869360 200
1869370 200
1869380 199
1869390 199
1869400 199
1869410 198
1869420 197
1869430 197
1869440 196
1869450 196
1869460 196
1869470 195
1869480 194
1869490 194
1869500 194
1869510 194
1869520 194
1869530 193
1869540 193
1869550 193
1869560 193
1869570 193
1869580 193
1869590 193
1869600 194
1869610 194
1869620 195
1869630 195
1869640 195
1869650 196
1869660 196
1869670 196
1869680 197
1869690 197
1869700 197
1869710 196
1869720 196
1869730 196
1869740 195
1869750 194
1869760 194
1869770 193
1869780 192
1869790 192
1869800 192
1869810 192
1869820 192
1869830 192
1869840 193
1869850 193
1869860 194
1869870 194
1869880 194
1869890 195
1869900 197
1869910 197
1869920 198
1869930 199
1869940 199
1869950 199
1869960 199
1869970 199
1869980 200
1869990 200
1870000 200
1870010 199
1870020 199
1870030 199
1870040 199
1870050 199
1870060 199
1870070 199
1870080 199
1870090 198
1870100 198
1870110 198
1870120 198
1870130 198
1870140 198
1870150 198
1870160 199
1870170 199
1870180 199
1870190 200
1870200 200
1870210 200
1870220 200
1870230 200
1870240 201
1870250 201
1870260 201
1870270 201
1870280 202
1870290 202
1870300 202
1870310 202
1870320 202
1870330 202
1870340 202
1870350 202
1870360 202
1870370 202
1870380 202
1870390 202
1870400 202
1870410 202
1870420 202
1870430 202
1870440 202
1870450 202
1870460 202
1870470 202
1870480 202
1870490 202
1870500 202
1870510 202
1870520 202
1870530 202
1870540 202
1870550 202
1870560 202
1870570 202
1870580 202
1870590 202
1870600 202
1870610 202
1870620 202
1870630 202
1870640 201
1870650 201
1870660 201
1870670 201
1870680 201
1870690 201
1870700 201
1870710 201
1870720 201
1870730 201
1870740 201
1870750 201
1870760 201
1870770 201
1870780 201
1870790 201
1870800 201
1870810 201
1870820 201
1870830 201
1870840 200
1870850 200
1870860 200
1870870 200
1870880 200
1870890 200
1870900 200
1870910 200
1870920 200
1870930 200
1870940 200
1870950 200
1870960 200
1870970 200
1870980 200
1870990 200
1871000 200
1871010 200
1871020 200
1871030 200
1871040 200
1871050 199
1871060 199
1871070 199
1871080 198
1871090 198
1871100 198
1871110 197
1871120 197
1871130 196
1871140 195
1871150 195
1871160 195
1871170 194
1871180 194
1871190 194
1871200 194
1871210 194
1871220 194
1871230 194
1871240 194
1871250 194
1871260 193
1871270 193
1871280 193
1871290 193
1871300 193
1871310 193
1871320 193
1871330 193
1871340 193
1871350 193
1871360 193
1871370 192
1871380 192
1871390 192
1871400 192
1871410 192
1871420 192
1871430 192
1871440 192
1871450 192
1871460 192
1871470 192
1871480 192
1871490 191
1871500 191
1871510 191
1871520 191
1871530 191
1871540 191
1871550 191
1871560 191
1871570 191
1871580 191
1871590 190
1871600 190
1871610 190
1871620 190
1871630 190
1871640 190
1871650 190
1871660 190
1871670 190
1871680 190
1871690 190
1871700 190
1871710 190
1871720 190
1871730 189
1871740 189
1871750 189
1871760 189
1871770 189
1871780 189
1871790 189
1871800 189
1871810 189
1871820 189
1871830 189
1871840 189
1871850 189
1871860 189
1871870 189
1871880 189
1871890 188
1871900 188
1871910 188
1871920 188
1871930 189
1871940 189
1871950 189
1871960 189
1871970 190
1871980 190
1871990 190
1872000 191
1872010 191
1872020 192
1872030 193
1872040 193
1872050 193
1872060 194
1872070 194
1872080 194
1872090 194
1872100 194
1872110 194
1872120 195
1872130 195
1872140 195
1872150 195
1872160 195
1872170 195
1872180 195
1872190 195
1872200 195
1872210 194
1872220 194
1872230 194
1872240 193
1872250 193
1872260 193
1872270 192
1872280 192
1872290 192
1872300 191
1872310 191
1872320 190
1872330 189
1872340 189
1872350 188
1872360 187
1872370 187
1872380 186
1872390 185
1872400 185
1872410 184
1872420 183
1872430 183
1872440 183
1872450 182
1872460 182
1872470 182
1872480 182
1872490 182
1872500 182
1872510 183
1872520 183
1872530 183
1872540 183
1872550 183
1872560 184
1872570 186
1872580 186
1872590 187
1872600 187
1872610 187
1872620 188
1872630 188
1872640 189
1872650 190
1872660 190
1872670 190
1872680 191
1872690 191
1872700 191
1872710 192
1872720 192
1872730 192
1872740 193
1872750 193
1872760 193
1872770 194
1872780 194
1872790 194
1872800 194
1872810 194
1872820 195
1872830 195
1872840 195
1872850 195
1872860 195
1872870 195
1872880 196
1872890 196
1872900 196
1872910 196
1872920 197
1872930 197
1872940 197
1872950 197
1872960 197
1872970 198
1872980 198
1872990 198
1873000 198
1873010 198
1873020 198
1873030 199
1873040 199
1873050 199
1873060 199
1873070 199
1873080 199
1873090 199
1873100 199
1873110 199
1873120 200
1873130 200
1873140 200
1873150 200
1873160 200
1873170 200
1873180 200
1873190 200
1873200 200
1873210 200
1873220 200
1873230 200
1873240 200
1873250 200
1873260 200
1873270 200
1873280 200
1873290 200
1873300 200
1873310 201
1873320 201
1873330 201
1873340 201
1873350 201
1873360 201
1873370 201
1873380 201
1873390 201
1873400 201
1873410 201
1873420 201
1873430 201
1873440 201
1873450 201
1873460 201
1873470 201
1873480 201
1873490 202
1873500 202
1873510 202
1873520 202
1873530 202
1873540 202
1873550 202
1873560 202
1873570 202
1873580 202
1873590 201
1873600 201
1873610 201
1873620 201
1873630 201
1873640 201
1873650 201
1873660 202
1873670 202
1873680 202
1873690 202
1873700 202
1873710 202
1873720 202
1873730 202
1873740 203
1873750 203
1873760 203
1873770 203
1873780 203
1873790 203
1873800 204
1873810 204
1873820 204
1873830 204
1873840 204
1873850 204
1873860 205
1873870 205
1873880 205
1873890 205
1873900 205
1873910 205
1873920 205
1873930 205
1873940 205
1873950 206
1873960 206
1873970 206
1873980 206
1873990 206
1874000 206
1874010 206
1874020 206
1874030 206
1874040 206
1874050 206
1874060 206
1874070 207
1874080 207
1874090 207
1874100 207
1874110 207
1874120 207
1874130 207
1874140 207
1874150 207
1874160 208
1874170 208
1874180 208
1874190 208
1874200 208
1874210 208
1874220 208
1874230 208
1874240 208
1874250 208
1874260 209
1874270 209
1874280 209
1874290 209
1874300 209
1874310 209
1874320 209
1874330 209
1874340 209
1874350 209
1874360 209
1874370 210
1874380 210
1874390 210
1874400 210
1874410 210
1874420 210
1874430 210
1874440 210
1874450 210
1874460 210
1874470 210
1874480 210
1874490 210
1874500 210
1874510 210
1874520 210
1874530 210
1874540 209
1874550 210
1874560 210
1874570 209
1874580 210
1874590 210
1874600 210
1874610 209
1874620 209
1874630 209
1874640 209
1874650 209
1874660 209
1874670 209
1874680 209
1874690 209
1874700 209
1874710 209
1874720 209
1874730 208
1874740 208
1874750 208
1874760 208
1874770 208
1874780 208
1874790 208
1874800 208
1874810 208
1874820 207
1874830 207
1874840 207
1874850 207
1874860 207
1874870 207
1874880 207
1874890 207
1874900 207
1874910 206
1874920 206
1874930 206
1874940 206
1874950 206
1874960 206
1874970 206
1874980 206
1874990 205
1875000 205
1875010 205
1875020 205
1875030 205
1875040 205
1875050 204
1875060 204
1875070 204
1875080 204
1875090 204
1875100 204
1875110 203
1875120 203
1875130 203
1875140 203
1875150 203
1875160 203
1875170 202
1875180 202
1875190 202
1875200 202
1875210 202
1875220 202
1875230 201
1875240 201
1875250 201
1875260 201
1875270 201
1875280 201
1875290 201
1875300 201
1875310 200
1875320 200
1875330 200
1875340 200
1875350 199
1875360 199
1875370 199
1875380 199
1875390 199
1875400 198
1875410 198
1875420 198
1875430 198
1875440 197
1875450 197
1875460 197
1875470 197
1875480 197
1875490 197
1875500 196
1875510 196
1875520 196
1875530 196
1875540 196
1875550 196
1875560 196
1875570 196
1875580 195
1875590 195
1875600 195
1875610 195
1875620 194
1875630 194
1875640 194
1875650 194
1875660 194
1875670 193
1875680 193
1875690 193
1875700 192
1875710 192
1875720 192
1875730 192
1875740 191
1875750 191
1875760 191
1875770 190
1875780 190
1875790 190
1875800 189
1875810 189
1875820 189
1875830 188
1875840 188
1875850 188
1875860 187
1875870 187
1875880 187
1875890 187
1875900 187
1875910 185
1875920 185
1875930 185
1875940 185
1875950 184
1875960 184
1875970 184
1875980 183
1875990 183
1876000 182
1876010 181
1876020 181
1876030 180
1876040 179
1876050 179
1876060 178
1876070 177
1876080 177
1876090 176
1876100 176
1876110 176
1876120 175
1876130 174
1876140 174
1876150 173
1876160 173
1876170 173
1876180 173
1876190 173
1876200 173
1876210 173
1876220 173
1876230 174
1876240 175
1876250 175
1876260 176
1876270 177
1876280 177
1876290 179
1876300 180
1876310 180
1876320 182
1876330 183
1876340 183
1876350 184
1876360 186
1876370 186
1876380 186
1876390 186
1876400 186
1876410 186
1876420 186
1876430 186
1876440 186
1876450 186
1876460 186
1876470 187
1876480 187
1876490 187
1876500 187
1876510 188
1876520 188
1876530 188
1876540 188
1876550 188
1876560 188
1876570 188
1876580 188
1876590 187
1876600 187
1876610 187
1876620 187
1876630 187
1876640 187
1876650 187
1876660 187
1876670 187
1876680 187
1876690 187
1876700 187
1876710 186
1876720 186
1876730 186
1876740 185
1876750 184
1876760 184
1876770 183
1876780 181
1876790 181
1876800 180
1876810 178
1876820 178
1876830 177
1876840 175
1876850 175
1876860 174
1876870 173
1876880 173
1876890 172
1876900 172
1876910 172
1876920 171
1876930 172
1876940 172
1876950 172
1876960 175
1876970 175
1876980 176
1876990 179
1877000 179
1877010 181
1877020 181
1877030 185
1877040 188
1877050 188
1877060 190
1877070 191
1877080 191
1877090 191
1877100 191
1877110 191
1877120 190
1877130 190
1877140 190
1877150 189
1877160 188
1877170 188
1877180 188
1877190 188
1877200 188
1877210 187
1877220 188
1877230 188
1877240 188
1877250 188
1877260 188
1877270 188
1877280 189
1877290 189
1877300 189
1877310 189
1877320 189
1877330 190
1877340 190
1877350 190
1877360 191
1877370 191
1877380 191
1877390 191
1877400 192
1877410 192
1877420 192
1877430 192
1877440 192
1877450 193
1877460 193
1877470 193
1877480 193
1877490 194
1877500 194
1877510 194
1877520 194
1877530 194
1877540 194
1877550 195
1877560 195
1877570 195
1877580 195
1877590 195
1877600 195
1877610 196
1877620 196
1877630 196
1877640 196
1877650 196
1877660 195
1877670 195
1877680 195
1877690 194
1877700 194
1877710 194
1877720 194
1877730 194
1877740 194
1877750 194
1877760 194
1877770 194
1877780 194
1877790 194
1877800 194
1877810 195
1877820 195
1877830 195
1877840 195
1877850 196
1877860 196
1877870 196
1877880 197
1877890 197
1877900 197
1877910 198
1877920 198
1877930 199
1877940 199
1877950 199
1877960 200
1877970 200
1877980 200
1877990 201
1878000 201
1878010 201
1878020 202
1878030 202
1878040 202
1878050 203
1878060 203
1878070 203
1878080 203
1878090 203
1878100 204
1878110 204
1878120 204
1878130 204
1878140 205
1878150 205
1878160 205
1878170 206
1878180 206
1878190 206
1878200 206
1878210 206
1878220 207
1878230 207
1878240 207
1878250 207
1878260 208
1878270 208
1878280 208
1878290 208
1878300 208
1878310 208
1878320 208
1878330 208
1878340 208
1878350 209
1878360 209
1878370 209
1878380 209
1878390 209
1878400 209
1878410 209
1878420 209
1878430 209
1878440 208
1878450 208
1878460 208
1878470 208
1878480 208
1878490 208
1878500 208
1878510 208
1878520 208
1878530 208
1878540 208
1878550 208
1878560 208
1878570 208
1878580 208
1878590 208
1878600 208
1878610 208
1878620 208
1878630 208
1878640 208
1878650 208
1878660 208
1878670 208
1878680 208
1878690 208
1878700 209
1878710 209
1878720 209
1878730 208
1878740 208
1878750 208
1878760 208
1878770 208
1878780 208
1878790 208
1878800 208
1878810 208
1878820 208
1878830 208
1878840 208
1878850 207
1878860 207
1878870 207
1878880 207
1878890 207
1878900 207
1878910 207
1878920 207
1878930 207
1878940 207
1878950 207
1878960 207
1878970 207
1878980 207
1878990 207
1879000 206
1879010 206
1879020 206
1879030 206
1879040 206
1879050 206
1879060 206
1879070 206
1879080 205
1879090 205
1879100 205
1879110 205
1879120 205
1879130 205
1879140 204
1879150 204
1879160 204
1879170 202
1879180 202
1879190 202
1879200 201
1879210 200
1879220 200
1879230 199
1879240 198
1879250 198
1879260 197
1879270 196
1879280 196
1879290 195
1879300 194
1879310 194
1879320 193
1879330 192
1879340 192
1879350 191
1879360 190
1879370 190
1879380 188
1879390 187
1879400 187
1879410 185
1879420 184
1879430 184
1879440 182
1879450 181
1879460 181
1879470 180
1879480 179
1879490 179
1879500 176
1879510 174
1879520 174
1879530 172
1879540 171
1879550 171
1879560 171
1879570 170
1879580 170
1879590 170
1879600 169
1879610 169
1879620 169
1879630 168
1879640 168
1879650 168
1879660 168
1879670 167
1879680 167
1879690 167
1879700 166
1879710 166
1879720 166
1879730 166
1879740 165
1879750 165
1879760 165
1879770 164
1879780 164
1879790 164
1879800 163
1879810 163
1879820 163
1879830 162
1879840 162
1879850 161
1879860 160
1879870 160
1879880 159
1879890 159
1879900 159
1879910 158
1879920 156
1879930 156
1879940 156
1879950 157
1879960 157
1879970 155
1879980 155
1879990 155
