1860000 220
1860010 220
1860020 220
1860030 220
1860040 220
1860050 220
1860060 220
1860070 220
1860080 220
1860090 220
1860100 221
1860110 221
1860120 221
1860130 221
1860140 221
1860150 221
1860160 221
1860170 221
1860180 221
1860190 221
1860200 221
1860210 221
1860220 220
1860230 220
1860240 220
1860250 220
1860260 220
1860270 221
1860280 221
1860290 221
1860300 221
1860310 221
1860320 221
1860330 221
1860340 221
1860350 221
1860360 221
1860370 221
1860380 221
1860390 221
1860400 221
1860410 221
1860420 221
1860430 221
1860440 221
1860450 221
1860460 222
1860470 222
1860480 222
1860490 222
1860500 222
1860510 222
1860520 222
1860530 222
1860540 222
1860550 222
1860560 222
1860570 222
1860580 223
1860590 223
1860600 223
1860610 224
1860620 224
1860630 225
1860640 226
1860650 226
1860660 227
1860670 228
1860680 228
1860690 230
1860700 231
1860710 231
1860720 232
1860730 233
1860740 233
1860750 234
1860760 235
1860770 235
1860780 236
1860790 236
1860800 236
1860810 237
1860820 237
1860830 237
1860840 236
1860850 235
1860860 235
1860870 233
1860880 232
1860890 232
1860900 230
1860910 229
1860920 229
1860930 227
1860940 226
1860950 226
1860960 224
1860970 224
1860980 223
1860990 222
1861000 222
1861010 221
1861020 221
1861030 221
1861040 221
1861050 222
1861060 222
1861070 222
1861080 223
1861090 223
1861100 224
1861110 227
1861120 227
1861130 229
1861140 231
1861150 232
1861160 234
1861170 235
1861180 235
1861190 237
1861200 238
1861210 238
1861220 239
1861230 241
1861240 241
1861250 243
1861260 245
1861270 245
1861280 246
1861290 247
1861300 247
1861310 248
1861320 249
1861330 249
1861340 250
1861350 251
1861360 251
1861370 251
1861380 252
1861390 252
1861400 252
1861410 252
1861420 252
1861430 252
1861440 252
1861450 252
1861460 252
1861470 252
1861480 252
1861490 252
1861500 252
1861510 252
1861520 252
1861530 251
1861540 251
1861550 251
1861560 251
1861570 251
1861580 251
1861590 250
1861600 250
1861610 250
1861620 250
1861630 250
1861640 250
1861650 249
1861660 249
1861670 249
1861680 249
1861690 249
1861700 248
1861710 248
1861720 248
1861730 248
1861740 248
1861750 248
1861760 247
1861770 247
1861780 247
1861790 247
1861800 246
1861810 246
1861820 246
1861830 246
1861840 246
1861850 245
1861860 245
1861870 245
1861880 245
1861890 245
1861900 244
1861910 244
1861920 244
1861930 244
1861940 243
1861950 243
1861960 243
1861970 242
1861980 242
1861990 242
1862000 242
1862010 242
1862020 242
1862030 241
1862040 241
1862050 241
1862060 240
1862070 240
1862080 240
1862090 240
1862100 240
1862110 240
1862120 240
1862130 240
1862140 240
1862150 240
1862160 240
1862170 240
1862180 240
1862190 240
1862200 240
1862210 240
1862220 240
1862230 239
1862240 239
1862250 239
1862260 239
1862270 239
1862280 239
1862290 239
1862300 238
1862310 238
1862320 238
1862330 238
1862340 238
1862350 238
1862360 237
1862370 237
1862380 237
1862390 237
1862400 237
1862410 237
1862420 237
1862430 237
1862440 236
1862450 236
1862460 236
1862470 236
1862480 236
1862490 236
1862500 236
1862510 235
1862520 235
1862530 235
1862540 234
1862550 234
1862560 234
1862570 233
1862580 233
1862590 233
1862600 232
1862610 232
1862620 232
1862630 231
1862640 231
1862650 231
1862660 230
1862670 230
1862680 230
1862690 229
1862700 229
1862710 228
1862720 228
1862730 228
1862740 227
1862750 227
1862760 226
1862770 226
1862780 226
1862790 225
1862800 224
1862810 224
1862820 224
1862830 223
1862840 223
1862850 223
1862860 222
1862870 222
1862880 221
1862890 221
1862900 221
1862910 221
1862920 221
1862930 221
1862940 221
1862950 221
1862960 221
1862970 222
1862980 222
1862990 222
1863000 222
1863010 222
1863020 222
1863030 222
1863040 222
1863050 222
1863060 222
1863070 221
1863080 221
1863090 221
1863100 221
1863110 221
1863120 221
1863130 220
1863140 220
1863150 221
1863160 221
1863170 221
1863180 221
1863190 222
1863200 222
1863210 222
1863220 223
1863230 224
1863240 224
1863250 225
1863260 225
1863270 225
1863280 226
1863290 226
1863300 226
1863310 226
1863320 226
1863330 227
1863340 227
1863350 227
1863360 227
1863370 226
1863380 226
1863390 226
1863400 226
1863410 226
1863420 226
1863430 226
1863440 226
1863450 225
1863460 225
1863470 225
1863480 225
1863490 225
1863500 225
1863510 224
1863520 224
1863530 224
1863540 224
1863550 223
1863560 223
1863570 223
1863580 223
1863590 223
1863600 223
1863610 223
1863620 222
1863630 222
1863640 222
1863650 222
1863660 222
1863670 222
1863680 221
1863690 221
1863700 221
1863710 221
1863720 220
1863730 220
1863740 220
1863750 220
1863760 220
1863770 219
1863780 219
1863790 219
1863800 219
1863810 219
1863820 219
1863830 219
1863840 219
1863850 219
1863860 218
1863870 218
1863880 218
1863890 218
1863900 218
1863910 218
1863920 218
1863930 217
1863940 217
1863950 217
1863960 217
1863970 217
1863980 217
1863990 217
1864000 217
1864010 216
1864020 216
1864030 216
1864040 216
1864050 216
1864060 216
1864070 215
1864080 215
1864090 215
1864100 215
1864110 215
1864120 215
1864130 215
1864140 214
1864150 214
1864160 214
1864170 214
1864180 214
1864190 213
1864200 213
1864210 213
1864220 213
1864230 213
1864240 213
1864250 213
1864260 214
1864270 214
1864280 214
1864290 214
1864300 214
1864310 214
1864320 213
1864330 213
1864340 213
1864350 213
1864360 213
1864370 213
1864380 213
1864390 213
1864400 213
1864410 213
1864420 213
1864430 213
1864440 213
1864450 213
1864460 213
1864470 213
1864480 213
1864490 213
1864500 213
1864510 213
1864520 212
1864530 212
1864540 212
1864550 212
1864560 212
1864570 212
1864580 212
1864590 212
1864600 212
1864610 212
1864620 212
1864630 211
1864640 211
1864650 211
1864660 211
1864670 211
1864680 211
1864690 211
1864700 211
1864710 211
1864720 211
1864730 211
1864740 211
1864750 210
1864760 210
1864770 210
1864780 210
1864790 210
1864800 210
1864810 210
1864820 210
1864830 210
1864840 210
1864850 209
1864860 209
1864870 209
1864880 209
1864890 209
1864900 209
1864910 210
1864920 210
1864930 209
1864940 209
1864950 209
1864960 209
1864970 209
1864980 209
1864990 209
1865000 208
1865010 208
1865020 208
1865030 208
1865040 208
1865050 208
1865060 208
1865070 208
1865080 208
1865090 208
1865100 208
1865110 208
1865120 209
1865130 209
1865140 209
1865150 208
1865160 208
1865170 208
1865180 208
1865190 208
1865200 208
1865210 208
1865220 208
1865230 208
1865240 208
1865250 208
1865260 208
1865270 208
1865280 208
1865290 208
1865300 208
1865310 208
1865320 207
1865330 207
1865340 207
1865350 207
1865360 207
1865370 207
1865380 207
1865390 207
1865400 207
1865410 207
1865420 207
1865430 207
1865440 207
1865450 207
1865460 207
1865470 207
1865480 207
1865490 207
1865500 207
1865510 207
1865520 207
1865530 207
1865540 207
1865550 207
1865560 207
1865570 207
1865580 207
1865590 207
1865600 207
1865610 207
1865620 207
1865630 207
1865640 207
1865650 207
1865660 207
1865670 207
1865680 207
1865690 207
1865700 207
1865710 207
1865720 207
1865730 207
1865740 207
1865750 207
1865760 207
1865770 207
1865780 207
1865790 207
1865800 207
1865810 207
1865820 207
1865830 207
1865840 207
1865850 207
1865860 207
1865870 207
1865880 207
1865890 207
1865900 207
1865910 207
1865920 207
1865930 207
1865940 208
1865950 208
1865960 208
1865970 208
1865980 208
1865990 208
1866000 208
1866010 209
1866020 209
1866030 209
1866040 209
1866050 209
1866060 209
1866070 209
1866080 209
1866090 209
1866100 209
1866110 209
1866120 209
1866130 209
1866140 209
1866150 209
1866160 209
1866170 209
1866180 209
1866190 209
1866200 209
1866210 209
1866220 209
1866230 209
1866240 208
1866250 208
1866260 208
1866270 208
1866280 208
1866290 208
1866300 208
1866310 208
1866320 208
1866330 208
1866340 208
1866350 208
1866360 208
1866370 208
1866380 208
1866390 208
1866400 208
1866410 208
1866420 208
1866430 208
1866440 208
1866450 208
1866460 208
1866470 208
1866480 208
1866490 208
1866500 208
1866510 208
1866520 208
1866530 208
1866540 208
1866550 208
1866560 208
1866570 208
1866580 208
1866590 208
1866600 208
1866610 208
1866620 208
1866630 208
1866640 208
1866650 208
1866660 208
1866670 208
1866680 208
1866690 208
1866700 208
1866710 208
1866720 208
1866730 208
1866740 208
1866750 208
1866760 208
1866770 208
1866780 208
1866790 208
1866800 208
1866810 208
1866820 208
1866830 208
1866840 208
1866850 208
1866860 208
1866870 207
1866880 207
1866890 207
1866900 207
1866910 207
1866920 207
1866930 207
1866940 207
1866950 207
1866960 207
1866970 207
1866980 207
1866990 207
1867000 207
1867010 207
1867020 207
1867030 207
1867040 207
1867050 207
1867060 207
1867070 207
1867080 207
1867090 207
1867100 206
1867110 206
1867120 206
1867130 206
1867140 206
1867150 206
1867160 206
1867170 206
1867180 206
1867190 206
1867200 206
1867210 205
1867220 205
1867230 205
1867240 205
1867250 205
1867260 205
1867270 204
1867280 204
1867290 204
1867300 204
1867310 204
1867320 204
1867330 203
1867340 203
1867350 203
1867360 202
1867370 202
1867380 202
1867390 201
1867400 200
1867410 200
1867420 199
1867430 198
1867440 198
1867450 197
1867460 197
1867470 197
1867480 197
1867490 197
1867500 197
1867510 198
1867520 199
1867530 199
1867540 200
1867550 200
1867560 200
1867570 201
1867580 201
1867590 201
1867600 201
1867610 202
1867620 202
1867630 202
1867640 202
1867650 202
1867660 202
1867670 202
1867680 202
1867690 202
1867700 202
1867710 202
1867720 202
1867730 201
1867740 201
1867750 201
1867760 201
1867770 201
1867780 200
1867790 200
1867800 200
1867810 200
1867820 200
1867830 200
1867840 200
1867850 200
1867860 200
1867870 200
1867880 199
1867890 199
1867900 199
1867910 199
1867920 199
1867930 199
1867940 199
1867950 199
1867960 199
1867970 198
1867980 198
1867990 198
1868000 198
1868010 197
1868020 196
1868030 196
1868040 195
1868050 194
1868060 194
1868070 194
1868080 193
1868090 193
1868100 193
1868110 193
1868120 193
1868130 195
1868140 196
1868150 196
1868160 197
1868170 198
1868180 198
1868190 199
1868200 199
1868210 199
1868220 199
1868230 199
1868240 199
1868250 199
1868260 198
1868270 198
1868280 197
1868290 196
1868300 196
1868310 195
1868320 194
1868330 194
1868340 193
1868350 191
1868360 191
1868370 190
1868380 189
1868390 189
1868400 188
1868410 188
1868420 188
1868430 187
1868440 187
1868450 187
1868460 187
1868470 187
1868480 187
1868490 187
1868500 187
1868510 187
1868520 187
1868530 187
1868540 187
1868550 188
1868560 188
1868570 188
1868580 190
1868590 192
1868600 192
1868610 195
1868620 198
1868630 198
1868640 198
1868650 199
1868660 199
1868670 199
1868680 200
1868690 200
1868700 201
1868710 202
1868720 202
1868730 202
1868740 202
1868750 202
1868760 202
1868770 203
1868780 203
1868790 203
1868800 203
1868810 203
1868820 203
1868830 203
1868840 203
1868850 203
1868860 203
1868870 203
1868880 203
1868890 203
1868900 202
1868910 202
1868920 202
1868930 202
1868940 202
1868950 202
1868960 202
1868970 202
1868980 202
1868990 201
1869000 201
1869010 201
1869020 201
1869030 200
1869040 200
1869050 200
1869060 200
1869070 200
1869080 199
1869090 199
1869100 199
1869110 198
1869120 198
1869130 198
1869140 198
1869150 198
1869160 198
1869170 197
1869180 197
1869190 197
1869200 196
1869210 196
1869220 196
1869230 195
1869240 194
1869250 194
1869260 193
1869270 193
1869280 193
1869290 192
1869300 191
1869310 191
1869320 191
1869330 191
1869340 191
1869350 191
1869360 191
1869370 191
1869380 191
1869390 191
1869400 191
1869410 191
1869420 191
1869430 191
1869440 191
1869450 190
1869460 190
1869470 189
1869480 189
1869490 189
1869500 188
1869510 188
1869520 188
1869530 188
1869540 189
1869550 189
1869560 189
1869570 190
1869580 190
1869590 191
1869600 192
1869610 192
1869620 192
1869630 193
1869640 193
1869650 194
1869660 195
1869670 195
1869680 196
1869690 197
1869700 197
1869710 198
1869720 198
1869730 198
1869740 199
1869750 199
1869760 199
1869770 200
1869780 200
1869790 200
1869800 200
1869810 200
1869820 200
1869830 200
1869840 200
1869850 200
1869860 200
1869870 200
1869880 200
1869890 200
1869900 200
1869910 199
1869920 199
1869930 199
1869940 198
1869950 198
1869960 198
1869970 197
1869980 196
1869990 196
1870000 195
1870010 194
1870020 194
1870030 193
1870040 191
1870050 191
1870060 190
1870070 189
1870080 189
1870090 188
1870100 188
1870110 188
1870120 189
1870130 190
1870140 190
1870150 191
1870160 192
1870170 192
1870180 193
1870190 195
1870200 195
1870210 196
1870220 197
1870230 197
1870240 198
1870250 199
1870260 199
1870270 199
1870280 199
1870290 199
1870300 200
1870310 200
1870320 200
1870330 200
1870340 200
1870350 200
1870360 200
1870370 200
1870380 200
1870390 199
1870400 199
1870410 199
1870420 199
1870430 198
1870440 198
1870450 198
1870460 199
1870470 199
1870480 199
1870490 199
1870500 199
1870510 199
1870520 200
1870530 200
1870540 200
1870550 200
1870560 200
1870570 200
1870580 200
1870590 200
1870600 200
1870610 200
1870620 200
1870630 200
1870640 200
1870650 201
1870660 201
1870670 201
1870680 201
1870690 201
1870700 201
1870710 201
1870720 201
1870730 201
1870740 201
1870750 201
1870760 201
1870770 201
1870780 201
1870790 201
1870800 201
1870810 201
1870820 201
1870830 201
1870840 201
1870850 201
1870860 201
1870870 201
1870880 201
1870890 201
1870900 201
1870910 201
1870920 201
1870930 201
1870940 201
1870950 201
1870960 201
1870970 201
1870980 200
1870990 200
1871000 200
1871010 200
1871020 200
1871030 200
1871040 200
1871050 201
1871060 201
1871070 201
1871080 201
1871090 201
1871100 200
1871110 200
1871120 200
1871130 200
1871140 200
1871150 200
1871160 200
1871170 200
1871180 200
1871190 200
1871200 200
1871210 200
1871220 200
1871230 200
1871240 200
1871250 200
1871260 200
1871270 200
1871280 200
1871290 200
1871300 200
1871310 199
1871320 199
1871330 199
1871340 199
1871350 199
1871360 199
1871370 199
1871380 199
1871390 199
1871400 199
1871410 199
1871420 199
1871430 198
1871440 198
1871450 198
1871460 198
1871470 198
1871480 198
1871490 198
1871500 198
1871510 198
1871520 197
1871530 197
1871540 197
1871550 197
1871560 197
1871570 197
1871580 197
1871590 197
1871600 196
1871610 196
1871620 196
1871630 196
1871640 195
1871650 195
1871660 195
1871670 195
1871680 195
1871690 195
1871700 194
1871710 194
1871720 194
1871730 193
1871740 193
1871750 193
1871760 192
1871770 192
1871780 193
1871790 192
1871800 192
1871810 192
1871820 192
1871830 192
1871840 192
1871850 192
1871860 192
1871870 192
1871880 192
1871890 192
1871900 192
1871910 191
1871920 191
1871930 191
1871940 191
1871950 191
1871960 190
1871970 190
1871980 190
1871990 189
1872000 188
1872010 188
1872020 188
1872030 187
1872040 187
1872050 186
1872060 186
1872070 186
1872080 186
1872090 186
1872100 186
1872110 185
1872120 185
1872130 185
1872140 185
1872150 184
1872160 184
1872170 184
1872180 184
1872190 184
1872200 183
1872210 183
1872220 183
1872230 183
1872240 183
1872250 183
1872260 183
1872270 183
1872280 183
1872290 182
1872300 182
1872310 182
1872320 181
1872330 181
1872340 181
1872350 181
1872360 181
1872370 181
1872380 181
1872390 181
1872400 180
1872410 180
1872420 180
1872430 180
1872440 181
1872450 181
1872460 181
1872470 182
1872480 182
1872490 184
1872500 186
1872510 186
1872520 186
1872530 187
1872540 187
1872550 188
1872560 189
1872570 189
1872580 190
1872590 191
1872600 191
1872610 192
1872620 193
1872630 193
1872640 194
1872650 194
1872660 194
1872670 195
1872680 195
1872690 195
1872700 196
1872710 196
1872720 196
1872730 197
1872740 197
1872750 198
1872760 198
1872770 198
1872780 198
1872790 198
1872800 198
1872810 198
1872820 199
1872830 199
1872840 199
1872850 199
1872860 199
1872870 199
1872880 199
1872890 199
1872900 199
1872910 199
1872920 199
1872930 199
1872940 199
1872950 199
1872960 199
1872970 199
1872980 199
1872990 199
1873000 199
1873010 199
1873020 199
1873030 199
1873040 199
1873050 199
1873060 199
1873070 199
1873080 199
1873090 199
1873100 199
1873110 199
1873120 199
1873130 199
1873140 199
1873150 199
1873160 199
1873170 199
1873180 199
1873190 198
1873200 198
1873210 198
1873220 198
1873230 198
1873240 198
1873250 198
1873260 198
1873270 198
1873280 198
1873290 198
1873300 197
1873310 197
1873320 197
1873330 197
1873340 197
1873350 196
1873360 195
1873370 195
1873380 195
1873390 194
1873400 194
1873410 194
1873420 193
1873430 193
1873440 193
1873450 193
1873460 193
1873470 193
1873480 194
1873490 194
1873500 194
1873510 195
1873520 195
1873530 196
1873540 197
1873550 197
1873560 197
1873570 198
1873580 198
1873590 199
1873600 199
1873610 199
1873620 200
1873630 200
1873640 200
1873650 201
1873660 201
1873670 201
1873680 202
1873690 202
1873700 202
1873710 202
1873720 203
1873730 203
1873740 203
1873750 203
1873760 203
1873770 204
1873780 204
1873790 204
1873800 204
1873810 204
1873820 204
1873830 205
1873840 205
1873850 205
1873860 205
1873870 205
1873880 205
1873890 205
1873900 205
1873910 205
1873920 206
1873930 206
1873940 206
1873950 206
1873960 206
1873970 206
1873980 206
1873990 207
1874000 207
1874010 207
1874020 207
1874030 207
1874040 207
1874050 207
1874060 207
1874070 207
1874080 208
1874090 208
1874100 208
1874110 208
1874120 208
1874130 208
1874140 208
1874150 209
1874160 209
1874170 209
1874180 209
1874190 209
1874200 209
1874210 210
1874220 210
1874230 210
1874240 210
1874250 210
1874260 210
1874270 210
1874280 210
1874290 210
1874300 211
1874310 211
1874320 211
1874330 211
1874340 211
1874350 211
1874360 211
1874370 211
1874380 211
1874390 211
1874400 211
1874410 211
1874420 211
1874430 211
1874440 211
1874450 211
1874460 211
1874470 211
1874480 211
1874490 211
1874500 211
1874510 211
1874520 211
1874530 211
1874540 211
1874550 210
1874560 210
1874570 210
1874580 210
1874590 210
1874600 210
1874610 210
1874620 210
1874630 210
1874640 210
1874650 210
1874660 210
1874670 210
1874680 210
1874690 209
1874700 209
1874710 209
1874720 209
1874730 209
1874740 209
1874750 208
1874760 208
1874770 208
1874780 208
1874790 208
1874800 208
1874810 207
1874820 207
1874830 207
1874840 207
1874850 207
1874860 207
1874870 206
1874880 206
1874890 206
1874900 206
1874910 206
1874920 206
1874930 205
1874940 205
1874950 205
1874960 205
1874970 205
1874980 205
1874990 204
1875000 204
1875010 204
1875020 204
1875030 204
1875040 203
1875050 203
1875060 203
1875070 202
1875080 202
1875090 202
1875100 202
1875110 201
1875120 201
1875130 201
1875140 201
1875150 201
1875160 200
1875170 200
1875180 200
1875190 199
1875200 199
1875210 199
1875220 199
1875230 198
1875240 198
1875250 198
1875260 198
1875270 198
1875280 197
1875290 197
1875300 197
1875310 197
1875320 197
1875330 197
1875340 196
1875350 196
1875360 196
1875370 196
1875380 195
1875390 195
1875400 195
1875410 195
1875420 195
1875430 195
1875440 194
1875450 194
1875460 194
1875470 194
1875480 194
1875490 193
1875500 193
1875510 193
1875520 192
1875530 192
1875540 192
1875550 191
1875560 189
1875570 189
1875580 188
1875590 186
1875600 186
1875610 184
1875620 183
1875630 183
1875640 181
1875650 180
1875660 180
1875670 181
1875680 181
1875690 181
1875700 183
1875710 185
1875720 185
1875730 189
1875740 190
1875750 190
1875760 191
1875770 192
1875780 192
1875790 192
1875800 193
1875810 193
1875820 193
1875830 194
1875840 194
1875850 194
1875860 194
1875870 194
1875880 194
1875890 194
1875900 195
1875910 195
1875920 195
1875930 195
1875940 195
1875950 195
1875960 194
1875970 194
1875980 194
1875990 193
1876000 192
1876010 192
1876020 191
1876030 191
1876040 191
1876050 190
1876060 189
1876070 189
1876080 189
1876090 191
1876100 191
1876110 191
1876120 192
1876130 192
1876140 192
1876150 193
1876160 193
1876170 193
1876180 193
1876190 193
1876200 193
1876210 193
1876220 193
1876230 192
1876240 192
1876250 192
1876260 192
1876270 192
1876280 192
1876290 192
1876300 192
1876310 192
1876320 192
1876330 191
1876340 191
1876350 191
1876360 191
1876370 191
1876380 191
1876390 191
1876400 191
1876410 191
1876420 191
1876430 191
1876440 191
1876450 191
1876460 191
1876470 190
1876480 190
1876490 190
1876500 190
1876510 189
1876520 189
1876530 188
1876540 187
1876550 187
1876560 186
1876570 186
1876580 186
1876590 185
1876600 184
1876610 184
1876620 184
1876630 185
1876640 185
1876650 185
1876660 186
1876670 186
1876680 186
1876690 187
1876700 187
1876710 187
1876720 188
1876730 188
1876740 189
1876750 189
1876760 190
1876770 190
1876780 190
1876790 190
1876800 189
1876810 189
1876820 189
1876830 188
1876840 188
1876850 188
1876860 187
1876870 187
1876880 186
1876890 185
1876900 185
1876910 184
1876920 183
1876930 183
1876940 182
1876950 181
1876960 181
1876970 180
1876980 179
1876990 179
1877000 178
1877010 177
1877020 177
1877030 177
1877040 178
1877050 178
1877060 179
1877070 181
1877080 181
1877090 182
1877100 185
1877110 185
1877120 187
1877130 188
1877140 188
1877150 188
1877160 189
1877170 189
1877180 189
1877190 189
1877200 189
1877210 190
1877220 190
1877230 190
1877240 190
1877250 190
1877260 190
1877270 191
1877280 191
1877290 191
1877300 192
1877310 192
1877320 192
1877330 192
1877340 193
1877350 193
1877360 193
1877370 193
1877380 193
1877390 193
1877400 193
1877410 193
1877420 191
1877430 191
1877440 191
1877450 190
1877460 190
1877470 190
1877480 189
1877490 189
1877500 189
1877510 189
1877520 189
1877530 189
1877540 190
1877550 190
1877560 190
1877570 191
1877580 191
1877590 191
1877600 192
1877610 192
1877620 192
1877630 193
1877640 193
1877650 194
1877660 194
1877670 194
1877680 195
1877690 196
1877700 196
1877710 196
1877720 197
1877730 197
1877740 197
1877750 197
1877760 197
1877770 198
1877780 198
1877790 198
1877800 198
1877810 199
1877820 199
1877830 199
1877840 199
1877850 199
1877860 199
1877870 200
1877880 200
1877890 200
1877900 200
1877910 200
1877920 201
1877930 201
1877940 201
1877950 201
1877960 202
1877970 202
1877980 202
1877990 203
1878000 203
1878010 203
1878020 203
1878030 203
1878040 204
1878050 204
1878060 204
1878070 204
1878080 204
1878090 204
1878100 204
1878110 205
1878120 205
1878130 205
1878140 205
1878150 205
1878160 205
1878170 205
1878180 205
1878190 205
1878200 205
1878210 205
1878220 205
1878230 205
1878240 205
1878250 205
1878260 205
1878270 205
1878280 205
1878290 205
1878300 205
1878310 205
1878320 205
1878330 205
1878340 205
1878350 205
1878360 205
1878370 205
1878380 205
1878390 205
1878400 205
1878410 205
1878420 205
1878430 205
1878440 205
1878450 205
1878460 205
1878470 205
1878480 205
1878490 205
1878500 205
1878510 205
1878520 205
1878530 205
1878540 205
1878550 205
1878560 205
1878570 205
1878580 204
1878590 204
1878600 204
1878610 204
1878620 204
1878630 205
1878640 204
1878650 204
1878660 204
1878670 204
1878680 204
1878690 204
1878700 204
1878710 204
1878720 204
1878730 204
1878740 204
1878750 204
1878760 204
1878770 204
1878780 203
1878790 203
1878800 203
1878810 203
1878820 203
1878830 203
1878840 203
1878850 203
1878860 203
1878870 203
1878880 203
1878890 203
1878900 203
1878910 203
1878920 203
1878930 203
1878940 204
1878950 204
1878960 204
1878970 204
1878980 204
1878990 204
1879000 205
1879010 205
1879020 205
1879030 205
1879040 205
1879050 205
1879060 205
1879070 205
1879080 205
1879090 205
1879100 205
1879110 205
1879120 205
1879130 205
1879140 205
1879150 205
1879160 205
1879170 204
1879180 204
1879190 204
1879200 204
1879210 203
1879220 203
1879230 202
1879240 201
1879250 201
1879260 201
1879270 200
1879280 200
1879290 199
1879300 198
1879310 198
1879320 196
1879330 195
1879340 195
1879350 193
1879360 193
1879370 192
1879380 191
1879390 191
1879400 190
1879410 188
1879420 188
1879430 187
1879440 185
1879450 185
1879460 183
1879470 182
1879480 182
1879490 180
1879500 179
1879510 179
1879520 179
1879530 179
1879540 179
1879550 178
1879560 175
1879570 175
1879580 174
1879590 173
1879600 173
1879610 172
1879620 171
1879630 171
1879640 170
1879650 169
1879660 169
1879670 168
1879680 168
1879690 168
1879700 167
1879710 167
1879720 167
1879730 166
1879740 165
1879750 165
1879760 164
1879770 164
1879780 164
1879790 163
1879800 162
1879810 162
1879820 162
1879830 161
1879840 161
1879850 161
1879860 160
1879870 160
1879880 160
1879890 158
1879900 158
1879910 158
1879920 158
1879930 158
1879940 157
1879950 156
1879960 156
1879970 156
1879980 156
1879990 156
