1860000 249
1860010 249
1860020 249
1860030 249
1860040 249
1860050 249
1860060 249
1860070 249
1860080 250
1860090 250
1860100 249
1860110 249
1860120 249
1860130 249
1860140 249
1860150 249
1860160 248
1860170 248
1860180 248
1860190 247
1860200 247
1860210 246
1860220 245
1860230 245
1860240 244
1860250 244
1860260 244
1860270 244
1860280 244
1860290 244
1860300 245
1860310 245
1860320 245
1860330 246
1860340 247
1860350 247
1860360 247
1860370 248
1860380 248
1860390 248
1860400 248
1860410 248
1860420 249
1860430 250
1860440 250
1860450 250
1860460 250
1860470 250
1860480 250
1860490 250
1860500 250
1860510 250
1860520 250
1860530 250
1860540 249
1860550 249
1860560 249
1860570 248
1860580 248
1860590 247
1860600 246
1860610 246
1860620 245
1860630 244
1860640 244
1860650 243
1860660 242
1860670 242
1860680 241
1860690 240
1860700 240
1860710 239
1860720 238
1860730 238
1860740 236
1860750 235
1860760 235
1860770 233
1860780 232
1860790 232
1860800 231
1860810 231
1860820 231
1860830 230
1860840 230
1860850 230
1860860 230
1860870 230
1860880 230
1860890 230
1860900 230
1860910 230
1860920 231
1860930 231
1860940 231
1860950 232
1860960 234
1860970 234
1860980 236
1860990 238
1861000 238
1861010 239
1861020 240
1861030 240
1861040 243
1861050 246
1861060 246
1861070 249
1861080 250
1861090 250
1861100 252
1861110 253
1861120 254
1861130 254
1861140 255
1861150 255
1861160 256
1861170 256
1861180 256
1861190 257
1861200 257
1861210 257
1861220 257
1861230 258
1861240 258
1861250 258
1861260 258
1861270 258
1861280 258
1861290 257
1861300 257
1861310 257
1861320 257
1861330 257
1861340 257
1861350 257
1861360 257
1861370 256
1861380 256
1861390 256
1861400 256
1861410 256
1861420 255
1861430 255
1861440 255
1861450 254
1861460 254
1861470 254
1861480 253
1861490 252
1861500 252
1861510 251
1861520 250
1861530 250
1861540 250
1861550 249
1861560 249
1861570 248
1861580 247
1861590 247
1861600 247
1861610 246
1861620 246
1861630 246
1861640 245
1861650 245
1861660 245
1861670 245
1861680 245
1861690 244
1861700 244
1861710 244
1861720 243
1861730 243
1861740 243
1861750 243
1861760 242
1861770 242
1861780 242
1861790 241
1861800 241
1861810 241
1861820 241
1861830 241
1861840 240
1861850 240
1861860 240
1861870 240
1861880 239
1861890 239
1861900 239
1861910 238
1861920 238
1861930 238
1861940 237
1861950 237
1861960 237
1861970 237
1861980 237
1861990 236
1862000 236
1862010 236
1862020 236
1862030 236
1862040 236
1862050 235
1862060 235
1862070 235
1862080 235
1862090 235
1862100 235
1862110 235
1862120 235
1862130 235
1862140 235
1862150 236
1862160 237
1862170 237
1862180 238
1862190 238
1862200 238
1862210 238
1862220 238
1862230 238
1862240 238
1862250 238
1862260 238
1862270 238
1862280 238
1862290 238
1862300 238
1862310 238
1862320 239
1862330 239
1862340 239
1862350 240
1862360 240
1862370 240
1862380 240
1862390 240
1862400 240
1862410 240
1862420 240
1862430 240
1862440 240
1862450 240
1862460 240
1862470 240
1862480 240
1862490 240
1862500 240
1862510 240
1862520 240
1862530 239
1862540 239
1862550 239
1862560 238
1862570 238
1862580 238
1862590 237
1862600 237
1862610 237
1862620 236
1862630 236
1862640 235
1862650 235
1862660 235
1862670 234
1862680 233
1862690 233
1862700 233
1862710 232
1862720 232
1862730 232
1862740 232
1862750 232
1862760 232
1862770 232
1862780 232
1862790 231
1862800 231
1862810 231
1862820 231
1862830 231
1862840 231
1862850 231
1862860 231
1862870 231
1862880 231
1862890 232
1862900 232
1862910 232
1862920 232
1862930 232
1862940 232
1862950 233
1862960 233
1862970 233
1862980 233
1862990 233
1863000 233
1863010 233
1863020 233
1863030 234
1863040 234
1863050 234
1863060 234
1863070 234
1863080 234
1863090 234
1863100 234
1863110 234
1863120 234
1863130 234
1863140 234
1863150 233
1863160 233
1863170 233
1863180 233
1863190 233
1863200 233
1863210 233
1863220 233
1863230 232
1863240 232
1863250 232
1863260 232
1863270 231
1863280 231
1863290 231
1863300 231
1863310 231
1863320 230
1863330 230
1863340 230
1863350 230
1863360 229
1863370 229
1863380 229
1863390 229
1863400 229
1863410 228
1863420 228
1863430 228
1863440 228
1863450 227
1863460 227
1863470 227
1863480 227
1863490 227
1863500 226
1863510 226
1863520 226
1863530 226
1863540 225
1863550 225
1863560 225
1863570 225
1863580 225
1863590 225
1863600 224
1863610 224
1863620 224
1863630 224
1863640 224
1863650 224
1863660 223
1863670 223
1863680 223
1863690 223
1863700 223
1863710 223
1863720 223
1863730 223
1863740 222
1863750 222
1863760 222
1863770 222
1863780 222
1863790 222
1863800 222
1863810 221
1863820 221
1863830 221
1863840 221
1863850 221
1863860 221
1863870 221
1863880 221
1863890 220
1863900 220
1863910 220
1863920 220
1863930 220
1863940 220
1863950 220
1863960 220
1863970 220
1863980 219
1863990 219
1864000 219
1864010 219
1864020 219
1864030 219
1864040 219
1864050 219
1864060 218
1864070 218
1864080 218
1864090 218
1864100 218
1864110 218
1864120 218
1864130 218
1864140 218
1864150 217
1864160 217
1864170 217
1864180 217
1864190 217
1864200 217
1864210 217
1864220 216
1864230 216
1864240 216
1864250 216
1864260 216
1864270 216
1864280 216
1864290 216
1864300 215
1864310 215
1864320 215
1864330 215
1864340 215
1864350 215
1864360 215
1864370 214
1864380 214
1864390 214
1864400 214
1864410 214
1864420 214
1864430 214
1864440 214
1864450 214
1864460 214
1864470 214
1864480 213
1864490 213
1864500 213
1864510 213
1864520 213
1864530 213
1864540 213
1864550 213
1864560 213
1864570 213
1864580 213
1864590 213
1864600 213
1864610 212
1864620 212
1864630 212
1864640 212
1864650 212
1864660 212
1864670 212
1864680 212
1864690 212
1864700 212
1864710 212
1864720 212
1864730 212
1864740 212
1864750 212
1864760 212
1864770 212
1864780 212
1864790 212
1864800 212
1864810 212
1864820 211
1864830 211
1864840 211
1864850 211
1864860 211
1864870 211
1864880 211
1864890 211
1864900 212
1864910 212
1864920 212
1864930 212
1864940 212
1864950 211
1864960 211
1864970 211
1864980 211
1864990 211
1865000 211
1865010 211
1865020 211
1865030 211
1865040 211
1865050 211
1865060 211
1865070 211
1865080 211
1865090 211
1865100 210
1865110 210
1865120 210
1865130 210
1865140 210
1865150 210
1865160 210
1865170 210
1865180 210
1865190 210
1865200 210
1865210 210
1865220 210
1865230 209
1865240 209
1865250 209
1865260 209
1865270 209
1865280 209
1865290 209
1865300 209
1865310 209
1865320 209
1865330 209
1865340 209
1865350 209
1865360 209
1865370 209
1865380 209
1865390 209
1865400 209
1865410 208
1865420 208
1865430 209
1865440 209
1865450 209
1865460 209
1865470 209
1865480 209
1865490 208
1865500 208
1865510 208
1865520 208
1865530 208
1865540 208
1865550 208
1865560 208
1865570 208
1865580 208
1865590 208
1865600 208
1865610 208
1865620 208
1865630 208
1865640 208
1865650 208
1865660 208
1865670 208
1865680 208
1865690 208
1865700 208
1865710 208
1865720 208
1865730 208
1865740 208
1865750 208
1865760 208
1865770 208
1865780 208
1865790 208
1865800 208
1865810 208
1865820 208
1865830 208
1865840 208
1865850 208
1865860 208
1865870 208
1865880 208
1865890 208
1865900 208
1865910 208
1865920 208
1865930 208
1865940 208
1865950 208
1865960 208
1865970 208
1865980 208
1865990 208
1866000 208
1866010 208
1866020 207
1866030 207
1866040 207
1866050 206
1866060 205
1866070 205
1866080 203
1866090 202
1866100 202
1866110 201
1866120 200
1866130 200
1866140 200
1866150 200
1866160 200
1866170 201
1866180 202
1866190 202
1866200 203
1866210 204
1866220 204
1866230 205
1866240 207
1866250 207
1866260 207
1866270 207
1866280 207
1866290 207
1866300 207
1866310 207
1866320 207
1866330 207
1866340 207
1866350 207
1866360 207
1866370 207
1866380 207
1866390 207
1866400 207
1866410 207
1866420 207
1866430 207
1866440 207
1866450 207
1866460 207
1866470 207
1866480 207
1866490 207
1866500 207
1866510 204
1866520 204
1866530 201
1866540 201
1866550 201
1866560 202
1866570 202
1866580 202
1866590 202
1866600 202
1866610 205
1866620 206
1866630 206
1866640 206
1866650 206
1866660 206
1866670 206
1866680 206
1866690 206
1866700 206
1866710 206
1866720 206
1866730 206
1866740 206
1866750 206
1866760 205
1866770 205
1866780 205
1866790 206
1866800 206
1866810 206
1866820 206
1866830 206
1866840 206
1866850 206
1866860 205
1866870 205
1866880 205
1866890 205
1866900 205
1866910 205
1866920 205
1866930 205
1866940 205
1866950 205
1866960 205
1866970 205
1866980 205
1866990 205
1867000 205
1867010 205
1867020 205
1867030 204
1867040 204
1867050 204
1867060 204
1867070 204
1867080 204
1867090 204
1867100 204
1867110 204
1867120 204
1867130 204
1867140 204
1867150 203
1867160 203
1867170 203
1867180 203
1867190 203
1867200 203
1867210 203
1867220 202
1867230 202
1867240 202
1867250 202
1867260 202
1867270 202
1867280 202
1867290 202
1867300 202
1867310 202
1867320 202
1867330 202
1867340 202
1867350 202
1867360 202
1867370 202
1867380 202
1867390 202
1867400 202
1867410 202
1867420 202
1867430 202
1867440 202
1867450 202
1867460 202
1867470 202
1867480 201
1867490 201
1867500 201
1867510 201
1867520 201
1867530 201
1867540 201
1867550 201
1867560 201
1867570 200
1867580 200
1867590 200
1867600 199
1867610 199
1867620 199
1867630 198
1867640 197
1867650 196
1867660 195
1867670 195
1867680 194
1867690 192
1867700 192
1867710 191
1867720 190
1867730 190
1867740 190
1867750 190
1867760 190
1867770 190
1867780 191
1867790 191
1867800 192
1867810 193
1867820 193
1867830 195
1867840 196
1867850 196
1867860 197
1867870 197
1867880 197
1867890 197
1867900 197
1867910 197
1867920 197
1867930 196
1867940 196
1867950 196
1867960 195
1867970 195
1867980 193
1867990 192
1868000 192
1868010 192
1868020 191
1868030 191
1868040 190
1868050 189
1868060 189
1868070 189
1868080 188
1868090 188
1868100 188
1868110 188
1868120 188
1868130 188
1868140 188
1868150 188
1868160 187
1868170 188
1868180 188
1868190 188
1868200 189
1868210 189
1868220 189
1868230 189
1868240 189
1868250 188
1868260 187
1868270 187
1868280 186
1868290 185
1868300 185
1868310 184
1868320 184
1868330 184
1868340 184
1868350 184
1868360 184
1868370 184
1868380 184
1868390 184
1868400 184
1868410 184
1868420 186
1868430 188
1868440 188
1868450 190
1868460 193
1868470 193
1868480 194
1868490 195
1868500 195
1868510 196
1868520 197
1868530 197
1868540 198
1868550 198
1868560 198
1868570 199
1868580 200
1868590 200
1868600 200
1868610 201
1868620 201
1868630 201
1868640 201
1868650 201
1868660 201
1868670 201
1868680 201
1868690 202
1868700 202
1868710 202
1868720 202
1868730 202
1868740 202
1868750 202
1868760 202
1868770 202
1868780 202
1868790 202
1868800 202
1868810 202
1868820 202
1868830 202
1868840 201
1868850 201
1868860 201
1868870 201
1868880 201
1868890 201
1868900 200
1868910 200
1868920 200
1868930 200
1868940 200
1868950 200
1868960 200
1868970 199
1868980 199
1868990 199
1869000 198
1869010 198
1869020 198
1869030 198
1869040 198
1869050 197
1869060 197
1869070 197
1869080 196
1869090 196
1869100 196
1869110 196
1869120 195
1869130 195
1869140 195
1869150 195
1869160 195
1869170 195
1869180 195
1869190 195
1869200 195
1869210 195
1869220 195
1869230 195
1869240 195
1869250 195
1869260 195
1869270 195
1869280 195
1869290 195
1869300 195
1869310 195
1869320 195
1869330 195
1869340 194
1869350 194
1869360 194
1869370 194
1869380 194
1869390 194
1869400 193
1869410 192
1869420 192
1869430 191
1869440 190
1869450 190
1869460 189
1869470 187
1869480 187
1869490 186
1869500 185
1869510 185
1869520 185
1869530 184
1869540 184
1869550 184
1869560 185
1869570 185
1869580 186
1869590 187
1869600 187
1869610 188
1869620 189
1869630 189
1869640 190
1869650 190
1869660 190
1869670 191
1869680 189
1869690 189
1869700 189
1869710 188
1869720 188
1869730 188
1869740 187
1869750 187
1869760 186
1869770 186
1869780 186
1869790 185
1869800 185
1869810 185
1869820 184
1869830 184
1869840 184
1869850 184
1869860 184
1869870 184
1869880 184
1869890 184
1869900 184
1869910 184
1869920 184
1869930 184
1869940 184
1869950 185
1869960 185
1869970 185
1869980 185
1869990 185
1870000 186
1870010 186
1870020 187
1870030 188
1870040 188
1870050 188
1870060 187
1870070 187
1870080 187
1870090 187
1870100 187
1870110 188
1870120 188
1870130 188
1870140 188
1870150 189
1870160 189
1870170 189
1870180 190
1870190 190
1870200 190
1870210 191
1870220 191
1870230 191
1870240 192
1870250 192
1870260 193
1870270 193
1870280 193
1870290 194
1870300 195
1870310 195
1870320 195
1870330 196
1870340 196
1870350 196
1870360 197
1870370 197
1870380 198
1870390 198
1870400 198
1870410 199
1870420 199
1870430 199
1870440 200
1870450 200
1870460 200
1870470 200
1870480 201
1870490 201
1870500 201
1870510 201
1870520 201
1870530 201
1870540 201
1870550 201
1870560 202
1870570 202
1870580 202
1870590 202
1870600 202
1870610 202
1870620 202
1870630 202
1870640 202
1870650 202
1870660 202
1870670 202
1870680 203
1870690 203
1870700 203
1870710 203
1870720 203
1870730 203
1870740 203
1870750 203
1870760 203
1870770 202
1870780 202
1870790 202
1870800 202
1870810 202
1870820 202
1870830 202
1870840 202
1870850 202
1870860 202
1870870 202
1870880 202
1870890 202
1870900 202
1870910 202
1870920 202
1870930 202
1870940 202
1870950 202
1870960 202
1870970 202
1870980 202
1870990 202
1871000 202
1871010 202
1871020 202
1871030 202
1871040 201
1871050 201
1871060 201
1871070 201
1871080 201
1871090 201
1871100 201
1871110 201
1871120 201
1871130 201
1871140 201
1871150 201
1871160 201
1871170 201
1871180 201
1871190 201
1871200 201
1871210 201
1871220 201
1871230 201
1871240 201
1871250 200
1871260 200
1871270 200
1871280 200
1871290 200
1871300 200
1871310 200
1871320 200
1871330 200
1871340 200
1871350 200
1871360 200
1871370 199
1871380 199
1871390 199
1871400 199
1871410 199
1871420 199
1871430 198
1871440 198
1871450 198
1871460 198
1871470 198
1871480 197
1871490 197
1871500 197
1871510 196
1871520 196
1871530 196
1871540 195
1871550 195
1871560 195
1871570 196
1871580 196
1871590 196
1871600 196
1871610 196
1871620 196
1871630 197
1871640 197
1871650 197
1871660 197
1871670 197
1871680 197
1871690 197
1871700 197
1871710 198
1871720 198
1871730 198
1871740 198
1871750 198
1871760 198
1871770 198
1871780 198
1871790 198
1871800 198
1871810 198
1871820 198
1871830 198
1871840 198
1871850 198
1871860 198
1871870 198
1871880 198
1871890 198
1871900 198
1871910 198
1871920 198
1871930 198
1871940 198
1871950 198
1871960 198
1871970 198
1871980 198
1871990 198
1872000 198
1872010 197
1872020 197
1872030 197
1872040 197
1872050 197
1872060 197
1872070 197
1872080 196
1872090 196
1872100 196
1872110 195
1872120 195
1872130 195
1872140 194
1872150 194
1872160 193
1872170 191
1872180 191
1872190 190
1872200 188
1872210 188
1872220 187
1872230 186
1872240 186
1872250 184
1872260 183
1872270 183
1872280 182
1872290 182
1872300 182
1872310 181
1872320 181
1872330 181
1872340 181
1872350 180
1872360 180
1872370 180
1872380 180
1872390 180
1872400 180
1872410 180
1872420 180
1872430 180
1872440 180
1872450 180
1872460 179
1872470 180
1872480 180
1872490 180
1872500 181
1872510 181
1872520 183
1872530 186
1872540 186
1872550 187
1872560 188
1872570 188
1872580 189
1872590 190
1872600 190
1872610 191
1872620 192
1872630 192
1872640 192
1872650 193
1872660 193
1872670 193
1872680 193
1872690 194
1872700 194
1872710 194
1872720 194
1872730 194
1872740 194
1872750 194
1872760 194
1872770 194
1872780 194
1872790 194
1872800 194
1872810 194
1872820 194
1872830 194
1872840 194
1872850 194
1872860 194
1872870 194
1872880 194
1872890 194
1872900 194
1872910 194
1872920 194
1872930 194
1872940 194
1872950 194
1872960 193
1872970 193
1872980 193
1872990 193
1873000 192
1873010 192
1873020 192
1873030 191
1873040 191
1873050 190
1873060 189
1873070 189
1873080 188
1873090 188
1873100 188
1873110 186
1873120 185
1873130 185
1873140 184
1873150 183
1873160 183
1873170 183
1873180 184
1873190 184
1873200 186
1873210 188
1873220 188
1873230 188
1873240 189
1873250 189
1873260 191
1873270 192
1873280 192
1873290 193
1873300 194
1873310 194
1873320 195
1873330 196
1873340 196
1873350 196
1873360 197
1873370 197
1873380 197
1873390 197
1873400 197
1873410 197
1873420 197
1873430 197
1873440 197
1873450 198
1873460 198
1873470 198
1873480 198
1873490 198
1873500 199
1873510 199
1873520 199
1873530 200
1873540 200
1873550 200
1873560 200
1873570 200
1873580 201
1873590 201
1873600 201
1873610 201
1873620 202
1873630 202
1873640 202
1873650 202
1873660 202
1873670 202
1873680 202
1873690 202
1873700 203
1873710 203
1873720 203
1873730 203
1873740 203
1873750 203
1873760 203
1873770 204
1873780 204
1873790 204
1873800 204
1873810 204
1873820 204
1873830 205
1873840 205
1873850 205
1873860 205
1873870 205
1873880 205
1873890 205
1873900 205
1873910 206
1873920 206
1873930 206
1873940 206
1873950 206
1873960 206
1873970 206
1873980 206
1873990 206
1874000 207
1874010 207
1874020 207
1874030 207
1874040 207
1874050 207
1874060 207
1874070 207
1874080 207
1874090 207
1874100 208
1874110 208
1874120 208
1874130 208
1874140 208
1874150 208
1874160 209
1874170 209
1874180 209
1874190 209
1874200 209
1874210 209
1874220 209
1874230 209
1874240 209
1874250 209
1874260 209
1874270 210
1874280 210
1874290 210
1874300 210
1874310 210
1874320 210
1874330 210
1874340 210
1874350 210
1874360 210
1874370 210
1874380 210
1874390 210
1874400 210
1874410 210
1874420 210
1874430 210
1874440 210
1874450 210
1874460 210
1874470 210
1874480 210
1874490 210
1874500 210
1874510 210
1874520 210
1874530 210
1874540 210
1874550 210
1874560 210
1874570 210
1874580 210
1874590 209
1874600 209
1874610 209
1874620 209
1874630 209
1874640 209
1874650 209
1874660 209
1874670 209
1874680 209
1874690 208
1874700 208
1874710 208
1874720 208
1874730 208
1874740 208
1874750 207
1874760 207
1874770 207
1874780 207
1874790 207
1874800 207
1874810 207
1874820 207
1874830 206
1874840 206
1874850 206
1874860 206
1874870 205
1874880 205
1874890 205
1874900 205
1874910 205
1874920 205
1874930 204
1874940 204
1874950 204
1874960 203
1874970 203
1874980 203
1874990 202
1875000 202
1875010 201
1875020 201
1875030 201
1875040 200
1875050 200
1875060 200
1875070 199
1875080 199
1875090 199
1875100 198
1875110 198
1875120 198
1875130 197
1875140 197
1875150 197
1875160 196
1875170 196
1875180 196
1875190 195
1875200 195
1875210 195
1875220 195
1875230 195
1875240 195
1875250 195
1875260 195
1875270 195
1875280 195
1875290 195
1875300 195
1875310 195
1875320 195
1875330 194
1875340 194
1875350 194
1875360 193
1875370 192
1875380 192
1875390 191
1875400 189
1875410 189
1875420 188
1875430 188
1875440 188
1875450 188
1875460 188
1875470 188
1875480 189
1875490 190
1875500 190
1875510 190
1875520 191
1875530 191
1875540 193
1875550 194
1875560 194
1875570 195
1875580 196
1875590 196
1875600 197
1875610 197
1875620 197
1875630 198
1875640 199
1875650 199
1875660 199
1875670 199
1875680 199
1875690 199
1875700 199
1875710 199
1875720 200
1875730 200
1875740 200
1875750 200
1875760 200
1875770 200
1875780 200
1875790 200
1875800 200
1875810 200
1875820 200
1875830 200
1875840 200
1875850 200
1875860 200
1875870 200
1875880 200
1875890 200
1875900 200
1875910 200
1875920 200
1875930 199
1875940 199
1875950 199
1875960 199
1875970 199
1875980 199
1875990 199
1876000 198
1876010 198
1876020 198
1876030 198
1876040 198
1876050 198
1876060 198
1876070 198
1876080 197
1876090 197
1876100 197
1876110 197
1876120 197
1876130 197
1876140 196
1876150 196
1876160 196
1876170 196
1876180 196
1876190 196
1876200 196
1876210 196
1876220 195
1876230 195
1876240 195
1876250 195
1876260 195
1876270 195
1876280 194
1876290 194
1876300 194
1876310 194
1876320 194
1876330 194
1876340 194
1876350 194
1876360 194
1876370 193
1876380 193
1876390 193
1876400 193
1876410 193
1876420 193
1876430 193
1876440 193
1876450 193
1876460 193
1876470 192
1876480 192
1876490 192
1876500 192
1876510 192
1876520 192
1876530 192
1876540 192
1876550 193
1876560 193
1876570 193
1876580 193
1876590 193
1876600 193
1876610 193
1876620 193
1876630 193
1876640 193
1876650 192
1876660 192
1876670 192
1876680 192
1876690 192
1876700 191
1876710 191
1876720 191
1876730 190
1876740 190
1876750 190
1876760 189
1876770 189
1876780 189
1876790 189
1876800 189
1876810 189
1876820 189
1876830 188
1876840 188
1876850 188
1876860 189
1876870 189
1876880 188
1876890 189
1876900 189
1876910 189
1876920 189
1876930 189
1876940 189
1876950 189
1876960 189
1876970 189
1876980 190
1876990 190
1877000 190
1877010 190
1877020 190
1877030 191
1877040 191
1877050 191
1877060 192
1877070 192
1877080 192
1877090 192
1877100 192
1877110 193
1877120 193
1877130 193
1877140 193
1877150 193
1877160 193
1877170 193
1877180 194
1877190 194
1877200 194
1877210 194
1877220 194
1877230 194
1877240 194
1877250 194
1877260 194
1877270 194
1877280 194
1877290 194
1877300 194
1877310 194
1877320 194
1877330 194
1877340 194
1877350 194
1877360 194
1877370 194
1877380 194
1877390 194
1877400 194
1877410 194
1877420 194
1877430 194
1877440 194
1877450 194
1877460 194
1877470 195
1877480 195
1877490 195
1877500 195
1877510 195
1877520 195
1877530 195
1877540 195
1877550 195
1877560 195
1877570 195
1877580 195
1877590 195
1877600 195
1877610 195
1877620 195
1877630 196
1877640 196
1877650 196
1877660 196
1877670 196
1877680 196
1877690 196
1877700 196
1877710 196
1877720 197
1877730 197
1877740 197
1877750 197
1877760 197
1877770 197
1877780 197
1877790 197
1877800 198
1877810 198
1877820 198
1877830 198
1877840 198
1877850 198
1877860 198
1877870 198
1877880 199
1877890 199
1877900 199
1877910 199
1877920 199
1877930 199
1877940 199
1877950 199
1877960 199
1877970 200
1877980 200
1877990 200
1878000 200
1878010 200
1878020 200
1878030 200
1878040 200
1878050 200
1878060 199
1878070 199
1878080 199
1878090 199
1878100 199
1878110 199
1878120 198
1878130 198
1878140 198
1878150 198
1878160 198
1878170 198
1878180 199
1878190 199
1878200 199
1878210 199
1878220 199
1878230 199
1878240 200
1878250 200
1878260 200
1878270 200
1878280 200
1878290 200
1878300 201
1878310 201
1878320 201
1878330 201
1878340 201
1878350 201
1878360 201
1878370 201
1878380 201
1878390 200
1878400 200
1878410 200
1878420 200
1878430 200
1878440 200
1878450 200
1878460 200
1878470 200
1878480 199
1878490 199
1878500 199
1878510 199
1878520 199
1878530 199
1878540 198
1878550 198
1878560 198
1878570 198
1878580 198
1878590 198
1878600 198
1878610 198
1878620 198
1878630 198
1878640 198
1878650 198
1878660 198
1878670 198
1878680 198
1878690 199
1878700 199
1878710 199
1878720 199
1878730 199
1878740 199
1878750 200
1878760 200
1878770 200
1878780 200
1878790 200
1878800 201
1878810 201
1878820 201
1878830 202
1878840 202
1878850 202
1878860 202
1878870 202
1878880 202
1878890 203
1878900 203
1878910 203
1878920 203
1878930 203
1878940 203
1878950 203
1878960 203
1878970 203
1878980 203
1878990 203
1879000 203
1879010 203
1879020 203
1879030 203
1879040 203
1879050 203
1879060 203
1879070 203
1879080 203
1879090 203
1879100 203
1879110 203
1879120 203
1879130 203
1879140 203
1879150 203
1879160 203
1879170 203
1879180 203
1879190 203
1879200 203
1879210 203
1879220 202
1879230 202
1879240 202
1879250 202
1879260 202
1879270 202
1879280 201
1879290 201
1879300 201
1879310 201
1879320 200
1879330 200
1879340 200
1879350 198
1879360 198
1879370 197
1879380 197
1879390 197
1879400 196
1879410 195
1879420 195
1879430 194
1879440 193
1879450 193
1879460 191
1879470 190
1879480 190
1879490 188
1879500 187
1879510 187
1879520 185
1879530 183
1879540 183
1879550 181
1879560 179
1879570 179
1879580 178
1879590 178
1879600 177
1879610 176
1879620 176
1879630 175
1879640 175
1879650 175
1879660 174
1879670 171
1879680 171
1879690 170
1879700 169
1879710 169
1879720 168
1879730 168
1879740 168
1879750 167
1879760 166
1879770 166
1879780 166
1879790 165
1879800 165
1879810 164
1879820 164
1879830 164
1879840 163
1879850 163
1879860 163
1879870 162
1879880 161
1879890 161
1879900 161
1879910 160
1879920 160
1879930 160
1879940 160
1879950 160
1879960 159
1879970 159
1879980 159
1879990 158
