1860000 241
1860010 242
1860020 242
1860030 242
1860040 242
1860050 242
1860060 242
1860070 242
1860080 241
1860090 241
1860100 241
1860110 241
1860120 241
1860130 241
1860140 240
1860150 240
1860160 240
1860170 239
1860180 239
1860190 239
1860200 238
1860210 238
1860220 237
1860230 237
1860240 237
1860250 236
1860260 236
1860270 236
1860280 236
1860290 238
1860300 238
1860310 239
1860320 239
1860330 239
1860340 240
1860350 241
1860360 241
1860370 241
1860380 241
1860390 242
1860400 242
1860410 242
1860420 242
1860430 243
1860440 243
1860450 243
1860460 244
1860470 244
1860480 245
1860490 245
1860500 245
1860510 245
1860520 246
1860530 246
1860540 246
1860550 246
1860560 246
1860570 246
1860580 246
1860590 246
1860600 246
1860610 246
1860620 246
1860630 246
1860640 246
1860650 246
1860660 246
1860670 245
1860680 245
1860690 244
1860700 244
1860710 244
1860720 243
1860730 242
1860740 242
1860750 240
1860760 239
1860770 239
1860780 237
1860790 236
1860800 236
1860810 234
1860820 232
1860830 232
1860840 231
1860850 229
1860860 229
1860870 229
1860880 228
1860890 228
1860900 228
1860910 228
1860920 228
1860930 228
1860940 228
1860950 228
1860960 229
1860970 230
1860980 230
1860990 232
1861000 234
1861010 234
1861020 236
1861030 238
1861040 238
1861050 239
1861060 240
1861070 240
1861080 240
1861090 241
1861100 241
1861110 244
1861120 247
1861130 247
1861140 251
1861150 252
1861160 252
1861170 253
1861180 253
1861190 253
1861200 254
1861210 255
1861220 255
1861230 256
1861240 256
1861250 256
1861260 256
1861270 256
1861280 257
1861290 257
1861300 257
1861310 257
1861320 256
1861330 256
1861340 256
1861350 256
1861360 256
1861370 256
1861380 256
1861390 256
1861400 255
1861410 255
1861420 255
1861430 255
1861440 255
1861450 255
1861460 254
1861470 254
1861480 254
1861490 253
1861500 253
1861510 253
1861520 252
1861530 252
1861540 252
1861550 251
1861560 250
1861570 250
1861580 249
1861590 249
1861600 249
1861610 248
1861620 248
1861630 248
1861640 248
1861650 248
1861660 248
1861670 247
1861680 247
1861690 247
1861700 247
1861710 247
1861720 247
1861730 246
1861740 246
1861750 246
1861760 246
1861770 245
1861780 245
1861790 244
1861800 243
1861810 243
1861820 243
1861830 242
1861840 242
1861850 241
1861860 241
1861870 241
1861880 240
1861890 240
1861900 240
1861910 239
1861920 239
1861930 239
1861940 238
1861950 238
1861960 238
1861970 237
1861980 237
1861990 237
1862000 237
1862010 236
1862020 236
1862030 235
1862040 235
1862050 235
1862060 235
1862070 235
1862080 235
1862090 234
1862100 234
1862110 234
1862120 234
1862130 234
1862140 233
1862150 233
1862160 233
1862170 233
1862180 233
1862190 233
1862200 233
1862210 233
1862220 233
1862230 233
1862240 233
1862250 233
1862260 232
1862270 232
1862280 232
1862290 232
1862300 232
1862310 232
1862320 232
1862330 232
1862340 232
1862350 232
1862360 232
1862370 232
1862380 233
1862390 233
1862400 233
1862410 234
1862420 234
1862430 234
1862440 234
1862450 235
1862460 235
1862470 235
1862480 235
1862490 235
1862500 234
1862510 234
1862520 234
1862530 235
1862540 236
1862550 236
1862560 236
1862570 236
1862580 236
1862590 236
1862600 236
1862610 236
1862620 236
1862630 236
1862640 236
1862650 236
1862660 236
1862670 236
1862680 236
1862690 235
1862700 235
1862710 234
1862720 234
1862730 234
1862740 233
1862750 233
1862760 233
1862770 232
1862780 231
1862790 231
1862800 231
1862810 230
1862820 230
1862830 230
1862840 229
1862850 229
1862860 229
1862870 228
1862880 228
1862890 228
1862900 228
1862910 228
1862920 228
1862930 228
1862940 228
1862950 228
1862960 228
1862970 228
1862980 229
1862990 229
1863000 229
1863010 229
1863020 229
1863030 229
1863040 230
1863050 230
1863060 231
1863070 231
1863080 231
1863090 231
1863100 232
1863110 232
1863120 232
1863130 232
1863140 232
1863150 232
1863160 232
1863170 232
1863180 232
1863190 232
1863200 232
1863210 232
1863220 232
1863230 232
1863240 231
1863250 231
1863260 231
1863270 231
1863280 231
1863290 231
1863300 230
1863310 230
1863320 230
1863330 230
1863340 229
1863350 229
1863360 229
1863370 229
1863380 229
1863390 228
1863400 228
1863410 228
1863420 227
1863430 227
1863440 227
1863450 227
1863460 226
1863470 226
1863480 226
1863490 226
1863500 226
1863510 225
1863520 225
1863530 225
1863540 225
1863550 225
1863560 225
1863570 224
1863580 224
1863590 224
1863600 224
1863610 223
1863620 223
1863630 223
1863640 223
1863650 223
1863660 223
1863670 222
1863680 222
1863690 222
1863700 222
1863710 222
1863720 222
1863730 221
1863740 221
1863750 221
1863760 221
1863770 221
1863780 221
1863790 221
1863800 221
1863810 220
1863820 220
1863830 220
1863840 220
1863850 220
1863860 220
1863870 220
1863880 220
1863890 220
1863900 219
1863910 219
1863920 219
1863930 219
1863940 219
1863950 219
1863960 219
1863970 219
1863980 219
1863990 219
1864000 219
1864010 218
1864020 218
1864030 218
1864040 218
1864050 218
1864060 218
1864070 218
1864080 218
1864090 218
1864100 218
1864110 217
1864120 217
1864130 217
1864140 217
1864150 217
1864160 217
1864170 217
1864180 217
1864190 217
1864200 217
1864210 217
1864220 216
1864230 216
1864240 216
1864250 216
1864260 216
1864270 216
1864280 216
1864290 215
1864300 215
1864310 215
1864320 215
1864330 215
1864340 215
1864350 215
1864360 215
1864370 214
1864380 214
1864390 214
1864400 214
1864410 214
1864420 214
1864430 214
1864440 214
1864450 214
1864460 213
1864470 213
1864480 213
1864490 213
1864500 213
1864510 213
1864520 213
1864530 213
1864540 213
1864550 212
1864560 212
1864570 212
1864580 212
1864590 212
1864600 212
1864610 212
1864620 212
1864630 212
1864640 212
1864650 212
1864660 212
1864670 211
1864680 211
1864690 211
1864700 211
1864710 211
1864720 211
1864730 211
1864740 211
1864750 211
1864760 211
1864770 211
1864780 211
1864790 211
1864800 211
1864810 211
1864820 211
1864830 211
1864840 211
1864850 211
1864860 211
1864870 211
1864880 211
1864890 211
1864900 211
1864910 211
1864920 211
1864930 211
1864940 211
1864950 211
1864960 211
1864970 211
1864980 211
1864990 211
1865000 211
1865010 211
1865020 211
1865030 211
1865040 211
1865050 211
1865060 211
1865070 211
1865080 211
1865090 211
1865100 211
1865110 211
1865120 210
1865130 210
1865140 210
1865150 210
1865160 210
1865170 210
1865180 209
1865190 209
1865200 209
1865210 209
1865220 209
1865230 209
1865240 209
1865250 209
1865260 209
1865270 209
1865280 209
1865290 209
1865300 209
1865310 209
1865320 209
1865330 208
1865340 208
1865350 208
1865360 208
1865370 208
1865380 208
1865390 208
1865400 208
1865410 208
1865420 208
1865430 208
1865440 208
1865450 208
1865460 208
1865470 208
1865480 208
1865490 208
1865500 208
1865510 208
1865520 208
1865530 208
1865540 208
1865550 208
1865560 208
1865570 208
1865580 208
1865590 208
1865600 208
1865610 208
1865620 208
1865630 208
1865640 208
1865650 208
1865660 208
1865670 208
1865680 208
1865690 208
1865700 208
1865710 208
1865720 208
1865730 208
1865740 208
1865750 208
1865760 208
1865770 208
1865780 208
1865790 208
1865800 208
1865810 208
1865820 208
1865830 208
1865840 208
1865850 208
1865860 208
1865870 208
1865880 208
1865890 208
1865900 208
1865910 208
1865920 208
1865930 208
1865940 208
1865950 208
1865960 208
1865970 208
1865980 208
1865990 208
1866000 207
1866010 206
1866020 206
1866030 206
1866040 205
1866050 205
1866060 204
1866070 204
1866080 204
1866090 204
1866100 204
1866110 204
1866120 204
1866130 205
1866140 205
1866150 205
1866160 205
1866170 205
1866180 206
1866190 207
1866200 207
1866210 207
1866220 208
1866230 208
1866240 208
1866250 208
1866260 208
1866270 208
1866280 208
1866290 208
1866300 208
1866310 208
1866320 208
1866330 208
1866340 208
1866350 208
1866360 208
1866370 208
1866380 208
1866390 208
1866400 208
1866410 208
1866420 208
1866430 208
1866440 208
1866450 208
1866460 208
1866470 208
1866480 208
1866490 208
1866500 207
1866510 207
1866520 207
1866530 206
1866540 205
1866550 205
1866560 205
1866570 205
1866580 205
1866590 205
1866600 207
1866610 207
1866620 207
1866630 207
1866640 207
1866650 207
1866660 207
1866670 207
1866680 207
1866690 207
1866700 207
1866710 206
1866720 206
1866730 206
1866740 206
1866750 206
1866760 206
1866770 206
1866780 206
1866790 206
1866800 206
1866810 206
1866820 206
1866830 206
1866840 206
1866850 206
1866860 206
1866870 206
1866880 206
1866890 206
1866900 206
1866910 206
1866920 206
1866930 206
1866940 206
1866950 206
1866960 206
1866970 206
1866980 206
1866990 206
1867000 206
1867010 205
1867020 205
1867030 205
1867040 205
1867050 205
1867060 205
1867070 205
1867080 205
1867090 205
1867100 205
1867110 205
1867120 205
1867130 205
1867140 205
1867150 205
1867160 204
1867170 204
1867180 204
1867190 204
1867200 204
1867210 204
1867220 204
1867230 204
1867240 204
1867250 204
1867260 204
1867270 204
1867280 204
1867290 204
1867300 204
1867310 204
1867320 204
1867330 204
1867340 204
1867350 204
1867360 204
1867370 204
1867380 204
1867390 203
1867400 203
1867410 203
1867420 203
1867430 203
1867440 203
1867450 203
1867460 203
1867470 203
1867480 203
1867490 203
1867500 203
1867510 202
1867520 202
1867530 202
1867540 202
1867550 202
1867560 202
1867570 202
1867580 201
1867590 201
1867600 201
1867610 200
1867620 200
1867630 199
1867640 198
1867650 198
1867660 196
1867670 195
1867680 195
1867690 194
1867700 192
1867710 192
1867720 191
1867730 191
1867740 191
1867750 191
1867760 191
1867770 191
1867780 192
1867790 193
1867800 193
1867810 194
1867820 196
1867830 196
1867840 197
1867850 198
1867860 198
1867870 199
1867880 199
1867890 199
1867900 200
1867910 200
1867920 200
1867930 200
1867940 200
1867950 200
1867960 199
1867970 199
1867980 199
1867990 199
1868000 198
1868010 198
1868020 197
1868030 196
1868040 196
1868050 195
1868060 194
1868070 194
1868080 193
1868090 191
1868100 191
1868110 190
1868120 189
1868130 189
1868140 188
1868150 188
1868160 188
1868170 188
1868180 189
1868190 189
1868200 189
1868210 190
1868220 190
1868230 191
1868240 191
1868250 190
1868260 190
1868270 190
1868280 189
1868290 188
1868300 188
1868310 187
1868320 186
1868330 186
1868340 185
1868350 185
1868360 185
1868370 185
1868380 185
1868390 185
1868400 185
1868410 185
1868420 185
1868430 185
1868440 186
1868450 186
1868460 187
1868470 190
1868480 190
1868490 194
1868500 197
1868510 197
1868520 197
1868530 198
1868540 198
1868550 199
1868560 199
1868570 199
1868580 200
1868590 201
1868600 201
1868610 201
1868620 201
1868630 201
1868640 202
1868650 202
1868660 202
1868670 202
1868680 202
1868690 202
1868700 202
1868710 202
1868720 202
1868730 202
1868740 202
1868750 202
1868760 202
1868770 202
1868780 202
1868790 202
1868800 202
1868810 202
1868820 202
1868830 202
1868840 202
1868850 202
1868860 202
1868870 202
1868880 202
1868890 202
1868900 202
1868910 202
1868920 201
1868930 201
1868940 201
1868950 201
1868960 201
1868970 201
1868980 201
1868990 201
1869000 201
1869010 201
1869020 201
1869030 201
1869040 200
1869050 200
1869060 200
1869070 200
1869080 200
1869090 199
1869100 199
1869110 199
1869120 198
1869130 198
1869140 198
1869150 198
1869160 198
1869170 197
1869180 197
1869190 197
1869200 196
1869210 196
1869220 196
1869230 196
1869240 195
1869250 195
1869260 195
1869270 194
1869280 194
1869290 194
1869300 193
1869310 193
1869320 193
1869330 192
1869340 192
1869350 192
1869360 192
1869370 192
1869380 192
1869390 191
1869400 191
1869410 190
1869420 190
1869430 190
1869440 189
1869450 188
1869460 188
1869470 187
1869480 186
1869490 186
1869500 185
1869510 185
1869520 185
1869530 185
1869540 186
1869550 186
1869560 187
1869570 188
1869580 188
1869590 189
1869600 191
1869610 191
1869620 192
1869630 194
1869640 194
1869650 195
1869660 196
1869670 196
1869680 196
1869690 197
1869700 197
1869710 197
1869720 197
1869730 197
1869740 196
1869750 196
1869760 196
1869770 195
1869780 194
1869790 194
1869800 193
1869810 192
1869820 192
1869830 191
1869840 190
1869850 190
1869860 189
1869870 189
1869880 189
1869890 187
1869900 186
1869910 186
1869920 186
1869930 186
1869940 186
1869950 185
1869960 185
1869970 185
1869980 185
1869990 185
1870000 185
1870010 185
1870020 185
1870030 185
1870040 186
1870050 186
1870060 187
1870070 188
1870080 188
1870090 189
1870100 191
1870110 191
1870120 192
1870130 193
1870140 193
1870150 194
1870160 194
1870170 194
1870180 195
1870190 195
1870200 195
1870210 195
1870220 195
1870230 194
1870240 194
1870250 194
1870260 194
1870270 194
1870280 194
1870290 194
1870300 194
1870310 194
1870320 194
1870330 194
1870340 194
1870350 194
1870360 195
1870370 196
1870380 196
1870390 196
1870400 196
1870410 196
1870420 197
1870430 198
1870440 198
1870450 198
1870460 199
1870470 199
1870480 199
1870490 200
1870500 200
1870510 200
1870520 200
1870530 200
1870540 201
1870550 201
1870560 201
1870570 201
1870580 201
1870590 201
1870600 202
1870610 202
1870620 202
1870630 202
1870640 202
1870650 202
1870660 202
1870670 202
1870680 202
1870690 202
1870700 202
1870710 202
1870720 202
1870730 202
1870740 202
1870750 202
1870760 202
1870770 202
1870780 202
1870790 202
1870800 202
1870810 202
1870820 202
1870830 202
1870840 202
1870850 202
1870860 202
1870870 202
1870880 202
1870890 202
1870900 202
1870910 202
1870920 202
1870930 202
1870940 202
1870950 202
1870960 202
1870970 202
1870980 202
1870990 202
1871000 202
1871010 202
1871020 201
1871030 201
1871040 201
1871050 201
1871060 201
1871070 201
1871080 201
1871090 201
1871100 201
1871110 201
1871120 201
1871130 201
1871140 201
1871150 201
1871160 201
1871170 201
1871180 201
1871190 201
1871200 201
1871210 201
1871220 201
1871230 200
1871240 200
1871250 200
1871260 200
1871270 200
1871280 200
1871290 200
1871300 200
1871310 200
1871320 200
1871330 200
1871340 200
1871350 200
1871360 200
1871370 200
1871380 200
1871390 200
1871400 200
1871410 199
1871420 199
1871430 199
1871440 199
1871450 199
1871460 199
1871470 199
1871480 199
1871490 199
1871500 198
1871510 198
1871520 198
1871530 198
1871540 198
1871550 197
1871560 197
1871570 197
1871580 196
1871590 195
1871600 195
1871610 195
1871620 194
1871630 194
1871640 193
1871650 193
1871660 193
1871670 193
1871680 193
1871690 193
1871700 193
1871710 193
1871720 194
1871730 194
1871740 194
1871750 194
1871760 195
1871770 195
1871780 195
1871790 195
1871800 195
1871810 195
1871820 196
1871830 196
1871840 196
1871850 196
1871860 196
1871870 196
1871880 196
1871890 196
1871900 196
1871910 196
1871920 196
1871930 196
1871940 196
1871950 196
1871960 196
1871970 195
1871980 195
1871990 195
1872000 195
1872010 195
1872020 194
1872030 194
1872040 194
1872050 193
1872060 193
1872070 193
1872080 193
1872090 192
1872100 192
1872110 192
1872120 192
1872130 192
1872140 191
1872150 191
1872160 191
1872170 190
1872180 189
1872190 189
1872200 187
1872210 186
1872220 186
1872230 184
1872240 183
1872250 183
1872260 182
1872270 182
1872280 182
1872290 181
1872300 181
1872310 181
1872320 181
1872330 180
1872340 180
1872350 180
1872360 180
1872370 180
1872380 180
1872390 180
1872400 180
1872410 180
1872420 180
1872430 180
1872440 180
1872450 180
1872460 180
1872470 180
1872480 181
1872490 181
1872500 184
1872510 186
1872520 186
1872530 187
1872540 188
1872550 188
1872560 189
1872570 190
1872580 190
1872590 191
1872600 191
1872610 192
1872620 193
1872630 193
1872640 193
1872650 194
1872660 194
1872670 194
1872680 195
1872690 195
1872700 195
1872710 195
1872720 195
1872730 195
1872740 196
1872750 196
1872760 196
1872770 196
1872780 196
1872790 196
1872800 196
1872810 196
1872820 196
1872830 196
1872840 196
1872850 196
1872860 196
1872870 196
1872880 196
1872890 196
1872900 196
1872910 196
1872920 196
1872930 196
1872940 196
1872950 196
1872960 196
1872970 195
1872980 195
1872990 195
1873000 195
1873010 195
1873020 195
1873030 195
1873040 194
1873050 194
1873060 194
1873070 194
1873080 194
1873090 193
1873100 192
1873110 192
1873120 192
1873130 191
1873140 191
1873150 190
1873160 189
1873170 189
1873180 188
1873190 187
1873200 187
1873210 187
1873220 187
1873230 187
1873240 187
1873250 188
1873260 188
1873270 189
1873280 190
1873290 190
1873300 191
1873310 193
1873320 193
1873330 194
1873340 195
1873350 195
1873360 196
1873370 196
1873380 196
1873390 197
1873400 198
1873410 198
1873420 198
1873430 199
1873440 199
1873450 199
1873460 199
1873470 199
1873480 200
1873490 200
1873500 200
1873510 200
1873520 200
1873530 201
1873540 201
1873550 201
1873560 201
1873570 201
1873580 201
1873590 201
1873600 202
1873610 202
1873620 202
1873630 202
1873640 202
1873650 202
1873660 202
1873670 202
1873680 203
1873690 203
1873700 203
1873710 203
1873720 203
1873730 203
1873740 203
1873750 204
1873760 204
1873770 204
1873780 204
1873790 204
1873800 204
1873810 205
1873820 205
1873830 205
1873840 205
1873850 205
1873860 205
1873870 206
1873880 206
1873890 206
1873900 206
1873910 206
1873920 206
1873930 207
1873940 207
1873950 207
1873960 207
1873970 207
1873980 207
1873990 207
1874000 207
1874010 207
1874020 207
1874030 207
1874040 207
1874050 208
1874060 208
1874070 208
1874080 208
1874090 208
1874100 208
1874110 208
1874120 208
1874130 209
1874140 209
1874150 209
1874160 209
1874170 209
1874180 209
1874190 209
1874200 210
1874210 210
1874220 210
1874230 210
1874240 210
1874250 210
1874260 210
1874270 210
1874280 210
1874290 210
1874300 210
1874310 210
1874320 210
1874330 210
1874340 211
1874350 211
1874360 211
1874370 211
1874380 211
1874390 211
1874400 211
1874410 211
1874420 211
1874430 211
1874440 211
1874450 211
1874460 211
1874470 211
1874480 211
1874490 211
1874500 211
1874510 211
1874520 210
1874530 210
1874540 210
1874550 210
1874560 210
1874570 210
1874580 210
1874590 210
1874600 210
1874610 209
1874620 209
1874630 209
1874640 209
1874650 209
1874660 209
1874670 209
1874680 209
1874690 209
1874700 208
1874710 208
1874720 208
1874730 208
1874740 208
1874750 208
1874760 207
1874770 207
1874780 207
1874790 207
1874800 207
1874810 207
1874820 206
1874830 206
1874840 206
1874850 206
1874860 206
1874870 206
1874880 205
1874890 205
1874900 205
1874910 205
1874920 205
1874930 204
1874940 203
1874950 203
1874960 203
1874970 202
1874980 202
1874990 201
1875000 200
1875010 200
1875020 199
1875030 199
1875040 199
1875050 198
1875060 197
1875070 197
1875080 197
1875090 196
1875100 196
1875110 196
1875120 195
1875130 195
1875140 195
1875150 194
1875160 194
1875170 194
1875180 194
1875190 194
1875200 193
1875210 193
1875220 193
1875230 192
1875240 192
1875250 192
1875260 191
1875270 191
1875280 191
1875290 191
1875300 191
1875310 191
1875320 191
1875330 191
1875340 191
1875350 192
1875360 192
1875370 192
1875380 193
1875390 193
1875400 193
1875410 192
1875420 192
1875430 191
1875440 190
1875450 190
1875460 189
1875470 187
1875480 187
1875490 186
1875500 186
1875510 186
1875520 186
1875530 186
1875540 186
1875550 187
1875560 187
1875570 187
1875580 189
1875590 192
1875600 192
1875610 193
1875620 194
1875630 194
1875640 195
1875650 195
1875660 195
1875670 196
1875680 196
1875690 196
1875700 197
1875710 197
1875720 197
1875730 198
1875740 198
1875750 198
1875760 199
1875770 199
1875780 199
1875790 199
1875800 199
1875810 199
1875820 199
1875830 199
1875840 199
1875850 199
1875860 199
1875870 199
1875880 199
1875890 199
1875900 199
1875910 199
1875920 199
1875930 199
1875940 199
1875950 198
1875960 198
1875970 198
1875980 198
1875990 198
1876000 198
1876010 198
1876020 198
1876030 198
1876040 197
1876050 197
1876060 197
1876070 197
1876080 197
1876090 197
1876100 197
1876110 196
1876120 196
1876130 196
1876140 196
1876150 196
1876160 196
1876170 196
1876180 195
1876190 195
1876200 195
1876210 195
1876220 195
1876230 195
1876240 195
1876250 195
1876260 194
1876270 194
1876280 194
1876290 194
1876300 194
1876310 194
1876320 194
1876330 193
1876340 193
1876350 193
1876360 193
1876370 193
1876380 193
1876390 193
1876400 193
1876410 193
1876420 193
1876430 193
1876440 192
1876450 192
1876460 192
1876470 192
1876480 192
1876490 192
1876500 192
1876510 192
1876520 192
1876530 191
1876540 191
1876550 191
1876560 191
1876570 191
1876580 191
1876590 192
1876600 192
1876610 192
1876620 192
1876630 192
1876640 192
1876650 192
1876660 192
1876670 192
1876680 192
1876690 192
1876700 192
1876710 192
1876720 192
1876730 192
1876740 192
1876750 192
1876760 192
1876770 191
1876780 191
1876790 191
1876800 191
1876810 190
1876820 190
1876830 190
1876840 189
1876850 189
1876860 188
1876870 188
1876880 188
1876890 187
1876900 187
1876910 187
1876920 186
1876930 186
1876940 185
1876950 185
1876960 185
1876970 185
1876980 185
1876990 185
1877000 185
1877010 185
1877020 185
1877030 186
1877040 186
1877050 186
1877060 187
1877070 187
1877080 187
1877090 188
1877100 189
1877110 189
1877120 189
1877130 190
1877140 190
1877150 190
1877160 191
1877170 191
1877180 191
1877190 192
1877200 192
1877210 192
1877220 192
1877230 192
1877240 192
1877250 192
1877260 192
1877270 192
1877280 192
1877290 192
1877300 192
1877310 192
1877320 192
1877330 193
1877340 193
1877350 193
1877360 193
1877370 194
1877380 194
1877390 194
1877400 194
1877410 194
1877420 195
1877430 195
1877440 195
1877450 195
1877460 195
1877470 195
1877480 195
1877490 195
1877500 195
1877510 195
1877520 195
1877530 195
1877540 195
1877550 195
1877560 195
1877570 195
1877580 196
1877590 196
1877600 196
1877610 196
1877620 196
1877630 196
1877640 196
1877650 196
1877660 196
1877670 196
1877680 196
1877690 197
1877700 197
1877710 197
1877720 197
1877730 197
1877740 197
1877750 197
1877760 198
1877770 198
1877780 198
1877790 198
1877800 198
1877810 198
1877820 198
1877830 199
1877840 199
1877850 199
1877860 199
1877870 199
1877880 199
1877890 200
1877900 200
1877910 200
1877920 200
1877930 200
1877940 200
1877950 200
1877960 201
1877970 201
1877980 201
1877990 201
1878000 201
1878010 201
1878020 201
1878030 201
1878040 201
1878050 201
1878060 201
1878070 201
1878080 201
1878090 201
1878100 201
1878110 201
1878120 201
1878130 201
1878140 201
1878150 201
1878160 201
1878170 201
1878180 201
1878190 201
1878200 201
1878210 201
1878220 201
1878230 201
1878240 201
1878250 201
1878260 201
1878270 201
1878280 201
1878290 201
1878300 201
1878310 202
1878320 202
1878330 202
1878340 202
1878350 202
1878360 202
1878370 202
1878380 202
1878390 202
1878400 202
1878410 202
1878420 202
1878430 202
1878440 202
1878450 202
1878460 201
1878470 201
1878480 201
1878490 201
1878500 201
1878510 201
1878520 201
1878530 201
1878540 201
1878550 201
1878560 201
1878570 201
1878580 201
1878590 200
1878600 200
1878610 200
1878620 200
1878630 200
1878640 200
1878650 200
1878660 199
1878670 199
1878680 199
1878690 199
1878700 199
1878710 199
1878720 199
1878730 199
1878740 199
1878750 199
1878760 199
1878770 199
1878780 199
1878790 199
1878800 199
1878810 199
1878820 200
1878830 200
1878840 200
1878850 200
1878860 200
1878870 201
1878880 201
1878890 201
1878900 201
1878910 202
1878920 202
1878930 202
1878940 202
1878950 202
1878960 203
1878970 203
1878980 203
1878990 203
1879000 203
1879010 203
1879020 203
1879030 203
1879040 203
1879050 203
1879060 203
1879070 203
1879080 202
1879090 202
1879100 202
1879110 202
1879120 202
1879130 202
1879140 202
1879150 202
1879160 202
1879170 202
1879180 202
1879190 202
1879200 202
1879210 202
1879220 202
1879230 202
1879240 202
1879250 202
1879260 200
1879270 200
1879280 200
1879290 200
1879300 199
1879310 199
1879320 198
1879330 198
1879340 198
1879350 197
1879360 196
1879370 196
1879380 195
1879390 194
1879400 194
1879410 193
1879420 192
1879430 192
1879440 191
1879450 190
1879460 190
1879470 189
1879480 188
1879490 188
1879500 187
1879510 187
1879520 185
1879530 184
1879540 184
1879550 182
1879560 181
1879570 181
1879580 180
1879590 179
1879600 179
1879610 176
1879620 174
1879630 174
1879640 172
1879650 172
1879660 172
1879670 171
1879680 171
1879690 171
1879700 171
1879710 170
1879720 170
1879730 170
1879740 169
1879750 169
1879760 168
1879770 168
1879780 168
1879790 167
1879800 166
1879810 166
1879820 165
1879830 164
1879840 164
1879850 163
1879860 162
1879870 162
1879880 161
1879890 161
1879900 161
1879910 160
1879920 160
1879930 160
1879940 160
1879950 159
1879960 159
1879970 158
1879980 157
1879990 157
