1860000 275
1860010 274
1860020 273
1860030 273
1860040 272
1860050 270
1860060 270
1860070 269
1860080 267
1860090 267
1860100 266
1860110 266
1860120 266
1860130 266
1860140 265
1860150 265
1860160 263
1860170 261
1860180 261
1860190 261
1860200 261
1860210 261
1860220 261
1860230 263
1860240 263
1860250 263
1860260 265
1860270 265
1860280 269
1860290 270
1860300 270
1860310 270
1860320 266
1860330 266
1860340 265
1860350 264
1860360 264
1860370 264
1860380 264
1860390 264
1860400 264
1860410 264
1860420 264
1860430 265
1860440 265
1860450 265
1860460 265
1860470 264
1860480 264
1860490 266
1860500 266
1860510 271
1860520 272
1860530 272
1860540 271
1860550 270
1860560 270
1860570 268
1860580 267
1860590 267
1860600 266
1860610 266
1860620 265
1860630 264
1860640 263
1860650 263
1860660 262
1860670 261
1860680 261
1860690 261
1860700 260
1860710 260
1860720 260
1860730 259
1860740 259
1860750 259
1860760 258
1860770 258
1860780 256
1860790 255
1860800 255
1860810 254
1860820 253
1860830 253
1860840 253
1860850 252
1860860 252
1860870 252
1860880 251
1860890 251
1860900 251
1860910 253
1860920 253
1860930 255
1860940 257
1860950 257
1860960 258
1860970 261
1860980 261
1860990 261
1861000 262
1861010 262
1861020 263
1861030 263
1861040 263
1861050 264
1861060 264
1861070 264
1861080 264
1861090 264
1861100 264
1861110 264
1861120 265
1861130 265
1861140 264
1861150 264
1861160 264
1861170 264
1861180 264
1861190 264
1861200 265
1861210 266
1861220 266
1861230 266
1861240 267
1861250 267
1861260 267
1861270 268
1861280 268
1861290 268
1861300 268
1861310 268
1861320 270
1861330 270
1861340 270
1861350 271
1861360 271
1861370 272
1861380 273
1861390 273
1861400 273
1861410 274
1861420 274
1861430 275
1861440 275
1861450 275
1861460 276
1861470 277
1861480 277
1861490 278
1861500 278
1861510 278
1861520 279
1861530 280
1861540 280
1861550 281
1861560 282
1861570 282
1861580 283
1861590 284
1861600 284
1861610 285
1861620 285
1861630 285
1861640 286
1861650 286
1861660 287
1861670 287
1861680 287
1861690 287
1861700 287
1861710 288
1861720 288
1861730 288
1861740 288
1861750 288
1861760 287
1861770 287
1861780 287
1861790 286
1861800 286
1861810 286
1861820 285
1861830 284
1861840 284
1861850 283
1861860 282
1861870 282
1861880 281
1861890 280
1861900 280
1861910 279
1861920 278
1861930 278
1861940 277
1861950 275
1861960 275
1861970 274
1861980 273
1861990 273
1862000 272
1862010 270
1862020 270
1862030 270
1862040 269
1862050 269
1862060 268
1862070 268
1862080 268
1862090 267
1862100 266
1862110 266
1862120 266
1862130 265
1862140 265
1862150 265
1862160 265
1862170 264
1862180 264
1862190 264
1862200 263
1862210 263
1862220 263
1862230 263
1862240 263
1862250 263
1862260 264
1862270 265
1862280 265
1862290 264
1862300 264
1862310 264
1862320 264
1862330 264
1862340 264
1862350 265
1862360 265
1862370 265
1862380 265
1862390 266
1862400 266
1862410 266
1862420 265
1862430 265
1862440 265
1862450 265
1862460 265
1862470 265
1862480 266
1862490 266
1862500 266
1862510 266
1862520 266
1862530 266
1862540 265
1862550 265
1862560 265
1862570 265
1862580 265
1862590 265
1862600 265
1862610 265
1862620 265
1862630 265
1862640 265
1862650 265
1862660 265
1862670 265
1862680 265
1862690 265
1862700 266
1862710 266
1862720 266
1862730 266
1862740 266
1862750 266
1862760 266
1862770 265
1862780 265
1862790 265
1862800 265
1862810 265
1862820 265
1862830 264
1862840 264
1862850 264
1862860 264
1862870 264
1862880 264
1862890 263
1862900 263
1862910 263
1862920 263
1862930 262
1862940 262
1862950 262
1862960 262
1862970 261
1862980 261
1862990 261
1863000 260
1863010 260
1863020 260
1863030 260
1863040 259
1863050 259
1863060 258
1863070 258
1863080 258
1863090 257
1863100 257
1863110 257
1863120 256
1863130 256
1863140 256
1863150 255
1863160 255
1863170 255
1863180 254
1863190 253
1863200 253
1863210 253
1863220 253
1863230 253
1863240 253
1863250 252
1863260 252
1863270 251
1863280 249
1863290 249
1863300 248
1863310 248
1863320 248
1863330 247
1863340 246
1863350 246
1863360 245
1863370 244
1863380 244
1863390 242
1863400 241
1863410 241
1863420 240
1863430 239
1863440 239
1863450 239
1863460 238
1863470 238
1863480 238
1863490 238
1863500 238
1863510 238
1863520 237
1863530 237
1863540 236
1863550 236
1863560 236
1863570 236
1863580 235
1863590 235
1863600 234
1863610 233
1863620 233
1863630 232
1863640 231
1863650 231
1863660 230
1863670 230
1863680 230
1863690 229
1863700 229
1863710 229
1863720 229
1863730 227
1863740 227
1863750 226
1863760 225
1863770 225
1863780 225
1863790 225
1863800 224
1863810 224
1863820 224
1863830 223
1863840 223
1863850 223
1863860 223
1863870 223
1863880 223
1863890 223
1863900 222
1863910 222
1863920 222
1863930 222
1863940 222
1863950 222
1863960 222
1863970 222
1863980 222
1863990 222
1864000 222
1864010 222
1864020 222
1864030 222
1864040 222
1864050 222
1864060 222
1864070 222
1864080 223
1864090 223
1864100 223
1864110 224
1864120 224
1864130 224
1864140 224
1864150 224
1864160 224
1864170 225
1864180 225
1864190 226
1864200 226
1864210 226
1864220 226
1864230 227
1864240 227
1864250 227
1864260 227
1864270 227
1864280 227
1864290 227
1864300 227
1864310 227
1864320 227
1864330 227
1864340 227
1864350 227
1864360 227
1864370 226
1864380 226
1864390 226
1864400 226
1864410 225
1864420 225
1864430 225
1864440 224
1864450 224
1864460 224
1864470 224
1864480 224
1864490 223
1864500 223
1864510 223
1864520 222
1864530 222
1864540 222
1864550 221
1864560 221
1864570 221
1864580 220
1864590 220
1864600 220
1864610 219
1864620 219
1864630 219
1864640 218
1864650 218
1864660 218
1864670 217
1864680 217
1864690 217
1864700 216
1864710 216
1864720 215
1864730 215
1864740 215
1864750 215
1864760 213
1864770 213
1864780 213
1864790 214
1864800 214
1864810 213
1864820 213
1864830 213
1864840 212
1864850 212
1864860 212
1864870 212
1864880 213
1864890 213
1864900 213
1864910 213
1864920 213
1864930 213
1864940 213
1864950 213
1864960 213
1864970 213
1864980 213
1864990 213
1865000 213
1865010 213
1865020 213
1865030 213
1865040 213
1865050 213
1865060 213
1865070 213
1865080 212
1865090 212
1865100 212
1865110 212
1865120 212
1865130 212
1865140 212
1865150 212
1865160 212
1865170 212
1865180 211
1865190 211
1865200 211
1865210 211
1865220 211
1865230 211
1865240 211
1865250 211
1865260 210
1865270 210
1865280 210
1865290 210
1865300 210
1865310 210
1865320 210
1865330 209
1865340 209
1865350 209
1865360 209
1865370 209
1865380 208
1865390 208
1865400 208
1865410 207
1865420 207
1865430 207
1865440 206
1865450 207
1865460 206
1865470 205
1865480 205
1865490 205
1865500 205
1865510 205
1865520 204
1865530 204
1865540 204
1865550 204
1865560 204
1865570 204
1865580 203
1865590 203
1865600 203
1865610 202
1865620 202
1865630 202
1865640 201
1865650 200
1865660 200
1865670 199
1865680 199
1865690 199
1865700 199
1865710 200
1865720 200
1865730 201
1865740 202
1865750 202
1865760 203
1865770 204
1865780 204
1865790 204
1865800 205
1865810 205
1865820 205
1865830 205
1865840 205
1865850 205
1865860 205
1865870 205
1865880 206
1865890 206
1865900 206
1865910 206
1865920 206
1865930 206
1865940 206
1865950 206
1865960 206
1865970 206
1865980 206
1865990 206
1866000 206
1866010 206
1866020 206
1866030 205
1866040 205
1866050 205
1866060 205
1866070 206
1866080 206
1866090 206
1866100 205
1866110 205
1866120 205
1866130 205
1866140 205
1866150 205
1866160 205
1866170 205
1866180 205
1866190 205
1866200 205
1866210 204
1866220 204
1866230 204
1866240 203
1866250 203
1866260 203
1866270 202
1866280 202
1866290 202
1866300 202
1866310 202
1866320 203
1866330 203
1866340 203
1866350 204
1866360 205
1866370 205
1866380 205
1866390 205
1866400 205
1866410 205
1866420 205
1866430 205
1866440 206
1866450 206
1866460 206
1866470 206
1866480 206
1866490 206
1866500 205
1866510 206
1866520 206
1866530 206
1866540 206
1866550 206
1866560 206
1866570 206
1866580 206
1866590 206
1866600 206
1866610 206
1866620 206
1866630 206
1866640 206
1866650 206
1866660 206
1866670 206
1866680 205
1866690 205
1866700 205
1866710 205
1866720 204
1866730 204
1866740 203
1866750 202
1866760 202
1866770 202
1866780 201
1866790 201
1866800 200
1866810 200
1866820 200
1866830 201
1866840 202
1866850 202
1866860 203
1866870 203
1866880 203
1866890 204
1866900 205
1866910 205
1866920 205
1866930 205
1866940 205
1866950 206
1866960 206
1866970 206
1866980 206
1866990 206
1867000 206
1867010 206
1867020 206
1867030 206
1867040 206
1867050 206
1867060 206
1867070 206
1867080 206
1867090 206
1867100 206
1867110 206
1867120 206
1867130 206
1867140 206
1867150 206
1867160 206
1867170 206
1867180 206
1867190 205
1867200 205
1867210 205
1867220 205
1867230 205
1867240 205
1867250 205
1867260 205
1867270 205
1867280 204
1867290 204
1867300 204
1867310 203
1867320 203
1867330 203
1867340 202
1867350 202
1867360 201
1867370 201
1867380 201
1867390 201
1867400 200
1867410 200
1867420 200
1867430 200
1867440 200
1867450 200
1867460 200
1867470 200
1867480 201
1867490 201
1867500 201
1867510 202
1867520 202
1867530 202
1867540 202
1867550 203
1867560 203
1867570 203
1867580 204
1867590 204
1867600 204
1867610 205
1867620 205
1867630 205
1867640 205
1867650 205
1867660 205
1867670 205
1867680 205
1867690 205
1867700 206
1867710 206
1867720 206
1867730 206
1867740 206
1867750 206
1867760 206
1867770 206
1867780 206
1867790 206
1867800 206
1867810 206
1867820 206
1867830 206
1867840 206
1867850 206
1867860 206
1867870 206
1867880 206
1867890 206
1867900 206
1867910 206
1867920 206
1867930 206
1867940 206
1867950 206
1867960 206
1867970 206
1867980 206
1867990 206
1868000 206
1868010 206
1868020 205
1868030 205
1868040 205
1868050 205
1868060 205
1868070 205
1868080 205
1868090 205
1868100 205
1868110 205
1868120 205
1868130 205
1868140 205
1868150 205
1868160 205
1868170 205
1868180 204
1868190 204
1868200 204
1868210 204
1868220 204
1868230 204
1868240 204
1868250 204
1868260 204
1868270 204
1868280 204
1868290 204
1868300 204
1868310 205
1868320 205
1868330 205
1868340 205
1868350 205
1868360 205
1868370 205
1868380 205
1868390 205
1868400 205
1868410 205
1868420 205
1868430 206
1868440 206
1868450 206
1868460 206
1868470 206
1868480 206
1868490 206
1868500 206
1868510 206
1868520 206
1868530 206
1868540 206
1868550 206
1868560 206
1868570 206
1868580 206
1868590 206
1868600 206
1868610 206
1868620 206
1868630 206
1868640 206
1868650 206
1868660 206
1868670 205
1868680 205
1868690 205
1868700 205
1868710 205
1868720 205
1868730 205
1868740 205
1868750 205
1868760 205
1868770 205
1868780 205
1868790 205
1868800 205
1868810 205
1868820 205
1868830 205
1868840 205
1868850 205
1868860 205
1868870 205
1868880 205
1868890 205
1868900 205
1868910 205
1868920 205
1868930 205
1868940 205
1868950 205
1868960 205
1868970 205
1868980 205
1868990 205
1869000 205
1869010 205
1869020 205
1869030 205
1869040 205
1869050 205
1869060 205
1869070 205
1869080 205
1869090 205
1869100 205
1869110 205
1869120 205
1869130 205
1869140 205
1869150 205
1869160 205
1869170 205
1869180 205
1869190 205
1869200 204
1869210 204
1869220 204
1869230 204
1869240 204
1869250 204
1869260 204
1869270 204
1869280 204
1869290 204
1869300 204
1869310 204
1869320 204
1869330 203
1869340 203
1869350 203
1869360 203
1869370 203
1869380 203
1869390 202
1869400 202
1869410 202
1869420 202
1869430 202
1869440 201
1869450 201
1869460 201
1869470 201
1869480 201
1869490 201
1869500 202
1869510 202
1869520 202
1869530 202
1869540 202
1869550 202
1869560 202
1869570 202
1869580 202
1869590 202
1869600 202
1869610 202
1869620 202
1869630 202
1869640 202
1869650 202
1869660 202
1869670 202
1869680 201
1869690 201
1869700 201
1869710 201
1869720 201
1869730 200
1869740 200
1869750 200
1869760 199
1869770 199
1869780 199
1869790 199
1869800 199
1869810 199
1869820 198
1869830 198
1869840 198
1869850 198
1869860 198
1869870 198
1869880 198
1869890 198
1869900 198
1869910 198
1869920 198
1869930 198
1869940 198
1869950 198
1869960 198
1869970 198
1869980 198
1869990 198
1870000 198
1870010 197
1870020 197
1870030 197
1870040 197
1870050 197
1870060 197
1870070 197
1870080 197
1870090 196
1870100 196
1870110 196
1870120 196
1870130 197
1870140 197
1870150 197
1870160 197
1870170 197
1870180 197
1870190 198
1870200 198
1870210 198
1870220 199
1870230 199
1870240 199
1870250 199
1870260 199
1870270 199
1870280 200
1870290 200
1870300 200
1870310 200
1870320 200
1870330 200
1870340 200
1870350 200
1870360 200
1870370 200
1870380 200
1870390 200
1870400 200
1870410 200
1870420 200
1870430 200
1870440 200
1870450 200
1870460 200
1870470 200
1870480 200
1870490 200
1870500 200
1870510 200
1870520 200
1870530 200
1870540 200
1870550 200
1870560 200
1870570 201
1870580 201
1870590 201
1870600 201
1870610 201
1870620 201
1870630 201
1870640 201
1870650 200
1870660 200
1870670 200
1870680 200
1870690 200
1870700 200
1870710 200
1870720 200
1870730 200
1870740 200
1870750 200
1870760 200
1870770 200
1870780 200
1870790 200
1870800 200
1870810 200
1870820 200
1870830 200
1870840 200
1870850 200
1870860 199
1870870 199
1870880 199
1870890 199
1870900 199
1870910 199
1870920 199
1870930 199
1870940 199
1870950 199
1870960 199
1870970 199
1870980 199
1870990 199
1871000 199
1871010 199
1871020 199
1871030 199
1871040 199
1871050 198
1871060 198
1871070 198
1871080 198
1871090 198
1871100 198
1871110 199
1871120 199
1871130 199
1871140 199
1871150 199
1871160 199
1871170 199
1871180 199
1871190 199
1871200 199
1871210 199
1871220 199
1871230 199
1871240 199
1871250 199
1871260 199
1871270 199
1871280 199
1871290 199
1871300 199
1871310 199
1871320 199
1871330 199
1871340 198
1871350 198
1871360 198
1871370 198
1871380 198
1871390 198
1871400 198
1871410 198
1871420 198
1871430 198
1871440 198
1871450 198
1871460 198
1871470 198
1871480 198
1871490 198
1871500 198
1871510 198
1871520 198
1871530 198
1871540 198
1871550 198
1871560 198
1871570 198
1871580 198
1871590 198
1871600 197
1871610 197
1871620 197
1871630 197
1871640 197
1871650 197
1871660 197
1871670 197
1871680 197
1871690 197
1871700 196
1871710 196
1871720 196
1871730 196
1871740 196
1871750 196
1871760 196
1871770 196
1871780 195
1871790 195
1871800 195
1871810 195
1871820 195
1871830 195
1871840 194
1871850 194
1871860 194
1871870 193
1871880 193
1871890 193
1871900 193
1871910 193
1871920 193
1871930 192
1871940 192
1871950 192
1871960 192
1871970 191
1871980 191
1871990 191
1872000 191
1872010 191
1872020 190
1872030 190
1872040 190
1872050 190
1872060 190
1872070 189
1872080 189
1872090 189
1872100 188
1872110 188
1872120 188
1872130 187
1872140 187
1872150 187
1872160 186
1872170 185
1872180 185
1872190 184
1872200 184
1872210 184
1872220 183
1872230 182
1872240 181
1872250 180
1872260 179
1872270 179
1872280 178
1872290 177
1872300 177
1872310 176
1872320 176
1872330 176
1872340 172
1872350 170
1872360 170
1872370 170
1872380 170
1872390 170
1872400 170
1872410 170
1872420 170
1872430 170
1872440 170
1872450 170
1872460 170
1872470 170
1872480 170
1872490 168
1872500 169
1872510 169
1872520 170
1872530 170
1872540 170
1872550 170
1872560 170
1872570 170
1872580 170
1872590 170
1872600 170
1872610 170
1872620 170
1872630 170
1872640 170
1872650 170
1872660 170
1872670 170
1872680 170
1872690 170
1872700 171
1872710 171
1872720 171
1872730 172
1872740 173
1872750 173
1872760 173
1872770 174
1872780 174
1872790 176
1872800 177
1872810 177
1872820 179
1872830 180
1872840 180
1872850 182
1872860 184
1872870 184
1872880 186
1872890 186
1872900 187
1872910 190
1872920 190
1872930 187
1872940 187
1872950 187
1872960 193
1872970 198
1872980 198
1872990 199
1873000 200
1873010 200
1873020 200
1873030 201
1873040 201
1873050 202
1873060 202
1873070 202
1873080 203
1873090 203
1873100 203
1873110 204
1873120 205
1873130 205
1873140 205
1873150 206
1873160 206
1873170 206
1873180 207
1873190 207
1873200 208
1873210 208
1873220 208
1873230 209
1873240 209
1873250 209
1873260 210
1873270 210
1873280 210
1873290 210
1873300 210
1873310 210
1873320 210
1873330 210
1873340 210
1873350 211
1873360 211
1873370 211
1873380 211
1873390 211
1873400 211
1873410 211
1873420 211
1873430 211
1873440 211
1873450 211
1873460 211
1873470 212
1873480 212
1873490 212
1873500 212
1873510 212
1873520 212
1873530 212
1873540 212
1873550 212
1873560 212
1873570 211
1873580 211
1873590 210
1873600 210
1873610 210
1873620 210
1873630 209
1873640 209
1873650 209
1873660 208
1873670 208
1873680 207
1873690 207
1873700 207
1873710 208
1873720 208
1873730 208
1873740 209
1873750 209
1873760 210
1873770 210
1873780 210
1873790 211
1873800 212
1873810 212
1873820 212
1873830 213
1873840 213
1873850 213
1873860 214
1873870 214
1873880 214
1873890 215
1873900 215
1873910 215
1873920 215
1873930 215
1873940 216
1873950 217
1873960 217
1873970 217
1873980 218
1873990 218
1874000 218
1874010 219
1874020 219
1874030 219
1874040 220
1874050 220
1874060 220
1874070 220
1874080 220
1874090 221
1874100 221
1874110 221
1874120 221
1874130 222
1874140 222
1874150 222
1874160 223
1874170 223
1874180 223
1874190 223
1874200 223
1874210 223
1874220 224
1874230 224
1874240 224
1874250 224
1874260 224
1874270 225
1874280 225
1874290 225
1874300 225
1874310 226
1874320 226
1874330 226
1874340 226
1874350 226
1874360 226
1874370 226
1874380 226
1874390 227
1874400 227
1874410 227
1874420 227
1874430 227
1874440 227
1874450 227
1874460 228
1874470 228
1874480 228
1874490 228
1874500 228
1874510 228
1874520 228
1874530 228
1874540 228
1874550 228
1874560 229
1874570 229
1874580 229
1874590 229
1874600 229
1874610 229
1874620 229
1874630 229
1874640 229
1874650 229
1874660 229
1874670 229
1874680 229
1874690 229
1874700 229
1874710 229
1874720 229
1874730 229
1874740 229
1874750 229
1874760 229
1874770 229
1874780 229
1874790 229
1874800 229
1874810 229
1874820 229
1874830 228
1874840 228
1874850 228
1874860 228
1874870 228
1874880 228
1874890 227
1874900 227
1874910 227
1874920 226
1874930 226
1874940 226
1874950 226
1874960 225
1874970 225
1874980 225
1874990 225
1875000 225
1875010 224
1875020 224
1875030 224
1875040 223
1875050 223
1875060 223
1875070 222
1875080 222
1875090 222
1875100 221
1875110 221
1875120 221
1875130 220
1875140 220
1875150 220
1875160 219
1875170 219
1875180 219
1875190 218
1875200 217
1875210 217
1875220 217
1875230 216
1875240 216
1875250 215
1875260 214
1875270 214
1875280 213
1875290 213
1875300 213
1875310 212
1875320 211
1875330 211
1875340 211
1875350 211
1875360 210
1875370 209
1875380 209
1875390 209
1875400 208
1875410 208
1875420 208
1875430 207
1875440 207
1875450 206
1875460 206
1875470 206
1875480 205
1875490 205
1875500 205
1875510 204
1875520 203
1875530 203
1875540 203
1875550 202
1875560 202
1875570 201
1875580 201
1875590 201
1875600 200
1875610 200
1875620 200
1875630 199
1875640 199
1875650 199
1875660 198
1875670 198
1875680 198
1875690 197
1875700 197
1875710 197
1875720 196
1875730 196
1875740 196
1875750 195
1875760 195
1875770 195
1875780 194
1875790 194
1875800 194
1875810 194
1875820 193
1875830 193
1875840 193
1875850 193
1875860 193
1875870 193
1875880 193
1875890 193
1875900 193
1875910 192
1875920 192
1875930 192
1875940 192
1875950 192
1875960 192
1875970 192
1875980 192
1875990 192
1876000 191
1876010 191
1876020 191
1876030 191
1876040 191
1876050 191
1876060 191
1876070 191
1876080 190
1876090 190
1876100 190
1876110 190
1876120 190
1876130 190
1876140 190
1876150 190
1876160 190
1876170 190
1876180 190
1876190 190
1876200 189
1876210 189
1876220 189
1876230 189
1876240 189
1876250 189
1876260 189
1876270 189
1876280 189
1876290 189
1876300 189
1876310 189
1876320 189
1876330 189
1876340 189
1876350 189
1876360 189
1876370 189
1876380 189
1876390 189
1876400 189
1876410 189
1876420 189
1876430 189
1876440 189
1876450 189
1876460 189
1876470 189
1876480 189
1876490 189
1876500 189
1876510 189
1876520 189
1876530 189
1876540 189
1876550 190
1876560 189
1876570 189
1876580 190
1876590 190
1876600 190
1876610 190
1876620 190
1876630 190
1876640 190
1876650 190
1876660 190
1876670 190
1876680 190
1876690 190
1876700 190
1876710 190
1876720 190
1876730 190
1876740 190
1876750 190
1876760 190
1876770 190
1876780 190
1876790 190
1876800 189
1876810 189
1876820 189
1876830 189
1876840 189
1876850 189
1876860 189
1876870 189
1876880 189
1876890 189
1876900 189
1876910 189
1876920 189
1876930 189
1876940 189
1876950 189
1876960 189
1876970 189
1876980 189
1876990 189
1877000 189
1877010 189
1877020 189
1877030 188
1877040 188
1877050 188
1877060 188
1877070 188
1877080 188
1877090 188
1877100 188
1877110 188
1877120 187
1877130 187
1877140 187
1877150 187
1877160 187
1877170 187
1877180 187
1877190 187
1877200 187
1877210 187
1877220 187
1877230 187
1877240 187
1877250 187
1877260 187
1877270 187
1877280 187
1877290 187
1877300 187
1877310 187
1877320 187
1877330 187
1877340 187
1877350 187
1877360 187
1877370 187
1877380 187
1877390 185
1877400 185
1877410 184
1877420 182
1877430 182
1877440 181
1877450 181
1877460 181
1877470 180
1877480 179
1877490 179
1877500 179
1877510 178
1877520 178
1877530 178
1877540 177
1877550 177
1877560 177
1877570 176
1877580 176
1877590 176
1877600 175
1877610 175
1877620 174
1877630 173
1877640 173
1877650 172
1877660 172
1877670 172
1877680 173
1877690 173
1877700 173
1877710 172
1877720 172
1877730 172
1877740 171
1877750 171
1877760 171
1877770 171
1877780 171
1877790 171
1877800 171
1877810 171
1877820 171
1877830 171
1877840 171
1877850 171
1877860 171
1877870 171
1877880 170
1877890 171
1877900 171
1877910 171
1877920 171
1877930 171
1877940 171
1877950 171
1877960 171
1877970 171
1877980 171
1877990 171
1878000 170
1878010 170
1878020 170
1878030 170
1878040 170
1878050 170
1878060 170
1878070 170
1878080 170
1878090 170
1878100 170
1878110 170
1878120 170
1878130 170
1878140 170
1878150 170
1878160 170
1878170 170
1878180 170
1878190 170
1878200 170
1878210 170
1878220 170
1878230 170
1878240 171
1878250 173
1878260 173
1878270 174
1878280 176
1878290 176
1878300 178
1878310 179
1878320 179
1878330 181
1878340 182
1878350 182
1878360 182
1878370 183
1878380 183
1878390 184
1878400 184
1878410 184
1878420 184
1878430 185
1878440 185
1878450 186
1878460 186
1878470 186
1878480 186
1878490 187
1878500 187
1878510 187
1878520 187
1878530 187
1878540 187
1878550 187
1878560 187
1878570 187
1878580 185
1878590 185
1878600 185
1878610 185
1878620 185
1878630 186
1878640 186
1878650 186
1878660 186
1878670 186
1878680 186
1878690 186
1878700 186
1878710 186
1878720 187
1878730 187
1878740 187
1878750 187
1878760 187
1878770 187
1878780 187
1878790 187
1878800 186
1878810 186
1878820 186
1878830 186
1878840 186
1878850 186
1878860 185
1878870 185
1878880 185
1878890 184
1878900 183
1878910 182
1878920 181
1878930 180
1878940 180
1878950 179
1878960 178
1878970 178
1878980 177
1878990 176
1879000 176
1879010 175
1879020 174
1879030 174
1879040 173
1879050 172
1879060 172
1879070 172
1879080 171
1879090 171
1879100 170
1879110 169
1879120 169
1879130 168
1879140 167
1879150 167
1879160 166
1879170 166
1879180 166
1879190 165
1879200 165
1879210 165
1879220 165
1879230 164
1879240 164
1879250 164
1879260 162
1879270 162
1879280 162
1879290 161
1879300 161
1879310 161
1879320 161
1879330 161
1879340 160
1879350 160
1879360 160
1879370 160
1879380 160
1879390 160
1879400 160
1879410 160
1879420 160
1879430 160
1879440 160
1879450 160
1879460 160
1879470 160
1879480 160
1879490 160
1879500 160
1879510 160
1879520 160
1879530 160
1879540 160
1879550 160
1879560 160
1879570 160
1879580 160
1879590 160
1879600 160
1879610 160
1879620 160
1879630 160
1879640 160
1879650 160
1879660 160
1879670 160
1879680 160
1879690 160
1879700 160
1879710 160
1879720 160
1879730 160
1879740 160
1879750 160
1879760 160
1879770 160
1879780 161
1879790 160
1879800 160
1879810 160
1879820 160
1879830 160
1879840 160
1879850 160
1879860 160
1879870 159
1879880 159
1879890 159
1879900 159
1879910 158
1879920 158
1879930 158
1879940 157
1879950 157
1879960 157
1879970 157
1879980 157
1879990 157
