1860000 289
1860010 289
1860020 289
1860030 289
1860040 289
1860050 290
1860060 290
1860070 290
1860080 290
1860090 290
1860100 290
1860110 291
1860120 291
1860130 291
1860140 292
1860150 292
1860160 292
1860170 292
1860180 292
1860190 292
1860200 293
1860210 293
1860220 293
1860230 293
1860240 293
1860250 293
1860260 293
1860270 293
1860280 294
1860290 294
1860300 294
1860310 294
1860320 294
1860330 294
1860340 294
1860350 294
1860360 294
1860370 294
1860380 294
1860390 294
1860400 295
1860410 295
1860420 295
1860430 295
1860440 295
1860450 295
1860460 295
1860470 295
1860480 295
1860490 295
1860500 295
1860510 295
1860520 295
1860530 295
1860540 295
1860550 295
1860560 295
1860570 295
1860580 294
1860590 294
1860600 294
1860610 293
1860620 293
1860630 293
1860640 292
1860650 292
1860660 291
1860670 290
1860680 290
1860690 289
1860700 287
1860710 287
1860720 286
1860730 285
1860740 285
1860750 285
1860760 284
1860770 284
1860780 283
1860790 283
1860800 283
1860810 282
1860820 282
1860830 282
1860840 278
1860850 276
1860860 276
1860870 275
1860880 277
1860890 277
1860900 279
1860910 280
1860920 280
1860930 276
1860940 277
1860950 277
1860960 282
1860970 283
1860980 283
1860990 283
1861000 284
1861010 284
1861020 284
1861030 283
1861040 283
1861050 283
1861060 282
1861070 282
1861080 281
1861090 279
1861100 279
1861110 276
1861120 274
1861130 274
1861140 273
1861150 275
1861160 275
1861170 277
1861180 273
1861190 273
1861200 273
1861210 273
1861220 273
1861230 273
1861240 273
1861250 273
1861260 275
1861270 277
1861280 277
1861290 280
1861300 281
1861310 281
1861320 281
1861330 281
1861340 281
1861350 281
1861360 281
1861370 281
1861380 281
1861390 281
1861400 281
1861410 280
1861420 280
1861430 280
1861440 280
1861450 280
1861460 280
1861470 279
1861480 279
1861490 279
1861500 279
1861510 279
1861520 278
1861530 277
1861540 277
1861550 277
1861560 276
1861570 276
1861580 276
1861590 275
1861600 275
1861610 274
1861620 274
1861630 274
1861640 274
1861650 274
1861660 274
1861670 274
1861680 274
1861690 274
1861700 274
1861710 274
1861720 274
1861730 274
1861740 274
1861750 274
1861760 274
1861770 274
1861780 274
1861790 274
1861800 274
1861810 274
1861820 274
1861830 273
1861840 273
1861850 273
1861860 273
1861870 273
1861880 273
1861890 273
1861900 273
1861910 273
1861920 273
1861930 273
1861940 273
1861950 273
1861960 273
1861970 273
1861980 273
1861990 273
1862000 273
1862010 272
1862020 272
1862030 272
1862040 272
1862050 272
1862060 271
1862070 271
1862080 271
1862090 271
1862100 271
1862110 271
1862120 270
1862130 270
1862140 270
1862150 269
1862160 269
1862170 269
1862180 268
1862190 268
1862200 268
1862210 266
1862220 262
1862230 262
1862240 260
1862250 259
1862260 259
1862270 259
1862280 259
1862290 260
1862300 261
1862310 261
1862320 261
1862330 261
1862340 261
1862350 261
1862360 260
1862370 260
1862380 260
1862390 260
1862400 260
1862410 259
1862420 259
1862430 259
1862440 259
1862450 258
1862460 258
1862470 258
1862480 257
1862490 257
1862500 256
1862510 255
1862520 255
1862530 255
1862540 254
1862550 254
1862560 253
1862570 251
1862580 251
1862590 250
1862600 250
1862610 250
1862620 249
1862630 248
1862640 248
1862650 247
1862660 246
1862670 246
1862680 245
1862690 243
1862700 243
1862710 241
1862720 239
1862730 239
1862740 237
1862750 236
1862760 236
1862770 235
1862780 234
1862790 234
1862800 232
1862810 231
1862820 231
1862830 230
1862840 229
1862850 229
1862860 228
1862870 228
1862880 228
1862890 227
1862900 226
1862910 224
1862920 223
1862930 223
1862940 223
1862950 222
1862960 221
1862970 221
1862980 220
1862990 219
1863000 219
1863010 218
1863020 218
1863030 218
1863040 217
1863050 217
1863060 217
1863070 216
1863080 216
1863090 215
1863100 215
1863110 215
1863120 214
1863130 214
1863140 214
1863150 214
1863160 213
1863170 213
1863180 213
1863190 213
1863200 213
1863210 213
1863220 213
1863230 213
1863240 212
1863250 212
1863260 212
1863270 212
1863280 212
1863290 212
1863300 212
1863310 211
1863320 211
1863330 211
1863340 211
1863350 211
1863360 211
1863370 211
1863380 211
1863390 211
1863400 211
1863410 211
1863420 211
1863430 211
1863440 211
1863450 211
1863460 211
1863470 211
1863480 211
1863490 211
1863500 211
1863510 211
1863520 212
1863530 212
1863540 213
1863550 213
1863560 213
1863570 214
1863580 215
1863590 215
1863600 215
1863610 215
1863620 215
1863630 214
1863640 215
1863650 215
1863660 215
1863670 215
1863680 215
1863690 215
1863700 215
1863710 215
1863720 215
1863730 216
1863740 216
1863750 216
1863760 216
1863770 216
1863780 216
1863790 217
1863800 217
1863810 217
1863820 217
1863830 217
1863840 217
1863850 218
1863860 218
1863870 219
1863880 220
1863890 220
1863900 221
1863910 221
1863920 221
1863930 222
1863940 225
1863950 226
1863960 227
1863970 227
1863980 227
1863990 228
1864000 228
1864010 229
1864020 229
1864030 229
1864040 229
1864050 229
1864060 229
1864070 229
1864080 229
1864090 229
1864100 229
1864110 228
1864120 228
1864130 228
1864140 227
1864150 227
1864160 226
1864170 225
1864180 225
1864190 224
1864200 223
1864210 223
1864220 222
1864230 222
1864240 222
1864250 221
1864260 220
1864270 220
1864280 220
1864290 218
1864300 218
1864310 217
1864320 216
1864330 216
1864340 216
1864350 216
1864360 216
1864370 215
1864380 215
1864390 215
1864400 215
1864410 215
1864420 215
1864430 215
1864440 215
1864450 215
1864460 215
1864470 215
1864480 215
1864490 214
1864500 214
1864510 214
1864520 214
1864530 213
1864540 213
1864550 213
1864560 213
1864570 213
1864580 212
1864590 212
1864600 212
1864610 212
1864620 211
1864630 211
1864640 210
1864650 210
1864660 210
1864670 210
1864680 209
1864690 209
1864700 209
1864710 209
1864720 208
1864730 207
1864740 207
1864750 207
1864760 206
1864770 206
1864780 205
1864790 205
1864800 205
1864810 204
1864820 202
1864830 202
1864840 202
1864850 202
1864860 202
1864870 201
1864880 201
1864890 201
1864900 200
1864910 199
1864920 199
1864930 199
1864940 198
1864950 198
1864960 198
1864970 196
1864980 196
1864990 196
1865000 196
1865010 196
1865020 196
1865030 196
1865040 196
1865050 195
1865060 195
1865070 195
1865080 195
1865090 195
1865100 195
1865110 195
1865120 195
1865130 195
1865140 195
1865150 194
1865160 194
1865170 194
1865180 194
1865190 194
1865200 194
1865210 194
1865220 194
1865230 194
1865240 194
1865250 194
1865260 194
1865270 194
1865280 194
1865290 193
1865300 192
1865310 192
1865320 192
1865330 192
1865340 192
1865350 191
1865360 191
1865370 191
1865380 191
1865390 191
1865400 191
1865410 191
1865420 191
1865430 191
1865440 190
1865450 190
1865460 190
1865470 190
1865480 190
1865490 190
1865500 189
1865510 189
1865520 189
1865530 189
1865540 189
1865550 189
1865560 189
1865570 189
1865580 189
1865590 189
1865600 189
1865610 189
1865620 190
1865630 190
1865640 190
1865650 190
1865660 194
1865670 194
1865680 193
1865690 193
1865700 191
1865710 191
1865720 191
1865730 191
1865740 191
1865750 191
1865760 191
1865770 191
1865780 191
1865790 191
1865800 192
1865810 192
1865820 192
1865830 191
1865840 191
1865850 192
1865860 192
1865870 192
1865880 192
1865890 192
1865900 192
1865910 193
1865920 193
1865930 193
1865940 192
1865950 190
1865960 190
1865970 188
1865980 187
1865990 187
1866000 189
1866010 187
1866020 187
1866030 186
1866040 186
1866050 186
1866060 186
1866070 186
1866080 186
1866090 186
1866100 186
1866110 186
1866120 186
1866130 186
1866140 186
1866150 187
1866160 186
1866170 186
1866180 186
1866190 186
1866200 186
1866210 186
1866220 186
1866230 186
1866240 186
1866250 186
1866260 186
1866270 185
1866280 185
1866290 185
1866300 185
1866310 184
1866320 184
1866330 185
1866340 185
1866350 185
1866360 185
1866370 185
1866380 185
1866390 185
1866400 185
1866410 185
1866420 185
1866430 185
1866440 185
1866450 186
1866460 186
1866470 186
1866480 186
1866490 186
1866500 186
1866510 186
1866520 186
1866530 187
1866540 187
1866550 187
1866560 187
1866570 187
1866580 187
1866590 188
1866600 188
1866610 188
1866620 189
1866630 189
1866640 189
1866650 189
1866660 189
1866670 189
1866680 189
1866690 189
1866700 189
1866710 189
1866720 189
1866730 189
1866740 189
1866750 189
1866760 189
1866770 189
1866780 191
1866790 191
1866800 197
1866810 198
1866820 198
1866830 199
1866840 199
1866850 199
1866860 198
1866870 198
1866880 198
1866890 198
1866900 198
1866910 198
1866920 197
1866930 197
1866940 197
1866950 196
1866960 196
1866970 196
1866980 195
1866990 194
1867000 194
1867010 193
1867020 192
1867030 192
1867040 191
1867050 190
1867060 190
1867070 189
1867080 189
1867090 189
1867100 189
1867110 189
1867120 189
1867130 189
1867140 189
1867150 188
1867160 187
1867170 187
1867180 186
1867190 186
1867200 186
1867210 186
1867220 186
1867230 186
1867240 187
1867250 188
1867260 188
1867270 189
1867280 190
1867290 190
1867300 191
1867310 191
1867320 191
1867330 191
1867340 191
1867350 191
1867360 191
1867370 190
1867380 190
1867390 191
1867400 192
1867410 192
1867420 193
1867430 194
1867440 194
1867450 196
1867460 197
1867470 197
1867480 197
1867490 198
1867500 198
1867510 199
1867520 199
1867530 199
1867540 199
1867550 200
1867560 200
1867570 200
1867580 200
1867590 200
1867600 201
1867610 201
1867620 201
1867630 202
1867640 202
1867650 202
1867660 202
1867670 203
1867680 203
1867690 203
1867700 203
1867710 203
1867720 203
1867730 203
1867740 203
1867750 203
1867760 203
1867770 203
1867780 203
1867790 203
1867800 203
1867810 203
1867820 203
1867830 203
1867840 203
1867850 203
1867860 203
1867870 203
1867880 203
1867890 203
1867900 203
1867910 203
1867920 203
1867930 203
1867940 203
1867950 203
1867960 202
1867970 202
1867980 202
1867990 201
1868000 201
1868010 201
1868020 200
1868030 200
1868040 200
1868050 199
1868060 199
1868070 199
1868080 198
1868090 198
1868100 198
1868110 197
1868120 197
1868130 196
1868140 196
1868150 196
1868160 196
1868170 195
1868180 195
1868190 196
1868200 196
1868210 196
1868220 196
1868230 196
1868240 196
1868250 197
1868260 197
1868270 197
1868280 198
1868290 198
1868300 198
1868310 198
1868320 199
1868330 199
1868340 199
1868350 199
1868360 199
1868370 199
1868380 199
1868390 198
1868400 198
1868410 198
1868420 198
1868430 198
1868440 198
1868450 198
1868460 197
1868470 197
1868480 197
1868490 196
1868500 195
1868510 195
1868520 193
1868530 191
1868540 191
1868550 190
1868560 188
1868570 188
1868580 187
1868590 186
1868600 186
1868610 184
1868620 184
1868630 184
1868640 183
1868650 183
1868660 183
1868670 184
1868680 184
1868690 184
1868700 185
1868710 188
1868720 188
1868730 188
1868740 191
1868750 191
1868760 192
1868770 192
1868780 193
1868790 193
1868800 193
1868810 194
1868820 194
1868830 194
1868840 194
1868850 194
1868860 194
1868870 194
1868880 194
1868890 194
1868900 193
1868910 192
1868920 192
1868930 191
1868940 191
1868950 191
1868960 192
1868970 192
1868980 192
1868990 192
1869000 193
1869010 193
1869020 193
1869030 194
1869040 194
1869050 194
1869060 195
1869070 195
1869080 196
1869090 197
1869100 197
1869110 197
1869120 197
1869130 197
1869140 198
1869150 198
1869160 198
1869170 198
1869180 199
1869190 199
1869200 199
1869210 199
1869220 199
1869230 199
1869240 199
1869250 199
1869260 199
1869270 199
1869280 199
1869290 199
1869300 198
1869310 198
1869320 198
1869330 197
1869340 197
1869350 197
1869360 196
1869370 196
1869380 195
1869390 194
1869400 194
1869410 193
1869420 193
1869430 193
1869440 193
1869450 194
1869460 194
1869470 195
1869480 195
1869490 195
1869500 195
1869510 195
1869520 195
1869530 195
1869540 195
1869550 195
1869560 196
1869570 196
1869580 196
1869590 196
1869600 196
1869610 197
1869620 197
1869630 197
1869640 197
1869650 198
1869660 198
1869670 198
1869680 198
1869690 198
1869700 199
1869710 199
1869720 199
1869730 199
1869740 199
1869750 199
1869760 199
1869770 199
1869780 199
1869790 199
1869800 199
1869810 199
1869820 199
1869830 199
1869840 199
1869850 199
1869860 199
1869870 199
1869880 199
1869890 199
1869900 199
1869910 199
1869920 199
1869930 199
1869940 199
1869950 199
1869960 199
1869970 199
1869980 199
1869990 199
1870000 199
1870010 198
1870020 198
1870030 198
1870040 198
1870050 198
1870060 198
1870070 198
1870080 198
1870090 198
1870100 197
1870110 197
1870120 197
1870130 197
1870140 197
1870150 197
1870160 197
1870170 197
1870180 197
1870190 197
1870200 197
1870210 196
1870220 196
1870230 196
1870240 196
1870250 196
1870260 196
1870270 196
1870280 196
1870290 196
1870300 195
1870310 195
1870320 195
1870330 195
1870340 194
1870350 194
1870360 194
1870370 193
1870380 193
1870390 192
1870400 192
1870410 191
1870420 190
1870430 190
1870440 189
1870450 188
1870460 188
1870470 187
1870480 186
1870490 186
1870500 185
1870510 184
1870520 184
1870530 183
1870540 182
1870550 182
1870560 181
1870570 180
1870580 180
1870590 179
1870600 179
1870610 179
1870620 178
1870630 178
1870640 178
1870650 177
1870660 177
1870670 177
1870680 177
1870690 176
1870700 176
1870710 176
1870720 176
1870730 176
1870740 176
1870750 176
1870760 176
1870770 176
1870780 176
1870790 176
1870800 176
1870810 175
1870820 175
1870830 175
1870840 175
1870850 175
1870860 175
1870870 175
1870880 175
1870890 175
1870900 175
1870910 175
1870920 175
1870930 176
1870940 176
1870950 177
1870960 178
1870970 178
1870980 179
1870990 180
1871000 180
1871010 181
1871020 182
1871030 182
1871040 182
1871050 182
1871060 182
1871070 182
1871080 182
1871090 182
1871100 181
1871110 181
1871120 181
1871130 180
1871140 180
1871150 180
1871160 180
1871170 179
1871180 179
1871190 179
1871200 179
1871210 179
1871220 178
1871230 178
1871240 177
1871250 177
1871260 177
1871270 176
1871280 175
1871290 175
1871300 173
1871310 173
1871320 173
1871330 172
1871340 172
1871350 172
1871360 172
1871370 173
1871380 173
1871390 172
1871400 171
1871410 171
1871420 171
1871430 171
1871440 170
1871450 170
1871460 170
1871470 170
1871480 170
1871490 170
1871500 170
1871510 170
1871520 169
1871530 169
1871540 169
1871550 169
1871560 169
1871570 169
1871580 169
1871590 169
1871600 170
1871610 170
1871620 170
1871630 170
1871640 169
1871650 169
1871660 169
1871670 169
1871680 169
1871690 170
1871700 170
1871710 170
1871720 170
1871730 169
1871740 169
1871750 169
1871760 169
1871770 170
1871780 170
1871790 171
1871800 171
1871810 171
1871820 172
1871830 172
1871840 172
1871850 173
1871860 173
1871870 174
1871880 175
1871890 175
1871900 176
1871910 177
1871920 177
1871930 177
1871940 178
1871950 178
1871960 178
1871970 179
1871980 179
1871990 179
1872000 179
1872010 180
1872020 181
1872030 181
1872040 182
1872050 183
1872060 183
1872070 183
1872080 183
1872090 183
1872100 183
1872110 185
1872120 185
1872130 185
1872140 185
1872150 185
1872160 185
1872170 185
1872180 185
1872190 186
1872200 186
1872210 186
1872220 186
1872230 187
1872240 187
1872250 187
1872260 187
1872270 187
1872280 187
1872290 187
1872300 187
1872310 186
1872320 186
1872330 186
1872340 186
1872350 186
1872360 186
1872370 185
1872380 185
1872390 185
1872400 185
1872410 184
1872420 184
1872430 184
1872440 183
1872450 184
1872460 183
1872470 183
1872480 183
1872490 182
1872500 182
1872510 182
1872520 181
1872530 181
1872540 181
1872550 180
1872560 180
1872570 180
1872580 180
1872590 179
1872600 179
1872610 179
1872620 179
1872630 179
1872640 179
1872650 178
1872660 178
1872670 178
1872680 178
1872690 178
1872700 178
1872710 177
1872720 177
1872730 177
1872740 177
1872750 177
1872760 176
1872770 176
1872780 177
1872790 176
1872800 176
1872810 176
1872820 175
1872830 175
1872840 175
1872850 174
1872860 174
1872870 173
1872880 173
1872890 173
1872900 172
1872910 171
1872920 171
1872930 171
1872940 170
1872950 170
1872960 170
1872970 169
1872980 169
1872990 169
1873000 169
1873010 169
1873020 168
1873030 168
1873040 168
1873050 168
1873060 168
1873070 168
1873080 167
1873090 167
1873100 167
1873110 167
1873120 167
1873130 167
1873140 167
1873150 166
1873160 166
1873170 166
1873180 165
1873190 165
1873200 165
1873210 166
1873220 166
1873230 166
1873240 166
1873250 166
1873260 167
1873270 167
1873280 167
1873290 168
1873300 168
1873310 168
1873320 169
1873330 169
1873340 169
1873350 170
1873360 171
1873370 171
1873380 171
1873390 172
1873400 172
1873410 172
1873420 173
1873430 173
1873440 174
1873450 174
1873460 174
1873470 176
1873480 178
1873490 178
1873500 180
1873510 182
1873520 182
1873530 183
1873540 185
1873550 185
1873560 187
1873570 188
1873580 188
1873590 188
1873600 188
1873610 188
1873620 188
1873630 188
1873640 189
1873650 191
1873660 191
1873670 193
1873680 195
1873690 195
1873700 196
1873710 198
1873720 198
1873730 199
1873740 201
1873750 201
1873760 204
1873770 207
1873780 207
1873790 207
1873800 210
1873810 210
1873820 212
1873830 212
1873840 212
1873850 213
1873860 213
1873870 213
1873880 214
1873890 215
1873900 215
1873910 216
1873920 217
1873930 217
1873940 218
1873950 218
1873960 218
1873970 219
1873980 220
1873990 220
1874000 220
1874010 221
1874020 221
1874030 221
1874040 222
1874050 222
1874060 223
1874070 223
1874080 223
1874090 224
1874100 224
1874110 224
1874120 225
1874130 225
1874140 225
1874150 225
1874160 226
1874170 226
1874180 226
1874190 226
1874200 226
1874210 227
1874220 227
1874230 227
1874240 227
1874250 227
1874260 227
1874270 228
1874280 228
1874290 228
1874300 228
1874310 228
1874320 228
1874330 229
1874340 229
1874350 229
1874360 229
1874370 229
1874380 229
1874390 229
1874400 230
1874410 230
1874420 230
1874430 230
1874440 230
1874450 230
1874460 230
1874470 230
1874480 230
1874490 230
1874500 230
1874510 230
1874520 230
1874530 230
1874540 230
1874550 230
1874560 230
1874570 230
1874580 230
1874590 229
1874600 229
1874610 229
1874620 229
1874630 229
1874640 229
1874650 228
1874660 228
1874670 228
1874680 228
1874690 228
1874700 228
1874710 227
1874720 227
1874730 227
1874740 226
1874750 226
1874760 226
1874770 225
1874780 225
1874790 225
1874800 224
1874810 223
1874820 223
1874830 223
1874840 222
1874850 222
1874860 221
1874870 221
1874880 221
1874890 220
1874900 219
1874910 219
1874920 218
1874930 217
1874940 217
1874950 216
1874960 215
1874970 215
1874980 214
1874990 213
1875000 213
1875010 213
1875020 212
1875030 212
1875040 211
1875050 210
1875060 210
1875070 209
1875080 208
1875090 208
1875100 208
1875110 207
1875120 207
1875130 206
1875140 205
1875150 205
1875160 205
1875170 204
1875180 204
1875190 203
1875200 203
1875210 203
1875220 202
1875230 202
1875240 202
1875250 201
1875260 201
1875270 201
1875280 200
1875290 200
1875300 199
1875310 199
1875320 199
1875330 199
1875340 198
1875350 198
1875360 198
1875370 197
1875380 197
1875390 197
1875400 196
1875410 196
1875420 196
1875430 196
1875440 196
1875450 196
1875460 195
1875470 195
1875480 195
1875490 194
1875500 194
1875510 194
1875520 194
1875530 194
1875540 194
1875550 194
1875560 194
1875570 193
1875580 193
1875590 193
1875600 193
1875610 193
1875620 193
1875630 193
1875640 192
1875650 192
1875660 192
1875670 192
1875680 192
1875690 192
1875700 192
1875710 192
1875720 191
1875730 191
1875740 191
1875750 191
1875760 191
1875770 191
1875780 191
1875790 191
1875800 191
1875810 191
1875820 191
1875830 191
1875840 190
1875850 190
1875860 190
1875870 190
1875880 190
1875890 190
1875900 190
1875910 190
1875920 190
1875930 190
1875940 190
1875950 190
1875960 190
1875970 190
1875980 190
1875990 189
1876000 189
1876010 189
1876020 189
1876030 189
1876040 189
1876050 189
1876060 189
1876070 189
1876080 189
1876090 189
1876100 189
1876110 189
1876120 189
1876130 188
1876140 188
1876150 188
1876160 188
1876170 188
1876180 188
1876190 188
1876200 188
1876210 188
1876220 188
1876230 188
1876240 188
1876250 189
1876260 189
1876270 189
1876280 189
1876290 189
1876300 189
1876310 189
1876320 189
1876330 189
1876340 189
1876350 189
1876360 189
1876370 189
1876380 189
1876390 189
1876400 189
1876410 189
1876420 189
1876430 189
1876440 189
1876450 189
1876460 190
1876470 190
1876480 190
1876490 190
1876500 190
1876510 190
1876520 190
1876530 190
1876540 190
1876550 190
1876560 190
1876570 190
1876580 190
1876590 190
1876600 190
1876610 190
1876620 190
1876630 190
1876640 190
1876650 190
1876660 190
1876670 190
1876680 190
1876690 190
1876700 190
1876710 190
1876720 190
1876730 190
1876740 190
1876750 190
1876760 189
1876770 189
1876780 189
1876790 189
1876800 189
1876810 189
1876820 189
1876830 190
1876840 190
1876850 190
1876860 190
1876870 190
1876880 190
1876890 190
1876900 190
1876910 190
1876920 190
1876930 190
1876940 190
1876950 190
1876960 190
1876970 190
1876980 190
1876990 191
1877000 191
1877010 191
1877020 191
1877030 191
1877040 191
1877050 191
1877060 191
1877070 191
1877080 191
1877090 191
1877100 191
1877110 190
1877120 190
1877130 190
1877140 190
1877150 190
1877160 190
1877170 190
1877180 190
1877190 190
1877200 190
1877210 189
1877220 189
1877230 189
1877240 189
1877250 189
1877260 189
1877270 189
1877280 189
1877290 189
1877300 189
1877310 189
1877320 189
1877330 189
1877340 189
1877350 188
1877360 188
1877370 188
1877380 188
1877390 188
1877400 188
1877410 188
1877420 188
1877430 188
1877440 188
1877450 188
1877460 188
1877470 188
1877480 188
1877490 188
1877500 188
1877510 188
1877520 188
1877530 188
1877540 188
1877550 188
1877560 188
1877570 188
1877580 188
1877590 188
1877600 188
1877610 188
1877620 188
1877630 187
1877640 187
1877650 187
1877660 187
1877670 187
1877680 187
1877690 187
1877700 187
1877710 187
1877720 187
1877730 187
1877740 187
1877750 187
1877760 186
1877770 186
1877780 186
1877790 186
1877800 186
1877810 186
1877820 186
1877830 186
1877840 186
1877850 186
1877860 186
1877870 186
1877880 186
1877890 186
1877900 186
1877910 186
1877920 186
1877930 186
1877940 186
1877950 186
1877960 186
1877970 186
1877980 186
1877990 186
1878000 186
1878010 186
1878020 186
1878030 186
1878040 186
1878050 186
1878060 187
1878070 187
1878080 187
1878090 187
1878100 187
1878110 187
1878120 187
1878130 187
1878140 187
1878150 187
1878160 187
1878170 187
1878180 187
1878190 187
1878200 187
1878210 187
1878220 187
1878230 187
1878240 187
1878250 188
1878260 188
1878270 188
1878280 188
1878290 188
1878300 188
1878310 188
1878320 188
1878330 188
1878340 188
1878350 188
1878360 188
1878370 188
1878380 188
1878390 188
1878400 188
1878410 188
1878420 188
1878430 188
1878440 188
1878450 188
1878460 188
1878470 188
1878480 188
1878490 188
1878500 188
1878510 188
1878520 188
1878530 188
1878540 188
1878550 188
1878560 188
1878570 188
1878580 188
1878590 188
1878600 188
1878610 188
1878620 188
1878630 188
1878640 188
1878650 187
1878660 187
1878670 187
1878680 187
1878690 187
1878700 187
1878710 187
1878720 187
1878730 187
1878740 186
1878750 186
1878760 186
1878770 185
1878780 185
1878790 185
1878800 184
1878810 183
1878820 183
1878830 182
1878840 181
1878850 181
1878860 179
1878870 178
1878880 178
1878890 176
1878900 175
1878910 175
1878920 173
1878930 172
1878940 172
1878950 171
1878960 170
1878970 170
1878980 169
1878990 168
1879000 168
1879010 167
1879020 166
1879030 166
1879040 165
1879050 164
1879060 164
1879070 164
1879080 163
1879090 163
1879100 162
1879110 161
1879120 161
1879130 160
1879140 160
1879150 160
1879160 160
1879170 159
1879180 159
1879190 159
1879200 159
1879210 159
1879220 159
1879230 158
1879240 158
1879250 158
1879260 158
1879270 158
1879280 158
1879290 158
1879300 158
1879310 158
1879320 158
1879330 158
1879340 158
1879350 158
1879360 158
1879370 158
1879380 158
1879390 158
1879400 158
1879410 158
1879420 158
1879430 158
1879440 158
1879450 158
1879460 158
1879470 158
1879480 158
1879490 158
1879500 158
1879510 158
1879520 158
1879530 158
1879540 158
1879550 159
1879560 159
1879570 159
1879580 159
1879590 159
1879600 159
1879610 159
1879620 159
1879630 159
1879640 159
1879650 159
1879660 159
1879670 159
1879680 159
1879690 159
1879700 159
1879710 159
1879720 159
1879730 159
1879740 159
1879750 159
1879760 159
1879770 159
1879780 159
1879790 159
1879800 159
1879810 159
1879820 160
1879830 160
1879840 160
1879850 159
1879860 159
1879870 159
1879880 159
1879890 159
1879900 159
1879910 159
1879920 159
1879930 158
1879940 158
1879950 158
1879960 158
1879970 158
1879980 158
1879990 158
