1860000 289
1860010 289
1860020 290
1860030 290
1860040 290
1860050 290
1860060 290
1860070 291
1860080 291
1860090 291
1860100 292
1860110 292
1860120 292
1860130 292
1860140 292
1860150 293
1860160 293
1860170 293
1860180 293
1860190 293
1860200 293
1860210 294
1860220 294
1860230 294
1860240 294
1860250 294
1860260 294
1860270 294
1860280 295
1860290 295
1860300 295
1860310 296
1860320 296
1860330 296
1860340 296
1860350 296
1860360 296
1860370 296
1860380 296
1860390 296
1860400 296
1860410 296
1860420 296
1860430 296
1860440 296
1860450 296
1860460 296
1860470 296
1860480 296
1860490 296
1860500 296
1860510 295
1860520 295
1860530 295
1860540 295
1860550 294
1860560 294
1860570 294
1860580 294
1860590 294
1860600 293
1860610 292
1860620 292
1860630 291
1860640 290
1860650 290
1860660 289
1860670 288
1860680 288
1860690 287
1860700 286
1860710 286
1860720 285
1860730 284
1860740 284
1860750 284
1860760 283
1860770 283
1860780 282
1860790 282
1860800 282
1860810 281
1860820 280
1860830 280
1860840 279
1860850 276
1860860 276
1860870 272
1860880 269
1860890 269
1860900 268
1860910 268
1860920 267
1860930 270
1860940 270
1860950 273
1860960 274
1860970 274
1860980 276
1860990 277
1861000 277
1861010 276
1861020 277
1861030 277
1861040 276
1861050 277
1861060 277
1861070 275
1861080 273
1861090 273
1861100 272
1861110 268
1861120 268
1861130 264
1861140 265
1861150 265
1861160 267
1861170 269
1861180 269
1861190 271
1861200 272
1861210 272
1861220 273
1861230 275
1861240 275
1861250 276
1861260 278
1861270 278
1861280 278
1861290 279
1861300 279
1861310 279
1861320 279
1861330 279
1861340 279
1861350 279
1861360 279
1861370 278
1861380 278
1861390 278
1861400 278
1861410 278
1861420 278
1861430 277
1861440 276
1861450 276
1861460 276
1861470 276
1861480 276
1861490 275
1861500 275
1861510 275
1861520 275
1861530 275
1861540 275
1861550 274
1861560 274
1861570 274
1861580 274
1861590 274
1861600 274
1861610 274
1861620 274
1861630 274
1861640 274
1861650 275
1861660 275
1861670 275
1861680 275
1861690 275
1861700 275
1861710 275
1861720 275
1861730 275
1861740 275
1861750 274
1861760 274
1861770 274
1861780 274
1861790 273
1861800 273
1861810 273
1861820 273
1861830 273
1861840 273
1861850 273
1861860 273
1861870 273
1861880 273
1861890 273
1861900 272
1861910 272
1861920 272
1861930 272
1861940 272
1861950 272
1861960 272
1861970 272
1861980 272
1861990 272
1862000 271
1862010 271
1862020 271
1862030 271
1862040 271
1862050 270
1862060 270
1862070 270
1862080 269
1862090 268
1862100 268
1862110 268
1862120 265
1862130 265
1862140 264
1862150 263
1862160 263
1862170 262
1862180 260
1862190 260
1862200 259
1862210 255
1862220 255
1862230 253
1862240 252
1862250 252
1862260 252
1862270 251
1862280 251
1862290 251
1862300 252
1862310 252
1862320 253
1862330 254
1862340 254
1862350 254
1862360 254
1862370 254
1862380 254
1862390 254
1862400 254
1862410 253
1862420 253
1862430 253
1862440 253
1862450 252
1862460 252
1862470 250
1862480 250
1862490 250
1862500 249
1862510 248
1862520 248
1862530 247
1862540 247
1862550 245
1862560 245
1862570 245
1862580 244
1862590 244
1862600 244
1862610 243
1862620 243
1862630 243
1862640 242
1862650 241
1862660 241
1862670 240
1862680 239
1862690 239
1862700 237
1862710 235
1862720 235
1862730 233
1862740 232
1862750 232
1862760 230
1862770 229
1862780 229
1862790 227
1862800 226
1862810 225
1862820 224
1862830 223
1862840 223
1862850 222
1862860 221
1862870 221
1862880 220
1862890 219
1862900 219
1862910 219
1862920 218
1862930 218
1862940 217
1862950 217
1862960 217
1862970 217
1862980 216
1862990 216
1863000 216
1863010 216
1863020 216
1863030 216
1863040 215
1863050 215
1863060 215
1863070 215
1863080 215
1863090 215
1863100 215
1863110 215
1863120 215
1863130 215
1863140 215
1863150 215
1863160 216
1863170 216
1863180 217
1863190 217
1863200 217
1863210 218
1863220 218
1863230 218
1863240 218
1863250 218
1863260 218
1863270 217
1863280 217
1863290 217
1863300 217
1863310 217
1863320 217
1863330 217
1863340 217
1863350 216
1863360 216
1863370 216
1863380 216
1863390 215
1863400 215
1863410 215
1863420 215
1863430 215
1863440 215
1863450 215
1863460 215
1863470 215
1863480 215
1863490 215
1863500 217
1863510 217
1863520 217
1863530 217
1863540 218
1863550 218
1863560 218
1863570 219
1863580 219
1863590 220
1863600 221
1863610 221
1863620 222
1863630 223
1863640 223
1863650 224
1863660 225
1863670 225
1863680 226
1863690 227
1863700 227
1863710 228
1863720 229
1863730 229
1863740 229
1863750 229
1863760 229
1863770 229
1863780 230
1863790 230
1863800 230
1863810 230
1863820 230
1863830 230
1863840 230
1863850 232
1863860 232
1863870 233
1863880 233
1863890 233
1863900 233
1863910 233
1863920 233
1863930 233
1863940 233
1863950 233
1863960 233
1863970 233
1863980 232
1863990 232
1864000 232
1864010 232
1864020 231
1864030 231
1864040 230
1864050 229
1864060 229
1864070 229
1864080 229
1864090 229
1864100 228
1864110 228
1864120 228
1864130 227
1864140 227
1864150 226
1864160 225
1864170 225
1864180 224
1864190 223
1864200 223
1864210 222
1864220 221
1864230 221
1864240 220
1864250 219
1864260 219
1864270 218
1864280 217
1864290 217
1864300 216
1864310 215
1864320 215
1864330 214
1864340 213
1864350 213
1864360 212
1864370 211
1864380 211
1864390 210
1864400 210
1864410 210
1864420 210
1864430 210
1864440 210
1864450 210
1864460 211
1864470 211
1864480 211
1864490 211
1864500 211
1864510 211
1864520 211
1864530 210
1864540 209
1864550 208
1864560 208
1864570 207
1864580 207
1864590 207
1864600 206
1864610 205
1864620 205
1864630 205
1864640 204
1864650 204
1864660 204
1864670 203
1864680 203
1864690 202
1864700 202
1864710 202
1864720 201
1864730 201
1864740 201
1864750 200
1864760 199
1864770 199
1864780 199
1864790 198
1864800 198
1864810 198
1864820 198
1864830 198
1864840 197
1864850 197
1864860 197
1864870 197
1864880 197
1864890 197
1864900 197
1864910 197
1864920 197
1864930 196
1864940 196
1864950 196
1864960 196
1864970 196
1864980 196
1864990 196
1865000 196
1865010 196
1865020 196
1865030 196
1865040 196
1865050 195
1865060 195
1865070 195
1865080 195
1865090 195
1865100 195
1865110 195
1865120 195
1865130 195
1865140 195
1865150 195
1865160 194
1865170 194
1865180 194
1865190 194
1865200 195
1865210 195
1865220 195
1865230 194
1865240 194
1865250 194
1865260 194
1865270 194
1865280 194
1865290 194
1865300 194
1865310 193
1865320 192
1865330 192
1865340 192
1865350 191
1865360 191
1865370 191
1865380 191
1865390 191
1865400 191
1865410 192
1865420 192
1865430 191
1865440 192
1865450 192
1865460 192
1865470 192
1865480 192
1865490 192
1865500 193
1865510 193
1865520 197
1865530 198
1865540 198
1865550 198
1865560 198
1865570 198
1865580 198
1865590 198
1865600 198
1865610 198
1865620 198
1865630 198
1865640 198
1865650 198
1865660 198
1865670 198
1865680 198
1865690 198
1865700 198
1865710 198
1865720 198
1865730 198
1865740 198
1865750 198
1865760 198
1865770 198
1865780 198
1865790 198
1865800 198
1865810 197
1865820 198
1865830 198
1865840 198
1865850 198
1865860 198
1865870 198
1865880 198
1865890 198
1865900 199
1865910 199
1865920 199
1865930 199
1865940 199
1865950 199
1865960 199
1865970 198
1865980 198
1865990 197
1866000 197
1866010 197
1866020 197
1866030 196
1866040 196
1866050 195
1866060 194
1866070 194
1866080 192
1866090 191
1866100 191
1866110 190
1866120 190
1866130 190
1866140 190
1866150 189
1866160 189
1866170 189
1866180 189
1866190 189
1866200 189
1866210 188
1866220 188
1866230 188
1866240 187
1866250 187
1866260 187
1866270 187
1866280 187
1866290 186
1866300 186
1866310 186
1866320 186
1866330 185
1866340 185
1866350 185
1866360 185
1866370 185
1866380 185
1866390 185
1866400 185
1866410 185
1866420 185
1866430 185
1866440 184
1866450 185
1866460 185
1866470 186
1866480 186
1866490 186
1866500 186
1866510 186
1866520 186
1866530 186
1866540 186
1866550 186
1866560 186
1866570 186
1866580 186
1866590 186
1866600 186
1866610 186
1866620 189
1866630 189
1866640 193
1866650 193
1866660 193
1866670 193
1866680 193
1866690 193
1866700 192
1866710 189
1866720 189
1866730 189
1866740 189
1866750 189
1866760 189
1866770 191
1866780 191
1866790 195
1866800 197
1866810 197
1866820 197
1866830 197
1866840 197
1866850 197
1866860 197
1866870 197
1866880 197
1866890 197
1866900 197
1866910 197
1866920 197
1866930 196
1866940 196
1866950 196
1866960 196
1866970 195
1866980 195
1866990 195
1867000 194
1867010 193
1867020 193
1867030 192
1867040 192
1867050 192
1867060 191
1867070 190
1867080 190
1867090 189
1867100 188
1867110 188
1867120 187
1867130 187
1867140 187
1867150 186
1867160 186
1867170 186
1867180 185
1867190 185
1867200 185
1867210 185
1867220 185
1867230 185
1867240 185
1867250 185
1867260 185
1867270 186
1867280 186
1867290 186
1867300 186
1867310 187
1867320 187
1867330 188
1867340 189
1867350 189
1867360 190
1867370 192
1867380 192
1867390 193
1867400 193
1867410 194
1867420 195
1867430 195
1867440 195
1867450 196
1867460 196
1867470 196
1867480 197
1867490 197
1867500 197
1867510 198
1867520 198
1867530 198
1867540 199
1867550 199
1867560 199
1867570 200
1867580 200
1867590 201
1867600 201
1867610 201
1867620 201
1867630 202
1867640 202
1867650 202
1867660 202
1867670 202
1867680 202
1867690 202
1867700 202
1867710 202
1867720 202
1867730 202
1867740 202
1867750 202
1867760 202
1867770 203
1867780 203
1867790 203
1867800 203
1867810 203
1867820 203
1867830 203
1867840 203
1867850 203
1867860 202
1867870 202
1867880 202
1867890 202
1867900 202
1867910 202
1867920 202
1867930 202
1867940 202
1867950 202
1867960 202
1867970 202
1867980 202
1867990 202
1868000 202
1868010 201
1868020 201
1868030 201
1868040 201
1868050 201
1868060 201
1868070 200
1868080 200
1868090 200
1868100 199
1868110 198
1868120 198
1868130 198
1868140 197
1868150 197
1868160 195
1868170 195
1868180 195
1868190 194
1868200 194
1868210 193
1868220 193
1868230 193
1868240 193
1868250 193
1868260 193
1868270 194
1868280 195
1868290 194
1868300 195
1868310 196
1868320 196
1868330 196
1868340 197
1868350 197
1868360 197
1868370 197
1868380 197
1868390 197
1868400 197
1868410 197
1868420 197
1868430 197
1868440 197
1868450 196
1868460 196
1868470 196
1868480 196
1868490 195
1868500 195
1868510 194
1868520 193
1868530 193
1868540 191
1868550 190
1868560 190
1868570 188
1868580 186
1868590 186
1868600 185
1868610 184
1868620 184
1868630 183
1868640 182
1868650 182
1868660 182
1868670 182
1868680 182
1868690 183
1868700 183
1868710 183
1868720 184
1868730 186
1868740 186
1868750 187
1868760 189
1868770 189
1868780 191
1868790 192
1868800 192
1868810 192
1868820 192
1868830 192
1868840 192
1868850 192
1868860 192
1868870 192
1868880 191
1868890 191
1868900 189
1868910 189
1868920 189
1868930 189
1868940 188
1868950 188
1868960 188
1868970 188
1868980 188
1868990 189
1869000 189
1869010 191
1869020 192
1869030 192
1869040 193
1869050 194
1869060 194
1869070 194
1869080 195
1869090 195
1869100 195
1869110 195
1869120 195
1869130 195
1869140 196
1869150 196
1869160 196
1869170 197
1869180 197
1869190 197
1869200 198
1869210 198
1869220 198
1869230 198
1869240 198
1869250 198
1869260 197
1869270 197
1869280 196
1869290 195
1869300 195
1869310 194
1869320 194
1869330 194
1869340 193
1869350 192
1869360 192
1869370 192
1869380 191
1869390 191
1869400 190
1869410 190
1869420 190
1869430 190
1869440 192
1869450 192
1869460 192
1869470 193
1869480 193
1869490 193
1869500 193
1869510 193
1869520 193
1869530 193
1869540 193
1869550 193
1869560 194
1869570 194
1869580 194
1869590 195
1869600 195
1869610 196
1869620 196
1869630 196
1869640 197
1869650 197
1869660 197
1869670 198
1869680 198
1869690 198
1869700 198
1869710 198
1869720 198
1869730 199
1869740 199
1869750 199
1869760 199
1869770 199
1869780 199
1869790 199
1869800 199
1869810 199
1869820 199
1869830 199
1869840 199
1869850 199
1869860 199
1869870 199
1869880 199
1869890 199
1869900 199
1869910 199
1869920 199
1869930 199
1869940 199
1869950 199
1869960 199
1869970 198
1869980 198
1869990 198
1870000 198
1870010 198
1870020 198
1870030 198
1870040 198
1870050 198
1870060 198
1870070 198
1870080 198
1870090 197
1870100 197
1870110 197
1870120 197
1870130 197
1870140 197
1870150 197
1870160 197
1870170 197
1870180 197
1870190 197
1870200 196
1870210 196
1870220 196
1870230 196
1870240 196
1870250 196
1870260 196
1870270 195
1870280 195
1870290 195
1870300 195
1870310 195
1870320 195
1870330 194
1870340 194
1870350 194
1870360 193
1870370 193
1870380 193
1870390 192
1870400 192
1870410 192
1870420 191
1870430 191
1870440 191
1870450 190
1870460 190
1870470 190
1870480 189
1870490 189
1870500 189
1870510 188
1870520 188
1870530 187
1870540 187
1870550 187
1870560 186
1870570 185
1870580 185
1870590 184
1870600 184
1870610 184
1870620 183
1870630 183
1870640 182
1870650 182
1870660 182
1870670 182
1870680 181
1870690 181
1870700 181
1870710 180
1870720 180
1870730 180
1870740 179
1870750 179
1870760 178
1870770 177
1870780 177
1870790 177
1870800 176
1870810 176
1870820 175
1870830 175
1870840 175
1870850 174
1870860 174
1870870 174
1870880 174
1870890 174
1870900 174
1870910 174
1870920 174
1870930 174
1870940 174
1870950 174
1870960 174
1870970 175
1870980 175
1870990 175
1871000 175
1871010 175
1871020 175
1871030 176
1871040 176
1871050 176
1871060 176
1871070 176
1871080 176
1871090 176
1871100 175
1871110 175
1871120 174
1871130 173
1871140 173
1871150 173
1871160 172
1871170 172
1871180 172
1871190 172
1871200 172
1871210 171
1871220 171
1871230 171
1871240 171
1871250 171
1871260 171
1871270 171
1871280 171
1871290 171
1871300 171
1871310 170
1871320 170
1871330 170
1871340 170
1871350 170
1871360 170
1871370 170
1871380 170
1871390 172
1871400 172
1871410 172
1871420 170
1871430 170
1871440 169
1871450 169
1871460 169
1871470 169
1871480 169
1871490 169
1871500 169
1871510 170
1871520 170
1871530 169
1871540 169
1871550 169
1871560 169
1871570 170
1871580 170
1871590 170
1871600 170
1871610 170
1871620 169
1871630 169
1871640 169
1871650 169
1871660 169
1871670 169
1871680 170
1871690 170
1871700 170
1871710 171
1871720 171
1871730 171
1871740 173
1871750 175
1871760 175
1871770 177
1871780 178
1871790 178
1871800 177
1871810 176
1871820 176
1871830 178
1871840 181
1871850 181
1871860 182
1871870 182
1871880 182
1871890 183
1871900 183
1871910 183
1871920 184
1871930 185
1871940 185
1871950 185
1871960 186
1871970 186
1871980 186
1871990 187
1872000 187
1872010 188
1872020 189
1872030 189
1872040 189
1872050 189
1872060 189
1872070 190
1872080 190
1872090 190
1872100 190
1872110 190
1872120 190
1872130 190
1872140 190
1872150 190
1872160 190
1872170 190
1872180 190
1872190 190
1872200 190
1872210 190
1872220 190
1872230 190
1872240 190
1872250 190
1872260 190
1872270 190
1872280 190
1872290 190
1872300 189
1872310 189
1872320 189
1872330 188
1872340 188
1872350 188
1872360 188
1872370 187
1872380 187
1872390 187
1872400 186
1872410 186
1872420 186
1872430 186
1872440 186
1872450 185
1872460 185
1872470 185
1872480 184
1872490 184
1872500 184
1872510 183
1872520 183
1872530 183
1872540 183
1872550 183
1872560 183
1872570 183
1872580 183
1872590 183
1872600 183
1872610 183
1872620 183
1872630 182
1872640 182
1872650 182
1872660 182
1872670 182
1872680 182
1872690 182
1872700 182
1872710 182
1872720 182
1872730 182
1872740 182
1872750 181
1872760 181
1872770 181
1872780 181
1872790 180
1872800 180
1872810 180
1872820 179
1872830 179
1872840 179
1872850 178
1872860 178
1872870 178
1872880 177
1872890 177
1872900 176
1872910 175
1872920 175
1872930 175
1872940 174
1872950 174
1872960 173
1872970 172
1872980 172
1872990 172
1873000 171
1873010 171
1873020 171
1873030 170
1873040 170
1873050 170
1873060 170
1873070 169
1873080 169
1873090 169
1873100 169
1873110 169
1873120 169
1873130 168
1873140 167
1873150 167
1873160 167
1873170 167
1873180 167
1873190 166
1873200 166
1873210 166
1873220 166
1873230 166
1873240 166
1873250 165
1873260 165
1873270 165
1873280 166
1873290 166
1873300 166
1873310 166
1873320 167
1873330 167
1873340 167
1873350 167
1873360 166
1873370 167
1873380 167
1873390 167
1873400 167
1873410 167
1873420 167
1873430 168
1873440 168
1873450 168
1873460 168
1873470 169
1873480 169
1873490 170
1873500 171
1873510 171
1873520 172
1873530 173
1873540 173
1873550 173
1873560 174
1873570 174
1873580 175
1873590 177
1873600 177
1873610 178
1873620 180
1873630 180
1873640 182
1873650 183
1873660 183
1873670 185
1873680 186
1873690 185
1873700 187
1873710 189
1873720 189
1873730 191
1873740 194
1873750 194
1873760 195
1873770 197
1873780 197
1873790 199
1873800 201
1873810 201
1873820 203
1873830 205
1873840 205
1873850 208
1873860 208
1873870 210
1873880 212
1873890 212
1873900 214
1873910 215
1873920 215
1873930 216
1873940 216
1873950 216
1873960 217
1873970 218
1873980 218
1873990 218
1874000 219
1874010 219
1874020 220
1874030 221
1874040 221
1874050 222
1874060 223
1874070 223
1874080 223
1874090 224
1874100 224
1874110 225
1874120 225
1874130 225
1874140 226
1874150 226
1874160 226
1874170 226
1874180 226
1874190 226
1874200 227
1874210 227
1874220 227
1874230 227
1874240 227
1874250 227
1874260 228
1874270 228
1874280 228
1874290 228
1874300 228
1874310 228
1874320 229
1874330 229
1874340 229
1874350 229
1874360 229
1874370 229
1874380 229
1874390 229
1874400 229
1874410 229
1874420 230
1874430 230
1874440 230
1874450 230
1874460 230
1874470 230
1874480 230
1874490 230
1874500 230
1874510 230
1874520 230
1874530 230
1874540 230
1874550 230
1874560 229
1874570 229
1874580 229
1874590 229
1874600 229
1874610 229
1874620 228
1874630 228
1874640 228
1874650 228
1874660 228
1874670 227
1874680 227
1874690 227
1874700 226
1874710 226
1874720 226
1874730 225
1874740 225
1874750 225
1874760 224
1874770 224
1874780 224
1874790 223
1874800 222
1874810 222
1874820 221
1874830 220
1874840 220
1874850 219
1874860 219
1874870 219
1874880 218
1874890 217
1874900 217
1874910 216
1874920 215
1874930 215
1874940 214
1874950 213
1874960 213
1874970 213
1874980 212
1874990 212
1875000 211
1875010 210
1875020 210
1875030 209
1875040 208
1875050 208
1875060 208
1875070 207
1875080 207
1875090 206
1875100 205
1875110 205
1875120 205
1875130 204
1875140 204
1875150 203
1875160 203
1875170 203
1875180 202
1875190 202
1875200 202
1875210 201
1875220 201
1875230 201
1875240 200
1875250 200
1875260 200
1875270 199
1875280 199
1875290 199
1875300 198
1875310 198
1875320 198
1875330 197
1875340 197
1875350 197
1875360 196
1875370 196
1875380 196
1875390 196
1875400 195
1875410 195
1875420 195
1875430 195
1875440 195
1875450 194
1875460 194
1875470 194
1875480 194
1875490 194
1875500 194
1875510 193
1875520 193
1875530 193
1875540 193
1875550 193
1875560 193
1875570 193
1875580 193
1875590 192
1875600 192
1875610 192
1875620 192
1875630 192
1875640 192
1875650 192
1875660 192
1875670 192
1875680 191
1875690 191
1875700 191
1875710 191
1875720 191
1875730 191
1875740 191
1875750 191
1875760 191
1875770 190
1875780 190
1875790 190
1875800 190
1875810 190
1875820 190
1875830 190
1875840 190
1875850 190
1875860 190
1875870 190
1875880 190
1875890 190
1875900 190
1875910 190
1875920 189
1875930 189
1875940 189
1875950 189
1875960 189
1875970 189
1875980 189
1875990 189
1876000 189
1876010 189
1876020 189
1876030 189
1876040 189
1876050 189
1876060 189
1876070 188
1876080 188
1876090 188
1876100 188
1876110 188
1876120 188
1876130 188
1876140 188
1876150 188
1876160 188
1876170 188
1876180 188
1876190 188
1876200 188
1876210 188
1876220 188
1876230 188
1876240 188
1876250 188
1876260 189
1876270 189
1876280 189
1876290 189
1876300 189
1876310 189
1876320 189
1876330 189
1876340 189
1876350 189
1876360 189
1876370 189
1876380 189
1876390 189
1876400 189
1876410 189
1876420 189
1876430 189
1876440 189
1876450 189
1876460 189
1876470 189
1876480 189
1876490 189
1876500 189
1876510 189
1876520 189
1876530 189
1876540 189
1876550 189
1876560 189
1876570 189
1876580 189
1876590 189
1876600 189
1876610 189
1876620 189
1876630 189
1876640 189
1876650 189
1876660 189
1876670 189
1876680 189
1876690 189
1876700 189
1876710 189
1876720 189
1876730 189
1876740 189
1876750 189
1876760 189
1876770 189
1876780 189
1876790 189
1876800 189
1876810 189
1876820 189
1876830 189
1876840 190
1876850 190
1876860 190
1876870 190
1876880 190
1876890 190
1876900 190
1876910 190
1876920 190
1876930 190
1876940 190
1876950 190
1876960 190
1876970 190
1876980 190
1876990 191
1877000 191
1877010 191
1877020 191
1877030 191
1877040 191
1877050 191
1877060 191
1877070 191
1877080 191
1877090 191
1877100 191
1877110 190
1877120 190
1877130 190
1877140 190
1877150 190
1877160 190
1877170 190
1877180 190
1877190 190
1877200 190
1877210 190
1877220 190
1877230 190
1877240 190
1877250 190
1877260 190
1877270 190
1877280 190
1877290 189
1877300 189
1877310 189
1877320 189
1877330 189
1877340 189
1877350 189
1877360 189
1877370 189
1877380 189
1877390 189
1877400 189
1877410 189
1877420 189
1877430 189
1877440 189
1877450 189
1877460 189
1877470 188
1877480 188
1877490 188
1877500 188
1877510 188
1877520 188
1877530 188
1877540 188
1877550 188
1877560 188
1877570 188
1877580 187
1877590 187
1877600 187
1877610 187
1877620 187
1877630 187
1877640 187
1877650 187
1877660 187
1877670 186
1877680 186
1877690 186
1877700 186
1877710 186
1877720 186
1877730 186
1877740 186
1877750 186
1877760 186
1877770 185
1877780 185
1877790 185
1877800 185
1877810 185
1877820 185
1877830 185
1877840 185
1877850 185
1877860 185
1877870 185
1877880 185
1877890 185
1877900 185
1877910 185
1877920 185
1877930 185
1877940 185
1877950 185
1877960 185
1877970 185
1877980 185
1877990 185
1878000 185
1878010 185
1878020 186
1878030 185
1878040 185
1878050 186
1878060 186
1878070 186
1878080 186
1878090 186
1878100 186
1878110 186
1878120 186
1878130 186
1878140 186
1878150 186
1878160 186
1878170 186
1878180 186
1878190 186
1878200 186
1878210 186
1878220 186
1878230 186
1878240 186
1878250 186
1878260 186
1878270 187
1878280 187
1878290 187
1878300 187
1878310 187
1878320 187
1878330 187
1878340 187
1878350 187
1878360 186
1878370 186
1878380 186
1878390 186
1878400 186
1878410 187
1878420 186
1878430 186
1878440 186
1878450 186
1878460 186
1878470 187
1878480 187
1878490 187
1878500 187
1878510 186
1878520 186
1878530 186
1878540 186
1878550 186
1878560 186
1878570 186
1878580 186
1878590 186
1878600 186
1878610 186
1878620 186
1878630 186
1878640 186
1878650 186
1878660 186
1878670 186
1878680 186
1878690 185
1878700 185
1878710 185
1878720 185
1878730 185
1878740 185
1878750 185
1878760 185
1878770 184
1878780 184
1878790 184
1878800 184
1878810 184
1878820 183
1878830 182
1878840 182
1878850 181
1878860 180
1878870 180
1878880 178
1878890 177
1878900 177
1878910 176
1878920 174
1878930 174
1878940 173
1878950 172
1878960 172
1878970 171
1878980 170
1878990 170
1879000 169
1879010 168
1879020 168
1879030 167
1879040 165
1879050 165
1879060 164
1879070 164
1879080 164
1879090 162
1879100 162
1879110 162
1879120 161
1879130 161
1879140 161
1879150 160
1879160 160
1879170 160
1879180 159
1879190 159
1879200 159
1879210 159
1879220 159
1879230 159
1879240 158
1879250 158
1879260 158
1879270 158
1879280 158
1879290 158
1879300 158
1879310 158
1879320 158
1879330 158
1879340 158
1879350 158
1879360 158
1879370 158
1879380 158
1879390 158
1879400 158
1879410 158
1879420 158
1879430 158
1879440 158
1879450 158
1879460 158
1879470 158
1879480 158
1879490 158
1879500 158
1879510 158
1879520 158
1879530 158
1879540 158
1879550 158
1879560 158
1879570 158
1879580 158
1879590 159
1879600 159
1879610 159
1879620 159
1879630 159
1879640 159
1879650 159
1879660 159
1879670 159
1879680 159
1879690 159
1879700 159
1879710 159
1879720 159
1879730 159
1879740 159
1879750 159
1879760 159
1879770 159
1879780 159
1879790 159
1879800 159
1879810 159
1879820 159
1879830 159
1879840 159
1879850 159
1879860 159
1879870 159
1879880 159
1879890 159
1879900 159
1879910 159
1879920 159
1879930 159
1879940 159
1879950 158
1879960 158
1879970 158
1879980 158
1879990 158
