1860000 284
1860010 284
1860020 284
1860030 284
1860040 284
1860050 285
1860060 285
1860070 285
1860080 285
1860090 285
1860100 285
1860110 285
1860120 285
1860130 285
1860140 284
1860150 284
1860160 284
1860170 284
1860180 284
1860190 284
1860200 284
1860210 283
1860220 283
1860230 283
1860240 282
1860250 282
1860260 282
1860270 282
1860280 282
1860290 282
1860300 282
1860310 282
1860320 281
1860330 281
1860340 281
1860350 280
1860360 280
1860370 280
1860380 280
1860390 280
1860400 280
1860410 279
1860420 279
1860430 279
1860440 279
1860450 279
1860460 279
1860470 279
1860480 279
1860490 279
1860500 279
1860510 279
1860520 279
1860530 280
1860540 280
1860550 280
1860560 281
1860570 281
1860580 281
1860590 281
1860600 282
1860610 282
1860620 282
1860630 282
1860640 282
1860650 283
1860660 283
1860670 283
1860680 283
1860690 284
1860700 284
1860710 284
1860720 285
1860730 285
1860740 285
1860750 285
1860760 286
1860770 286
1860780 286
1860790 286
1860800 287
1860810 287
1860820 287
1860830 288
1860840 288
1860850 288
1860860 288
1860870 288
1860880 288
1860890 288
1860900 288
1860910 288
1860920 289
1860930 289
1860940 289
1860950 289
1860960 289
1860970 289
1860980 289
1860990 289
1861000 289
1861010 289
1861020 289
1861030 289
1861040 289
1861050 289
1861060 289
1861070 288
1861080 288
1861090 288
1861100 288
1861110 288
1861120 288
1861130 288
1861140 288
1861150 288
1861160 288
1861170 288
1861180 288
1861190 288
1861200 288
1861210 288
1861220 288
1861230 288
1861240 287
1861250 287
1861260 287
1861270 287
1861280 287
1861290 287
1861300 287
1861310 287
1861320 287
1861330 287
1861340 287
1861350 287
1861360 288
1861370 288
1861380 288
1861390 288
1861400 288
1861410 288
1861420 288
1861430 288
1861440 288
1861450 289
1861460 289
1861470 289
1861480 289
1861490 289
1861500 289
1861510 289
1861520 289
1861530 289
1861540 289
1861550 289
1861560 290
1861570 290
1861580 290
1861590 290
1861600 290
1861610 290
1861620 290
1861630 291
1861640 291
1861650 291
1861660 291
1861670 291
1861680 291
1861690 291
1861700 291
1861710 291
1861720 291
1861730 291
1861740 291
1861750 291
1861760 291
1861770 291
1861780 290
1861790 290
1861800 291
1861810 291
1861820 291
1861830 292
1861840 292
1861850 292
1861860 293
1861870 293
1861880 293
1861890 292
1861900 292
1861910 292
1861920 292
1861930 292
1861940 292
1861950 292
1861960 292
1861970 292
1861980 292
1861990 292
1862000 292
1862010 292
1862020 292
1862030 292
1862040 292
1862050 292
1862060 292
1862070 291
1862080 291
1862090 291
1862100 291
1862110 291
1862120 291
1862130 290
1862140 290
1862150 290
1862160 289
1862170 289
1862180 289
1862190 287
1862200 287
1862210 287
1862220 287
1862230 287
1862240 287
1862250 286
1862260 285
1862270 285
1862280 285
1862290 284
1862300 284
1862310 283
1862320 283
1862330 283
1862340 282
1862350 282
1862360 281
1862370 280
1862380 280
1862390 279
1862400 278
1862410 278
1862420 277
1862430 276
1862440 276
1862450 275
1862460 274
1862470 274
1862480 273
1862490 271
1862500 271
1862510 269
1862520 267
1862530 267
1862540 266
1862550 265
1862560 265
1862570 264
1862580 262
1862590 262
1862600 261
1862610 260
1862620 260
1862630 259
1862640 257
1862650 257
1862660 256
1862670 255
1862680 255
1862690 253
1862700 252
1862710 252
1862720 251
1862730 250
1862740 250
1862750 249
1862760 248
1862770 248
1862780 247
1862790 247
1862800 247
1862810 246
1862820 245
1862830 245
1862840 244
1862850 244
1862860 244
1862870 244
1862880 243
1862890 243
1862900 243
1862910 242
1862920 242
1862930 242
1862940 242
1862950 242
1862960 242
1862970 242
1862980 242
1862990 242
1863000 242
1863010 242
1863020 242
1863030 243
1863040 243
1863050 243
1863060 244
1863070 244
1863080 245
1863090 246
1863100 246
1863110 247
1863120 248
1863130 248
1863140 249
1863150 249
1863160 250
1863170 251
1863180 252
1863190 252
1863200 252
1863210 252
1863220 252
1863230 252
1863240 252
1863250 252
1863260 252
1863270 252
1863280 251
1863290 251
1863300 251
1863310 250
1863320 249
1863330 249
1863340 248
1863350 246
1863360 246
1863370 245
1863380 244
1863390 244
1863400 243
1863410 241
1863420 241
1863430 240
1863440 239
1863450 239
1863460 238
1863470 236
1863480 236
1863490 235
1863500 234
1863510 234
1863520 233
1863530 232
1863540 232
1863550 232
1863560 231
1863570 231
1863580 230
1863590 229
1863600 229
1863610 228
1863620 227
1863630 227
1863640 226
1863650 226
1863660 226
1863670 225
1863680 224
1863690 224
1863700 224
1863710 223
1863720 223
1863730 222
1863740 222
1863750 222
1863760 221
1863770 220
1863780 220
1863790 219
1863800 218
1863810 218
1863820 218
1863830 217
1863840 217
1863850 216
1863860 216
1863870 216
1863880 215
1863890 215
1863900 215
1863910 214
1863920 214
1863930 214
1863940 214
1863950 214
1863960 213
1863970 213
1863980 213
1863990 213
1864000 212
1864010 212
1864020 212
1864030 212
1864040 212
1864050 212
1864060 211
1864070 211
1864080 211
1864090 211
1864100 211
1864110 211
1864120 210
1864130 210
1864140 210
1864150 209
1864160 209
1864170 209
1864180 209
1864190 209
1864200 208
1864210 208
1864220 208
1864230 208
1864240 208
1864250 208
1864260 207
1864270 207
1864280 207
1864290 207
1864300 207
1864310 207
1864320 206
1864330 206
1864340 206
1864350 206
1864360 206
1864370 206
1864380 205
1864390 203
1864400 203
1864410 203
1864420 203
1864430 203
1864440 203
1864450 203
1864460 203
1864470 203
1864480 204
1864490 204
1864500 205
1864510 205
1864520 205
1864530 205
1864540 204
1864550 205
1864560 205
1864570 205
1864580 205
1864590 205
1864600 205
1864610 205
1864620 205
1864630 205
1864640 205
1864650 205
1864660 205
1864670 205
1864680 205
1864690 205
1864700 205
1864710 205
1864720 205
1864730 204
1864740 204
1864750 204
1864760 203
1864770 202
1864780 202
1864790 201
1864800 201
1864810 201
1864820 201
1864830 200
1864840 200
1864850 200
1864860 200
1864870 200
1864880 199
1864890 199
1864900 199
1864910 199
1864920 200
1864930 200
1864940 200
1864950 200
1864960 200
1864970 201
1864980 202
1864990 202
1865000 202
1865010 202
1865020 202
1865030 202
1865040 202
1865050 202
1865060 202
1865070 202
1865080 202
1865090 202
1865100 202
1865110 202
1865120 202
1865130 202
1865140 202
1865150 202
1865160 202
1865170 202
1865180 202
1865190 202
1865200 202
1865210 203
1865220 203
1865230 203
1865240 204
1865250 204
1865260 204
1865270 204
1865280 204
1865290 204
1865300 204
1865310 204
1865320 204
1865330 204
1865340 204
1865350 204
1865360 204
1865370 204
1865380 204
1865390 204
1865400 204
1865410 204
1865420 204
1865430 204
1865440 204
1865450 204
1865460 203
1865470 203
1865480 203
1865490 203
1865500 203
1865510 203
1865520 203
1865530 203
1865540 203
1865550 203
1865560 203
1865570 203
1865580 203
1865590 203
1865600 203
1865610 203
1865620 203
1865630 203
1865640 203
1865650 202
1865660 202
1865670 202
1865680 202
1865690 202
1865700 202
1865710 202
1865720 202
1865730 202
1865740 202
1865750 202
1865760 202
1865770 202
1865780 202
1865790 202
1865800 202
1865810 201
1865820 201
1865830 201
1865840 201
1865850 201
1865860 201
1865870 201
1865880 201
1865890 200
1865900 200
1865910 200
1865920 199
1865930 198
1865940 198
1865950 197
1865960 196
1865970 196
1865980 195
1865990 193
1866000 193
1866010 193
1866020 192
1866030 192
1866040 192
1866050 192
1866060 192
1866070 193
1866080 194
1866090 194
1866100 194
1866110 195
1866120 195
1866130 196
1866140 197
1866150 197
1866160 197
1866170 198
1866180 198
1866190 199
1866200 199
1866210 199
1866220 199
1866230 200
1866240 200
1866250 200
1866260 200
1866270 200
1866280 201
1866290 201
1866300 201
1866310 201
1866320 201
1866330 201
1866340 201
1866350 201
1866360 201
1866370 202
1866380 202
1866390 202
1866400 202
1866410 202
1866420 202
1866430 202
1866440 202
1866450 202
1866460 202
1866470 202
1866480 202
1866490 202
1866500 202
1866510 202
1866520 202
1866530 202
1866540 202
1866550 202
1866560 202
1866570 202
1866580 201
1866590 201
1866600 201
1866610 201
1866620 201
1866630 201
1866640 201
1866650 201
1866660 200
1866670 200
1866680 200
1866690 200
1866700 199
1866710 199
1866720 199
1866730 199
1866740 199
1866750 198
1866760 198
1866770 198
1866780 197
1866790 197
1866800 197
1866810 196
1866820 195
1866830 195
1866840 194
1866850 193
1866860 193
1866870 192
1866880 191
1866890 191
1866900 190
1866910 189
1866920 189
1866930 188
1866940 187
1866950 187
1866960 186
1866970 186
1866980 186
1866990 185
1867000 185
1867010 185
1867020 185
1867030 185
1867040 185
1867050 185
1867060 185
1867070 185
1867080 185
1867090 185
1867100 185
1867110 184
1867120 184
1867130 184
1867140 185
1867150 185
1867160 185
1867170 185
1867180 185
1867190 185
1867200 185
1867210 185
1867220 185
1867230 186
1867240 186
1867250 186
1867260 186
1867270 186
1867280 186
1867290 188
1867300 188
1867310 189
1867320 190
1867330 190
1867340 191
1867350 191
1867360 191
1867370 192
1867380 193
1867390 193
1867400 194
1867410 194
1867420 194
1867430 195
1867440 195
1867450 195
1867460 196
1867470 196
1867480 196
1867490 197
1867500 197
1867510 197
1867520 197
1867530 198
1867540 198
1867550 198
1867560 198
1867570 198
1867580 198
1867590 198
1867600 198
1867610 198
1867620 198
1867630 198
1867640 198
1867650 198
1867660 198
1867670 197
1867680 197
1867690 197
1867700 197
1867710 197
1867720 197
1867730 197
1867740 197
1867750 197
1867760 198
1867770 198
1867780 198
1867790 198
1867800 198
1867810 198
1867820 198
1867830 198
1867840 198
1867850 198
1867860 198
1867870 198
1867880 199
1867890 199
1867900 199
1867910 199
1867920 199
1867930 199
1867940 199
1867950 199
1867960 198
1867970 199
1867980 199
1867990 199
1868000 198
1868010 198
1868020 198
1868030 198
1868040 198
1868050 198
1868060 198
1868070 198
1868080 198
1868090 196
1868100 196
1868110 194
1868120 197
1868130 197
1868140 195
1868150 190
1868160 190
1868170 190
1868180 194
1868190 194
1868200 196
1868210 195
1868220 195
1868230 195
1868240 194
1868250 194
1868260 194
1868270 194
1868280 194
1868290 194
1868300 193
1868310 193
1868320 192
1868330 192
1868340 192
1868350 192
1868360 191
1868370 191
1868380 191
1868390 190
1868400 190
1868410 190
1868420 189
1868430 189
1868440 189
1868450 188
1868460 188
1868470 188
1868480 187
1868490 187
1868500 186
1868510 186
1868520 186
1868530 185
1868540 184
1868550 184
1868560 183
1868570 183
1868580 183
1868590 182
1868600 182
1868610 182
1868620 181
1868630 181
1868640 181
1868650 180
1868660 180
1868670 180
1868680 180
1868690 180
1868700 179
1868710 179
1868720 179
1868730 179
1868740 179
1868750 179
1868760 179
1868770 179
1868780 179
1868790 179
1868800 179
1868810 179
1868820 179
1868830 179
1868840 179
1868850 179
1868860 178
1868870 178
1868880 179
1868890 179
1868900 179
1868910 178
1868920 178
1868930 178
1868940 178
1868950 178
1868960 178
1868970 178
1868980 178
1868990 179
1869000 179
1869010 179
1869020 179
1869030 180
1869040 181
1869050 181
1869060 182
1869070 183
1869080 183
1869090 183
1869100 184
1869110 184
1869120 185
1869130 185
1869140 185
1869150 186
1869160 186
1869170 186
1869180 187
1869190 187
1869200 187
1869210 188
1869220 188
1869230 188
1869240 189
1869250 190
1869260 190
1869270 190
1869280 191
1869290 191
1869300 191
1869310 191
1869320 191
1869330 192
1869340 192
1869350 192
1869360 193
1869370 192
1869380 192
1869390 192
1869400 191
1869410 191
1869420 190
1869430 189
1869440 189
1869450 188
1869460 187
1869470 187
1869480 186
1869490 186
1869500 184
1869510 183
1869520 183
1869530 182
1869540 181
1869550 181
1869560 181
1869570 181
1869580 181
1869590 182
1869600 183
1869610 183
1869620 185
1869630 186
1869640 186
1869650 188
1869660 189
1869670 190
1869680 191
1869690 192
1869700 192
1869710 193
1869720 193
1869730 193
1869740 194
1869750 194
1869760 194
1869770 195
1869780 195
1869790 195
1869800 196
1869810 196
1869820 196
1869830 196
1869840 197
1869850 197
1869860 197
1869870 197
1869880 197
1869890 197
1869900 197
1869910 197
1869920 197
1869930 196
1869940 196
1869950 196
1869960 195
1869970 195
1869980 195
1869990 195
1870000 195
1870010 195
1870020 195
1870030 195
1870040 196
1870050 196
1870060 196
1870070 197
1870080 197
1870090 197
1870100 198
1870110 198
1870120 198
1870130 199
1870140 199
1870150 199
1870160 199
1870170 199
1870180 199
1870190 199
1870200 199
1870210 199
1870220 199
1870230 199
1870240 199
1870250 199
1870260 199
1870270 199
1870280 199
1870290 199
1870300 199
1870310 199
1870320 199
1870330 199
1870340 199
1870350 199
1870360 199
1870370 199
1870380 199
1870390 199
1870400 199
1870410 199
1870420 199
1870430 199
1870440 199
1870450 199
1870460 199
1870470 199
1870480 199
1870490 199
1870500 199
1870510 199
1870520 199
1870530 199
1870540 198
1870550 198
1870560 198
1870570 198
1870580 198
1870590 198
1870600 198
1870610 198
1870620 198
1870630 198
1870640 198
1870650 198
1870660 198
1870670 198
1870680 198
1870690 198
1870700 198
1870710 198
1870720 198
1870730 198
1870740 198
1870750 198
1870760 198
1870770 198
1870780 198
1870790 198
1870800 198
1870810 198
1870820 198
1870830 198
1870840 199
1870850 199
1870860 199
1870870 199
1870880 199
1870890 199
1870900 199
1870910 199
1870920 199
1870930 199
1870940 199
1870950 199
1870960 199
1870970 199
1870980 199
1870990 199
1871000 199
1871010 199
1871020 199
1871030 199
1871040 199
1871050 199
1871060 199
1871070 199
1871080 199
1871090 199
1871100 199
1871110 199
1871120 199
1871130 199
1871140 199
1871150 199
1871160 199
1871170 199
1871180 199
1871190 199
1871200 199
1871210 199
1871220 199
1871230 198
1871240 198
1871250 198
1871260 198
1871270 198
1871280 198
1871290 198
1871300 198
1871310 198
1871320 198
1871330 198
1871340 198
1871350 197
1871360 197
1871370 197
1871380 196
1871390 196
1871400 196
1871410 196
1871420 196
1871430 196
1871440 195
1871450 195
1871460 195
1871470 195
1871480 195
1871490 195
1871500 195
1871510 195
1871520 195
1871530 194
1871540 194
1871550 194
1871560 193
1871570 193
1871580 193
1871590 192
1871600 192
1871610 192
1871620 192
1871630 192
1871640 191
1871650 191
1871660 191
1871670 191
1871680 190
1871690 190
1871700 189
1871710 188
1871720 188
1871730 188
1871740 187
1871750 187
1871760 186
1871770 184
1871780 184
1871790 183
1871800 181
1871810 181
1871820 181
1871830 180
1871840 180
1871850 180
1871860 180
1871870 179
1871880 179
1871890 179
1871900 179
1871910 179
1871920 179
1871930 180
1871940 180
1871950 180
1871960 181
1871970 181
1871980 181
1871990 181
1872000 181
1872010 181
1872020 181
1872030 180
1872040 180
1872050 179
1872060 179
1872070 179
1872080 179
1872090 178
1872100 178
1872110 177
1872120 176
1872130 176
1872140 175
1872150 175
1872160 175
1872170 175
1872180 174
1872190 174
1872200 174
1872210 174
1872220 174
1872230 174
1872240 173
1872250 173
1872260 173
1872270 173
1872280 173
1872290 173
1872300 173
1872310 173
1872320 173
1872330 172
1872340 172
1872350 172
1872360 172
1872370 172
1872380 172
1872390 172
1872400 172
1872410 172
1872420 172
1872430 172
1872440 172
1872450 173
1872460 173
1872470 173
1872480 173
1872490 173
1872500 173
1872510 173
1872520 173
1872530 173
1872540 173
1872550 173
1872560 173
1872570 173
1872580 173
1872590 174
1872600 174
1872610 174
1872620 175
1872630 175
1872640 175
1872650 176
1872660 176
1872670 177
1872680 177
1872690 177
1872700 178
1872710 181
1872720 181
1872730 181
1872740 182
1872750 182
1872760 183
1872770 183
1872780 183
1872790 184
1872800 184
1872810 184
1872820 185
1872830 185
1872840 185
1872850 186
1872860 186
1872870 186
1872880 186
1872890 186
1872900 186
1872910 187
1872920 187
1872930 187
1872940 187
1872950 187
1872960 187
1872970 188
1872980 188
1872990 188
1873000 188
1873010 188
1873020 188
1873030 188
1873040 189
1873050 189
1873060 189
1873070 189
1873080 189
1873090 189
1873100 189
1873110 189
1873120 189
1873130 188
1873140 188
1873150 188
1873160 188
1873170 188
1873180 188
1873190 187
1873200 187
1873210 187
1873220 187
1873230 187
1873240 187
1873250 186
1873260 186
1873270 185
1873280 184
1873290 184
1873300 184
1873310 183
1873320 183
1873330 182
1873340 181
1873350 181
1873360 180
1873370 180
1873380 180
1873390 180
1873400 179
1873410 179
1873420 178
1873430 178
1873440 178
1873450 176
1873460 176
1873470 175
1873480 175
1873490 175
1873500 174
1873510 175
1873520 175
1873530 175
1873540 174
1873550 174
1873560 173
1873570 173
1873580 173
1873590 172
1873600 172
1873610 172
1873620 172
1873630 171
1873640 171
1873650 170
1873660 169
1873670 169
1873680 169
1873690 168
1873700 168
1873710 168
1873720 167
1873730 167
1873740 167
1873750 167
1873760 167
1873770 166
1873780 166
1873790 166
1873800 166
1873810 165
1873820 165
1873830 165
1873840 165
1873850 165
1873860 165
1873870 164
1873880 164
1873890 165
1873900 165
1873910 165
1873920 165
1873930 165
1873940 165
1873950 165
1873960 164
1873970 164
1873980 164
1873990 164
1874000 164
1874010 164
1874020 164
1874030 164
1874040 164
1874050 164
1874060 164
1874070 164
1874080 164
1874090 164
1874100 164
1874110 164
1874120 164
1874130 162
1874140 163
1874150 163
1874160 164
1874170 164
1874180 164
1874190 164
1874200 164
1874210 164
1874220 165
1874230 165
1874240 166
1874250 168
1874260 168
1874270 171
1874280 173
1874290 173
1874300 175
1874310 178
1874320 178
1874330 180
1874340 183
1874350 183
1874360 185
1874370 188
1874380 191
1874390 194
1874400 198
1874410 198
1874420 200
1874430 199
1874440 199
1874450 199
1874460 198
1874470 198
1874480 198
1874490 197
1874500 197
1874510 196
1874520 195
1874530 195
1874540 194
1874550 193
1874560 193
1874570 192
1874580 191
1874590 191
1874600 190
1874610 189
1874620 189
1874630 188
1874640 188
1874650 188
1874660 188
1874670 188
1874680 188
1874690 188
1874700 188
1874710 188
1874720 187
1874730 188
1874740 188
1874750 188
1874760 189
1874770 189
1874780 189
1874790 190
1874800 190
1874810 190
1874820 190
1874830 190
1874840 190
1874850 190
1874860 190
1874870 190
1874880 190
1874890 190
1874900 190
1874910 189
1874920 189
1874930 189
1874940 189
1874950 189
1874960 189
1874970 188
1874980 188
1874990 188
1875000 188
1875010 188
1875020 187
1875030 187
1875040 187
1875050 187
1875060 187
1875070 187
1875080 186
1875090 186
1875100 186
1875110 186
1875120 186
1875130 186
1875140 186
1875150 186
1875160 186
1875170 186
1875180 186
1875190 185
1875200 185
1875210 185
1875220 185
1875230 185
1875240 185
1875250 185
1875260 185
1875270 185
1875280 185
1875290 185
1875300 185
1875310 185
1875320 185
1875330 185
1875340 185
1875350 184
1875360 184
1875370 184
1875380 184
1875390 184
1875400 184
1875410 184
1875420 184
1875430 184
1875440 184
1875450 184
1875460 184
1875470 183
1875480 183
1875490 183
1875500 183
1875510 183
1875520 183
1875530 183
1875540 183
1875550 182
1875560 182
1875570 182
1875580 182
1875590 181
1875600 181
1875610 181
1875620 180
1875630 180
1875640 180
1875650 179
1875660 179
1875670 179
1875680 178
1875690 178
1875700 178
1875710 177
1875720 178
1875730 177
1875740 176
1875750 176
1875760 176
1875770 175
1875780 175
1875790 174
1875800 174
1875810 174
1875820 174
1875830 174
1875840 174
1875850 175
1875860 175
1875870 175
1875880 176
1875890 176
1875900 176
1875910 176
1875920 176
1875930 176
1875940 176
1875950 176
1875960 176
1875970 177
1875980 177
1875990 177
1876000 177
1876010 177
1876020 177
1876030 177
1876040 177
1876050 176
1876060 176
1876070 176
1876080 176
1876090 176
1876100 176
1876110 176
1876120 177
1876130 177
1876140 178
1876150 178
1876160 178
1876170 179
1876180 180
1876190 180
1876200 180
1876210 181
1876220 181
1876230 182
1876240 182
1876250 182
1876260 182
1876270 182
1876280 182
1876290 182
1876300 182
1876310 182
1876320 182
1876330 182
1876340 182
1876350 182
1876360 182
1876370 182
1876380 182
1876390 182
1876400 182
1876410 182
1876420 182
1876430 182
1876440 182
1876450 182
1876460 182
1876470 182
1876480 181
1876490 181
1876500 181
1876510 181
1876520 181
1876530 181
1876540 181
1876550 181
1876560 181
1876570 181
1876580 181
1876590 181
1876600 181
1876610 180
1876620 180
1876630 180
1876640 180
1876650 180
1876660 180
1876670 180
1876680 180
1876690 180
1876700 180
1876710 181
1876720 181
1876730 181
1876740 181
1876750 181
1876760 181
1876770 182
1876780 182
1876790 182
1876800 182
1876810 182
1876820 183
1876830 183
1876840 183
1876850 183
1876860 182
1876870 182
1876880 183
1876890 183
1876900 183
1876910 183
1876920 183
1876930 183
1876940 183
1876950 183
1876960 183
1876970 183
1876980 183
1876990 183
1877000 183
1877010 183
1877020 183
1877030 183
1877040 183
1877050 183
1877060 184
1877070 184
1877080 184
1877090 184
1877100 184
1877110 184
1877120 184
1877130 184
1877140 184
1877150 184
1877160 184
1877170 184
1877180 184
1877190 184
1877200 184
1877210 183
1877220 183
1877230 183
1877240 183
1877250 183
1877260 183
1877270 183
1877280 183
1877290 183
1877300 183
1877310 183
1877320 183
1877330 183
1877340 183
1877350 183
1877360 183
1877370 183
1877380 183
1877390 183
1877400 183
1877410 183
1877420 183
1877430 183
1877440 183
1877450 183
1877460 183
1877470 183
1877480 183
1877490 183
1877500 183
1877510 183
1877520 183
1877530 183
1877540 183
1877550 183
1877560 183
1877570 183
1877580 183
1877590 183
1877600 182
1877610 182
1877620 182
1877630 182
1877640 182
1877650 182
1877660 182
1877670 182
1877680 182
1877690 182
1877700 182
1877710 182
1877720 182
1877730 182
1877740 182
1877750 182
1877760 182
1877770 181
1877780 181
1877790 181
1877800 181
1877810 181
1877820 181
1877830 181
1877840 181
1877850 181
1877860 180
1877870 180
1877880 180
1877890 179
1877900 179
1877910 179
1877920 179
1877930 178
1877940 178
1877950 178
1877960 177
1877970 177
1877980 177
1877990 177
1878000 177
1878010 176
1878020 176
1878030 176
1878040 175
1878050 174
1878060 174
1878070 174
1878080 173
1878090 173
1878100 173
1878110 172
1878120 172
1878130 172
1878140 171
1878150 171
1878160 171
1878170 171
1878180 170
1878190 170
1878200 170
1878210 170
1878220 169
1878230 169
1878240 169
1878250 169
1878260 169
1878270 169
1878280 169
1878290 169
1878300 169
1878310 169
1878320 169
1878330 168
1878340 168
1878350 168
1878360 168
1878370 168
1878380 168
1878390 168
1878400 168
1878410 168
1878420 168
1878430 168
1878440 168
1878450 168
1878460 168
1878470 168
1878480 168
1878490 168
1878500 168
1878510 168
1878520 168
1878530 168
1878540 168
1878550 168
1878560 168
1878570 168
1878580 168
1878590 168
1878600 168
1878610 168
1878620 168
1878630 168
1878640 168
1878650 168
1878660 168
1878670 168
1878680 168
1878690 168
1878700 168
1878710 168
1878720 168
1878730 167
1878740 167
1878750 167
1878760 167
1878770 167
1878780 167
1878790 167
1878800 167
1878810 167
1878820 167
1878830 167
1878840 167
1878850 167
1878860 167
1878870 167
1878880 167
1878890 167
1878900 167
1878910 167
1878920 167
1878930 167
1878940 167
1878950 167
1878960 167
1878970 167
1878980 167
1878990 167
1879000 167
1879010 167
1879020 167
1879030 167
1879040 167
1879050 167
1879060 167
1879070 167
1879080 167
1879090 167
1879100 166
1879110 166
1879120 166
1879130 166
1879140 166
1879150 166
1879160 167
1879170 165
1879180 165
1879190 164
1879200 164
1879210 164
1879220 163
1879230 163
1879240 163
1879250 163
1879260 162
1879270 162
1879280 162
1879290 162
1879300 162
1879310 161
1879320 161
1879330 161
1879340 161
1879350 161
1879360 161
1879370 161
1879380 160
1879390 160
1879400 160
1879410 160
1879420 160
1879430 160
1879440 160
1879450 160
1879460 160
1879470 159
1879480 159
1879490 159
1879500 159
1879510 159
1879520 160
1879530 159
1879540 159
1879550 159
1879560 159
1879570 159
1879580 159
1879590 159
1879600 159
1879610 159
1879620 158
1879630 158
1879640 157
1879650 157
1879660 157
1879670 157
1879680 157
1879690 157
1879700 157
1879710 156
1879720 156
1879730 156
1879740 156
1879750 156
1879760 156
1879770 156
1879780 156
1879790 156
1879800 156
1879810 156
1879820 156
1879830 156
1879840 156
1879850 155
1879860 155
1879870 155
1879880 156
1879890 156
1879900 155
1879910 155
1879920 155
1879930 156
1879940 156
1879950 156
1879960 156
1879970 156
1879980 156
1879990 156
