1860000 286
1860010 287
1860020 287
1860030 287
1860040 287
1860050 287
1860060 287
1860070 287
1860080 287
1860090 288
1860100 288
1860110 288
1860120 288
1860130 288
1860140 288
1860150 289
1860160 289
1860170 289
1860180 290
1860190 290
1860200 290
1860210 290
1860220 290
1860230 290
1860240 290
1860250 290
1860260 291
1860270 291
1860280 291
1860290 291
1860300 291
1860310 291
1860320 291
1860330 291
1860340 291
1860350 291
1860360 291
1860370 291
1860380 291
1860390 291
1860400 291
1860410 291
1860420 291
1860430 291
1860440 291
1860450 291
1860460 291
1860470 291
1860480 291
1860490 291
1860500 290
1860510 290
1860520 290
1860530 290
1860540 290
1860550 290
1860560 289
1860570 289
1860580 289
1860590 289
1860600 289
1860610 289
1860620 289
1860630 289
1860640 289
1860650 289
1860660 288
1860670 288
1860680 288
1860690 288
1860700 288
1860710 288
1860720 287
1860730 287
1860740 287
1860750 287
1860760 287
1860770 287
1860780 287
1860790 287
1860800 287
1860810 287
1860820 287
1860830 287
1860840 288
1860850 288
1860860 288
1860870 288
1860880 288
1860890 288
1860900 289
1860910 289
1860920 289
1860930 289
1860940 289
1860950 289
1860960 289
1860970 289
1860980 289
1860990 289
1861000 289
1861010 289
1861020 289
1861030 289
1861040 289
1861050 289
1861060 289
1861070 289
1861080 289
1861090 290
1861100 290
1861110 290
1861120 290
1861130 290
1861140 290
1861150 290
1861160 289
1861170 289
1861180 289
1861190 289
1861200 289
1861210 289
1861220 289
1861230 289
1861240 288
1861250 288
1861260 288
1861270 288
1861280 287
1861290 287
1861300 287
1861310 286
1861320 286
1861330 286
1861340 285
1861350 285
1861360 284
1861370 284
1861380 284
1861390 283
1861400 282
1861410 282
1861420 281
1861430 281
1861440 281
1861450 280
1861460 279
1861470 279
1861480 278
1861490 277
1861500 277
1861510 276
1861520 276
1861530 276
1861540 275
1861550 274
1861560 274
1861570 273
1861580 272
1861590 272
1861600 271
1861610 268
1861620 268
1861630 266
1861640 262
1861650 262
1861660 260
1861670 260
1861680 260
1861690 259
1861700 260
1861710 260
1861720 261
1861730 261
1861740 264
1861750 267
1861760 267
1861770 267
1861780 266
1861790 266
1861800 265
1861810 264
1861820 264
1861830 263
1861840 263
1861850 263
1861860 262
1861870 262
1861880 262
1861890 262
1861900 262
1861910 262
1861920 263
1861930 264
1861940 264
1861950 265
1861960 265
1861970 265
1861980 265
1861990 265
1862000 265
1862010 264
1862020 264
1862030 264
1862040 264
1862050 263
1862060 263
1862070 262
1862080 261
1862090 261
1862100 261
1862110 261
1862120 261
1862130 261
1862140 261
1862150 261
1862160 262
1862170 262
1862180 262
1862190 262
1862200 262
1862210 262
1862220 262
1862230 263
1862240 263
1862250 264
1862260 264
1862270 264
1862280 264
1862290 266
1862300 266
1862310 266
1862320 266
1862330 266
1862340 267
1862350 267
1862360 267
1862370 267
1862380 267
1862390 267
1862400 266
1862410 266
1862420 266
1862430 265
1862440 264
1862450 264
1862460 264
1862470 264
1862480 264
1862490 262
1862500 261
1862510 261
1862520 260
1862530 260
1862540 259
1862550 257
1862560 257
1862570 256
1862580 255
1862590 255
1862600 254
1862610 254
1862620 254
1862630 253
1862640 251
1862650 251
1862660 250
1862670 250
1862680 250
1862690 249
1862700 249
1862710 249
1862720 248
1862730 247
1862740 247
1862750 247
1862760 246
1862770 246
1862780 246
1862790 245
1862800 245
1862810 245
1862820 244
1862830 244
1862840 244
1862850 243
1862860 243
1862870 243
1862880 243
1862890 243
1862900 242
1862910 242
1862920 242
1862930 241
1862940 241
1862950 241
1862960 240
1862970 240
1862980 238
1862990 238
1863000 237
1863010 237
1863020 237
1863030 236
1863040 236
1863050 236
1863060 235
1863070 235
1863080 235
1863090 234
1863100 234
1863110 234
1863120 233
1863130 233
1863140 233
1863150 232
1863160 232
1863170 232
1863180 231
1863190 231
1863200 231
1863210 230
1863220 230
1863230 230
1863240 229
1863250 229
1863260 229
1863270 228
1863280 228
1863290 228
1863300 227
1863310 227
1863320 227
1863330 227
1863340 227
1863350 227
1863360 227
1863370 226
1863380 225
1863390 225
1863400 225
1863410 225
1863420 225
1863430 225
1863440 225
1863450 225
1863460 226
1863470 225
1863480 225
1863490 225
1863500 225
1863510 225
1863520 225
1863530 225
1863540 225
1863550 225
1863560 225
1863570 225
1863580 225
1863590 225
1863600 225
1863610 225
1863620 226
1863630 226
1863640 226
1863650 227
1863660 227
1863670 230
1863680 231
1863690 231
1863700 232
1863710 232
1863720 232
1863730 233
1863740 234
1863750 234
1863760 234
1863770 234
1863780 234
1863790 234
1863800 233
1863810 233
1863820 233
1863830 233
1863840 233
1863850 233
1863860 232
1863870 232
1863880 232
1863890 232
1863900 232
1863910 231
1863920 231
1863930 231
1863940 231
1863950 230
1863960 230
1863970 230
1863980 229
1863990 229
1864000 228
1864010 228
1864020 228
1864030 227
1864040 227
1864050 227
1864060 226
1864070 226
1864080 226
1864090 225
1864100 224
1864110 224
1864120 224
1864130 224
1864140 223
1864150 223
1864160 223
1864170 222
1864180 222
1864190 222
1864200 221
1864210 221
1864220 221
1864230 220
1864240 220
1864250 220
1864260 219
1864270 219
1864280 219
1864290 218
1864300 218
1864310 218
1864320 218
1864330 217
1864340 217
1864350 217
1864360 217
1864370 217
1864380 217
1864390 217
1864400 217
1864410 217
1864420 217
1864430 217
1864440 216
1864450 216
1864460 216
1864470 216
1864480 216
1864490 216
1864500 217
1864510 217
1864520 217
1864530 217
1864540 216
1864550 216
1864560 215
1864570 214
1864580 214
1864590 213
1864600 213
1864610 213
1864620 213
1864630 213
1864640 213
1864650 213
1864660 212
1864670 212
1864680 212
1864690 211
1864700 211
1864710 210
1864720 209
1864730 209
1864740 208
1864750 207
1864760 207
1864770 207
1864780 206
1864790 206
1864800 205
1864810 205
1864820 205
1864830 205
1864840 205
1864850 205
1864860 205
1864870 205
1864880 205
1864890 205
1864900 205
1864910 205
1864920 205
1864930 205
1864940 205
1864950 205
1864960 205
1864970 205
1864980 205
1864990 205
1865000 204
1865010 204
1865020 204
1865030 203
1865040 203
1865050 200
1865060 199
1865070 198
1865080 198
1865090 197
1865100 198
1865110 198
1865120 198
1865130 197
1865140 197
1865150 197
1865160 197
1865170 197
1865180 198
1865190 198
1865200 198
1865210 198
1865220 198
1865230 198
1865240 198
1865250 198
1865260 198
1865270 197
1865280 196
1865290 196
1865300 195
1865310 194
1865320 194
1865330 194
1865340 194
1865350 194
1865360 194
1865370 193
1865380 193
1865390 193
1865400 192
1865410 192
1865420 192
1865430 192
1865440 192
1865450 192
1865460 192
1865470 192
1865480 192
1865490 192
1865500 192
1865510 192
1865520 192
1865530 192
1865540 192
1865550 192
1865560 192
1865570 192
1865580 192
1865590 192
1865600 191
1865610 191
1865620 191
1865630 191
1865640 191
1865650 191
1865660 192
1865670 191
1865680 191
1865690 191
1865700 191
1865710 191
1865720 191
1865730 191
1865740 191
1865750 191
1865760 191
1865770 191
1865780 191
1865790 191
1865800 191
1865810 191
1865820 191
1865830 192
1865840 192
1865850 192
1865860 192
1865870 192
1865880 192
1865890 192
1865900 192
1865910 192
1865920 192
1865930 193
1865940 193
1865950 192
1865960 192
1865970 192
1865980 193
1865990 193
1866000 193
1866010 192
1866020 189
1866030 189
1866040 188
1866050 188
1866060 188
1866070 188
1866080 188
1866090 188
1866100 188
1866110 188
1866120 188
1866130 188
1866140 187
1866150 187
1866160 187
1866170 187
1866180 187
1866190 187
1866200 187
1866210 187
1866220 187
1866230 188
1866240 188
1866250 188
1866260 188
1866270 188
1866280 188
1866290 189
1866300 189
1866310 191
1866320 192
1866330 192
1866340 194
1866350 195
1866360 195
1866370 194
1866380 194
1866390 194
1866400 194
1866410 193
1866420 193
1866430 193
1866440 193
1866450 193
1866460 192
1866470 192
1866480 192
1866490 192
1866500 192
1866510 192
1866520 192
1866530 192
1866540 192
1866550 192
1866560 192
1866570 192
1866580 192
1866590 192
1866600 192
1866610 192
1866620 192
1866630 193
1866640 193
1866650 193
1866660 193
1866670 194
1866680 194
1866690 194
1866700 194
1866710 194
1866720 195
1866730 195
1866740 195
1866750 196
1866760 196
1866770 196
1866780 197
1866790 197
1866800 197
1866810 197
1866820 198
1866830 198
1866840 198
1866850 198
1866860 198
1866870 198
1866880 197
1866890 197
1866900 197
1866910 197
1866920 197
1866930 197
1866940 197
1866950 197
1866960 197
1866970 197
1866980 197
1866990 197
1867000 196
1867010 196
1867020 195
1867030 193
1867040 193
1867050 194
1867060 195
1867070 195
1867080 195
1867090 194
1867100 194
1867110 193
1867120 192
1867130 192
1867140 192
1867150 191
1867160 191
1867170 191
1867180 190
1867190 190
1867200 188
1867210 184
1867220 184
1867230 182
1867240 182
1867250 182
1867260 182
1867270 182
1867280 182
1867290 182
1867300 182
1867310 182
1867320 182
1867330 182
1867340 183
1867350 185
1867360 185
1867370 185
1867380 184
1867390 184
1867400 184
1867410 183
1867420 183
1867430 182
1867440 182
1867450 182
1867460 181
1867470 181
1867480 181
1867490 182
1867500 182
1867510 182
1867520 181
1867530 181
1867540 181
1867550 181
1867560 181
1867570 181
1867580 182
1867590 182
1867600 182
1867610 182
1867620 182
1867630 182
1867640 183
1867650 183
1867660 183
1867670 184
1867680 185
1867690 185
1867700 185
1867710 186
1867720 186
1867730 187
1867740 187
1867750 187
1867760 187
1867770 187
1867780 188
1867790 189
1867800 189
1867810 189
1867820 189
1867830 188
1867840 188
1867850 185
1867860 183
1867870 183
1867880 185
1867890 185
1867900 185
1867910 186
1867920 184
1867930 184
1867940 184
1867950 183
1867960 183
1867970 183
1867980 183
1867990 183
1868000 183
1868010 188
1868020 188
1868030 189
1868040 189
1868050 189
1868060 188
1868070 188
1868080 188
1868090 187
1868100 187
1868110 186
1868120 183
1868130 183
1868140 184
1868150 184
1868160 184
1868170 183
1868180 183
1868190 183
1868200 183
1868210 183
1868220 183
1868230 183
1868240 183
1868250 183
1868260 182
1868270 182
1868280 182
1868290 182
1868300 182
1868310 182
1868320 183
1868330 182
1868340 182
1868350 182
1868360 182
1868370 182
1868380 182
1868390 182
1868400 182
1868410 182
1868420 184
1868430 184
1868440 185
1868450 191
1868460 189
1868470 193
1868480 193
1868490 193
1868500 193
1868510 193
1868520 193
1868530 193
1868540 194
1868550 194
1868560 194
1868570 194
1868580 194
1868590 194
1868600 194
1868610 194
1868620 194
1868630 194
1868640 194
1868650 194
1868660 194
1868670 194
1868680 194
1868690 194
1868700 194
1868710 194
1868720 194
1868730 194
1868740 194
1868750 194
1868760 194
1868770 193
1868780 193
1868790 193
1868800 193
1868810 192
1868820 192
1868830 192
1868840 192
1868850 192
1868860 191
1868870 191
1868880 191
1868890 191
1868900 191
1868910 190
1868920 190
1868930 190
1868940 190
1868950 189
1868960 189
1868970 189
1868980 188
1868990 188
1869000 187
1869010 187
1869020 187
1869030 186
1869040 186
1869050 186
1869060 185
1869070 184
1869080 184
1869090 183
1869100 182
1869110 182
1869120 182
1869130 181
1869140 180
1869150 180
1869160 179
1869170 179
1869180 179
1869190 179
1869200 179
1869210 178
1869220 178
1869230 178
1869240 178
1869250 178
1869260 178
1869270 178
1869280 178
1869290 178
1869300 177
1869310 177
1869320 177
1869330 177
1869340 177
1869350 177
1869360 177
1869370 177
1869380 177
1869390 177
1869400 177
1869410 177
1869420 177
1869430 177
1869440 177
1869450 177
1869460 177
1869470 177
1869480 177
1869490 177
1869500 177
1869510 177
1869520 177
1869530 177
1869540 177
1869550 177
1869560 177
1869570 177
1869580 177
1869590 177
1869600 177
1869610 177
1869620 177
1869630 178
1869640 178
1869650 178
1869660 178
1869670 178
1869680 178
1869690 178
1869700 178
1869710 177
1869720 177
1869730 177
1869740 177
1869750 176
1869760 176
1869770 176
1869780 176
1869790 176
1869800 176
1869810 176
1869820 177
1869830 176
1869840 176
1869850 176
1869860 176
1869870 176
1869880 176
1869890 176
1869900 176
1869910 176
1869920 176
1869930 176
1869940 176
1869950 176
1869960 176
1869970 176
1869980 176
1869990 176
1870000 176
1870010 176
1870020 177
1870030 177
1870040 177
1870050 177
1870060 177
1870070 178
1870080 180
1870090 180
1870100 181
1870110 182
1870120 182
1870130 182
1870140 183
1870150 183
1870160 184
1870170 185
1870180 185
1870190 186
1870200 186
1870210 186
1870220 187
1870230 188
1870240 188
1870250 188
1870260 189
1870270 189
1870280 189
1870290 190
1870300 190
1870310 191
1870320 191
1870330 191
1870340 192
1870350 192
1870360 192
1870370 192
1870380 192
1870390 192
1870400 192
1870410 192
1870420 192
1870430 191
1870440 191
1870450 191
1870460 191
1870470 191
1870480 191
1870490 191
1870500 191
1870510 191
1870520 191
1870530 191
1870540 192
1870550 192
1870560 192
1870570 192
1870580 192
1870590 192
1870600 192
1870610 193
1870620 193
1870630 193
1870640 193
1870650 193
1870660 194
1870670 194
1870680 194
1870690 195
1870700 195
1870710 195
1870720 195
1870730 196
1870740 196
1870750 196
1870760 196
1870770 196
1870780 196
1870790 197
1870800 197
1870810 197
1870820 197
1870830 197
1870840 197
1870850 198
1870860 198
1870870 198
1870880 198
1870890 198
1870900 198
1870910 198
1870920 198
1870930 198
1870940 198
1870950 198
1870960 198
1870970 198
1870980 198
1870990 198
1871000 198
1871010 198
1871020 199
1871030 199
1871040 199
1871050 199
1871060 198
1871070 198
1871080 198
1871090 198
1871100 198
1871110 198
1871120 197
1871130 197
1871140 197
1871150 197
1871160 197
1871170 197
1871180 197
1871190 197
1871200 197
1871210 198
1871220 198
1871230 198
1871240 198
1871250 198
1871260 199
1871270 199
1871280 199
1871290 199
1871300 199
1871310 199
1871320 199
1871330 199
1871340 199
1871350 199
1871360 199
1871370 199
1871380 198
1871390 198
1871400 198
1871410 198
1871420 198
1871430 198
1871440 197
1871450 197
1871460 197
1871470 196
1871480 196
1871490 196
1871500 196
1871510 195
1871520 195
1871530 195
1871540 195
1871550 196
1871560 196
1871570 196
1871580 197
1871590 197
1871600 197
1871610 197
1871620 197
1871630 197
1871640 197
1871650 197
1871660 197
1871670 197
1871680 197
1871690 197
1871700 197
1871710 197
1871720 197
1871730 197
1871740 197
1871750 197
1871760 197
1871770 197
1871780 197
1871790 197
1871800 197
1871810 197
1871820 197
1871830 197
1871840 197
1871850 197
1871860 197
1871870 197
1871880 197
1871890 197
1871900 197
1871910 197
1871920 197
1871930 197
1871940 196
1871950 196
1871960 196
1871970 196
1871980 196
1871990 196
1872000 196
1872010 196
1872020 196
1872030 196
1872040 196
1872050 196
1872060 196
1872070 196
1872080 196
1872090 196
1872100 196
1872110 196
1872120 196
1872130 196
1872140 196
1872150 196
1872160 196
1872170 196
1872180 195
1872190 195
1872200 196
1872210 195
1872220 195
1872230 195
1872240 195
1872250 195
1872260 195
1872270 195
1872280 195
1872290 195
1872300 195
1872310 195
1872320 194
1872330 194
1872340 194
1872350 194
1872360 194
1872370 194
1872380 194
1872390 193
1872400 193
1872410 193
1872420 193
1872430 193
1872440 192
1872450 192
1872460 192
1872470 192
1872480 191
1872490 191
1872500 191
1872510 190
1872520 190
1872530 190
1872540 189
1872550 189
1872560 189
1872570 188
1872580 188
1872590 188
1872600 187
1872610 187
1872620 187
1872630 186
1872640 186
1872650 186
1872660 186
1872670 186
1872680 185
1872690 185
1872700 185
1872710 185
1872720 185
1872730 185
1872740 184
1872750 184
1872760 184
1872770 183
1872780 183
1872790 183
1872800 183
1872810 182
1872820 182
1872830 182
1872840 182
1872850 180
1872860 180
1872870 180
1872880 180
1872890 179
1872900 179
1872910 179
1872920 178
1872930 178
1872940 178
1872950 177
1872960 177
1872970 177
1872980 176
1872990 176
1873000 175
1873010 175
1873020 175
1873030 174
1873040 173
1873050 173
1873060 173
1873070 172
1873080 172
1873090 172
1873100 171
1873110 171
1873120 170
1873130 169
1873140 169
1873150 169
1873160 168
1873170 168
1873180 168
1873190 168
1873200 168
1873210 168
1873220 168
1873230 168
1873240 168
1873250 168
1873260 168
1873270 168
1873280 168
1873290 168
1873300 168
1873310 168
1873320 168
1873330 169
1873340 169
1873350 169
1873360 169
1873370 169
1873380 169
1873390 168
1873400 167
1873410 167
1873420 167
1873430 166
1873440 166
1873450 166
1873460 166
1873470 166
1873480 166
1873490 165
1873500 165
1873510 165
1873520 165
1873530 166
1873540 166
1873550 165
1873560 165
1873570 165
1873580 166
1873590 166
1873600 167
1873610 167
1873620 167
1873630 167
1873640 167
1873650 167
1873660 166
1873670 166
1873680 165
1873690 165
1873700 165
1873710 166
1873720 166
1873730 166
1873740 166
1873750 165
1873760 165
1873770 165
1873780 165
1873790 165
1873800 165
1873810 165
1873820 165
1873830 165
1873840 165
1873850 165
1873860 165
1873870 164
1873880 164
1873890 163
1873900 163
1873910 163
1873920 164
1873930 164
1873940 164
1873950 164
1873960 164
1873970 164
1873980 164
1873990 164
1874000 164
1874010 164
1874020 164
1874030 164
1874040 164
1874050 164
1874060 164
1874070 164
1874080 164
1874090 164
1874100 164
1874110 164
1874120 164
1874130 164
1874140 165
1874150 165
1874160 165
1874170 165
1874180 165
1874190 165
1874200 164
1874210 164
1874220 164
1874230 164
1874240 164
1874250 164
1874260 164
1874270 164
1874280 164
1874290 165
1874300 165
1874310 166
1874320 167
1874330 167
1874340 169
1874350 171
1874360 171
1874370 174
1874380 177
1874390 177
1874400 179
1874410 182
1874420 182
1874430 185
1874440 188
1874450 188
1874460 191
1874470 191
1874480 194
1874490 198
1874500 198
1874510 201
1874520 205
1874530 203
1874540 206
1874550 209
1874560 209
1874570 210
1874580 210
1874590 210
1874600 210
1874610 209
1874620 209
1874630 208
1874640 207
1874650 207
1874660 206
1874670 205
1874680 205
1874690 205
1874700 204
1874710 204
1874720 203
1874730 202
1874740 202
1874750 201
1874760 200
1874770 200
1874780 200
1874790 199
1874800 199
1874810 199
1874820 198
1874830 198
1874840 198
1874850 197
1874860 197
1874870 196
1874880 196
1874890 196
1874900 196
1874910 195
1874920 195
1874930 195
1874940 195
1874950 195
1874960 194
1874970 194
1874980 194
1874990 193
1875000 193
1875010 193
1875020 193
1875030 192
1875040 192
1875050 192
1875060 192
1875070 192
1875080 191
1875090 191
1875100 191
1875110 191
1875120 191
1875130 191
1875140 190
1875150 190
1875160 190
1875170 190
1875180 190
1875190 190
1875200 189
1875210 189
1875220 189
1875230 189
1875240 189
1875250 189
1875260 188
1875270 188
1875280 188
1875290 188
1875300 188
1875310 188
1875320 188
1875330 188
1875340 188
1875350 187
1875360 187
1875370 187
1875380 187
1875390 187
1875400 187
1875410 187
1875420 187
1875430 186
1875440 186
1875450 186
1875460 186
1875470 186
1875480 186
1875490 185
1875500 185
1875510 185
1875520 185
1875530 184
1875540 184
1875550 184
1875560 184
1875570 184
1875580 183
1875590 183
1875600 183
1875610 183
1875620 182
1875630 182
1875640 182
1875650 182
1875660 182
1875670 181
1875680 181
1875690 181
1875700 181
1875710 181
1875720 181
1875730 180
1875740 180
1875750 180
1875760 179
1875770 178
1875780 178
1875790 178
1875800 178
1875810 178
1875820 179
1875830 179
1875840 179
1875850 180
1875860 180
1875870 180
1875880 181
1875890 181
1875900 181
1875910 182
1875920 182
1875930 182
1875940 182
1875950 182
1875960 182
1875970 182
1875980 182
1875990 182
1876000 182
1876010 182
1876020 182
1876030 182
1876040 182
1876050 182
1876060 182
1876070 182
1876080 183
1876090 182
1876100 182
1876110 182
1876120 182
1876130 182
1876140 182
1876150 181
1876160 181
1876170 181
1876180 181
1876190 181
1876200 181
1876210 182
1876220 182
1876230 182
1876240 183
1876250 183
1876260 183
1876270 184
1876280 184
1876290 184
1876300 184
1876310 184
1876320 185
1876330 185
1876340 185
1876350 185
1876360 185
1876370 185
1876380 185
1876390 185
1876400 185
1876410 185
1876420 185
1876430 185
1876440 185
1876450 185
1876460 185
1876470 185
1876480 185
1876490 185
1876500 185
1876510 185
1876520 185
1876530 185
1876540 185
1876550 185
1876560 185
1876570 185
1876580 185
1876590 186
1876600 185
1876610 185
1876620 185
1876630 185
1876640 185
1876650 185
1876660 185
1876670 185
1876680 185
1876690 185
1876700 185
1876710 185
1876720 184
1876730 184
1876740 185
1876750 185
1876760 185
1876770 185
1876780 185
1876790 185
1876800 185
1876810 185
1876820 185
1876830 185
1876840 185
1876850 185
1876860 185
1876870 185
1876880 185
1876890 185
1876900 185
1876910 185
1876920 185
1876930 185
1876940 185
1876950 185
1876960 185
1876970 185
1876980 185
1876990 185
1877000 185
1877010 185
1877020 185
1877030 185
1877040 185
1877050 185
1877060 185
1877070 185
1877080 185
1877090 185
1877100 185
1877110 185
1877120 185
1877130 185
1877140 185
1877150 185
1877160 184
1877170 184
1877180 185
1877190 185
1877200 184
1877210 184
1877220 184
1877230 184
1877240 184
1877250 184
1877260 184
1877270 184
1877280 184
1877290 184
1877300 184
1877310 184
1877320 184
1877330 184
1877340 184
1877350 184
1877360 184
1877370 184
1877380 184
1877390 183
1877400 183
1877410 183
1877420 183
1877430 183
1877440 183
1877450 183
1877460 183
1877470 183
1877480 182
1877490 182
1877500 182
1877510 182
1877520 182
1877530 182
1877540 182
1877550 182
1877560 182
1877570 182
1877580 182
1877590 182
1877600 182
1877610 182
1877620 182
1877630 182
1877640 182
1877650 182
1877660 182
1877670 182
1877680 182
1877690 182
1877700 182
1877710 182
1877720 181
1877730 181
1877740 181
1877750 181
1877760 181
1877770 181
1877780 181
1877790 181
1877800 181
1877810 181
1877820 181
1877830 181
1877840 181
1877850 181
1877860 182
1877870 182
1877880 182
1877890 182
1877900 182
1877910 182
1877920 182
1877930 182
1877940 182
1877950 182
1877960 182
1877970 182
1877980 182
1877990 182
1878000 182
1878010 182
1878020 182
1878030 182
1878040 181
1878050 181
1878060 181
1878070 181
1878080 181
1878090 181
1878100 180
1878110 180
1878120 180
1878130 180
1878140 180
1878150 180
1878160 179
1878170 179
1878180 179
1878190 178
1878200 178
1878210 178
1878220 177
1878230 177
1878240 177
1878250 177
1878260 176
1878270 176
1878280 176
1878290 176
1878300 176
1878310 175
1878320 175
1878330 175
1878340 175
1878350 174
1878360 174
1878370 174
1878380 173
1878390 173
1878400 173
1878410 173
1878420 173
1878430 172
1878440 172
1878450 172
1878460 171
1878470 171
1878480 171
1878490 171
1878500 171
1878510 171
1878520 171
1878530 171
1878540 171
1878550 171
1878560 171
1878570 170
1878580 170
1878590 170
1878600 170
1878610 170
1878620 170
1878630 170
1878640 169
1878650 169
1878660 169
1878670 169
1878680 169
1878690 169
1878700 169
1878710 169
1878720 169
1878730 168
1878740 168
1878750 168
1878760 168
1878770 168
1878780 168
1878790 168
1878800 168
1878810 168
1878820 168
1878830 168
1878840 168
1878850 168
1878860 168
1878870 168
1878880 167
1878890 167
1878900 167
1878910 167
1878920 167
1878930 167
1878940 167
1878950 167
1878960 167
1878970 166
1878980 166
1878990 166
1879000 166
1879010 166
1879020 166
1879030 165
1879040 165
1879050 165
1879060 165
1879070 165
1879080 164
1879090 164
1879100 164
1879110 163
1879120 163
1879130 163
1879140 162
1879150 162
1879160 162
1879170 162
1879180 162
1879190 162
1879200 161
1879210 161
1879220 161
1879230 161
1879240 161
1879250 161
1879260 161
1879270 161
1879280 161
1879290 161
1879300 161
1879310 160
1879320 160
1879330 160
1879340 160
1879350 160
1879360 160
1879370 160
1879380 160
1879390 160
1879400 160
1879410 160
1879420 160
1879430 159
1879440 159
1879450 159
1879460 159
1879470 159
1879480 159
1879490 159
1879500 158
1879510 158
1879520 158
1879530 158
1879540 158
1879550 158
1879560 157
1879570 157
1879580 157
1879590 157
1879600 157
1879610 157
1879620 157
1879630 157
1879640 157
1879650 157
1879660 157
1879670 157
1879680 157
1879690 157
1879700 157
1879710 157
1879720 157
1879730 156
1879740 156
1879750 156
1879760 156
1879770 156
1879780 156
1879790 155
1879800 155
1879810 155
1879820 155
1879830 155
1879840 155
1879850 155
1879860 154
1879870 154
1879880 154
1879890 154
1879900 154
1879910 154
1879920 154
1879930 154
1879940 154
1879950 154
1879960 154
1879970 154
1879980 154
1879990 154
