1860000 261
1860010 261
1860020 262
1860030 262
1860040 262
1860050 263
1860060 263
1860070 264
1860080 264
1860090 264
1860100 265
1860110 266
1860120 266
1860130 267
1860140 268
1860150 268
1860160 269
1860170 271
1860180 271
1860190 272
1860200 273
1860210 273
1860220 274
1860230 275
1860240 275
1860250 276
1860260 277
1860270 277
1860280 277
1860290 278
1860300 278
1860310 279
1860320 280
1860330 280
1860340 280
1860350 281
1860360 281
1860370 282
1860380 282
1860390 282
1860400 283
1860410 283
1860420 283
1860430 284
1860440 284
1860450 284
1860460 285
1860470 285
1860480 285
1860490 286
1860500 286
1860510 286
1860520 286
1860530 286
1860540 287
1860550 287
1860560 287
1860570 287
1860580 287
1860590 287
1860600 288
1860610 288
1860620 288
1860630 288
1860640 288
1860650 288
1860660 288
1860670 288
1860680 288
1860690 289
1860700 289
1860710 289
1860720 289
1860730 289
1860740 289
1860750 289
1860760 290
1860770 290
1860780 290
1860790 290
1860800 290
1860810 290
1860820 290
1860830 290
1860840 290
1860850 290
1860860 290
1860870 290
1860880 291
1860890 291
1860900 291
1860910 291
1860920 291
1860930 291
1860940 291
1860950 291
1860960 292
1860970 292
1860980 292
1860990 292
1861000 292
1861010 292
1861020 292
1861030 292
1861040 292
1861050 292
1861060 293
1861070 293
1861080 293
1861090 293
1861100 293
1861110 293
1861120 293
1861130 293
1861140 293
1861150 293
1861160 293
1861170 293
1861180 293
1861190 293
1861200 293
1861210 293
1861220 293
1861230 293
1861240 293
1861250 293
1861260 293
1861270 293
1861280 292
1861290 292
1861300 292
1861310 292
1861320 292
1861330 292
1861340 292
1861350 292
1861360 292
1861370 292
1861380 292
1861390 292
1861400 292
1861410 292
1861420 292
1861430 291
1861440 291
1861450 291
1861460 291
1861470 291
1861480 291
1861490 291
1861500 291
1861510 291
1861520 291
1861530 290
1861540 290
1861550 290
1861560 289
1861570 289
1861580 289
1861590 289
1861600 289
1861610 289
1861620 289
1861630 289
1861640 289
1861650 290
1861660 290
1861670 290
1861680 290
1861690 290
1861700 290
1861710 290
1861720 290
1861730 290
1861740 290
1861750 290
1861760 290
1861770 290
1861780 290
1861790 290
1861800 290
1861810 290
1861820 290
1861830 290
1861840 290
1861850 290
1861860 290
1861870 290
1861880 290
1861890 290
1861900 290
1861910 289
1861920 289
1861930 289
1861940 289
1861950 288
1861960 288
1861970 288
1861980 288
1861990 288
1862000 287
1862010 287
1862020 287
1862030 286
1862040 286
1862050 286
1862060 285
1862070 285
1862080 285
1862090 284
1862100 284
1862110 284
1862120 284
1862130 284
1862140 284
1862150 283
1862160 283
1862170 283
1862180 283
1862190 283
1862200 283
1862210 283
1862220 283
1862230 283
1862240 283
1862250 284
1862260 284
1862270 283
1862280 283
1862290 282
1862300 281
1862310 281
1862320 280
1862330 280
1862340 280
1862350 279
1862360 279
1862370 279
1862380 278
1862390 278
1862400 278
1862410 277
1862420 277
1862430 277
1862440 276
1862450 275
1862460 275
1862470 274
1862480 274
1862490 274
1862500 273
1862510 273
1862520 273
1862530 272
1862540 272
1862550 272
1862560 272
1862570 272
1862580 272
1862590 271
1862600 269
1862610 269
1862620 269
1862630 269
1862640 269
1862650 269
1862660 269
1862670 269
1862680 268
1862690 267
1862700 267
1862710 266
1862720 269
1862730 269
1862740 268
1862750 267
1862760 267
1862770 269
1862780 269
1862790 269
1862800 267
1862810 267
1862820 266
1862830 265
1862840 265
1862850 264
1862860 263
1862870 263
1862880 261
1862890 260
1862900 260
1862910 259
1862920 258
1862930 258
1862940 255
1862950 255
1862960 255
1862970 254
1862980 254
1862990 254
1863000 253
1863010 253
1863020 253
1863030 253
1863040 252
1863050 252
1863060 251
1863070 249
1863080 249
1863090 248
1863100 246
1863110 246
1863120 245
1863130 244
1863140 244
1863150 244
1863160 243
1863170 243
1863180 242
1863190 241
1863200 241
1863210 240
1863220 239
1863230 239
1863240 238
1863250 237
1863260 237
1863270 236
1863280 234
1863290 234
1863300 233
1863310 232
1863320 232
1863330 232
1863340 231
1863350 231
1863360 230
1863370 230
1863380 230
1863390 228
1863400 228
1863410 228
1863420 226
1863430 225
1863440 225
1863450 225
1863460 224
1863470 224
1863480 223
1863490 223
1863500 223
1863510 222
1863520 222
1863530 222
1863540 222
1863550 221
1863560 221
1863570 221
1863580 221
1863590 221
1863600 220
1863610 220
1863620 220
1863630 220
1863640 220
1863650 220
1863660 220
1863670 220
1863680 219
1863690 219
1863700 219
1863710 220
1863720 221
1863730 221
1863740 221
1863750 221
1863760 221
1863770 222
1863780 223
1863790 223
1863800 224
1863810 225
1863820 225
1863830 226
1863840 226
1863850 226
1863860 227
1863870 227
1863880 227
1863890 227
1863900 228
1863910 228
1863920 228
1863930 228
1863940 228
1863950 229
1863960 229
1863970 231
1863980 232
1863990 232
1864000 232
1864010 233
1864020 233
1864030 233
1864040 234
1864050 234
1864060 234
1864070 234
1864080 234
1864090 234
1864100 233
1864110 233
1864120 233
1864130 233
1864140 232
1864150 232
1864160 232
1864170 231
1864180 231
1864190 230
1864200 230
1864210 230
1864220 229
1864230 228
1864240 228
1864250 227
1864260 226
1864270 226
1864280 225
1864290 224
1864300 224
1864310 223
1864320 223
1864330 223
1864340 222
1864350 222
1864360 222
1864370 222
1864380 222
1864390 222
1864400 222
1864410 222
1864420 222
1864430 221
1864440 221
1864450 221
1864460 221
1864470 221
1864480 221
1864490 221
1864500 221
1864510 221
1864520 221
1864530 221
1864540 221
1864550 221
1864560 221
1864570 221
1864580 220
1864590 220
1864600 220
1864610 220
1864620 220
1864630 219
1864640 219
1864650 219
1864660 219
1864670 219
1864680 219
1864690 218
1864700 218
1864710 218
1864720 218
1864730 217
1864740 217
1864750 217
1864760 217
1864770 217
1864780 217
1864790 216
1864800 216
1864810 216
1864820 216
1864830 216
1864840 215
1864850 215
1864860 215
1864870 215
1864880 215
1864890 215
1864900 215
1864910 215
1864920 215
1864930 215
1864940 215
1864950 215
1864960 215
1864970 214
1864980 214
1864990 214
1865000 214
1865010 214
1865020 214
1865030 214
1865040 214
1865050 214
1865060 214
1865070 214
1865080 213
1865090 213
1865100 213
1865110 213
1865120 213
1865130 213
1865140 213
1865150 213
1865160 213
1865170 212
1865180 212
1865190 212
1865200 212
1865210 212
1865220 212
1865230 212
1865240 212
1865250 211
1865260 211
1865270 211
1865280 211
1865290 211
1865300 211
1865310 210
1865320 210
1865330 210
1865340 210
1865350 210
1865360 210
1865370 209
1865380 209
1865390 209
1865400 209
1865410 209
1865420 209
1865430 209
1865440 208
1865450 208
1865460 208
1865470 208
1865480 208
1865490 208
1865500 208
1865510 208
1865520 208
1865530 207
1865540 207
1865550 207
1865560 207
1865570 207
1865580 207
1865590 207
1865600 207
1865610 207
1865620 207
1865630 207
1865640 207
1865650 206
1865660 206
1865670 206
1865680 206
1865690 206
1865700 205
1865710 204
1865720 204
1865730 205
1865740 206
1865750 206
1865760 206
1865770 206
1865780 206
1865790 206
1865800 206
1865810 206
1865820 206
1865830 206
1865840 206
1865850 205
1865860 205
1865870 205
1865880 205
1865890 205
1865900 205
1865910 205
1865920 205
1865930 205
1865940 204
1865950 204
1865960 204
1865970 204
1865980 204
1865990 204
1866000 204
1866010 204
1866020 205
1866030 205
1866040 205
1866050 205
1866060 205
1866070 205
1866080 206
1866090 206
1866100 206
1866110 206
1866120 205
1866130 205
1866140 205
1866150 205
1866160 205
1866170 205
1866180 205
1866190 205
1866200 205
1866210 205
1866220 205
1866230 205
1866240 205
1866250 205
1866260 205
1866270 205
1866280 205
1866290 204
1866300 204
1866310 204
1866320 204
1866330 204
1866340 204
1866350 204
1866360 203
1866370 203
1866380 203
1866390 203
1866400 203
1866410 202
1866420 202
1866430 202
1866440 202
1866450 202
1866460 202
1866470 201
1866480 201
1866490 201
1866500 201
1866510 200
1866520 200
1866530 200
1866540 199
1866550 199
1866560 198
1866570 198
1866580 198
1866590 197
1866600 196
1866610 196
1866620 194
1866630 193
1866640 193
1866650 192
1866660 192
1866670 192
1866680 191
1866690 190
1866700 190
1866710 190
1866720 190
1866730 190
1866740 190
1866750 190
1866760 190
1866770 190
1866780 190
1866790 189
1866800 189
1866810 189
1866820 189
1866830 189
1866840 189
1866850 189
1866860 189
1866870 189
1866880 191
1866890 192
1866900 192
1866910 192
1866920 193
1866930 193
1866940 194
1866950 196
1866960 196
1866970 197
1866980 198
1866990 198
1867000 199
1867010 200
1867020 200
1867030 201
1867040 201
1867050 201
1867060 202
1867070 202
1867080 202
1867090 202
1867100 202
1867110 202
1867120 202
1867130 202
1867140 202
1867150 202
1867160 202
1867170 202
1867180 202
1867190 202
1867200 202
1867210 202
1867220 202
1867230 202
1867240 201
1867250 201
1867260 201
1867270 202
1867280 203
1867290 203
1867300 202
1867310 201
1867320 201
1867330 201
1867340 201
1867350 201
1867360 201
1867370 201
1867380 201
1867390 201
1867400 201
1867410 201
1867420 201
1867430 201
1867440 201
1867450 200
1867460 200
1867470 200
1867480 200
1867490 200
1867500 200
1867510 200
1867520 200
1867530 199
1867540 199
1867550 199
1867560 199
1867570 198
1867580 198
1867590 198
1867600 198
1867610 198
1867620 198
1867630 197
1867640 197
1867650 197
1867660 196
1867670 196
1867680 196
1867690 194
1867700 194
1867710 194
1867720 193
1867730 193
1867740 193
1867750 191
1867760 191
1867770 189
1867780 188
1867790 188
1867800 186
1867810 185
1867820 185
1867830 185
1867840 184
1867850 184
1867860 184
1867870 184
1867880 184
1867890 183
1867900 183
1867910 183
1867920 183
1867930 183
1867940 183
1867950 182
1867960 182
1867970 182
1867980 182
1867990 182
1868000 182
1868010 182
1868020 182
1868030 182
1868040 182
1868050 182
1868060 182
1868070 182
1868080 181
1868090 181
1868100 181
1868110 181
1868120 181
1868130 181
1868140 181
1868150 181
1868160 181
1868170 181
1868180 181
1868190 181
1868200 181
1868210 181
1868220 181
1868230 181
1868240 181
1868250 181
1868260 181
1868270 181
1868280 180
1868290 181
1868300 181
1868310 182
1868320 182
1868330 182
1868340 182
1868350 182
1868360 183
1868370 184
1868380 184
1868390 184
1868400 184
1868410 184
1868420 186
1868430 187
1868440 187
1868450 188
1868460 188
1868470 188
1868480 190
1868490 191
1868500 191
1868510 191
1868520 192
1868530 192
1868540 192
1868550 193
1868560 193
1868570 193
1868580 193
1868590 193
1868600 194
1868610 194
1868620 194
1868630 193
1868640 193
1868650 193
1868660 193
1868670 192
1868680 192
1868690 192
1868700 191
1868710 191
1868720 190
1868730 189
1868740 189
1868750 188
1868760 188
1868770 188
1868780 189
1868790 190
1868800 190
1868810 191
1868820 192
1868830 192
1868840 193
1868850 194
1868860 194
1868870 194
1868880 195
1868890 195
1868900 196
1868910 196
1868920 196
1868930 197
1868940 198
1868950 198
1868960 198
1868970 199
1868980 199
1868990 199
1869000 199
1869010 199
1869020 200
1869030 200
1869040 200
1869050 200
1869060 200
1869070 200
1869080 200
1869090 200
1869100 201
1869110 201
1869120 201
1869130 201
1869140 201
1869150 201
1869160 201
1869170 201
1869180 201
1869190 201
1869200 201
1869210 201
1869220 201
1869230 201
1869240 201
1869250 201
1869260 201
1869270 201
1869280 201
1869290 201
1869300 201
1869310 201
1869320 201
1869330 201
1869340 201
1869350 201
1869360 201
1869370 201
1869380 201
1869390 201
1869400 201
1869410 201
1869420 201
1869430 201
1869440 201
1869450 201
1869460 201
1869470 200
1869480 200
1869490 200
1869500 199
1869510 199
1869520 198
1869530 197
1869540 197
1869550 196
1869560 196
1869570 196
1869580 195
1869590 195
1869600 195
1869610 195
1869620 195
1869630 195
1869640 195
1869650 196
1869660 196
1869670 196
1869680 197
1869690 197
1869700 198
1869710 199
1869720 199
1869730 199
1869740 200
1869750 200
1869760 201
1869770 201
1869780 201
1869790 202
1869800 202
1869810 202
1869820 202
1869830 201
1869840 201
1869850 201
1869860 201
1869870 201
1869880 201
1869890 201
1869900 201
1869910 201
1869920 201
1869930 201
1869940 201
1869950 201
1869960 201
1869970 201
1869980 201
1869990 201
1870000 201
1870010 201
1870020 200
1870030 200
1870040 200
1870050 201
1870060 200
1870070 200
1870080 200
1870090 200
1870100 200
1870110 200
1870120 200
1870130 200
1870140 200
1870150 200
1870160 200
1870170 199
1870180 199
1870190 199
1870200 199
1870210 199
1870220 199
1870230 199
1870240 199
1870250 199
1870260 199
1870270 198
1870280 198
1870290 198
1870300 198
1870310 198
1870320 198
1870330 197
1870340 197
1870350 197
1870360 197
1870370 197
1870380 196
1870390 196
1870400 196
1870410 196
1870420 195
1870430 195
1870440 195
1870450 194
1870460 194
1870470 194
1870480 194
1870490 194
1870500 194
1870510 194
1870520 194
1870530 194
1870540 194
1870550 194
1870560 193
1870570 193
1870580 193
1870590 194
1870600 194
1870610 194
1870620 194
1870630 193
1870640 193
1870650 193
1870660 193
1870670 193
1870680 193
1870690 193
1870700 192
1870710 192
1870720 192
1870730 192
1870740 191
1870750 191
1870760 191
1870770 191
1870780 191
1870790 190
1870800 189
1870810 189
1870820 189
1870830 187
1870840 187
1870850 186
1870860 185
1870870 185
1870880 184
1870890 183
1870900 183
1870910 183
1870920 183
1870930 183
1870940 185
1870950 185
1870960 185
1870970 185
1870980 185
1870990 185
1871000 185
1871010 185
1871020 185
1871030 184
1871040 183
1871050 183
1871060 182
1871070 181
1871080 181
1871090 181
1871100 180
1871110 180
1871120 180
1871130 180
1871140 180
1871150 180
1871160 180
1871170 180
1871180 181
1871190 181
1871200 181
1871210 182
1871220 184
1871230 184
1871240 185
1871250 186
1871260 186
1871270 187
1871280 188
1871290 188
1871300 189
1871310 190
1871320 190
1871330 190
1871340 191
1871350 191
1871360 191
1871370 191
1871380 191
1871390 191
1871400 192
1871410 192
1871420 192
1871430 192
1871440 192
1871450 192
1871460 192
1871470 193
1871480 193
1871490 193
1871500 194
1871510 194
1871520 194
1871530 194
1871540 194
1871550 194
1871560 194
1871570 194
1871580 194
1871590 194
1871600 194
1871610 194
1871620 194
1871630 194
1871640 194
1871650 194
1871660 194
1871670 194
1871680 194
1871690 194
1871700 194
1871710 194
1871720 194
1871730 194
1871740 194
1871750 193
1871760 193
1871770 193
1871780 193
1871790 193
1871800 194
1871810 194
1871820 194
1871830 194
1871840 193
1871850 193
1871860 194
1871870 194
1871880 194
1871890 194
1871900 194
1871910 194
1871920 194
1871930 194
1871940 194
1871950 194
1871960 194
1871970 194
1871980 194
1871990 194
1872000 194
1872010 194
1872020 194
1872030 194
1872040 194
1872050 194
1872060 194
1872070 194
1872080 194
1872090 194
1872100 194
1872110 194
1872120 194
1872130 194
1872140 195
1872150 195
1872160 195
1872170 194
1872180 194
1872190 195
1872200 194
1872210 194
1872220 194
1872230 194
1872240 194
1872250 194
1872260 194
1872270 194
1872280 194
1872290 194
1872300 194
1872310 194
1872320 194
1872330 194
1872340 194
1872350 194
1872360 194
1872370 193
1872380 193
1872390 193
1872400 193
1872410 193
1872420 193
1872430 193
1872440 193
1872450 193
1872460 193
1872470 193
1872480 192
1872490 192
1872500 192
1872510 192
1872520 192
1872530 192
1872540 191
1872550 191
1872560 191
1872570 191
1872580 190
1872590 190
1872600 189
1872610 189
1872620 189
1872630 188
1872640 188
1872650 188
1872660 187
1872670 187
1872680 187
1872690 187
1872700 186
1872710 186
1872720 186
1872730 186
1872740 186
1872750 185
1872760 185
1872770 185
1872780 185
1872790 185
1872800 185
1872810 183
1872820 183
1872830 183
1872840 183
1872850 182
1872860 182
1872870 182
1872880 181
1872890 181
1872900 181
1872910 180
1872920 180
1872930 178
1872940 177
1872950 177
1872960 176
1872970 175
1872980 175
1872990 175
1873000 174
1873010 174
1873020 174
1873030 174
1873040 174
1873050 174
1873060 174
1873070 174
1873080 173
1873090 173
1873100 173
1873110 173
1873120 173
1873130 172
1873140 172
1873150 172
1873160 172
1873170 172
1873180 172
1873190 172
1873200 172
1873210 172
1873220 172
1873230 172
1873240 172
1873250 172
1873260 172
1873270 172
1873280 172
1873290 172
1873300 172
1873310 173
1873320 173
1873330 173
1873340 173
1873350 174
1873360 174
1873370 174
1873380 175
1873390 175
1873400 176
1873410 177
1873420 177
1873430 177
1873440 178
1873450 178
1873460 178
1873470 180
1873480 182
1873490 182
1873500 183
1873510 183
1873520 183
1873530 184
1873540 184
1873550 184
1873560 185
1873570 185
1873580 185
1873590 185
1873600 185
1873610 185
1873620 185
1873630 185
1873640 185
1873650 185
1873660 185
1873670 185
1873680 185
1873690 185
1873700 184
1873710 184
1873720 184
1873730 183
1873740 183
1873750 183
1873760 182
1873770 181
1873780 181
1873790 181
1873800 181
1873810 180
1873820 179
1873830 179
1873840 178
1873850 177
1873860 177
1873870 176
1873880 175
1873890 175
1873900 174
1873910 174
1873920 174
1873930 173
1873940 172
1873950 172
1873960 169
1873970 167
1873980 167
1873990 167
1874000 166
1874010 166
1874020 166
1874030 166
1874040 166
1874050 165
1874060 165
1874070 165
1874080 164
1874090 163
1874100 163
1874110 163
1874120 163
1874130 163
1874140 163
1874150 164
1874160 164
1874170 164
1874180 164
1874190 164
1874200 164
1874210 164
1874220 164
1874230 164
1874240 164
1874250 164
1874260 163
1874270 163
1874280 163
1874290 163
1874300 163
1874310 163
1874320 164
1874330 164
1874340 164
1874350 163
1874360 163
1874370 163
1874380 163
1874390 162
1874400 162
1874410 162
1874420 161
1874430 161
1874440 162
1874450 163
1874460 163
1874470 163
1874480 163
1874490 163
1874500 163
1874510 163
1874520 163
1874530 163
1874540 163
1874550 163
1874560 163
1874570 163
1874580 163
1874590 163
1874600 163
1874610 163
1874620 163
1874630 163
1874640 163
1874650 164
1874660 164
1874670 164
1874680 166
1874690 166
1874700 166
1874710 167
1874720 167
1874730 167
1874740 167
1874750 167
1874760 167
1874770 168
1874780 168
1874790 168
1874800 168
1874810 168
1874820 167
1874830 167
1874840 167
1874850 168
1874860 169
1874870 169
1874880 170
1874890 171
1874900 171
1874910 171
1874920 172
1874930 172
1874940 172
1874950 172
1874960 172
1874970 172
1874980 172
1874990 172
1875000 171
1875010 171
1875020 171
1875030 171
1875040 173
1875050 173
1875060 174
1875070 176
1875080 176
1875090 177
1875100 177
1875110 177
1875120 178
1875130 179
1875140 179
1875150 179
1875160 179
1875170 179
1875180 179
1875190 180
1875200 180
1875210 180
1875220 180
1875230 180
1875240 180
1875250 180
1875260 180
1875270 180
1875280 180
1875290 180
1875300 180
1875310 180
1875320 180
1875330 180
1875340 180
1875350 180
1875360 180
1875370 180
1875380 180
1875390 180
1875400 180
1875410 180
1875420 179
1875430 179
1875440 179
1875450 179
1875460 179
1875470 179
1875480 179
1875490 179
1875500 179
1875510 178
1875520 178
1875530 178
1875540 178
1875550 178
1875560 177
1875570 177
1875580 177
1875590 176
1875600 175
1875610 175
1875620 174
1875630 173
1875640 173
1875650 172
1875660 171
1875670 171
1875680 170
1875690 170
1875700 170
1875710 170
1875720 170
1875730 170
1875740 170
1875750 170
1875760 170
1875770 171
1875780 171
1875790 171
1875800 172
1875810 172
1875820 172
1875830 172
1875840 173
1875850 173
1875860 173
1875870 173
1875880 173
1875890 173
1875900 173
1875910 173
1875920 173
1875930 172
1875940 172
1875950 172
1875960 172
1875970 172
1875980 171
1875990 171
1876000 171
1876010 171
1876020 171
1876030 171
1876040 171
1876050 171
1876060 171
1876070 172
1876080 172
1876090 172
1876100 172
1876110 173
1876120 173
1876130 174
1876140 174
1876150 174
1876160 176
1876170 176
1876180 176
1876190 177
1876200 177
1876210 177
1876220 178
1876230 178
1876240 178
1876250 179
1876260 179
1876270 179
1876280 180
1876290 180
1876300 180
1876310 181
1876320 181
1876330 181
1876340 181
1876350 181
1876360 181
1876370 182
1876380 182
1876390 182
1876400 182
1876410 182
1876420 182
1876430 182
1876440 182
1876450 182
1876460 182
1876470 182
1876480 182
1876490 183
1876500 183
1876510 183
1876520 183
1876530 183
1876540 183
1876550 183
1876560 183
1876570 183
1876580 183
1876590 183
1876600 183
1876610 183
1876620 183
1876630 183
1876640 183
1876650 183
1876660 183
1876670 183
1876680 183
1876690 183
1876700 183
1876710 183
1876720 183
1876730 184
1876740 184
1876750 183
1876760 184
1876770 184
1876780 184
1876790 184
1876800 184
1876810 184
1876820 184
1876830 184
1876840 184
1876850 184
1876860 184
1876870 184
1876880 184
1876890 184
1876900 184
1876910 184
1876920 184
1876930 184
1876940 184
1876950 184
1876960 183
1876970 183
1876980 183
1876990 183
1877000 183
1877010 183
1877020 183
1877030 183
1877040 182
1877050 182
1877060 182
1877070 182
1877080 182
1877090 182
1877100 181
1877110 181
1877120 181
1877130 181
1877140 180
1877150 180
1877160 180
1877170 179
1877180 179
1877190 179
1877200 179
1877210 179
1877220 178
1877230 178
1877240 178
1877250 177
1877260 177
1877270 177
1877280 177
1877290 176
1877300 176
1877310 176
1877320 175
1877330 175
1877340 175
1877350 175
1877360 175
1877370 175
1877380 174
1877390 174
1877400 174
1877410 174
1877420 174
1877430 173
1877440 173
1877450 173
1877460 173
1877470 173
1877480 173
1877490 172
1877500 172
1877510 172
1877520 171
1877530 171
1877540 171
1877550 171
1877560 171
1877570 171
1877580 171
1877590 171
1877600 171
1877610 170
1877620 170
1877630 170
1877640 170
1877650 170
1877660 170
1877670 170
1877680 169
1877690 169
1877700 169
1877710 169
1877720 169
1877730 169
1877740 169
1877750 169
1877760 169
1877770 169
1877780 169
1877790 168
1877800 168
1877810 168
1877820 168
1877830 168
1877840 168
1877850 168
1877860 168
1877870 167
1877880 167
1877890 167
1877900 167
1877910 167
1877920 167
1877930 167
1877940 167
1877950 167
1877960 167
1877970 167
1877980 167
1877990 167
1878000 166
1878010 166
1878020 166
1878030 166
1878040 166
1878050 166
1878060 166
1878070 166
1878080 166
1878090 166
1878100 166
1878110 166
1878120 166
1878130 166
1878140 166
1878150 165
1878160 165
1878170 165
1878180 165
1878190 165
1878200 165
1878210 165
1878220 165
1878230 165
1878240 165
1878250 165
1878260 165
1878270 165
1878280 165
1878290 165
1878300 165
1878310 165
1878320 165
1878330 165
1878340 165
1878350 165
1878360 165
1878370 165
1878380 165
1878390 165
1878400 165
1878410 165
1878420 165
1878430 165
1878440 165
1878450 165
1878460 165
1878470 165
1878480 165
1878490 165
1878500 165
1878510 165
1878520 165
1878530 165
1878540 165
1878550 165
1878560 165
1878570 165
1878580 165
1878590 165
1878600 165
1878610 165
1878620 165
1878630 165
1878640 165
1878650 165
1878660 165
1878670 166
1878680 166
1878690 166
1878700 166
1878710 166
1878720 166
1878730 166
1878740 166
1878750 166
1878760 166
1878770 166
1878780 166
1878790 166
1878800 166
1878810 166
1878820 166
1878830 166
1878840 166
1878850 166
1878860 166
1878870 166
1878880 166
1878890 166
1878900 166
1878910 166
1878920 166
1878930 166
1878940 165
1878950 165
1878960 165
1878970 165
1878980 165
1878990 165
1879000 165
1879010 165
1879020 165
1879030 165
1879040 165
1879050 165
1879060 166
1879070 166
1879080 166
1879090 166
1879100 166
1879110 166
1879120 166
1879130 166
1879140 166
1879150 167
1879160 167
1879170 167
1879180 167
1879190 167
1879200 167
1879210 167
1879220 167
1879230 167
1879240 167
1879250 167
1879260 167
1879270 167
1879280 167
1879290 167
1879300 167
1879310 167
1879320 167
1879330 168
1879340 168
1879350 168
1879360 168
1879370 168
1879380 168
1879390 168
1879400 168
1879410 169
1879420 167
1879430 167
1879440 166
1879450 166
1879460 166
1879470 165
1879480 165
1879490 165
1879500 164
1879510 164
1879520 164
1879530 163
1879540 163
1879550 163
1879560 163
1879570 162
1879580 162
1879590 162
1879600 162
1879610 162
1879620 161
1879630 161
1879640 161
1879650 160
1879660 160
1879670 160
1879680 160
1879690 160
1879700 160
1879710 160
1879720 160
1879730 160
1879740 160
1879750 160
1879760 160
1879770 160
1879780 160
1879790 160
1879800 160
1879810 160
1879820 160
1879830 159
1879840 159
1879850 159
1879860 159
1879870 158
1879880 158
1879890 158
1879900 157
1879910 157
1879920 156
1879930 156
1879940 156
1879950 155
1879960 154
1879970 154
1879980 154
1879990 153
