1860000 265
1860010 266
1860020 266
1860030 267
1860040 267
1860050 267
1860060 268
1860070 269
1860080 270
1860090 271
1860100 272
1860110 272
1860120 273
1860130 274
1860140 274
1860150 275
1860160 275
1860170 275
1860180 276
1860190 277
1860200 277
1860210 277
1860220 278
1860230 278
1860240 278
1860250 279
1860260 279
1860270 279
1860280 280
1860290 280
1860300 281
1860310 282
1860320 282
1860330 282
1860340 283
1860350 283
1860360 283
1860370 284
1860380 284
1860390 284
1860400 284
1860410 284
1860420 285
1860430 285
1860440 285
1860450 285
1860460 286
1860470 286
1860480 286
1860490 286
1860500 286
1860510 286
1860520 286
1860530 286
1860540 286
1860550 286
1860560 286
1860570 286
1860580 286
1860590 287
1860600 287
1860610 287
1860620 287
1860630 287
1860640 287
1860650 287
1860660 287
1860670 287
1860680 287
1860690 288
1860700 288
1860710 288
1860720 288
1860730 288
1860740 288
1860750 288
1860760 288
1860770 288
1860780 288
1860790 288
1860800 289
1860810 289
1860820 289
1860830 289
1860840 289
1860850 289
1860860 289
1860870 289
1860880 289
1860890 290
1860900 290
1860910 290
1860920 290
1860930 290
1860940 290
1860950 290
1860960 290
1860970 290
1860980 291
1860990 291
1861000 291
1861010 291
1861020 291
1861030 291
1861040 291
1861050 291
1861060 291
1861070 291
1861080 291
1861090 291
1861100 291
1861110 291
1861120 290
1861130 290
1861140 290
1861150 290
1861160 290
1861170 290
1861180 290
1861190 290
1861200 289
1861210 289
1861220 289
1861230 289
1861240 289
1861250 289
1861260 289
1861270 289
1861280 289
1861290 289
1861300 289
1861310 289
1861320 289
1861330 289
1861340 288
1861350 288
1861360 288
1861370 288
1861380 288
1861390 288
1861400 288
1861410 288
1861420 288
1861430 288
1861440 288
1861450 288
1861460 288
1861470 287
1861480 287
1861490 287
1861500 287
1861510 287
1861520 287
1861530 287
1861540 287
1861550 287
1861560 287
1861570 287
1861580 287
1861590 287
1861600 287
1861610 287
1861620 287
1861630 287
1861640 287
1861650 287
1861660 288
1861670 288
1861680 288
1861690 288
1861700 289
1861710 289
1861720 289
1861730 290
1861740 290
1861750 290
1861760 290
1861770 290
1861780 290
1861790 291
1861800 291
1861810 290
1861820 290
1861830 290
1861840 290
1861850 290
1861860 290
1861870 290
1861880 290
1861890 290
1861900 290
1861910 290
1861920 290
1861930 290
1861940 290
1861950 290
1861960 290
1861970 290
1861980 290
1861990 289
1862000 289
1862010 289
1862020 289
1862030 289
1862040 289
1862050 288
1862060 288
1862070 288
1862080 288
1862090 288
1862100 288
1862110 287
1862120 287
1862130 287
1862140 287
1862150 287
1862160 287
1862170 287
1862180 287
1862190 286
1862200 286
1862210 286
1862220 286
1862230 285
1862240 285
1862250 285
1862260 284
1862270 284
1862280 284
1862290 284
1862300 284
1862310 283
1862320 283
1862330 283
1862340 282
1862350 282
1862360 282
1862370 281
1862380 281
1862390 281
1862400 281
1862410 280
1862420 280
1862430 280
1862440 278
1862450 278
1862460 277
1862470 277
1862480 277
1862490 277
1862500 277
1862510 277
1862520 276
1862530 276
1862540 276
1862550 276
1862560 275
1862570 275
1862580 274
1862590 273
1862600 273
1862610 273
1862620 272
1862630 272
1862640 271
1862650 270
1862660 270
1862670 269
1862680 269
1862690 269
1862700 268
1862710 267
1862720 267
1862730 266
1862740 265
1862750 265
1862760 266
1862770 265
1862780 265
1862790 264
1862800 260
1862810 260
1862820 259
1862830 258
1862840 258
1862850 254
1862860 254
1862870 253
1862880 252
1862890 252
1862900 251
1862910 249
1862920 249
1862930 249
1862940 247
1862950 247
1862960 244
1862970 243
1862980 243
1862990 242
1863000 242
1863010 242
1863020 242
1863030 241
1863040 241
1863050 241
1863060 241
1863070 241
1863080 240
1863090 239
1863100 239
1863110 237
1863120 236
1863130 236
1863140 234
1863150 233
1863160 233
1863170 232
1863180 232
1863190 231
1863200 230
1863210 230
1863220 230
1863230 230
1863240 229
1863250 229
1863260 229
1863270 229
1863280 229
1863290 229
1863300 228
1863310 228
1863320 228
1863330 228
1863340 228
1863350 227
1863360 226
1863370 226
1863380 226
1863390 226
1863400 226
1863410 226
1863420 225
1863430 225
1863440 225
1863450 225
1863460 225
1863470 225
1863480 224
1863490 224
1863500 225
1863510 225
1863520 225
1863530 226
1863540 228
1863550 228
1863560 228
1863570 228
1863580 228
1863590 228
1863600 229
1863610 229
1863620 229
1863630 229
1863640 229
1863650 230
1863660 230
1863670 230
1863680 231
1863690 231
1863700 231
1863710 232
1863720 232
1863730 233
1863740 234
1863750 234
1863760 234
1863770 235
1863780 235
1863790 236
1863800 237
1863810 237
1863820 238
1863830 238
1863840 238
1863850 239
1863860 240
1863870 240
1863880 241
1863890 241
1863900 241
1863910 241
1863920 241
1863930 241
1863940 240
1863950 240
1863960 240
1863970 240
1863980 240
1863990 240
1864000 239
1864010 239
1864020 239
1864030 239
1864040 238
1864050 238
1864060 238
1864070 237
1864080 237
1864090 237
1864100 236
1864110 236
1864120 235
1864130 235
1864140 235
1864150 235
1864160 234
1864170 234
1864180 233
1864190 232
1864200 232
1864210 232
1864220 231
1864230 231
1864240 231
1864250 230
1864260 230
1864270 230
1864280 229
1864290 229
1864300 229
1864310 229
1864320 229
1864330 229
1864340 228
1864350 228
1864360 228
1864370 228
1864380 228
1864390 227
1864400 227
1864410 227
1864420 226
1864430 226
1864440 226
1864450 225
1864460 225
1864470 225
1864480 225
1864490 225
1864500 224
1864510 224
1864520 224
1864530 224
1864540 223
1864550 223
1864560 223
1864570 222
1864580 222
1864590 222
1864600 221
1864610 221
1864620 221
1864630 220
1864640 220
1864650 220
1864660 220
1864670 220
1864680 220
1864690 219
1864700 219
1864710 219
1864720 219
1864730 219
1864740 219
1864750 218
1864760 218
1864770 218
1864780 218
1864790 218
1864800 217
1864810 217
1864820 217
1864830 217
1864840 217
1864850 217
1864860 217
1864870 218
1864880 218
1864890 217
1864900 216
1864910 216
1864920 216
1864930 216
1864940 216
1864950 216
1864960 216
1864970 216
1864980 215
1864990 215
1865000 215
1865010 215
1865020 215
1865030 215
1865040 214
1865050 214
1865060 214
1865070 214
1865080 214
1865090 214
1865100 213
1865110 213
1865120 213
1865130 213
1865140 213
1865150 213
1865160 213
1865170 212
1865180 212
1865190 212
1865200 212
1865210 212
1865220 212
1865230 212
1865240 212
1865250 211
1865260 211
1865270 211
1865280 211
1865290 211
1865300 211
1865310 211
1865320 211
1865330 210
1865340 210
1865350 210
1865360 210
1865370 210
1865380 210
1865390 210
1865400 210
1865410 210
1865420 209
1865430 209
1865440 209
1865450 209
1865460 209
1865470 209
1865480 209
1865490 209
1865500 209
1865510 208
1865520 208
1865530 208
1865540 208
1865550 208
1865560 208
1865570 208
1865580 208
1865590 208
1865600 208
1865610 208
1865620 208
1865630 208
1865640 207
1865650 207
1865660 207
1865670 207
1865680 207
1865690 207
1865700 206
1865710 206
1865720 206
1865730 206
1865740 206
1865750 206
1865760 206
1865770 206
1865780 206
1865790 206
1865800 206
1865810 206
1865820 206
1865830 206
1865840 206
1865850 206
1865860 206
1865870 206
1865880 206
1865890 206
1865900 206
1865910 206
1865920 206
1865930 206
1865940 206
1865950 206
1865960 206
1865970 206
1865980 206
1865990 206
1866000 206
1866010 206
1866020 206
1866030 206
1866040 206
1866050 206
1866060 206
1866070 205
1866080 205
1866090 205
1866100 205
1866110 205
1866120 205
1866130 205
1866140 205
1866150 205
1866160 205
1866170 204
1866180 204
1866190 204
1866200 204
1866210 204
1866220 203
1866230 203
1866240 203
1866250 202
1866260 202
1866270 202
1866280 199
1866290 198
1866300 198
1866310 197
1866320 197
1866330 197
1866340 196
1866350 196
1866360 196
1866370 195
1866380 195
1866390 195
1866400 194
1866410 194
1866420 194
1866430 194
1866440 193
1866450 193
1866460 193
1866470 193
1866480 193
1866490 192
1866500 192
1866510 192
1866520 192
1866530 192
1866540 192
1866550 191
1866560 191
1866570 191
1866580 191
1866590 191
1866600 191
1866610 191
1866620 191
1866630 191
1866640 191
1866650 191
1866660 191
1866670 191
1866680 191
1866690 191
1866700 191
1866710 191
1866720 191
1866730 190
1866740 190
1866750 190
1866760 190
1866770 190
1866780 191
1866790 191
1866800 191
1866810 191
1866820 192
1866830 192
1866840 193
1866850 194
1866860 194
1866870 195
1866880 197
1866890 197
1866900 198
1866910 199
1866920 199
1866930 200
1866940 201
1866950 201
1866960 202
1866970 202
1866980 202
1866990 203
1867000 203
1867010 203
1867020 203
1867030 203
1867040 203
1867050 203
1867060 202
1867070 202
1867080 202
1867090 202
1867100 202
1867110 202
1867120 202
1867130 202
1867140 202
1867150 202
1867160 202
1867170 202
1867180 202
1867190 202
1867200 202
1867210 202
1867220 202
1867230 202
1867240 201
1867250 201
1867260 201
1867270 201
1867280 201
1867290 201
1867300 201
1867310 201
1867320 200
1867330 200
1867340 200
1867350 200
1867360 200
1867370 200
1867380 200
1867390 200
1867400 200
1867410 199
1867420 199
1867430 199
1867440 199
1867450 198
1867460 198
1867470 198
1867480 197
1867490 197
1867500 197
1867510 197
1867520 197
1867530 197
1867540 197
1867550 196
1867560 195
1867570 195
1867580 195
1867590 194
1867600 194
1867610 193
1867620 191
1867630 191
1867640 192
1867650 191
1867660 191
1867670 191
1867680 191
1867690 191
1867700 191
1867710 190
1867720 190
1867730 189
1867740 187
1867750 187
1867760 186
1867770 185
1867780 185
1867790 184
1867800 183
1867810 183
1867820 182
1867830 182
1867840 182
1867850 182
1867860 181
1867870 181
1867880 182
1867890 182
1867900 182
1867910 182
1867920 182
1867930 182
1867940 182
1867950 182
1867960 182
1867970 182
1867980 182
1867990 181
1868000 181
1868010 181
1868020 181
1868030 181
1868040 181
1868050 181
1868060 181
1868070 181
1868080 181
1868090 181
1868100 181
1868110 181
1868120 181
1868130 181
1868140 181
1868150 182
1868160 182
1868170 182
1868180 181
1868190 181
1868200 181
1868210 181
1868220 181
1868230 181
1868240 181
1868250 182
1868260 182
1868270 181
1868280 181
1868290 181
1868300 181
1868310 182
1868320 182
1868330 183
1868340 183
1868350 185
1868360 188
1868370 188
1868380 189
1868390 190
1868400 190
1868410 191
1868420 192
1868430 192
1868440 193
1868450 194
1868460 194
1868470 194
1868480 195
1868490 195
1868500 195
1868510 195
1868520 195
1868530 196
1868540 196
1868550 196
1868560 196
1868570 196
1868580 196
1868590 196
1868600 196
1868610 196
1868620 196
1868630 195
1868640 195
1868650 195
1868660 194
1868670 194
1868680 194
1868690 193
1868700 193
1868710 193
1868720 192
1868730 192
1868740 191
1868750 191
1868760 191
1868770 192
1868780 192
1868790 192
1868800 193
1868810 194
1868820 194
1868830 194
1868840 195
1868850 195
1868860 196
1868870 196
1868880 196
1868890 197
1868900 198
1868910 198
1868920 198
1868930 199
1868940 199
1868950 199
1868960 200
1868970 200
1868980 200
1868990 201
1869000 201
1869010 201
1869020 201
1869030 201
1869040 201
1869050 201
1869060 201
1869070 202
1869080 202
1869090 202
1869100 202
1869110 202
1869120 202
1869130 202
1869140 202
1869150 202
1869160 202
1869170 202
1869180 202
1869190 202
1869200 202
1869210 202
1869220 202
1869230 202
1869240 202
1869250 202
1869260 202
1869270 202
1869280 202
1869290 202
1869300 202
1869310 202
1869320 202
1869330 202
1869340 202
1869350 202
1869360 202
1869370 202
1869380 202
1869390 202
1869400 201
1869410 201
1869420 200
1869430 200
1869440 200
1869450 199
1869460 198
1869470 198
1869480 198
1869490 197
1869500 197
1869510 197
1869520 197
1869530 197
1869540 197
1869550 197
1869560 197
1869570 197
1869580 197
1869590 197
1869600 197
1869610 197
1869620 197
1869630 198
1869640 198
1869650 198
1869660 199
1869670 200
1869680 200
1869690 201
1869700 201
1869710 201
1869720 201
1869730 202
1869740 202
1869750 202
1869760 202
1869770 202
1869780 202
1869790 202
1869800 202
1869810 202
1869820 202
1869830 202
1869840 202
1869850 201
1869860 201
1869870 201
1869880 201
1869890 201
1869900 201
1869910 201
1869920 201
1869930 201
1869940 201
1869950 201
1869960 201
1869970 201
1869980 201
1869990 201
1870000 201
1870010 200
1870020 200
1870030 200
1870040 200
1870050 200
1870060 200
1870070 200
1870080 200
1870090 200
1870100 200
1870110 200
1870120 200
1870130 200
1870140 199
1870150 199
1870160 199
1870170 199
1870180 199
1870190 199
1870200 199
1870210 199
1870220 198
1870230 198
1870240 198
1870250 198
1870260 197
1870270 197
1870280 197
1870290 197
1870300 197
1870310 196
1870320 196
1870330 196
1870340 196
1870350 196
1870360 195
1870370 195
1870380 195
1870390 195
1870400 195
1870410 194
1870420 194
1870430 194
1870440 194
1870450 194
1870460 193
1870470 193
1870480 193
1870490 193
1870500 193
1870510 193
1870520 192
1870530 192
1870540 192
1870550 191
1870560 191
1870570 191
1870580 190
1870590 190
1870600 190
1870610 189
1870620 189
1870630 189
1870640 188
1870650 188
1870660 188
1870670 188
1870680 188
1870690 187
1870700 186
1870710 186
1870720 186
1870730 186
1870740 186
1870750 185
1870760 185
1870770 185
1870780 185
1870790 185
1870800 185
1870810 185
1870820 185
1870830 185
1870840 185
1870850 185
1870860 185
1870870 184
1870880 184
1870890 184
1870900 183
1870910 183
1870920 183
1870930 182
1870940 182
1870950 182
1870960 182
1870970 181
1870980 181
1870990 181
1871000 181
1871010 181
1871020 181
1871030 181
1871040 181
1871050 181
1871060 181
1871070 181
1871080 181
1871090 181
1871100 181
1871110 182
1871120 182
1871130 182
1871140 183
1871150 184
1871160 184
1871170 186
1871180 187
1871190 187
1871200 188
1871210 190
1871220 190
1871230 191
1871240 192
1871250 192
1871260 193
1871270 194
1871280 194
1871290 194
1871300 194
1871310 194
1871320 195
1871330 195
1871340 195
1871350 196
1871360 196
1871370 196
1871380 196
1871390 197
1871400 197
1871410 197
1871420 197
1871430 197
1871440 197
1871450 197
1871460 197
1871470 197
1871480 197
1871490 197
1871500 197
1871510 197
1871520 197
1871530 197
1871540 197
1871550 197
1871560 197
1871570 197
1871580 197
1871590 197
1871600 197
1871610 197
1871620 197
1871630 197
1871640 197
1871650 196
1871660 196
1871670 196
1871680 196
1871690 196
1871700 196
1871710 196
1871720 196
1871730 196
1871740 196
1871750 196
1871760 196
1871770 196
1871780 196
1871790 196
1871800 196
1871810 196
1871820 196
1871830 196
1871840 196
1871850 196
1871860 196
1871870 196
1871880 196
1871890 196
1871900 196
1871910 196
1871920 196
1871930 196
1871940 196
1871950 196
1871960 196
1871970 195
1871980 195
1871990 195
1872000 195
1872010 195
1872020 195
1872030 195
1872040 195
1872050 195
1872060 195
1872070 195
1872080 195
1872090 194
1872100 194
1872110 194
1872120 194
1872130 194
1872140 194
1872150 194
1872160 193
1872170 193
1872180 193
1872190 193
1872200 193
1872210 193
1872220 193
1872230 193
1872240 193
1872250 193
1872260 192
1872270 192
1872280 192
1872290 192
1872300 192
1872310 192
1872320 191
1872330 191
1872340 191
1872350 191
1872360 191
1872370 191
1872380 191
1872390 189
1872400 189
1872410 189
1872420 188
1872430 188
1872440 188
1872450 187
1872460 187
1872470 186
1872480 186
1872490 186
1872500 185
1872510 185
1872520 185
1872530 184
1872540 184
1872550 184
1872560 183
1872570 183
1872580 183
1872590 182
1872600 182
1872610 182
1872620 181
1872630 181
1872640 181
1872650 180
1872660 179
1872670 179
1872680 179
1872690 178
1872700 178
1872710 178
1872720 176
1872730 176
1872740 176
1872750 176
1872760 176
1872770 175
1872780 175
1872790 175
1872800 175
1872810 175
1872820 175
1872830 174
1872840 174
1872850 174
1872860 174
1872870 174
1872880 174
1872890 174
1872900 173
1872910 173
1872920 173
1872930 173
1872940 173
1872950 173
1872960 173
1872970 173
1872980 173
1872990 173
1873000 173
1873010 173
1873020 173
1873030 173
1873040 173
1873050 173
1873060 173
1873070 173
1873080 173
1873090 173
1873100 173
1873110 173
1873120 174
1873130 174
1873140 174
1873150 175
1873160 175
1873170 175
1873180 176
1873190 177
1873200 177
1873210 179
1873220 180
1873230 180
1873240 181
1873250 181
1873260 181
1873270 182
1873280 183
1873290 183
1873300 184
1873310 184
1873320 184
1873330 185
1873340 185
1873350 185
1873360 186
1873370 186
1873380 186
1873390 186
1873400 187
1873410 187
1873420 187
1873430 187
1873440 187
1873450 187
1873460 187
1873470 187
1873480 187
1873490 187
1873500 187
1873510 187
1873520 186
1873530 186
1873540 186
1873550 186
1873560 186
1873570 185
1873580 185
1873590 185
1873600 185
1873610 184
1873620 184
1873630 184
1873640 184
1873650 184
1873660 184
1873670 184
1873680 184
1873690 184
1873700 183
1873710 183
1873720 183
1873730 183
1873740 183
1873750 182
1873760 182
1873770 182
1873780 181
1873790 181
1873800 181
1873810 180
1873820 180
1873830 180
1873840 179
1873850 179
1873860 179
1873870 178
1873880 178
1873890 178
1873900 177
1873910 177
1873920 177
1873930 176
1873940 176
1873950 176
1873960 175
1873970 175
1873980 173
1873990 171
1874000 171
1874010 170
1874020 169
1874030 169
1874040 168
1874050 168
1874060 168
1874070 167
1874080 167
1874090 167
1874100 168
1874110 169
1874120 169
1874130 169
1874140 170
1874150 170
1874160 172
1874170 174
1874180 174
1874190 175
1874200 175
1874210 175
1874220 175
1874230 174
1874240 174
1874250 173
1874260 172
1874270 172
1874280 172
1874290 171
1874300 171
1874310 170
1874320 169
1874330 169
1874340 169
1874350 168
1874360 168
1874370 167
1874380 165
1874390 165
1874400 165
1874410 165
1874420 165
1874430 164
1874440 163
1874450 163
1874460 163
1874470 163
1874480 163
1874490 163
1874500 163
1874510 163
1874520 162
1874530 162
1874540 162
1874550 162
1874560 162
1874570 162
1874580 161
1874590 161
1874600 161
1874610 162
1874620 162
1874630 162
1874640 162
1874650 162
1874660 162
1874670 162
1874680 162
1874690 162
1874700 162
1874710 162
1874720 162
1874730 162
1874740 162
1874750 162
1874760 162
1874770 162
1874780 162
1874790 162
1874800 162
1874810 162
1874820 162
1874830 162
1874840 162
1874850 163
1874860 163
1874870 163
1874880 163
1874890 163
1874900 164
1874910 164
1874920 164
1874930 164
1874940 165
1874950 165
1874960 165
1874970 165
1874980 165
1874990 165
1875000 166
1875010 166
1875020 167
1875030 168
1875040 168
1875050 170
1875060 172
1875070 172
1875080 173
1875090 175
1875100 175
1875110 175
1875120 176
1875130 176
1875140 176
1875150 177
1875160 177
1875170 177
1875180 177
1875190 177
1875200 178
1875210 178
1875220 178
1875230 179
1875240 179
1875250 179
1875260 179
1875270 179
1875280 179
1875290 179
1875300 179
1875310 179
1875320 179
1875330 179
1875340 179
1875350 179
1875360 179
1875370 179
1875380 179
1875390 179
1875400 179
1875410 179
1875420 179
1875430 179
1875440 179
1875450 179
1875460 178
1875470 178
1875480 178
1875490 178
1875500 178
1875510 178
1875520 178
1875530 177
1875540 177
1875550 177
1875560 176
1875570 176
1875580 175
1875590 174
1875600 174
1875610 173
1875620 172
1875630 172
1875640 171
1875650 170
1875660 170
1875670 170
1875680 170
1875690 170
1875700 170
1875710 170
1875720 170
1875730 170
1875740 169
1875750 169
1875760 169
1875770 169
1875780 169
1875790 169
1875800 169
1875810 169
1875820 169
1875830 170
1875840 170
1875850 170
1875860 170
1875870 170
1875880 170
1875890 170
1875900 170
1875910 171
1875920 171
1875930 171
1875940 172
1875950 172
1875960 172
1875970 173
1875980 174
1875990 174
1876000 174
1876010 175
1876020 175
1876030 175
1876040 176
1876050 176
1876060 176
1876070 177
1876080 177
1876090 177
1876100 178
1876110 178
1876120 178
1876130 178
1876140 178
1876150 179
1876160 179
1876170 179
1876180 179
1876190 179
1876200 180
1876210 180
1876220 180
1876230 180
1876240 181
1876250 181
1876260 181
1876270 181
1876280 181
1876290 181
1876300 181
1876310 181
1876320 182
1876330 182
1876340 182
1876350 182
1876360 182
1876370 182
1876380 182
1876390 182
1876400 182
1876410 182
1876420 182
1876430 182
1876440 182
1876450 182
1876460 182
1876470 182
1876480 182
1876490 182
1876500 182
1876510 182
1876520 182
1876530 182
1876540 182
1876550 182
1876560 183
1876570 183
1876580 183
1876590 183
1876600 183
1876610 183
1876620 183
1876630 183
1876640 183
1876650 183
1876660 183
1876670 183
1876680 183
1876690 183
1876700 183
1876710 184
1876720 184
1876730 184
1876740 184
1876750 184
1876760 184
1876770 184
1876780 184
1876790 184
1876800 184
1876810 184
1876820 184
1876830 184
1876840 184
1876850 184
1876860 184
1876870 184
1876880 184
1876890 184
1876900 184
1876910 184
1876920 183
1876930 183
1876940 183
1876950 183
1876960 183
1876970 183
1876980 182
1876990 182
1877000 182
1877010 182
1877020 182
1877030 181
1877040 181
1877050 181
1877060 181
1877070 180
1877080 180
1877090 179
1877100 179
1877110 179
1877120 178
1877130 178
1877140 178
1877150 177
1877160 176
1877170 176
1877180 176
1877190 175
1877200 175
1877210 175
1877220 174
1877230 174
1877240 174
1877250 174
1877260 174
1877270 173
1877280 173
1877290 173
1877300 172
1877310 172
1877320 172
1877330 171
1877340 171
1877350 171
1877360 171
1877370 171
1877380 171
1877390 170
1877400 170
1877410 170
1877420 170
1877430 169
1877440 169
1877450 169
1877460 169
1877470 169
1877480 169
1877490 169
1877500 169
1877510 169
1877520 169
1877530 169
1877540 169
1877550 169
1877560 169
1877570 169
1877580 168
1877590 168
1877600 168
1877610 168
1877620 168
1877630 168
1877640 168
1877650 168
1877660 168
1877670 168
1877680 168
1877690 168
1877700 168
1877710 168
1877720 168
1877730 168
1877740 168
1877750 167
1877760 167
1877770 167
1877780 167
1877790 167
1877800 167
1877810 167
1877820 167
1877830 167
1877840 167
1877850 167
1877860 167
1877870 166
1877880 166
1877890 166
1877900 166
1877910 166
1877920 166
1877930 166
1877940 166
1877950 166
1877960 166
1877970 166
1877980 166
1877990 166
1878000 166
1878010 166
1878020 166
1878030 166
1878040 166
1878050 166
1878060 166
1878070 166
1878080 165
1878090 165
1878100 165
1878110 165
1878120 165
1878130 165
1878140 165
1878150 165
1878160 165
1878170 165
1878180 165
1878190 165
1878200 165
1878210 165
1878220 165
1878230 165
1878240 165
1878250 165
1878260 165
1878270 165
1878280 165
1878290 165
1878300 165
1878310 165
1878320 165
1878330 165
1878340 165
1878350 165
1878360 165
1878370 165
1878380 165
1878390 165
1878400 165
1878410 165
1878420 165
1878430 165
1878440 165
1878450 165
1878460 165
1878470 165
1878480 165
1878490 165
1878500 165
1878510 165
1878520 165
1878530 165
1878540 165
1878550 165
1878560 165
1878570 165
1878580 165
1878590 165
1878600 165
1878610 166
1878620 166
1878630 166
1878640 166
1878650 166
1878660 166
1878670 166
1878680 166
1878690 166
1878700 166
1878710 166
1878720 166
1878730 166
1878740 166
1878750 166
1878760 166
1878770 166
1878780 166
1878790 166
1878800 166
1878810 166
1878820 166
1878830 166
1878840 166
1878850 166
1878860 166
1878870 166
1878880 166
1878890 166
1878900 166
1878910 166
1878920 166
1878930 166
1878940 166
1878950 166
1878960 166
1878970 166
1878980 166
1878990 166
1879000 166
1879010 166
1879020 166
1879030 166
1879040 166
1879050 166
1879060 166
1879070 166
1879080 166
1879090 167
1879100 167
1879110 167
1879120 167
1879130 167
1879140 168
1879150 168
1879160 168
1879170 168
1879180 168
1879190 168
1879200 168
1879210 168
1879220 168
1879230 168
1879240 168
1879250 168
1879260 169
1879270 169
1879280 169
1879290 169
1879300 169
1879310 169
1879320 169
1879330 169
1879340 169
1879350 169
1879360 169
1879370 169
1879380 169
1879390 169
1879400 168
1879410 168
1879420 168
1879430 167
1879440 167
1879450 167
1879460 167
1879470 167
1879480 167
1879490 166
1879500 165
1879510 165
1879520 165
1879530 164
1879540 164
1879550 163
1879560 163
1879570 163
1879580 162
1879590 162
1879600 162
1879610 161
1879620 161
1879630 161
1879640 161
1879650 161
1879660 161
1879670 160
1879680 160
1879690 160
1879700 160
1879710 160
1879720 160
1879730 160
1879740 160
1879750 160
1879760 159
1879770 159
1879780 159
1879790 158
1879800 157
1879810 157
1879820 157
1879830 156
1879840 156
1879850 155
1879860 154
1879870 154
1879880 154
1879890 153
1879900 153
1879910 153
1879920 153
1879930 153
1879940 152
1879950 152
1879960 152
1879970 152
1879980 152
1879990 152
