1860000 251
1860010 251
1860020 251
1860030 249
1860040 248
1860050 248
1860060 248
1860070 247
1860080 245
1860090 244
1860100 243
1860110 243
1860120 241
1860130 239
1860140 239
1860150 237
1860160 239
1860170 239
1860180 242
1860190 242
1860200 243
1860210 244
1860220 244
1860230 244
1860240 244
1860250 244
1860260 245
1860270 246
1860280 246
1860290 247
1860300 247
1860310 247
1860320 248
1860330 248
1860340 248
1860350 250
1860360 252
1860370 252
1860380 253
1860390 254
1860400 254
1860410 254
1860420 255
1860430 256
1860440 257
1860450 258
1860460 258
1860470 258
1860480 259
1860490 259
1860500 257
1860510 257
1860520 257
1860530 260
1860540 261
1860550 261
1860560 261
1860570 261
1860580 261
1860590 261
1860600 261
1860610 261
1860620 262
1860630 262
1860640 262
1860650 262
1860660 262
1860670 262
1860680 263
1860690 263
1860700 263
1860710 264
1860720 264
1860730 264
1860740 265
1860750 266
1860760 266
1860770 267
1860780 269
1860790 269
1860800 270
1860810 271
1860820 271
1860830 272
1860840 272
1860850 272
1860860 273
1860870 274
1860880 274
1860890 275
1860900 275
1860910 275
1860920 276
1860930 277
1860940 277
1860950 277
1860960 277
1860970 278
1860980 278
1860990 278
1861000 279
1861010 279
1861020 279
1861030 280
1861040 280
1861050 280
1861060 281
1861070 281
1861080 281
1861090 281
1861100 282
1861110 282
1861120 282
1861130 282
1861140 282
1861150 283
1861160 283
1861170 283
1861180 283
1861190 284
1861200 284
1861210 284
1861220 284
1861230 284
1861240 284
1861250 285
1861260 285
1861270 285
1861280 285
1861290 285
1861300 285
1861310 286
1861320 286
1861330 286
1861340 286
1861350 286
1861360 286
1861370 287
1861380 287
1861390 287
1861400 287
1861410 287
1861420 287
1861430 287
1861440 287
1861450 287
1861460 287
1861470 287
1861480 287
1861490 288
1861500 288
1861510 288
1861520 288
1861530 288
1861540 288
1861550 288
1861560 288
1861570 288
1861580 289
1861590 289
1861600 289
1861610 289
1861620 289
1861630 289
1861640 289
1861650 289
1861660 289
1861670 289
1861680 289
1861690 289
1861700 290
1861710 290
1861720 290
1861730 290
1861740 290
1861750 290
1861760 290
1861770 290
1861780 290
1861790 290
1861800 290
1861810 290
1861820 291
1861830 291
1861840 291
1861850 291
1861860 290
1861870 290
1861880 290
1861890 290
1861900 291
1861910 291
1861920 291
1861930 291
1861940 291
1861950 291
1861960 291
1861970 291
1861980 291
1861990 290
1862000 290
1862010 291
1862020 291
1862030 291
1862040 291
1862050 291
1862060 291
1862070 291
1862080 291
1862090 291
1862100 291
1862110 291
1862120 291
1862130 291
1862140 291
1862150 291
1862160 291
1862170 291
1862180 291
1862190 290
1862200 290
1862210 290
1862220 290
1862230 290
1862240 290
1862250 289
1862260 289
1862270 289
1862280 289
1862290 288
1862300 288
1862310 288
1862320 288
1862330 288
1862340 287
1862350 287
1862360 287
1862370 286
1862380 285
1862390 285
1862400 285
1862410 284
1862420 284
1862430 284
1862440 283
1862450 283
1862460 282
1862470 281
1862480 281
1862490 280
1862500 280
1862510 279
1862520 277
1862530 277
1862540 276
1862550 274
1862560 274
1862570 273
1862580 272
1862590 272
1862600 271
1862610 270
1862620 270
1862630 269
1862640 268
1862650 268
1862660 267
1862670 266
1862680 266
1862690 265
1862700 265
1862710 265
1862720 265
1862730 265
1862740 265
1862750 266
1862760 266
1862770 266
1862780 266
1862790 265
1862800 265
1862810 265
1862820 265
1862830 265
1862840 265
1862850 266
1862860 266
1862870 265
1862880 265
1862890 265
1862900 265
1862910 264
1862920 264
1862930 264
1862940 263
1862950 263
1862960 262
1862970 261
1862980 261
1862990 260
1863000 259
1863010 259
1863020 258
1863030 257
1863040 257
1863050 255
1863060 254
1863070 254
1863080 253
1863090 252
1863100 252
1863110 251
1863120 249
1863130 249
1863140 248
1863150 247
1863160 247
1863170 246
1863180 245
1863190 245
1863200 243
1863210 242
1863220 242
1863230 241
1863240 240
1863250 240
1863260 239
1863270 239
1863280 237
1863290 236
1863300 236
1863310 236
1863320 235
1863330 235
1863340 235
1863350 235
1863360 235
1863370 235
1863380 235
1863390 235
1863400 234
1863410 234
1863420 234
1863430 233
1863440 233
1863450 233
1863460 233
1863470 232
1863480 232
1863490 232
1863500 232
1863510 232
1863520 232
1863530 232
1863540 233
1863550 233
1863560 234
1863570 234
1863580 234
1863590 235
1863600 235
1863610 235
1863620 235
1863630 235
1863640 235
1863650 235
1863660 235
1863670 236
1863680 236
1863690 236
1863700 237
1863710 237
1863720 237
1863730 237
1863740 234
1863750 234
1863760 233
1863770 233
1863780 233
1863790 233
1863800 234
1863810 234
1863820 234
1863830 235
1863840 235
1863850 236
1863860 236
1863870 236
1863880 237
1863890 239
1863900 239
1863910 240
1863920 240
1863930 240
1863940 241
1863950 241
1863960 241
1863970 241
1863980 242
1863990 242
1864000 242
1864010 242
1864020 242
1864030 241
1864040 241
1864050 241
1864060 241
1864070 241
1864080 240
1864090 240
1864100 240
1864110 239
1864120 239
1864130 239
1864140 239
1864150 238
1864160 238
1864170 238
1864180 239
1864190 239
1864200 239
1864210 239
1864220 239
1864230 240
1864240 240
1864250 240
1864260 240
1864270 239
1864280 239
1864290 239
1864300 239
1864310 239
1864320 238
1864330 238
1864340 238
1864350 237
1864360 237
1864370 237
1864380 236
1864390 236
1864400 236
1864410 235
1864420 235
1864430 235
1864440 234
1864450 233
1864460 233
1864470 232
1864480 231
1864490 231
1864500 231
1864510 230
1864520 230
1864530 229
1864540 229
1864550 229
1864560 228
1864570 228
1864580 228
1864590 228
1864600 228
1864610 228
1864620 228
1864630 228
1864640 228
1864650 228
1864660 228
1864670 228
1864680 228
1864690 228
1864700 228
1864710 228
1864720 228
1864730 228
1864740 228
1864750 228
1864760 228
1864770 228
1864780 228
1864790 228
1864800 228
1864810 228
1864820 229
1864830 229
1864840 229
1864850 229
1864860 229
1864870 229
1864880 229
1864890 229
1864900 229
1864910 229
1864920 230
1864930 230
1864940 230
1864950 230
1864960 230
1864970 230
1864980 229
1864990 229
1865000 229
1865010 229
1865020 229
1865030 229
1865040 229
1865050 229
1865060 228
1865070 228
1865080 228
1865090 228
1865100 228
1865110 228
1865120 227
1865130 227
1865140 227
1865150 227
1865160 227
1865170 227
1865180 226
1865190 226
1865200 226
1865210 226
1865220 225
1865230 225
1865240 225
1865250 225
1865260 224
1865270 224
1865280 224
1865290 224
1865300 223
1865310 223
1865320 223
1865330 222
1865340 221
1865350 221
1865360 221
1865370 220
1865380 220
1865390 219
1865400 218
1865410 218
1865420 218
1865430 216
1865440 216
1865450 215
1865460 214
1865470 214
1865480 213
1865490 212
1865500 212
1865510 211
1865520 211
1865530 211
1865540 210
1865550 209
1865560 209
1865570 208
1865580 208
1865590 207
1865600 206
1865610 206
1865620 205
1865630 205
1865640 205
1865650 204
1865660 204
1865670 204
1865680 203
1865690 203
1865700 203
1865710 203
1865720 202
1865730 202
1865740 202
1865750 201
1865760 201
1865770 201
1865780 201
1865790 201
1865800 200
1865810 200
1865820 200
1865830 200
1865840 200
1865850 200
1865860 200
1865870 200
1865880 200
1865890 199
1865900 199
1865910 199
1865920 199
1865930 199
1865940 199
1865950 199
1865960 199
1865970 199
1865980 198
1865990 198
1866000 198
1866010 198
1866020 198
1866030 198
1866040 198
1866050 198
1866060 198
1866070 198
1866080 198
1866090 198
1866100 198
1866110 197
1866120 197
1866130 197
1866140 197
1866150 197
1866160 197
1866170 197
1866180 197
1866190 197
1866200 196
1866210 196
1866220 196
1866230 197
1866240 197
1866250 197
1866260 197
1866270 197
1866280 197
1866290 199
1866300 199
1866310 200
1866320 201
1866330 201
1866340 202
1866350 202
1866360 202
1866370 203
1866380 203
1866390 204
1866400 204
1866410 204
1866420 205
1866430 205
1866440 205
1866450 206
1866460 206
1866470 206
1866480 206
1866490 206
1866500 206
1866510 205
1866520 204
1866530 204
1866540 203
1866550 204
1866560 204
1866570 204
1866580 205
1866590 205
1866600 206
1866610 207
1866620 207
1866630 209
1866640 209
1866650 209
1866660 210
1866670 210
1866680 210
1866690 210
1866700 210
1866710 210
1866720 210
1866730 210
1866740 210
1866750 209
1866760 209
1866770 209
1866780 209
1866790 209
1866800 209
1866810 209
1866820 209
1866830 209
1866840 209
1866850 209
1866860 209
1866870 208
1866880 208
1866890 208
1866900 208
1866910 208
1866920 208
1866930 208
1866940 207
1866950 207
1866960 207
1866970 207
1866980 207
1866990 206
1867000 206
1867010 206
1867020 206
1867030 205
1867040 205
1867050 205
1867060 204
1867070 204
1867080 203
1867090 202
1867100 202
1867110 201
1867120 201
1867130 200
1867140 199
1867150 199
1867160 198
1867170 196
1867180 196
1867190 194
1867200 193
1867210 193
1867220 193
1867230 193
1867240 193
1867250 193
1867260 193
1867270 193
1867280 193
1867290 193
1867300 193
1867310 193
1867320 192
1867330 192
1867340 193
1867350 194
1867360 194
1867370 195
1867380 197
1867390 197
1867400 198
1867410 199
1867420 199
1867430 200
1867440 201
1867450 201
1867460 201
1867470 202
1867480 202
1867490 201
1867500 200
1867510 200
1867520 199
1867530 198
1867540 198
1867550 196
1867560 195
1867570 195
1867580 194
1867590 193
1867600 193
1867610 192
1867620 191
1867630 191
1867640 191
1867650 191
1867660 191
1867670 190
1867680 190
1867690 190
1867700 190
1867710 190
1867720 190
1867730 190
1867740 191
1867750 191
1867760 193
1867770 194
1867780 194
1867790 194
1867800 195
1867810 195
1867820 195
1867830 195
1867840 195
1867850 195
1867860 196
1867870 196
1867880 196
1867890 196
1867900 197
1867910 197
1867920 197
1867930 198
1867940 198
1867950 198
1867960 198
1867970 198
1867980 198
1867990 198
1868000 198
1868010 198
1868020 198
1868030 199
1868040 199
1868050 199
1868060 200
1868070 200
1868080 201
1868090 201
1868100 201
1868110 202
1868120 203
1868130 203
1868140 203
1868150 203
1868160 203
1868170 204
1868180 204
1868190 204
1868200 204
1868210 204
1868220 204
1868230 204
1868240 204
1868250 204
1868260 203
1868270 203
1868280 203
1868290 203
1868300 203
1868310 203
1868320 203
1868330 203
1868340 203
1868350 203
1868360 203
1868370 203
1868380 202
1868390 202
1868400 202
1868410 202
1868420 202
1868430 202
1868440 203
1868450 203
1868460 203
1868470 203
1868480 203
1868490 203
1868500 203
1868510 204
1868520 204
1868530 204
1868540 204
1868550 204
1868560 204
1868570 204
1868580 204
1868590 204
1868600 204
1868610 204
1868620 204
1868630 204
1868640 204
1868650 204
1868660 204
1868670 204
1868680 204
1868690 204
1868700 204
1868710 204
1868720 204
1868730 204
1868740 203
1868750 203
1868760 203
1868770 203
1868780 203
1868790 203
1868800 203
1868810 203
1868820 203
1868830 201
1868840 201
1868850 201
1868860 201
1868870 201
1868880 201
1868890 200
1868900 200
1868910 200
1868920 201
1868930 201
1868940 200
1868950 200
1868960 200
1868970 199
1868980 199
1868990 199
1869000 199
1869010 199
1869020 199
1869030 200
1869040 200
1869050 200
1869060 200
1869070 200
1869080 200
1869090 200
1869100 200
1869110 200
1869120 200
1869130 200
1869140 200
1869150 200
1869160 200
1869170 200
1869180 199
1869190 199
1869200 199
1869210 199
1869220 199
1869230 199
1869240 198
1869250 198
1869260 198
1869270 198
1869280 197
1869290 197
1869300 197
1869310 197
1869320 197
1869330 197
1869340 196
1869350 196
1869360 195
1869370 195
1869380 195
1869390 195
1869400 194
1869410 194
1869420 194
1869430 194
1869440 193
1869450 193
1869460 193
1869470 193
1869480 192
1869490 192
1869500 192
1869510 192
1869520 192
1869530 191
1869540 191
1869550 191
1869560 191
1869570 191
1869580 191
1869590 190
1869600 190
1869610 190
1869620 190
1869630 190
1869640 190
1869650 190
1869660 190
1869670 190
1869680 190
1869690 191
1869700 191
1869710 191
1869720 192
1869730 192
1869740 193
1869750 194
1869760 194
1869770 194
1869780 195
1869790 195
1869800 195
1869810 196
1869820 196
1869830 196
1869840 197
1869850 197
1869860 197
1869870 197
1869880 197
1869890 196
1869900 196
1869910 196
1869920 195
1869930 195
1869940 195
1869950 194
1869960 193
1869970 193
1869980 193
1869990 192
1870000 192
1870010 191
1870020 191
1870030 191
1870040 191
1870050 190
1870060 190
1870070 190
1870080 190
1870090 190
1870100 190
1870110 190
1870120 190
1870130 190
1870140 190
1870150 190
1870160 190
1870170 190
1870180 190
1870190 191
1870200 191
1870210 191
1870220 191
1870230 191
1870240 192
1870250 192
1870260 192
1870270 193
1870280 193
1870290 193
1870300 194
1870310 195
1870320 195
1870330 196
1870340 197
1870350 197
1870360 198
1870370 199
1870380 199
1870390 200
1870400 200
1870410 200
1870420 201
1870430 201
1870440 201
1870450 201
1870460 202
1870470 202
1870480 202
1870490 202
1870500 202
1870510 202
1870520 202
1870530 202
1870540 202
1870550 202
1870560 202
1870570 202
1870580 202
1870590 202
1870600 202
1870610 202
1870620 202
1870630 202
1870640 202
1870650 202
1870660 202
1870670 202
1870680 202
1870690 202
1870700 202
1870710 202
1870720 202
1870730 202
1870740 202
1870750 202
1870760 202
1870770 202
1870780 202
1870790 201
1870800 201
1870810 201
1870820 201
1870830 201
1870840 201
1870850 201
1870860 201
1870870 201
1870880 201
1870890 201
1870900 201
1870910 201
1870920 201
1870930 201
1870940 201
1870950 201
1870960 200
1870970 200
1870980 200
1870990 200
1871000 200
1871010 200
1871020 200
1871030 200
1871040 199
1871050 198
1871060 198
1871070 198
1871080 197
1871090 197
1871100 197
1871110 197
1871120 197
1871130 196
1871140 196
1871150 196
1871160 195
1871170 194
1871180 194
1871190 194
1871200 193
1871210 193
1871220 193
1871230 192
1871240 192
1871250 192
1871260 191
1871270 191
1871280 191
1871290 190
1871300 190
1871310 190
1871320 190
1871330 190
1871340 189
1871350 189
1871360 189
1871370 188
1871380 188
1871390 188
1871400 189
1871410 189
1871420 189
1871430 189
1871440 189
1871450 189
1871460 189
1871470 190
1871480 190
1871490 190
1871500 191
1871510 191
1871520 191
1871530 192
1871540 192
1871550 193
1871560 193
1871570 193
1871580 194
1871590 194
1871600 194
1871610 194
1871620 194
1871630 194
1871640 194
1871650 193
1871660 193
1871670 193
1871680 192
1871690 192
1871700 192
1871710 192
1871720 192
1871730 191
1871740 191
1871750 190
1871760 190
1871770 190
1871780 189
1871790 188
1871800 188
1871810 187
1871820 186
1871830 186
1871840 187
1871850 189
1871860 189
1871870 191
1871880 192
1871890 192
1871900 194
1871910 194
1871920 194
1871930 195
1871940 195
1871950 195
1871960 195
1871970 195
1871980 195
1871990 195
1872000 195
1872010 195
1872020 195
1872030 196
1872040 196
1872050 196
1872060 196
1872070 196
1872080 196
1872090 197
1872100 197
1872110 197
1872120 197
1872130 197
1872140 197
1872150 197
1872160 197
1872170 197
1872180 197
1872190 197
1872200 197
1872210 197
1872220 197
1872230 197
1872240 196
1872250 196
1872260 196
1872270 196
1872280 196
1872290 196
1872300 196
1872310 196
1872320 196
1872330 196
1872340 196
1872350 196
1872360 196
1872370 196
1872380 196
1872390 196
1872400 196
1872410 196
1872420 196
1872430 196
1872440 196
1872450 196
1872460 196
1872470 196
1872480 196
1872490 196
1872500 196
1872510 196
1872520 196
1872530 196
1872540 196
1872550 196
1872560 196
1872570 196
1872580 196
1872590 196
1872600 196
1872610 196
1872620 196
1872630 196
1872640 196
1872650 196
1872660 196
1872670 196
1872680 196
1872690 196
1872700 196
1872710 197
1872720 197
1872730 197
1872740 197
1872750 197
1872760 197
1872770 197
1872780 197
1872790 197
1872800 197
1872810 197
1872820 197
1872830 197
1872840 197
1872850 197
1872860 197
1872870 197
1872880 197
1872890 196
1872900 196
1872910 196
1872920 196
1872930 196
1872940 196
1872950 196
1872960 196
1872970 196
1872980 196
1872990 196
1873000 196
1873010 196
1873020 196
1873030 196
1873040 196
1873050 196
1873060 196
1873070 196
1873080 196
1873090 196
1873100 195
1873110 195
1873120 195
1873130 195
1873140 195
1873150 195
1873160 195
1873170 195
1873180 195
1873190 195
1873200 195
1873210 195
1873220 194
1873230 194
1873240 194
1873250 194
1873260 194
1873270 193
1873280 193
1873290 193
1873300 192
1873310 192
1873320 191
1873330 190
1873340 190
1873350 189
1873360 188
1873370 188
1873380 188
1873390 187
1873400 187
1873410 186
1873420 186
1873430 186
1873440 186
1873450 185
1873460 185
1873470 185
1873480 184
1873490 184
1873500 184
1873510 183
1873520 183
1873530 183
1873540 182
1873550 182
1873560 182
1873570 182
1873580 182
1873590 181
1873600 181
1873610 181
1873620 181
1873630 180
1873640 180
1873650 180
1873660 180
1873670 180
1873680 181
1873690 181
1873700 181
1873710 181
1873720 181
1873730 181
1873740 182
1873750 182
1873760 182
1873770 183
1873780 183
1873790 183
1873800 183
1873810 184
1873820 184
1873830 185
1873840 185
1873850 185
1873860 186
1873870 187
1873880 187
1873890 188
1873900 189
1873910 189
1873920 190
1873930 191
1873940 191
1873950 191
1873960 191
1873970 191
1873980 192
1873990 192
1874000 192
1874010 192
1874020 192
1874030 192
1874040 192
1874050 192
1874060 192
1874070 192
1874080 192
1874090 192
1874100 192
1874110 192
1874120 192
1874130 191
1874140 191
1874150 191
1874160 191
1874170 191
1874180 191
1874190 191
1874200 191
1874210 191
1874220 191
1874230 191
1874240 191
1874250 190
1874260 190
1874270 190
1874280 190
1874290 190
1874300 189
1874310 189
1874320 189
1874330 189
1874340 189
1874350 189
1874360 188
1874370 188
1874380 188
1874390 188
1874400 187
1874410 187
1874420 187
1874430 186
1874440 186
1874450 186
1874460 185
1874470 185
1874480 185
1874490 184
1874500 184
1874510 184
1874520 183
1874530 183
1874540 183
1874550 182
1874560 182
1874570 181
1874580 181
1874590 181
1874600 180
1874610 179
1874620 179
1874630 179
1874640 178
1874650 178
1874660 178
1874670 177
1874680 177
1874690 177
1874700 177
1874710 177
1874720 176
1874730 176
1874740 176
1874750 175
1874760 175
1874770 175
1874780 175
1874790 175
1874800 174
1874810 174
1874820 174
1874830 173
1874840 173
1874850 173
1874860 173
1874870 172
1874880 172
1874890 172
1874900 171
1874910 171
1874920 171
1874930 170
1874940 170
1874950 169
1874960 169
1874970 169
1874980 168
1874990 168
1875000 168
1875010 167
1875020 166
1875030 166
1875040 166
1875050 165
1875060 165
1875070 164
1875080 164
1875090 164
1875100 164
1875110 163
1875120 163
1875130 163
1875140 162
1875150 162
1875160 161
1875170 161
1875180 161
1875190 160
1875200 161
1875210 161
1875220 161
1875230 161
1875240 161
1875250 160
1875260 160
1875270 160
1875280 160
1875290 160
1875300 160
1875310 160
1875320 160
1875330 160
1875340 161
1875350 160
1875360 160
1875370 159
1875380 160
1875390 160
1875400 160
1875410 160
1875420 160
1875430 160
1875440 160
1875450 160
1875460 160
1875470 160
1875480 160
1875490 160
1875500 160
1875510 160
1875520 160
1875530 160
1875540 160
1875550 160
1875560 160
1875570 160
1875580 160
1875590 160
1875600 160
1875610 160
1875620 160
1875630 161
1875640 160
1875650 160
1875660 159
1875670 159
1875680 159
1875690 159
1875700 159
1875710 159
1875720 158
1875730 159
1875740 159
1875750 159
1875760 159
1875770 159
1875780 164
1875790 166
1875800 166
1875810 163
1875820 157
1875830 157
1875840 156
1875850 156
1875860 156
1875870 156
1875880 156
1875890 156
1875900 157
1875910 157
1875920 157
1875930 157
1875940 157
1875950 157
1875960 158
1875970 160
1875980 160
1875990 162
1876000 163
1876010 163
1876020 163
1876030 163
1876040 163
1876050 162
1876060 161
1876070 161
1876080 161
1876090 160
1876100 160
1876110 160
1876120 160
1876130 160
1876140 160
1876150 160
1876160 160
1876170 160
1876180 160
1876190 160
1876200 160
1876210 160
1876220 160
1876230 160
1876240 160
1876250 160
1876260 160
1876270 160
1876280 160
1876290 160
1876300 160
1876310 160
1876320 160
1876330 160
1876340 160
1876350 160
1876360 160
1876370 160
1876380 160
1876390 160
1876400 160
1876410 161
1876420 161
1876430 161
1876440 161
1876450 161
1876460 160
1876470 160
1876480 160
1876490 160
1876500 160
1876510 160
1876520 160
1876530 160
1876540 160
1876550 161
1876560 160
1876570 160
1876580 160
1876590 160
1876600 160
1876610 160
1876620 160
1876630 160
1876640 160
1876650 160
1876660 160
1876670 160
1876680 160
1876690 160
1876700 160
1876710 160
1876720 160
1876730 160
1876740 160
1876750 160
1876760 160
1876770 160
1876780 160
1876790 161
1876800 161
1876810 161
1876820 161
1876830 162
1876840 162
1876850 163
1876860 164
1876870 164
1876880 165
1876890 165
1876900 165
1876910 165
1876920 165
1876930 165
1876940 165
1876950 165
1876960 165
1876970 166
1876980 166
1876990 166
1877000 166
1877010 166
1877020 166
1877030 166
1877040 166
1877050 166
1877060 166
1877070 166
1877080 166
1877090 166
1877100 166
1877110 166
1877120 166
1877130 166
1877140 166
1877150 167
1877160 167
1877170 167
1877180 167
1877190 167
1877200 167
1877210 167
1877220 167
1877230 167
1877240 167
1877250 167
1877260 167
1877270 167
1877280 167
1877290 167
1877300 167
1877310 167
1877320 167
1877330 167
1877340 167
1877350 167
1877360 167
1877370 167
1877380 167
1877390 167
1877400 167
1877410 167
1877420 166
1877430 166
1877440 166
1877450 166
1877460 166
1877470 166
1877480 166
1877490 166
1877500 166
1877510 166
1877520 166
1877530 167
1877540 167
1877550 167
1877560 167
1877570 167
1877580 167
1877590 166
1877600 166
1877610 166
1877620 167
1877630 167
1877640 167
1877650 167
1877660 167
1877670 167
1877680 167
1877690 167
1877700 167
1877710 167
1877720 167
1877730 167
1877740 167
1877750 167
1877760 167
1877770 167
1877780 167
1877790 167
1877800 167
1877810 167
1877820 167
1877830 167
1877840 167
1877850 167
1877860 167
1877870 167
1877880 167
1877890 167
1877900 167
1877910 167
1877920 167
1877930 167
1877940 167
1877950 166
1877960 166
1877970 167
1877980 167
1877990 167
1878000 166
1878010 167
1878020 167
1878030 167
1878040 166
1878050 166
1878060 166
1878070 166
1878080 166
1878090 166
1878100 166
1878110 166
1878120 165
1878130 165
1878140 165
1878150 164
1878160 163
1878170 163
1878180 163
1878190 162
1878200 162
1878210 162
1878220 162
1878230 162
1878240 162
1878250 162
1878260 162
1878270 161
1878280 161
1878290 161
1878300 161
1878310 161
1878320 161
1878330 161
1878340 160
1878350 160
1878360 159
1878370 159
1878380 159
1878390 158
1878400 157
1878410 157
1878420 157
1878430 157
1878440 157
1878450 156
1878460 156
1878470 156
1878480 156
1878490 157
1878500 157
1878510 157
1878520 157
1878530 157
1878540 157
1878550 156
1878560 156
1878570 156
1878580 155
1878590 155
1878600 155
1878610 155
1878620 155
1878630 154
1878640 154
1878650 154
1878660 153
1878670 153
1878680 153
1878690 153
1878700 153
1878710 153
1878720 153
1878730 153
1878740 153
1878750 153
1878760 153
1878770 153
1878780 152
1878790 152
1878800 152
1878810 153
1878820 153
1878830 153
1878840 153
1878850 153
1878860 153
1878870 153
1878880 153
1878890 153
1878900 152
1878910 152
1878920 152
1878930 152
1878940 152
1878950 152
1878960 152
1878970 152
1878980 152
1878990 152
1879000 152
1879010 152
1879020 152
1879030 152
1879040 152
1879050 152
1879060 152
1879070 152
1879080 152
1879090 152
1879100 152
1879110 152
1879120 152
1879130 152
1879140 152
1879150 152
1879160 152
1879170 152
1879180 152
1879190 152
1879200 152
1879210 152
1879220 152
1879230 152
1879240 152
1879250 152
1879260 152
1879270 152
1879280 152
1879290 152
1879300 152
1879310 152
1879320 152
1879330 152
1879340 152
1879350 152
1879360 152
1879370 152
1879380 152
1879390 152
1879400 152
1879410 152
1879420 152
1879430 152
1879440 152
1879450 152
1879460 152
1879470 152
1879480 152
1879490 152
1879500 152
1879510 152
1879520 152
1879530 152
1879540 152
1879550 152
1879560 152
1879570 152
1879580 152
1879590 152
1879600 152
1879610 152
1879620 152
1879630 152
1879640 152
1879650 152
1879660 152
1879670 152
1879680 152
1879690 152
1879700 152
1879710 152
1879720 152
1879730 152
1879740 152
1879750 153
1879760 152
1879770 152
1879780 152
1879790 152
1879800 152
1879810 152
1879820 152
1879830 152
1879840 152
1879850 152
1879860 152
1879870 152
1879880 152
1879890 152
1879900 152
1879910 152
1879920 152
1879930 152
1879940 152
1879950 152
1879960 152
1879970 152
1879980 152
1879990 152
