1860000 247
1860010 247
1860020 247
1860030 247
1860040 247
1860050 247
1860060 247
1860070 247
1860080 248
1860090 248
1860100 248
1860110 249
1860120 249
1860130 249
1860140 250
1860150 250
1860160 250
1860170 251
1860180 251
1860190 250
1860200 251
1860210 251
1860220 251
1860230 251
1860240 251
1860250 252
1860260 252
1860270 252
1860280 252
1860290 252
1860300 252
1860310 251
1860320 251
1860330 251
1860340 251
1860350 251
1860360 251
1860370 251
1860380 251
1860390 251
1860400 251
1860410 251
1860420 251
1860430 252
1860440 252
1860450 252
1860460 253
1860470 254
1860480 254
1860490 255
1860500 255
1860510 255
1860520 256
1860530 257
1860540 257
1860550 258
1860560 258
1860570 258
1860580 259
1860590 260
1860600 260
1860610 260
1860620 261
1860630 261
1860640 262
1860650 262
1860660 262
1860670 263
1860680 263
1860690 263
1860700 264
1860710 265
1860720 265
1860730 265
1860740 266
1860750 266
1860760 266
1860770 266
1860780 267
1860790 267
1860800 267
1860810 268
1860820 268
1860830 268
1860840 269
1860850 270
1860860 270
1860870 270
1860880 271
1860890 271
1860900 272
1860910 272
1860920 272
1860930 273
1860940 273
1860950 273
1860960 274
1860970 274
1860980 274
1860990 275
1861000 275
1861010 275
1861020 276
1861030 276
1861040 276
1861050 276
1861060 276
1861070 276
1861080 277
1861090 277
1861100 277
1861110 277
1861120 277
1861130 277
1861140 277
1861150 277
1861160 277
1861170 277
1861180 277
1861190 277
1861200 277
1861210 277
1861220 277
1861230 277
1861240 276
1861250 276
1861260 276
1861270 276
1861280 276
1861290 277
1861300 277
1861310 277
1861320 278
1861330 278
1861340 278
1861350 279
1861360 279
1861370 279
1861380 279
1861390 280
1861400 280
1861410 280
1861420 280
1861430 280
1861440 281
1861450 281
1861460 281
1861470 281
1861480 282
1861490 282
1861500 282
1861510 282
1861520 282
1861530 282
1861540 282
1861550 283
1861560 283
1861570 283
1861580 283
1861590 283
1861600 283
1861610 283
1861620 283
1861630 283
1861640 283
1861650 283
1861660 283
1861670 283
1861680 283
1861690 283
1861700 283
1861710 283
1861720 283
1861730 283
1861740 283
1861750 283
1861760 283
1861770 283
1861780 283
1861790 283
1861800 282
1861810 282
1861820 282
1861830 282
1861840 282
1861850 282
1861860 282
1861870 282
1861880 282
1861890 282
1861900 282
1861910 282
1861920 282
1861930 282
1861940 282
1861950 282
1861960 282
1861970 282
1861980 281
1861990 281
1862000 281
1862010 281
1862020 281
1862030 282
1862040 282
1862050 282
1862060 282
1862070 282
1862080 282
1862090 282
1862100 282
1862110 282
1862120 282
1862130 282
1862140 282
1862150 283
1862160 284
1862170 284
1862180 284
1862190 285
1862200 285
1862210 285
1862220 286
1862230 286
1862240 286
1862250 286
1862260 286
1862270 287
1862280 287
1862290 287
1862300 288
1862310 288
1862320 288
1862330 288
1862340 288
1862350 289
1862360 289
1862370 289
1862380 289
1862390 290
1862400 290
1862410 290
1862420 290
1862430 290
1862440 291
1862450 291
1862460 291
1862470 291
1862480 292
1862490 292
1862500 292
1862510 293
1862520 293
1862530 293
1862540 293
1862550 293
1862560 293
1862570 293
1862580 293
1862590 293
1862600 294
1862610 294
1862620 294
1862630 294
1862640 294
1862650 295
1862660 295
1862670 295
1862680 295
1862690 295
1862700 295
1862710 295
1862720 295
1862730 295
1862740 295
1862750 295
1862760 295
1862770 296
1862780 297
1862790 297
1862800 297
1862810 297
1862820 297
1862830 297
1862840 297
1862850 297
1862860 297
1862870 298
1862880 298
1862890 298
1862900 298
1862910 298
1862920 298
1862930 298
1862940 298
1862950 298
1862960 298
1862970 298
1862980 297
1862990 297
1863000 297
1863010 297
1863020 297
1863030 297
1863040 297
1863050 297
1863060 297
1863070 297
1863080 297
1863090 297
1863100 296
1863110 296
1863120 296
1863130 296
1863140 296
1863150 295
1863160 295
1863170 295
1863180 294
1863190 294
1863200 294
1863210 294
1863220 294
1863230 294
1863240 294
1863250 294
1863260 294
1863270 293
1863280 293
1863290 293
1863300 293
1863310 293
1863320 293
1863330 293
1863340 292
1863350 292
1863360 292
1863370 292
1863380 292
1863390 291
1863400 291
1863410 291
1863420 290
1863430 290
1863440 290
1863450 289
1863460 289
1863470 289
1863480 289
1863490 288
1863500 288
1863510 288
1863520 288
1863530 288
1863540 288
1863550 288
1863560 288
1863570 288
1863580 288
1863590 288
1863600 288
1863610 288
1863620 288
1863630 288
1863640 288
1863650 289
1863660 288
1863670 288
1863680 288
1863690 288
1863700 288
1863710 288
1863720 288
1863730 288
1863740 288
1863750 288
1863760 288
1863770 288
1863780 287
1863790 287
1863800 287
1863810 287
1863820 287
1863830 287
1863840 286
1863850 286
1863860 286
1863870 285
1863880 285
1863890 285
1863900 284
1863910 284
1863920 283
1863930 282
1863940 282
1863950 282
1863960 281
1863970 281
1863980 279
1863990 279
1864000 279
1864010 277
1864020 276
1864030 276
1864040 274
1864050 272
1864060 272
1864070 271
1864080 270
1864090 270
1864100 268
1864110 268
1864120 268
1864130 267
1864140 267
1864150 267
1864160 266
1864170 265
1864180 265
1864190 265
1864200 264
1864210 264
1864220 263
1864230 262
1864240 262
1864250 262
1864260 262
1864270 262
1864280 262
1864290 261
1864300 261
1864310 261
1864320 261
1864330 261
1864340 261
1864350 260
1864360 260
1864370 260
1864380 260
1864390 260
1864400 261
1864410 261
1864420 261
1864430 261
1864440 261
1864450 261
1864460 261
1864470 262
1864480 262
1864490 262
1864500 262
1864510 261
1864520 260
1864530 260
1864540 259
1864550 258
1864560 258
1864570 256
1864580 255
1864590 255
1864600 254
1864610 252
1864620 252
1864630 251
1864640 249
1864650 249
1864660 248
1864670 247
1864680 245
1864690 244
1864700 243
1864710 243
1864720 241
1864730 241
1864740 241
1864750 239
1864760 237
1864770 237
1864780 237
1864790 236
1864800 236
1864810 235
1864820 235
1864830 235
1864840 234
1864850 233
1864860 233
1864870 233
1864880 233
1864890 233
1864900 233
1864910 232
1864920 232
1864930 232
1864940 232
1864950 232
1864960 231
1864970 231
1864980 231
1864990 231
1865000 230
1865010 230
1865020 231
1865030 231
1865040 231
1865050 231
1865060 232
1865070 232
1865080 232
1865090 233
1865100 233
1865110 234
1865120 235
1865130 235
1865140 236
1865150 237
1865160 237
1865170 238
1865180 239
1865190 239
1865200 239
1865210 238
1865220 238
1865230 238
1865240 238
1865250 237
1865260 236
1865270 236
1865280 235
1865290 235
1865300 235
1865310 235
1865320 234
1865330 234
1865340 235
1865350 235
1865360 235
1865370 236
1865380 237
1865390 237
1865400 238
1865410 238
1865420 238
1865430 239
1865440 239
1865450 239
1865460 240
1865470 240
1865480 240
1865490 240
1865500 240
1865510 240
1865520 240
1865530 239
1865540 239
1865550 239
1865560 239
1865570 239
1865580 239
1865590 238
1865600 238
1865610 238
1865620 237
1865630 237
1865640 237
1865650 236
1865660 236
1865670 236
1865680 235
1865690 235
1865700 234
1865710 233
1865720 233
1865730 233
1865740 232
1865750 232
1865760 231
1865770 231
1865780 231
1865790 230
1865800 229
1865810 229
1865820 228
1865830 228
1865840 228
1865850 227
1865860 226
1865870 226
1865880 225
1865890 224
1865900 224
1865910 223
1865920 222
1865930 222
1865940 221
1865950 220
1865960 220
1865970 218
1865980 218
1865990 218
1866000 217
1866010 217
1866020 217
1866030 217
1866040 217
1866050 218
1866060 218
1866070 218
1866080 219
1866090 219
1866100 219
1866110 220
1866120 221
1866130 221
1866140 222
1866150 222
1866160 222
1866170 223
1866180 224
1866190 224
1866200 225
1866210 226
1866220 226
1866230 225
1866240 225
1866250 225
1866260 224
1866270 224
1866280 224
1866290 224
1866300 224
1866310 224
1866320 223
1866330 223
1866340 223
1866350 223
1866360 223
1866370 223
1866380 222
1866390 222
1866400 222
1866410 222
1866420 221
1866430 221
1866440 221
1866450 221
1866460 221
1866470 220
1866480 220
1866490 220
1866500 219
1866510 219
1866520 219
1866530 219
1866540 219
1866550 219
1866560 219
1866570 218
1866580 218
1866590 218
1866600 218
1866610 218
1866620 218
1866630 218
1866640 218
1866650 217
1866660 217
1866670 217
1866680 217
1866690 217
1866700 217
1866710 217
1866720 217
1866730 217
1866740 217
1866750 217
1866760 217
1866770 217
1866780 217
1866790 217
1866800 216
1866810 216
1866820 216
1866830 216
1866840 216
1866850 216
1866860 216
1866870 216
1866880 216
1866890 216
1866900 216
1866910 215
1866920 215
1866930 215
1866940 215
1866950 215
1866960 215
1866970 215
1866980 214
1866990 214
1867000 214
1867010 214
1867020 214
1867030 214
1867040 214
1867050 214
1867060 214
1867070 213
1867080 213
1867090 213
1867100 213
1867110 213
1867120 213
1867130 212
1867140 212
1867150 212
1867160 211
1867170 211
1867180 210
1867190 209
1867200 209
1867210 209
1867220 208
1867230 208
1867240 208
1867250 208
1867260 208
1867270 207
1867280 207
1867290 207
1867300 207
1867310 207
1867320 207
1867330 207
1867340 207
1867350 207
1867360 207
1867370 207
1867380 207
1867390 207
1867400 207
1867410 207
1867420 208
1867430 208
1867440 208
1867450 208
1867460 208
1867470 208
1867480 208
1867490 208
1867500 209
1867510 209
1867520 209
1867530 209
1867540 209
1867550 209
1867560 209
1867570 209
1867580 209
1867590 209
1867600 209
1867610 209
1867620 209
1867630 209
1867640 209
1867650 209
1867660 209
1867670 209
1867680 209
1867690 208
1867700 208
1867710 208
1867720 208
1867730 208
1867740 208
1867750 208
1867760 208
1867770 208
1867780 208
1867790 208
1867800 208
1867810 208
1867820 208
1867830 208
1867840 208
1867850 208
1867860 208
1867870 208
1867880 208
1867890 208
1867900 208
1867910 208
1867920 208
1867930 208
1867940 208
1867950 207
1867960 207
1867970 207
1867980 207
1867990 207
1868000 207
1868010 206
1868020 205
1868030 205
1868040 204
1868050 204
1868060 204
1868070 203
1868080 203
1868090 203
1868100 203
1868110 203
1868120 203
1868130 204
1868140 205
1868150 205
1868160 205
1868170 206
1868180 206
1868190 207
1868200 207
1868210 207
1868220 207
1868230 207
1868240 208
1868250 208
1868260 208
1868270 208
1868280 208
1868290 208
1868300 208
1868310 208
1868320 208
1868330 208
1868340 208
1868350 208
1868360 208
1868370 208
1868380 208
1868390 208
1868400 208
1868410 208
1868420 207
1868430 207
1868440 207
1868450 207
1868460 207
1868470 207
1868480 207
1868490 206
1868500 206
1868510 206
1868520 206
1868530 206
1868540 206
1868550 206
1868560 206
1868570 206
1868580 207
1868590 207
1868600 207
1868610 207
1868620 207
1868630 206
1868640 206
1868650 206
1868660 207
1868670 207
1868680 207
1868690 207
1868700 207
1868710 207
1868720 207
1868730 208
1868740 208
1868750 208
1868760 208
1868770 208
1868780 208
1868790 208
1868800 208
1868810 208
1868820 208
1868830 208
1868840 208
1868850 208
1868860 208
1868870 208
1868880 208
1868890 208
1868900 208
1868910 208
1868920 208
1868930 208
1868940 208
1868950 208
1868960 208
1868970 208
1868980 208
1868990 208
1869000 208
1869010 208
1869020 208
1869030 208
1869040 208
1869050 208
1869060 208
1869070 208
1869080 208
1869090 208
1869100 208
1869110 208
1869120 208
1869130 208
1869140 208
1869150 208
1869160 208
1869170 208
1869180 208
1869190 208
1869200 208
1869210 208
1869220 208
1869230 208
1869240 208
1869250 208
1869260 208
1869270 208
1869280 208
1869290 208
1869300 208
1869310 208
1869320 208
1869330 208
1869340 208
1869350 208
1869360 208
1869370 208
1869380 208
1869390 208
1869400 208
1869410 208
1869420 208
1869430 208
1869440 208
1869450 208
1869460 208
1869470 207
1869480 207
1869490 207
1869500 207
1869510 207
1869520 207
1869530 208
1869540 208
1869550 207
1869560 207
1869570 207
1869580 207
1869590 207
1869600 207
1869610 208
1869620 207
1869630 207
1869640 207
1869650 207
1869660 207
1869670 207
1869680 207
1869690 207
1869700 207
1869710 207
1869720 207
1869730 207
1869740 207
1869750 207
1869760 207
1869770 207
1869780 207
1869790 207
1869800 207
1869810 207
1869820 207
1869830 207
1869840 207
1869850 207
1869860 207
1869870 207
1869880 207
1869890 207
1869900 207
1869910 207
1869920 207
1869930 207
1869940 207
1869950 207
1869960 207
1869970 207
1869980 207
1869990 207
1870000 207
1870010 207
1870020 207
1870030 207
1870040 207
1870050 207
1870060 207
1870070 207
1870080 207
1870090 207
1870100 207
1870110 207
1870120 207
1870130 207
1870140 207
1870150 206
1870160 206
1870170 206
1870180 206
1870190 206
1870200 206
1870210 206
1870220 206
1870230 206
1870240 206
1870250 206
1870260 206
1870270 206
1870280 206
1870290 206
1870300 206
1870310 206
1870320 206
1870330 206
1870340 206
1870350 206
1870360 205
1870370 205
1870380 205
1870390 205
1870400 205
1870410 205
1870420 205
1870430 205
1870440 205
1870450 205
1870460 205
1870470 205
1870480 205
1870490 205
1870500 205
1870510 205
1870520 205
1870530 205
1870540 205
1870550 205
1870560 205
1870570 205
1870580 205
1870590 205
1870600 205
1870610 205
1870620 205
1870630 205
1870640 205
1870650 206
1870660 206
1870670 206
1870680 206
1870690 206
1870700 206
1870710 206
1870720 206
1870730 206
1870740 206
1870750 206
1870760 206
1870770 206
1870780 206
1870790 206
1870800 206
1870810 206
1870820 207
1870830 206
1870840 206
1870850 206
1870860 206
1870870 206
1870880 206
1870890 206
1870900 206
1870910 206
1870920 206
1870930 206
1870940 206
1870950 206
1870960 206
1870970 206
1870980 206
1870990 206
1871000 206
1871010 206
1871020 206
1871030 206
1871040 206
1871050 206
1871060 206
1871070 205
1871080 205
1871090 206
1871100 205
1871110 205
1871120 205
1871130 205
1871140 205
1871150 205
1871160 205
1871170 205
1871180 205
1871190 205
1871200 205
1871210 205
1871220 205
1871230 205
1871240 205
1871250 205
1871260 205
1871270 205
1871280 205
1871290 205
1871300 205
1871310 205
1871320 205
1871330 205
1871340 205
1871350 206
1871360 206
1871370 206
1871380 206
1871390 206
1871400 206
1871410 205
1871420 205
1871430 205
1871440 205
1871450 205
1871460 205
1871470 205
1871480 205
1871490 205
1871500 205
1871510 205
1871520 205
1871530 205
1871540 205
1871550 205
1871560 204
1871570 204
1871580 204
1871590 204
1871600 204
1871610 204
1871620 204
1871630 204
1871640 204
1871650 204
1871660 204
1871670 204
1871680 204
1871690 204
1871700 204
1871710 204
1871720 204
1871730 204
1871740 204
1871750 204
1871760 204
1871770 204
1871780 204
1871790 204
1871800 204
1871810 204
1871820 204
1871830 204
1871840 204
1871850 204
1871860 204
1871870 204
1871880 204
1871890 204
1871900 203
1871910 203
1871920 203
1871930 203
1871940 203
1871950 203
1871960 203
1871970 203
1871980 203
1871990 203
1872000 203
1872010 203
1872020 203
1872030 203
1872040 203
1872050 203
1872060 202
1872070 202
1872080 202
1872090 202
1872100 202
1872110 202
1872120 202
1872130 202
1872140 202
1872150 202
1872160 202
1872170 202
1872180 202
1872190 202
1872200 202
1872210 202
1872220 202
1872230 202
1872240 201
1872250 201
1872260 201
1872270 201
1872280 201
1872290 201
1872300 201
1872310 201
1872320 201
1872330 201
1872340 201
1872350 201
1872360 201
1872370 201
1872380 201
1872390 201
1872400 201
1872410 201
1872420 201
1872430 201
1872440 201
1872450 201
1872460 201
1872470 201
1872480 200
1872490 200
1872500 200
1872510 200
1872520 200
1872530 200
1872540 199
1872550 199
1872560 199
1872570 199
1872580 198
1872590 198
1872600 198
1872610 198
1872620 198
1872630 197
1872640 197
1872650 197
1872660 196
1872670 195
1872680 195
1872690 195
1872700 195
1872710 195
1872720 195
1872730 195
1872740 195
1872750 196
1872760 196
1872770 196
1872780 197
1872790 197
1872800 197
1872810 198
1872820 198
1872830 198
1872840 198
1872850 198
1872860 199
1872870 199
1872880 199
1872890 199
1872900 199
1872910 199
1872920 199
1872930 198
1872940 198
1872950 198
1872960 198
1872970 198
1872980 198
1872990 198
1873000 198
1873010 197
1873020 197
1873030 197
1873040 197
1873050 197
1873060 197
1873070 196
1873080 196
1873090 196
1873100 196
1873110 196
1873120 196
1873130 196
1873140 196
1873150 196
1873160 196
1873170 196
1873180 196
1873190 196
1873200 196
1873210 196
1873220 196
1873230 197
1873240 197
1873250 197
1873260 198
1873270 198
1873280 198
1873290 199
1873300 199
1873310 199
1873320 199
1873330 199
1873340 200
1873350 200
1873360 200
1873370 200
1873380 200
1873390 200
1873400 200
1873410 200
1873420 200
1873430 200
1873440 200
1873450 200
1873460 200
1873470 200
1873480 200
1873490 200
1873500 200
1873510 200
1873520 200
1873530 200
1873540 200
1873550 200
1873560 200
1873570 200
1873580 199
1873590 199
1873600 199
1873610 199
1873620 199
1873630 199
1873640 199
1873650 199
1873660 198
1873670 198
1873680 198
1873690 198
1873700 197
1873710 197
1873720 197
1873730 196
1873740 196
1873750 196
1873760 195
1873770 195
1873780 194
1873790 194
1873800 194
1873810 193
1873820 192
1873830 192
1873840 190
1873850 189
1873860 189
1873870 188
1873880 187
1873890 187
1873900 186
1873910 185
1873920 185
1873930 184
1873940 183
1873950 183
1873960 182
1873970 181
1873980 181
1873990 180
1874000 179
1874010 179
1874020 178
1874030 177
1874040 177
1874050 177
1874060 176
1874070 176
1874080 176
1874090 175
1874100 175
1874110 175
1874120 175
1874130 175
1874140 174
1874150 174
1874160 174
1874170 174
1874180 173
1874190 173
1874200 172
1874210 172
1874220 171
1874230 170
1874240 170
1874250 170
1874260 170
1874270 170
1874280 169
1874290 169
1874300 169
1874310 169
1874320 168
1874330 168
1874340 168
1874350 168
1874360 168
1874370 168
1874380 167
1874390 167
1874400 167
1874410 167
1874420 167
1874430 167
1874440 166
1874450 166
1874460 166
1874470 166
1874480 166
1874490 166
1874500 166
1874510 166
1874520 166
1874530 165
1874540 165
1874550 165
1874560 165
1874570 165
1874580 165
1874590 165
1874600 165
1874610 165
1874620 165
1874630 165
1874640 165
1874650 165
1874660 165
1874670 165
1874680 165
1874690 165
1874700 165
1874710 165
1874720 165
1874730 165
1874740 165
1874750 165
1874760 165
1874770 165
1874780 165
1874790 165
1874800 165
1874810 165
1874820 165
1874830 165
1874840 165
1874850 165
1874860 165
1874870 165
1874880 165
1874890 164
1874900 164
1874910 164
1874920 164
1874930 164
1874940 164
1874950 164
1874960 164
1874970 164
1874980 164
1874990 164
1875000 164
1875010 164
1875020 164
1875030 164
1875040 164
1875050 164
1875060 164
1875070 164
1875080 164
1875090 164
1875100 164
1875110 164
1875120 163
1875130 163
1875140 164
1875150 163
1875160 163
1875170 163
1875180 163
1875190 163
1875200 163
1875210 164
1875220 164
1875230 164
1875240 163
1875250 163
1875260 163
1875270 164
1875280 164
1875290 164
1875300 164
1875310 164
1875320 164
1875330 163
1875340 163
1875350 163
1875360 163
1875370 163
1875380 162
1875390 162
1875400 162
1875410 162
1875420 163
1875430 163
1875440 163
1875450 164
1875460 164
1875470 164
1875480 164
1875490 164
1875500 165
1875510 165
1875520 165
1875530 165
1875540 165
1875550 165
1875560 165
1875570 165
1875580 165
1875590 166
1875600 166
1875610 166
1875620 166
1875630 166
1875640 166
1875650 166
1875660 166
1875670 166
1875680 166
1875690 166
1875700 166
1875710 166
1875720 166
1875730 166
1875740 167
1875750 167
1875760 167
1875770 167
1875780 167
1875790 167
1875800 167
1875810 167
1875820 167
1875830 167
1875840 167
1875850 167
1875860 166
1875870 166
1875880 166
1875890 165
1875900 165
1875910 165
1875920 164
1875930 164
1875940 162
1875950 161
1875960 161
1875970 161
1875980 160
1875990 160
1876000 158
1876010 157
1876020 157
1876030 157
1876040 157
1876050 157
1876060 157
1876070 157
1876080 157
1876090 157
1876100 157
1876110 157
1876120 156
1876130 156
1876140 156
1876150 156
1876160 156
1876170 156
1876180 155
1876190 156
1876200 156
1876210 156
1876220 155
1876230 155
1876240 155
1876250 155
1876260 155
1876270 155
1876280 155
1876290 155
1876300 155
1876310 155
1876320 155
1876330 155
1876340 154
1876350 154
1876360 154
1876370 154
1876380 154
1876390 154
1876400 154
1876410 154
1876420 154
1876430 154
1876440 154
1876450 154
1876460 154
1876470 154
1876480 154
1876490 154
1876500 154
1876510 154
1876520 154
1876530 154
1876540 154
1876550 154
1876560 154
1876570 154
1876580 154
1876590 153
1876600 153
1876610 153
1876620 154
1876630 154
1876640 154
1876650 154
1876660 154
1876670 154
1876680 154
1876690 154
1876700 154
1876710 154
1876720 154
1876730 154
1876740 154
1876750 154
1876760 154
1876770 154
1876780 154
1876790 154
1876800 153
1876810 153
1876820 153
1876830 153
1876840 153
1876850 154
1876860 154
1876870 154
1876880 154
1876890 154
1876900 154
1876910 154
1876920 154
1876930 154
1876940 154
1876950 154
1876960 154
1876970 154
1876980 154
1876990 154
1877000 154
1877010 154
1877020 154
1877030 154
1877040 154
1877050 154
1877060 154
1877070 155
1877080 155
1877090 155
1877100 155
1877110 155
1877120 155
1877130 155
1877140 154
1877150 154
1877160 154
1877170 154
1877180 154
1877190 154
1877200 154
1877210 154
1877220 154
1877230 154
1877240 154
1877250 154
1877260 154
1877270 154
1877280 154
1877290 154
1877300 154
1877310 154
1877320 154
1877330 154
1877340 154
1877350 154
1877360 154
1877370 154
1877380 154
1877390 154
1877400 154
1877410 154
1877420 154
1877430 154
1877440 154
1877450 154
1877460 154
1877470 154
1877480 154
1877490 154
1877500 154
1877510 154
1877520 154
1877530 154
1877540 154
1877550 154
1877560 154
1877570 154
1877580 154
1877590 154
1877600 154
1877610 154
1877620 154
1877630 154
1877640 154
1877650 154
1877660 154
1877670 154
1877680 154
1877690 154
1877700 154
1877710 154
1877720 154
1877730 154
1877740 154
1877750 154
1877760 154
1877770 154
1877780 153
1877790 153
1877800 153
1877810 153
1877820 153
1877830 153
1877840 153
1877850 153
1877860 153
1877870 154
1877880 154
1877890 154
1877900 154
1877910 154
1877920 154
1877930 153
1877940 153
1877950 153
1877960 153
1877970 153
1877980 153
1877990 153
1878000 153
1878010 153
1878020 153
1878030 153
1878040 153
1878050 153
1878060 153
1878070 153
1878080 153
1878090 153
1878100 153
1878110 153
1878120 153
1878130 153
1878140 153
1878150 153
1878160 153
1878170 153
1878180 153
1878190 153
1878200 153
1878210 153
1878220 153
1878230 153
1878240 153
1878250 153
1878260 153
1878270 153
1878280 153
1878290 153
1878300 153
1878310 153
1878320 153
1878330 153
1878340 153
1878350 153
1878360 153
1878370 153
1878380 153
1878390 153
1878400 153
1878410 153
1878420 153
1878430 153
1878440 153
1878450 153
1878460 153
1878470 153
1878480 153
1878490 153
1878500 152
1878510 153
1878520 153
1878530 153
1878540 153
1878550 154
1878560 154
1878570 154
1878580 153
1878590 152
1878600 152
1878610 152
1878620 152
1878630 152
1878640 153
1878650 153
1878660 153
1878670 154
1878680 154
1878690 154
1878700 153
1878710 153
1878720 153
1878730 153
1878740 153
1878750 153
1878760 153
1878770 153
1878780 153
1878790 153
1878800 153
1878810 153
1878820 153
1878830 153
1878840 152
1878850 152
1878860 152
1878870 152
1878880 152
1878890 152
1878900 152
1878910 152
1878920 152
1878930 152
1878940 152
1878950 152
1878960 152
1878970 152
1878980 152
1878990 152
1879000 152
1879010 152
1879020 152
1879030 152
1879040 152
1879050 152
1879060 152
1879070 152
1879080 152
1879090 152
1879100 152
1879110 152
1879120 152
1879130 152
1879140 152
1879150 152
1879160 152
1879170 152
1879180 152
1879190 152
1879200 152
1879210 152
1879220 152
1879230 152
1879240 152
1879250 152
1879260 152
1879270 152
1879280 152
1879290 152
1879300 152
1879310 152
1879320 152
1879330 152
1879340 152
1879350 152
1879360 152
1879370 152
1879380 152
1879390 152
1879400 152
1879410 152
1879420 152
1879430 152
1879440 152
1879450 152
1879460 152
1879470 152
1879480 152
1879490 152
1879500 152
1879510 152
1879520 152
1879530 152
1879540 152
1879550 152
1879560 152
1879570 152
1879580 152
1879590 152
1879600 152
1879610 152
1879620 152
1879630 152
1879640 152
1879650 152
1879660 152
1879670 152
1879680 152
1879690 152
1879700 152
1879710 152
1879720 152
1879730 152
1879740 152
1879750 152
1879760 152
1879770 152
1879780 152
1879790 152
1879800 153
1879810 153
1879820 153
1879830 153
1879840 153
1879850 153
1879860 153
1879870 153
1879880 153
1879890 153
1879900 153
1879910 153
1879920 153
1879930 153
1879940 153
1879950 152
1879960 152
1879970 152
1879980 152
1879990 152
