1860000 230
1860010 230
1860020 233
1860030 233
1860040 233
1860050 235
1860060 235
1860070 235
1860080 236
1860090 238
1860100 238
1860110 238
1860120 239
1860130 239
1860140 240
1860150 241
1860160 241
1860170 242
1860180 243
1860190 243
1860200 244
1860210 245
1860220 245
1860230 246
1860240 247
1860250 247
1860260 247
1860270 248
1860280 248
1860290 249
1860300 250
1860310 250
1860320 250
1860330 250
1860340 250
1860350 251
1860360 251
1860370 251
1860380 252
1860390 252
1860400 252
1860410 253
1860420 253
1860430 253
1860440 253
1860450 253
1860460 253
1860470 254
1860480 254
1860490 254
1860500 254
1860510 254
1860520 254
1860530 255
1860540 255
1860550 255
1860560 255
1860570 255
1860580 256
1860590 256
1860600 256
1860610 256
1860620 256
1860630 256
1860640 257
1860650 257
1860660 257
1860670 257
1860680 256
1860690 256
1860700 257
1860710 257
1860720 257
1860730 257
1860740 257
1860750 257
1860760 257
1860770 257
1860780 257
1860790 256
1860800 256
1860810 256
1860820 255
1860830 254
1860840 254
1860850 253
1860860 253
1860870 253
1860880 252
1860890 251
1860900 251
1860910 252
1860920 253
1860930 253
1860940 254
1860950 255
1860960 255
1860970 257
1860980 258
1860990 258
1861000 259
1861010 260
1861020 260
1861030 261
1861040 262
1861050 262
1861060 262
1861070 263
1861080 263
1861090 263
1861100 264
1861110 264
1861120 264
1861130 264
1861140 264
1861150 265
1861160 265
1861170 265
1861180 265
1861190 265
1861200 265
1861210 265
1861220 265
1861230 265
1861240 265
1861250 265
1861260 265
1861270 265
1861280 265
1861290 266
1861300 266
1861310 266
1861320 266
1861330 266
1861340 266
1861350 266
1861360 266
1861370 266
1861380 266
1861390 266
1861400 266
1861410 266
1861420 266
1861430 266
1861440 266
1861450 266
1861460 266
1861470 266
1861480 266
1861490 266
1861500 266
1861510 266
1861520 266
1861530 266
1861540 265
1861550 265
1861560 265
1861570 265
1861580 265
1861590 264
1861600 264
1861610 264
1861620 263
1861630 263
1861640 263
1861650 263
1861660 263
1861670 263
1861680 263
1861690 262
1861700 262
1861710 262
1861720 261
1861730 261
1861740 261
1861750 262
1861760 262
1861770 263
1861780 263
1861790 263
1861800 264
1861810 265
1861820 265
1861830 266
1861840 266
1861850 266
1861860 267
1861870 267
1861880 267
1861890 268
1861900 268
1861910 268
1861920 269
1861930 269
1861940 269
1861950 270
1861960 270
1861970 270
1861980 271
1861990 271
1862000 271
1862010 272
1862020 272
1862030 272
1862040 273
1862050 273
1862060 273
1862070 273
1862080 273
1862090 274
1862100 274
1862110 274
1862120 274
1862130 275
1862140 275
1862150 275
1862160 275
1862170 275
1862180 276
1862190 277
1862200 277
1862210 277
1862220 277
1862230 277
1862240 278
1862250 278
1862260 278
1862270 279
1862280 279
1862290 279
1862300 280
1862310 280
1862320 280
1862330 280
1862340 281
1862350 281
1862360 281
1862370 282
1862380 282
1862390 282
1862400 282
1862410 282
1862420 282
1862430 283
1862440 283
1862450 283
1862460 283
1862470 283
1862480 284
1862490 284
1862500 284
1862510 284
1862520 284
1862530 284
1862540 284
1862550 285
1862560 285
1862570 285
1862580 286
1862590 286
1862600 286
1862610 286
1862620 286
1862630 287
1862640 287
1862650 287
1862660 287
1862670 287
1862680 287
1862690 288
1862700 288
1862710 288
1862720 289
1862730 289
1862740 289
1862750 289
1862760 289
1862770 290
1862780 290
1862790 290
1862800 290
1862810 291
1862820 291
1862830 291
1862840 291
1862850 291
1862860 292
1862870 292
1862880 292
1862890 293
1862900 293
1862910 293
1862920 294
1862930 294
1862940 294
1862950 294
1862960 295
1862970 295
1862980 295
1862990 295
1863000 295
1863010 296
1863020 296
1863030 296
1863040 297
1863050 297
1863060 297
1863070 297
1863080 297
1863090 297
1863100 298
1863110 298
1863120 298
1863130 298
1863140 298
1863150 298
1863160 298
1863170 298
1863180 298
1863190 298
1863200 298
1863210 298
1863220 298
1863230 297
1863240 297
1863250 297
1863260 296
1863270 296
1863280 296
1863290 296
1863300 296
1863310 296
1863320 295
1863330 295
1863340 295
1863350 295
1863360 295
1863370 295
1863380 295
1863390 295
1863400 295
1863410 295
1863420 295
1863430 295
1863440 295
1863450 295
1863460 296
1863470 296
1863480 296
1863490 296
1863500 296
1863510 296
1863520 297
1863530 297
1863540 297
1863550 297
1863560 297
1863570 298
1863580 298
1863590 298
1863600 298
1863610 298
1863620 298
1863630 299
1863640 299
1863650 299
1863660 299
1863670 299
1863680 299
1863690 299
1863700 299
1863710 299
1863720 298
1863730 298
1863740 298
1863750 298
1863760 298
1863770 298
1863780 298
1863790 298
1863800 298
1863810 298
1863820 298
1863830 298
1863840 298
1863850 298
1863860 298
1863870 297
1863880 298
1863890 298
1863900 297
1863910 297
1863920 297
1863930 296
1863940 296
1863950 296
1863960 296
1863970 296
1863980 296
1863990 296
1864000 296
1864010 296
1864020 295
1864030 295
1864040 295
1864050 295
1864060 294
1864070 294
1864080 294
1864090 294
1864100 294
1864110 293
1864120 293
1864130 293
1864140 293
1864150 293
1864160 293
1864170 292
1864180 292
1864190 292
1864200 291
1864210 291
1864220 291
1864230 290
1864240 290
1864250 290
1864260 289
1864270 289
1864280 289
1864290 288
1864300 288
1864310 287
1864320 287
1864330 287
1864340 286
1864350 285
1864360 285
1864370 285
1864380 284
1864390 284
1864400 283
1864410 283
1864420 283
1864430 282
1864440 281
1864450 281
1864460 280
1864470 279
1864480 278
1864490 278
1864500 277
1864510 277
1864520 276
1864530 275
1864540 275
1864550 274
1864560 274
1864570 274
1864580 273
1864590 272
1864600 272
1864610 271
1864620 271
1864630 271
1864640 269
1864650 268
1864660 268
1864670 267
1864680 266
1864690 266
1864700 264
1864710 263
1864720 263
1864730 262
1864740 261
1864750 261
1864760 259
1864770 259
1864780 259
1864790 257
1864800 255
1864810 255
1864820 253
1864830 253
1864840 253
1864850 252
1864860 252
1864870 252
1864880 251
1864890 251
1864900 251
1864910 251
1864920 251
1864930 251
1864940 250
1864950 250
1864960 250
1864970 250
1864980 250
1864990 250
1865000 250
1865010 250
1865020 250
1865030 250
1865040 250
1865050 249
1865060 248
1865070 248
1865080 247
1865090 246
1865100 246
1865110 245
1865120 245
1865130 245
1865140 244
1865150 243
1865160 242
1865170 242
1865180 241
1865190 241
1865200 241
1865210 240
1865220 240
1865230 240
1865240 239
1865250 239
1865260 239
1865270 239
1865280 239
1865290 238
1865300 238
1865310 238
1865320 238
1865330 237
1865340 237
1865350 237
1865360 237
1865370 237
1865380 237
1865390 236
1865400 236
1865410 236
1865420 236
1865430 236
1865440 236
1865450 236
1865460 236
1865470 236
1865480 237
1865490 237
1865500 238
1865510 239
1865520 239
1865530 240
1865540 242
1865550 242
1865560 243
1865570 243
1865580 243
1865590 244
1865600 244
1865610 244
1865620 244
1865630 244
1865640 244
1865650 244
1865660 244
1865670 244
1865680 244
1865690 244
1865700 244
1865710 244
1865720 244
1865730 244
1865740 244
1865750 244
1865760 243
1865770 243
1865780 243
1865790 243
1865800 243
1865810 243
1865820 242
1865830 242
1865840 242
1865850 242
1865860 241
1865870 241
1865880 241
1865890 241
1865900 241
1865910 241
1865920 240
1865930 240
1865940 240
1865950 240
1865960 240
1865970 239
1865980 239
1865990 239
1866000 239
1866010 238
1866020 238
1866030 238
1866040 238
1866050 238
1866060 237
1866070 237
1866080 237
1866090 236
1866100 236
1866110 236
1866120 236
1866130 235
1866140 235
1866150 235
1866160 234
1866170 234
1866180 234
1866190 234
1866200 234
1866210 233
1866220 233
1866230 233
1866240 232
1866250 232
1866260 232
1866270 231
1866280 231
1866290 231
1866300 230
1866310 230
1866320 230
1866330 230
1866340 229
1866350 229
1866360 229
1866370 229
1866380 229
1866390 229
1866400 229
1866410 229
1866420 228
1866430 228
1866440 228
1866450 228
1866460 228
1866470 228
1866480 228
1866490 228
1866500 227
1866510 227
1866520 227
1866530 227
1866540 227
1866550 227
1866560 227
1866570 227
1866580 227
1866590 226
1866600 226
1866610 226
1866620 226
1866630 226
1866640 226
1866650 225
1866660 225
1866670 225
1866680 225
1866690 224
1866700 224
1866710 224
1866720 224
1866730 224
1866740 223
1866750 223
1866760 223
1866770 223
1866780 222
1866790 222
1866800 222
1866810 222
1866820 222
1866830 222
1866840 221
1866850 221
1866860 221
1866870 221
1866880 221
1866890 220
1866900 220
1866910 220
1866920 220
1866930 220
1866940 220
1866950 220
1866960 220
1866970 220
1866980 219
1866990 219
1867000 219
1867010 219
1867020 219
1867030 219
1867040 219
1867050 218
1867060 218
1867070 218
1867080 218
1867090 218
1867100 218
1867110 218
1867120 218
1867130 217
1867140 217
1867150 217
1867160 217
1867170 217
1867180 217
1867190 217
1867200 217
1867210 217
1867220 216
1867230 216
1867240 216
1867250 216
1867260 216
1867270 216
1867280 215
1867290 215
1867300 215
1867310 215
1867320 215
1867330 215
1867340 215
1867350 215
1867360 215
1867370 215
1867380 215
1867390 215
1867400 214
1867410 214
1867420 214
1867430 214
1867440 214
1867450 214
1867460 214
1867470 214
1867480 214
1867490 214
1867500 214
1867510 214
1867520 214
1867530 214
1867540 214
1867550 214
1867560 214
1867570 214
1867580 214
1867590 214
1867600 214
1867610 214
1867620 214
1867630 214
1867640 214
1867650 214
1867660 214
1867670 214
1867680 214
1867690 214
1867700 214
1867710 214
1867720 214
1867730 213
1867740 213
1867750 213
1867760 213
1867770 213
1867780 213
1867790 213
1867800 213
1867810 213
1867820 213
1867830 213
1867840 213
1867850 213
1867860 213
1867870 212
1867880 212
1867890 212
1867900 212
1867910 212
1867920 212
1867930 212
1867940 212
1867950 212
1867960 212
1867970 212
1867980 212
1867990 212
1868000 212
1868010 212
1868020 212
1868030 212
1868040 212
1868050 212
1868060 212
1868070 212
1868080 212
1868090 212
1868100 212
1868110 212
1868120 212
1868130 211
1868140 211
1868150 211
1868160 211
1868170 211
1868180 211
1868190 211
1868200 211
1868210 211
1868220 211
1868230 211
1868240 211
1868250 211
1868260 211
1868270 211
1868280 211
1868290 211
1868300 211
1868310 211
1868320 211
1868330 211
1868340 211
1868350 211
1868360 211
1868370 211
1868380 211
1868390 211
1868400 210
1868410 210
1868420 210
1868430 211
1868440 211
1868450 211
1868460 211
1868470 211
1868480 211
1868490 210
1868500 211
1868510 211
1868520 211
1868530 211
1868540 211
1868550 210
1868560 210
1868570 210
1868580 211
1868590 211
1868600 211
1868610 211
1868620 211
1868630 211
1868640 211
1868650 211
1868660 211
1868670 211
1868680 211
1868690 211
1868700 211
1868710 211
1868720 211
1868730 211
1868740 211
1868750 211
1868760 211
1868770 211
1868780 211
1868790 211
1868800 211
1868810 211
1868820 211
1868830 211
1868840 211
1868850 211
1868860 211
1868870 211
1868880 210
1868890 210
1868900 210
1868910 210
1868920 210
1868930 210
1868940 210
1868950 210
1868960 210
1868970 210
1868980 210
1868990 210
1869000 210
1869010 210
1869020 210
1869030 210
1869040 210
1869050 210
1869060 210
1869070 210
1869080 210
1869090 210
1869100 210
1869110 210
1869120 209
1869130 209
1869140 209
1869150 209
1869160 209
1869170 209
1869180 209
1869190 209
1869200 209
1869210 209
1869220 209
1869230 209
1869240 209
1869250 209
1869260 209
1869270 209
1869280 209
1869290 209
1869300 209
1869310 209
1869320 209
1869330 209
1869340 209
1869350 209
1869360 209
1869370 209
1869380 209
1869390 209
1869400 209
1869410 209
1869420 209
1869430 209
1869440 210
1869450 210
1869460 210
1869470 210
1869480 210
1869490 209
1869500 209
1869510 209
1869520 209
1869530 209
1869540 209
1869550 209
1869560 209
1869570 209
1869580 209
1869590 209
1869600 209
1869610 208
1869620 208
1869630 208
1869640 208
1869650 208
1869660 208
1869670 208
1869680 208
1869690 208
1869700 209
1869710 208
1869720 208
1869730 208
1869740 208
1869750 208
1869760 208
1869770 208
1869780 208
1869790 208
1869800 208
1869810 208
1869820 208
1869830 208
1869840 208
1869850 208
1869860 208
1869870 208
1869880 208
1869890 208
1869900 208
1869910 208
1869920 208
1869930 208
1869940 208
1869950 208
1869960 208
1869970 208
1869980 208
1869990 208
1870000 208
1870010 208
1870020 208
1870030 208
1870040 208
1870050 208
1870060 208
1870070 208
1870080 208
1870090 208
1870100 208
1870110 208
1870120 208
1870130 208
1870140 208
1870150 208
1870160 208
1870170 207
1870180 207
1870190 207
1870200 207
1870210 207
1870220 207
1870230 207
1870240 208
1870250 208
1870260 208
1870270 208
1870280 208
1870290 208
1870300 208
1870310 208
1870320 208
1870330 208
1870340 208
1870350 208
1870360 208
1870370 208
1870380 208
1870390 208
1870400 208
1870410 208
1870420 208
1870430 208
1870440 208
1870450 208
1870460 208
1870470 208
1870480 208
1870490 208
1870500 208
1870510 208
1870520 208
1870530 208
1870540 208
1870550 208
1870560 208
1870570 208
1870580 208
1870590 208
1870600 208
1870610 208
1870620 208
1870630 208
1870640 208
1870650 208
1870660 208
1870670 208
1870680 208
1870690 208
1870700 208
1870710 208
1870720 208
1870730 208
1870740 208
1870750 208
1870760 208
1870770 208
1870780 208
1870790 208
1870800 208
1870810 208
1870820 208
1870830 207
1870840 207
1870850 207
1870860 207
1870870 207
1870880 207
1870890 207
1870900 207
1870910 207
1870920 207
1870930 207
1870940 207
1870950 207
1870960 207
1870970 207
1870980 207
1870990 207
1871000 207
1871010 206
1871020 206
1871030 206
1871040 206
1871050 206
1871060 206
1871070 206
1871080 206
1871090 206
1871100 206
1871110 206
1871120 206
1871130 205
1871140 205
1871150 205
1871160 205
1871170 205
1871180 205
1871190 205
1871200 205
1871210 205
1871220 205
1871230 205
1871240 204
1871250 204
1871260 204
1871270 204
1871280 203
1871290 203
1871300 203
1871310 202
1871320 202
1871330 202
1871340 201
1871350 201
1871360 201
1871370 201
1871380 201
1871390 200
1871400 200
1871410 200
1871420 199
1871430 199
1871440 199
1871450 199
1871460 198
1871470 198
1871480 198
1871490 198
1871500 198
1871510 197
1871520 197
1871530 197
1871540 197
1871550 197
1871560 197
1871570 197
1871580 197
1871590 197
1871600 197
1871610 197
1871620 196
1871630 196
1871640 196
1871650 196
1871660 196
1871670 196
1871680 196
1871690 196
1871700 196
1871710 196
1871720 196
1871730 196
1871740 195
1871750 195
1871760 195
1871770 194
1871780 192
1871790 192
1871800 191
1871810 190
1871820 190
1871830 190
1871840 191
1871850 191
1871860 192
1871870 194
1871880 194
1871890 195
1871900 196
1871910 196
1871920 196
1871930 196
1871940 196
1871950 196
1871960 196
1871970 196
1871980 195
1871990 195
1872000 195
1872010 195
1872020 195
1872030 195
1872040 195
1872050 195
1872060 195
1872070 195
1872080 195
1872090 195
1872100 195
1872110 195
1872120 195
1872130 195
1872140 195
1872150 195
1872160 195
1872170 195
1872180 195
1872190 195
1872200 195
1872210 195
1872220 194
1872230 194
1872240 194
1872250 194
1872260 193
1872270 193
1872280 193
1872290 193
1872300 192
1872310 192
1872320 192
1872330 192
1872340 191
1872350 191
1872360 191
1872370 190
1872380 190
1872390 189
1872400 189
1872410 189
1872420 188
1872430 188
1872440 188
1872450 188
1872460 187
1872470 187
1872480 187
1872490 187
1872500 187
1872510 186
1872520 186
1872530 186
1872540 186
1872550 186
1872560 186
1872570 185
1872580 185
1872590 185
1872600 185
1872610 185
1872620 185
1872630 186
1872640 186
1872650 186
1872660 186
1872670 186
1872680 186
1872690 185
1872700 184
1872710 184
1872720 183
1872730 182
1872740 182
1872750 180
1872760 179
1872770 179
1872780 178
1872790 177
1872800 177
1872810 176
1872820 176
1872830 176
1872840 177
1872850 177
1872860 177
1872870 178
1872880 179
1872890 179
1872900 179
1872910 180
1872920 180
1872930 180
1872940 181
1872950 181
1872960 181
1872970 181
1872980 181
1872990 182
1873000 183
1873010 183
1873020 183
1873030 183
1873040 183
1873050 183
1873060 183
1873070 183
1873080 182
1873090 182
1873100 181
1873110 180
1873120 180
1873130 179
1873140 179
1873150 179
1873160 178
1873170 179
1873180 179
1873190 180
1873200 181
1873210 181
1873220 181
1873230 182
1873240 182
1873250 182
1873260 181
1873270 181
1873280 181
1873290 181
1873300 181
1873310 180
1873320 180
1873330 180
1873340 179
1873350 179
1873360 179
1873370 179
1873380 178
1873390 178
1873400 178
1873410 178
1873420 178
1873430 178
1873440 177
1873450 177
1873460 177
1873470 177
1873480 177
1873490 176
1873500 176
1873510 176
1873520 175
1873530 175
1873540 175
1873550 175
1873560 174
1873570 174
1873580 174
1873590 174
1873600 174
1873610 174
1873620 173
1873630 173
1873640 173
1873650 172
1873660 172
1873670 172
1873680 172
1873690 172
1873700 172
1873710 171
1873720 171
1873730 171
1873740 171
1873750 171
1873760 171
1873770 171
1873780 171
1873790 170
1873800 170
1873810 170
1873820 170
1873830 170
1873840 170
1873850 170
1873860 170
1873870 170
1873880 170
1873890 170
1873900 169
1873910 169
1873920 169
1873930 169
1873940 169
1873950 169
1873960 169
1873970 169
1873980 169
1873990 169
1874000 169
1874010 169
1874020 169
1874030 169
1874040 169
1874050 169
1874060 169
1874070 169
1874080 169
1874090 169
1874100 169
1874110 169
1874120 168
1874130 168
1874140 168
1874150 168
1874160 168
1874170 168
1874180 168
1874190 168
1874200 168
1874210 168
1874220 168
1874230 167
1874240 167
1874250 167
1874260 167
1874270 167
1874280 167
1874290 167
1874300 167
1874310 167
1874320 167
1874330 167
1874340 167
1874350 167
1874360 167
1874370 167
1874380 167
1874390 166
1874400 166
1874410 166
1874420 166
1874430 166
1874440 166
1874450 166
1874460 166
1874470 166
1874480 166
1874490 166
1874500 166
1874510 166
1874520 166
1874530 165
1874540 165
1874550 165
1874560 165
1874570 165
1874580 165
1874590 165
1874600 165
1874610 165
1874620 165
1874630 165
1874640 164
1874650 164
1874660 164
1874670 164
1874680 165
1874690 165
1874700 165
1874710 165
1874720 165
1874730 165
1874740 165
1874750 165
1874760 165
1874770 165
1874780 165
1874790 165
1874800 166
1874810 166
1874820 166
1874830 166
1874840 166
1874850 166
1874860 166
1874870 166
1874880 166
1874890 166
1874900 166
1874910 166
1874920 167
1874930 167
1874940 167
1874950 167
1874960 167
1874970 167
1874980 166
1874990 166
1875000 166
1875010 166
1875020 166
1875030 166
1875040 165
1875050 165
1875060 165
1875070 165
1875080 165
1875090 165
1875100 165
1875110 165
1875120 165
1875130 164
1875140 164
1875150 164
1875160 163
1875170 163
1875180 162
1875190 161
1875200 161
1875210 160
1875220 160
1875230 160
1875240 159
1875250 159
1875260 159
1875270 159
1875280 159
1875290 159
1875300 158
1875310 158
1875320 156
1875330 156
1875340 156
1875350 156
1875360 155
1875370 155
1875380 155
1875390 155
1875400 155
1875410 155
1875420 155
1875430 155
1875440 155
1875450 155
1875460 155
1875470 155
1875480 154
1875490 154
1875500 155
1875510 155
1875520 155
1875530 155
1875540 155
1875550 155
1875560 155
1875570 155
1875580 155
1875590 155
1875600 155
1875610 155
1875620 155
1875630 155
1875640 155
1875650 155
1875660 155
1875670 155
1875680 154
1875690 154
1875700 154
1875710 154
1875720 154
1875730 154
1875740 154
1875750 154
1875760 154
1875770 155
1875780 154
1875790 154
1875800 154
1875810 154
1875820 154
1875830 154
1875840 154
1875850 154
1875860 154
1875870 154
1875880 154
1875890 154
1875900 154
1875910 154
1875920 154
1875930 154
1875940 154
1875950 154
1875960 154
1875970 154
1875980 155
1875990 155
1876000 155
1876010 154
1876020 154
1876030 154
1876040 154
1876050 154
1876060 154
1876070 154
1876080 154
1876090 154
1876100 154
1876110 154
1876120 154
1876130 154
1876140 154
1876150 154
1876160 154
1876170 154
1876180 154
1876190 154
1876200 154
1876210 154
1876220 154
1876230 154
1876240 154
1876250 154
1876260 154
1876270 154
1876280 154
1876290 154
1876300 154
1876310 154
1876320 154
1876330 154
1876340 154
1876350 154
1876360 154
1876370 154
1876380 154
1876390 154
1876400 154
1876410 154
1876420 154
1876430 154
1876440 154
1876450 154
1876460 154
1876470 154
1876480 154
1876490 154
1876500 154
1876510 154
1876520 154
1876530 154
1876540 155
1876550 155
1876560 155
1876570 155
1876580 155
1876590 155
1876600 155
1876610 155
1876620 155
1876630 155
1876640 155
1876650 155
1876660 154
1876670 154
1876680 154
1876690 154
1876700 154
1876710 154
1876720 154
1876730 154
1876740 154
1876750 154
1876760 154
1876770 154
1876780 154
1876790 154
1876800 154
1876810 154
1876820 154
1876830 154
1876840 154
1876850 154
1876860 154
1876870 154
1876880 154
1876890 155
1876900 155
1876910 155
1876920 155
1876930 155
1876940 155
1876950 155
1876960 155
1876970 155
1876980 154
1876990 154
1877000 154
1877010 154
1877020 154
1877030 154
1877040 154
1877050 154
1877060 154
1877070 154
1877080 154
1877090 154
1877100 154
1877110 154
1877120 154
1877130 154
1877140 154
1877150 154
1877160 154
1877170 154
1877180 154
1877190 154
1877200 154
1877210 154
1877220 154
1877230 154
1877240 154
1877250 154
1877260 154
1877270 154
1877280 155
1877290 155
1877300 155
1877310 155
1877320 155
1877330 155
1877340 155
1877350 154
1877360 154
1877370 154
1877380 154
1877390 154
1877400 154
1877410 154
1877420 154
1877430 154
1877440 154
1877450 154
1877460 154
1877470 154
1877480 154
1877490 154
1877500 154
1877510 154
1877520 154
1877530 154
1877540 154
1877550 154
1877560 154
1877570 154
1877580 154
1877590 154
1877600 154
1877610 154
1877620 154
1877630 154
1877640 154
1877650 154
1877660 154
1877670 154
1877680 154
1877690 154
1877700 154
1877710 154
1877720 154
1877730 154
1877740 154
1877750 154
1877760 154
1877770 154
1877780 154
1877790 154
1877800 154
1877810 153
1877820 153
1877830 153
1877840 154
1877850 154
1877860 154
1877870 154
1877880 154
1877890 154
1877900 155
1877910 153
1877920 153
1877930 153
1877940 155
1877950 155
1877960 154
1877970 154
1877980 154
1877990 154
1878000 154
1878010 154
1878020 153
1878030 153
1878040 153
1878050 153
1878060 153
1878070 153
1878080 153
1878090 153
1878100 153
1878110 153
1878120 153
1878130 153
1878140 153
1878150 153
1878160 153
1878170 153
1878180 153
1878190 153
1878200 154
1878210 154
1878220 154
1878230 154
1878240 154
1878250 154
1878260 154
1878270 154
1878280 154
1878290 154
1878300 154
1878310 154
1878320 154
1878330 154
1878340 154
1878350 154
1878360 154
1878370 154
1878380 154
1878390 154
1878400 155
1878410 155
1878420 155
1878430 155
1878440 155
1878450 155
1878460 154
1878470 154
1878480 154
1878490 155
1878500 155
1878510 155
1878520 155
1878530 155
1878540 155
1878550 155
1878560 155
1878570 155
1878580 155
1878590 155
1878600 155
1878610 155
1878620 155
1878630 155
1878640 156
1878650 156
1878660 156
1878670 156
1878680 156
1878690 156
1878700 156
1878710 156
1878720 156
1878730 156
1878740 156
1878750 156
1878760 156
1878770 156
1878780 156
1878790 156
1878800 156
1878810 156
1878820 156
1878830 156
1878840 156
1878850 156
1878860 156
1878870 156
1878880 156
1878890 156
1878900 156
1878910 156
1878920 156
1878930 156
1878940 156
1878950 156
1878960 156
1878970 156
1878980 156
1878990 156
1879000 156
1879010 156
1879020 156
1879030 156
1879040 156
1879050 156
1879060 156
1879070 156
1879080 156
1879090 156
1879100 156
1879110 156
1879120 156
1879130 156
1879140 155
1879150 155
1879160 155
1879170 155
1879180 155
1879190 155
1879200 155
1879210 155
1879220 155
1879230 155
1879240 155
1879250 155
1879260 155
1879270 155
1879280 155
1879290 155
1879300 155
1879310 156
1879320 155
1879330 155
1879340 155
1879350 155
1879360 155
1879370 155
1879380 155
1879390 155
1879400 155
1879410 155
1879420 155
1879430 155
1879440 155
1879450 155
1879460 155
1879470 155
1879480 155
1879490 155
1879500 155
1879510 155
1879520 155
1879530 155
1879540 155
1879550 155
1879560 155
1879570 155
1879580 155
1879590 155
1879600 155
1879610 155
1879620 155
1879630 155
1879640 156
1879650 156
1879660 156
1879670 156
1879680 156
1879690 156
1879700 156
1879710 156
1879720 156
1879730 156
1879740 156
1879750 156
1879760 156
1879770 156
1879780 156
1879790 156
1879800 156
1879810 156
1879820 156
1879830 156
1879840 156
1879850 156
1879860 156
1879870 156
1879880 156
1879890 156
1879900 156
1879910 156
1879920 156
1879930 156
1879940 155
1879950 155
1879960 155
1879970 155
1879980 155
1879990 155
