1860000 251
1860010 252
1860020 252
1860030 252
1860040 252
1860050 252
1860060 252
1860070 253
1860080 253
1860090 253
1860100 253
1860110 253
1860120 253
1860130 254
1860140 254
1860150 254
1860160 254
1860170 254
1860180 254
1860190 254
1860200 254
1860210 254
1860220 255
1860230 255
1860240 255
1860250 255
1860260 255
1860270 255
1860280 255
1860290 255
1860300 255
1860310 255
1860320 255
1860330 255
1860340 255
1860350 255
1860360 255
1860370 255
1860380 255
1860390 255
1860400 255
1860410 255
1860420 255
1860430 255
1860440 255
1860450 255
1860460 255
1860470 255
1860480 255
1860490 255
1860500 255
1860510 255
1860520 255
1860530 255
1860540 255
1860550 255
1860560 255
1860570 255
1860580 255
1860590 255
1860600 255
1860610 255
1860620 255
1860630 255
1860640 255
1860650 254
1860660 254
1860670 254
1860680 254
1860690 254
1860700 254
1860710 254
1860720 253
1860730 253
1860740 253
1860750 253
1860760 253
1860770 253
1860780 252
1860790 252
1860800 252
1860810 251
1860820 251
1860830 250
1860840 250
1860850 250
1860860 249
1860870 248
1860880 248
1860890 248
1860900 247
1860910 247
1860920 247
1860930 246
1860940 246
1860950 246
1860960 245
1860970 245
1860980 244
1860990 243
1861000 243
1861010 241
1861020 240
1861030 240
1861040 239
1861050 238
1861060 238
1861070 238
1861080 238
1861090 238
1861100 238
1861110 238
1861120 238
1861130 239
1861140 240
1861150 240
1861160 242
1861170 243
1861180 243
1861190 244
1861200 245
1861210 245
1861220 246
1861230 246
1861240 246
1861250 247
1861260 246
1861270 246
1861280 246
1861290 246
1861300 246
1861310 246
1861320 246
1861330 245
1861340 243
1861350 243
1861360 243
1861370 242
1861380 242
1861390 241
1861400 240
1861410 240
1861420 240
1861430 239
1861440 239
1861450 238
1861460 241
1861470 241
1861480 242
1861490 242
1861500 242
1861510 243
1861520 244
1861530 244
1861540 246
1861550 247
1861560 247
1861570 247
1861580 248
1861590 248
1861600 249
1861610 249
1861620 249
1861630 249
1861640 249
1861650 249
1861660 250
1861670 250
1861680 250
1861690 249
1861700 249
1861710 249
1861720 249
1861730 249
1861740 249
1861750 249
1861760 249
1861770 249
1861780 249
1861790 248
1861800 248
1861810 248
1861820 248
1861830 248
1861840 248
1861850 248
1861860 248
1861870 249
1861880 249
1861890 249
1861900 250
1861910 251
1861920 251
1861930 251
1861940 252
1861950 252
1861960 252
1861970 253
1861980 253
1861990 253
1862000 253
1862010 253
1862020 254
1862030 254
1862040 254
1862050 254
1862060 254
1862070 254
1862080 254
1862090 254
1862100 254
1862110 254
1862120 254
1862130 254
1862140 254
1862150 254
1862160 255
1862170 255
1862180 255
1862190 256
1862200 257
1862210 257
1862220 258
1862230 258
1862240 258
1862250 259
1862260 260
1862270 260
1862280 260
1862290 261
1862300 261
1862310 261
1862320 262
1862330 262
1862340 262
1862350 263
1862360 263
1862370 263
1862380 264
1862390 264
1862400 264
1862410 265
1862420 265
1862430 265
1862440 266
1862450 266
1862460 267
1862470 267
1862480 267
1862490 268
1862500 268
1862510 268
1862520 268
1862530 269
1862540 269
1862550 269
1862560 269
1862570 269
1862580 269
1862590 270
1862600 270
1862610 270
1862620 270
1862630 270
1862640 271
1862650 272
1862660 272
1862670 272
1862680 273
1862690 273
1862700 274
1862710 274
1862720 274
1862730 275
1862740 275
1862750 276
1862760 276
1862770 276
1862780 277
1862790 277
1862800 277
1862810 278
1862820 279
1862830 279
1862840 279
1862850 280
1862860 280
1862870 280
1862880 281
1862890 281
1862900 281
1862910 282
1862920 282
1862930 283
1862940 283
1862950 283
1862960 284
1862970 284
1862980 284
1862990 285
1863000 285
1863010 285
1863020 286
1863030 287
1863040 287
1863050 287
1863060 288
1863070 288
1863080 288
1863090 289
1863100 289
1863110 289
1863120 290
1863130 290
1863140 291
1863150 291
1863160 291
1863170 292
1863180 292
1863190 292
1863200 293
1863210 293
1863220 293
1863230 294
1863240 294
1863250 294
1863260 295
1863270 295
1863280 295
1863290 295
1863300 296
1863310 296
1863320 296
1863330 297
1863340 297
1863350 297
1863360 298
1863370 298
1863380 298
1863390 299
1863400 299
1863410 299
1863420 299
1863430 299
1863440 299
1863450 300
1863460 300
1863470 300
1863480 300
1863490 300
1863500 301
1863510 301
1863520 301
1863530 301
1863540 301
1863550 301
1863560 302
1863570 302
1863580 302
1863590 302
1863600 302
1863610 302
1863620 303
1863630 303
1863640 303
1863650 303
1863660 303
1863670 303
1863680 303
1863690 303
1863700 303
1863710 303
1863720 303
1863730 304
1863740 304
1863750 304
1863760 304
1863770 304
1863780 304
1863790 304
1863800 304
1863810 304
1863820 304
1863830 304
1863840 304
1863850 304
1863860 304
1863870 304
1863880 304
1863890 304
1863900 304
1863910 304
1863920 304
1863930 304
1863940 304
1863950 304
1863960 304
1863970 303
1863980 303
1863990 303
1864000 303
1864010 303
1864020 303
1864030 303
1864040 302
1864050 302
1864060 302
1864070 302
1864080 302
1864090 302
1864100 302
1864110 301
1864120 301
1864130 301
1864140 301
1864150 301
1864160 300
1864170 300
1864180 300
1864190 300
1864200 300
1864210 300
1864220 300
1864230 300
1864240 300
1864250 300
1864260 299
1864270 299
1864280 299
1864290 299
1864300 299
1864310 299
1864320 298
1864330 298
1864340 298
1864350 298
1864360 297
1864370 297
1864380 297
1864390 296
1864400 296
1864410 296
1864420 296
1864430 296
1864440 295
1864450 295
1864460 295
1864470 294
1864480 294
1864490 294
1864500 293
1864510 293
1864520 293
1864530 292
1864540 292
1864550 292
1864560 291
1864570 290
1864580 290
1864590 290
1864600 289
1864610 289
1864620 288
1864630 288
1864640 288
1864650 287
1864660 286
1864670 286
1864680 285
1864690 285
1864700 285
1864710 284
1864720 282
1864730 282
1864740 281
1864750 280
1864760 280
1864770 278
1864780 277
1864790 277
1864800 276
1864810 274
1864820 274
1864830 272
1864840 271
1864850 271
1864860 269
1864870 268
1864880 268
1864890 266
1864900 265
1864910 265
1864920 264
1864930 264
1864940 263
1864950 263
1864960 263
1864970 262
1864980 260
1864990 260
1865000 259
1865010 258
1865020 258
1865030 257
1865040 256
1865050 256
1865060 255
1865070 254
1865080 254
1865090 253
1865100 251
1865110 251
1865120 250
1865130 248
1865140 249
1865150 248
1865160 246
1865170 246
1865180 245
1865190 244
1865200 244
1865210 243
1865220 242
1865230 242
1865240 241
1865250 241
1865260 241
1865270 240
1865280 239
1865290 239
1865300 238
1865310 238
1865320 238
1865330 237
1865340 236
1865350 236
1865360 236
1865370 235
1865380 235
1865390 235
1865400 234
1865410 234
1865420 234
1865430 233
1865440 233
1865450 233
1865460 232
1865470 232
1865480 231
1865490 231
1865500 231
1865510 230
1865520 230
1865530 230
1865540 230
1865550 229
1865560 229
1865570 229
1865580 228
1865590 228
1865600 228
1865610 227
1865620 227
1865630 227
1865640 226
1865650 226
1865660 226
1865670 226
1865680 225
1865690 225
1865700 225
1865710 225
1865720 224
1865730 224
1865740 224
1865750 223
1865760 223
1865770 223
1865780 223
1865790 223
1865800 222
1865810 222
1865820 222
1865830 222
1865840 221
1865850 221
1865860 221
1865870 221
1865880 221
1865890 220
1865900 220
1865910 220
1865920 220
1865930 220
1865940 220
1865950 220
1865960 220
1865970 220
1865980 221
1865990 221
1866000 221
1866010 221
1866020 221
1866030 221
1866040 221
1866050 220
1866060 220
1866070 220
1866080 220
1866090 220
1866100 219
1866110 219
1866120 219
1866130 219
1866140 218
1866150 218
1866160 219
1866170 219
1866180 219
1866190 219
1866200 219
1866210 219
1866220 218
1866230 218
1866240 218
1866250 217
1866260 217
1866270 217
1866280 216
1866290 216
1866300 216
1866310 216
1866320 216
1866330 216
1866340 216
1866350 216
1866360 216
1866370 216
1866380 216
1866390 215
1866400 215
1866410 215
1866420 214
1866430 214
1866440 214
1866450 214
1866460 214
1866470 214
1866480 213
1866490 213
1866500 213
1866510 214
1866520 214
1866530 214
1866540 213
1866550 213
1866560 213
1866570 212
1866580 211
1866590 211
1866600 211
1866610 210
1866620 210
1866630 209
1866640 208
1866650 208
1866660 207
1866670 207
1866680 207
1866690 206
1866700 206
1866710 206
1866720 206
1866730 207
1866740 207
1866750 207
1866760 208
1866770 208
1866780 209
1866790 211
1866800 211
1866810 212
1866820 214
1866830 214
1866840 215
1866850 215
1866860 215
1866870 216
1866880 217
1866890 217
1866900 218
1866910 219
1866920 219
1866930 219
1866940 220
1866950 220
1866960 220
1866970 220
1866980 220
1866990 220
1867000 220
1867010 220
1867020 219
1867030 219
1867040 219
1867050 219
1867060 219
1867070 219
1867080 219
1867090 218
1867100 218
1867110 218
1867120 218
1867130 218
1867140 218
1867150 218
1867160 218
1867170 217
1867180 217
1867190 217
1867200 216
1867210 216
1867220 216
1867230 216
1867240 216
1867250 216
1867260 215
1867270 215
1867280 215
1867290 214
1867300 214
1867310 213
1867320 213
1867330 213
1867340 212
1867350 211
1867360 211
1867370 211
1867380 211
1867390 211
1867400 210
1867410 210
1867420 210
1867430 210
1867440 209
1867450 209
1867460 209
1867470 209
1867480 209
1867490 209
1867500 209
1867510 209
1867520 210
1867530 209
1867540 209
1867550 209
1867560 209
1867570 209
1867580 208
1867590 207
1867600 207
1867610 207
1867620 206
1867630 206
1867640 206
1867650 205
1867660 205
1867670 204
1867680 204
1867690 204
1867700 203
1867710 203
1867720 203
1867730 202
1867740 202
1867750 202
1867760 201
1867770 200
1867780 200
1867790 200
1867800 200
1867810 200
1867820 200
1867830 200
1867840 200
1867850 200
1867860 200
1867870 199
1867880 199
1867890 199
1867900 199
1867910 199
1867920 199
1867930 198
1867940 198
1867950 198
1867960 198
1867970 198
1867980 198
1867990 197
1868000 197
1868010 197
1868020 197
1868030 196
1868040 196
1868050 197
1868060 196
1868070 196
1868080 196
1868090 196
1868100 196
1868110 196
1868120 196
1868130 196
1868140 196
1868150 196
1868160 196
1868170 196
1868180 196
1868190 196
1868200 196
1868210 195
1868220 195
1868230 194
1868240 194
1868250 194
1868260 193
1868270 193
1868280 193
1868290 193
1868300 193
1868310 193
1868320 193
1868330 193
1868340 193
1868350 193
1868360 193
1868370 193
1868380 193
1868390 193
1868400 193
1868410 193
1868420 192
1868430 192
1868440 192
1868450 192
1868460 192
1868470 192
1868480 192
1868490 192
1868500 192
1868510 192
1868520 192
1868530 192
1868540 192
1868550 191
1868560 191
1868570 191
1868580 191
1868590 191
1868600 191
1868610 191
1868620 191
1868630 191
1868640 190
1868650 190
1868660 190
1868670 190
1868680 190
1868690 190
1868700 190
1868710 190
1868720 190
1868730 190
1868740 190
1868750 190
1868760 190
1868770 190
1868780 190
1868790 190
1868800 190
1868810 190
1868820 190
1868830 191
1868840 191
1868850 192
1868860 193
1868870 193
1868880 193
1868890 193
1868900 193
1868910 193
1868920 193
1868930 193
1868940 194
1868950 194
1868960 194
1868970 194
1868980 195
1868990 195
1869000 196
1869010 197
1869020 197
1869030 198
1869040 200
1869050 200
1869060 201
1869070 202
1869080 202
1869090 202
1869100 203
1869110 203
1869120 203
1869130 203
1869140 203
1869150 203
1869160 202
1869170 202
1869180 202
1869190 202
1869200 202
1869210 201
1869220 202
1869230 201
1869240 201
1869250 201
1869260 201
1869270 202
1869280 202
1869290 202
1869300 203
1869310 203
1869320 203
1869330 203
1869340 203
1869350 203
1869360 203
1869370 203
1869380 203
1869390 203
1869400 203
1869410 203
1869420 203
1869430 203
1869440 203
1869450 202
1869460 202
1869470 202
1869480 202
1869490 202
1869500 201
1869510 201
1869520 201
1869530 201
1869540 201
1869550 201
1869560 201
1869570 201
1869580 201
1869590 201
1869600 202
1869610 202
1869620 202
1869630 202
1869640 202
1869650 202
1869660 202
1869670 202
1869680 202
1869690 202
1869700 202
1869710 202
1869720 202
1869730 202
1869740 202
1869750 202
1869760 202
1869770 202
1869780 202
1869790 202
1869800 202
1869810 202
1869820 202
1869830 202
1869840 202
1869850 202
1869860 202
1869870 202
1869880 202
1869890 202
1869900 201
1869910 201
1869920 201
1869930 201
1869940 201
1869950 201
1869960 200
1869970 200
1869980 199
1869990 199
1870000 199
1870010 198
1870020 198
1870030 197
1870040 196
1870050 196
1870060 196
1870070 196
1870080 196
1870090 197
1870100 197
1870110 197
1870120 198
1870130 199
1870140 199
1870150 199
1870160 199
1870170 199
1870180 199
1870190 198
1870200 198
1870210 198
1870220 199
1870230 199
1870240 199
1870250 199
1870260 199
1870270 199
1870280 200
1870290 200
1870300 200
1870310 200
1870320 200
1870330 200
1870340 200
1870350 200
1870360 200
1870370 201
1870380 201
1870390 201
1870400 201
1870410 201
1870420 201
1870430 201
1870440 201
1870450 201
1870460 201
1870470 201
1870480 201
1870490 201
1870500 201
1870510 201
1870520 201
1870530 201
1870540 201
1870550 201
1870560 201
1870570 201
1870580 201
1870590 200
1870600 200
1870610 200
1870620 200
1870630 200
1870640 200
1870650 200
1870660 200
1870670 200
1870680 200
1870690 199
1870700 199
1870710 199
1870720 199
1870730 198
1870740 198
1870750 197
1870760 197
1870770 196
1870780 195
1870790 195
1870800 194
1870810 193
1870820 193
1870830 192
1870840 193
1870850 193
1870860 193
1870870 194
1870880 194
1870890 195
1870900 196
1870910 196
1870920 196
1870930 196
1870940 196
1870950 196
1870960 196
1870970 196
1870980 196
1870990 196
1871000 196
1871010 195
1871020 195
1871030 195
1871040 195
1871050 194
1871060 194
1871070 194
1871080 194
1871090 194
1871100 194
1871110 194
1871120 194
1871130 194
1871140 193
1871150 193
1871160 193
1871170 192
1871180 192
1871190 192
1871200 191
1871210 191
1871220 191
1871230 191
1871240 191
1871250 190
1871260 189
1871270 189
1871280 189
1871290 189
1871300 189
1871310 188
1871320 188
1871330 188
1871340 188
1871350 187
1871360 187
1871370 187
1871380 187
1871390 187
1871400 186
1871410 186
1871420 186
1871430 185
1871440 185
1871450 185
1871460 185
1871470 185
1871480 185
1871490 184
1871500 184
1871510 184
1871520 184
1871530 184
1871540 184
1871550 183
1871560 183
1871570 183
1871580 183
1871590 183
1871600 182
1871610 182
1871620 182
1871630 182
1871640 182
1871650 182
1871660 182
1871670 182
1871680 182
1871690 182
1871700 182
1871710 182
1871720 181
1871730 181
1871740 181
1871750 181
1871760 181
1871770 181
1871780 181
1871790 181
1871800 181
1871810 181
1871820 181
1871830 181
1871840 180
1871850 180
1871860 180
1871870 180
1871880 180
1871890 180
1871900 180
1871910 179
1871920 179
1871930 178
1871940 177
1871950 177
1871960 177
1871970 176
1871980 176
1871990 176
1872000 176
1872010 176
1872020 176
1872030 176
1872040 176
1872050 176
1872060 176
1872070 176
1872080 176
1872090 177
1872100 177
1872110 177
1872120 177
1872130 177
1872140 177
1872150 177
1872160 177
1872170 177
1872180 177
1872190 177
1872200 177
1872210 177
1872220 176
1872230 175
1872240 175
1872250 174
1872260 173
1872270 173
1872280 173
1872290 172
1872300 172
1872310 172
1872320 172
1872330 172
1872340 173
1872350 173
1872360 173
1872370 174
1872380 174
1872390 174
1872400 175
1872410 175
1872420 175
1872430 175
1872440 175
1872450 175
1872460 174
1872470 174
1872480 174
1872490 174
1872500 174
1872510 174
1872520 174
1872530 174
1872540 174
1872550 174
1872560 174
1872570 174
1872580 174
1872590 173
1872600 173
1872610 173
1872620 173
1872630 173
1872640 173
1872650 172
1872660 172
1872670 172
1872680 172
1872690 172
1872700 172
1872710 172
1872720 172
1872730 171
1872740 171
1872750 171
1872760 171
1872770 170
1872780 170
1872790 170
1872800 170
1872810 170
1872820 169
1872830 169
1872840 169
1872850 169
1872860 168
1872870 168
1872880 168
1872890 168
1872900 168
1872910 168
1872920 168
1872930 168
1872940 168
1872950 168
1872960 167
1872970 167
1872980 167
1872990 166
1873000 166
1873010 166
1873020 165
1873030 165
1873040 165
1873050 165
1873060 165
1873070 165
1873080 165
1873090 165
1873100 165
1873110 164
1873120 164
1873130 164
1873140 164
1873150 164
1873160 164
1873170 164
1873180 164
1873190 164
1873200 164
1873210 164
1873220 164
1873230 164
1873240 164
1873250 164
1873260 164
1873270 164
1873280 164
1873290 164
1873300 164
1873310 164
1873320 164
1873330 164
1873340 164
1873350 164
1873360 164
1873370 164
1873380 164
1873390 164
1873400 164
1873410 164
1873420 164
1873430 164
1873440 164
1873450 164
1873460 164
1873470 164
1873480 164
1873490 164
1873500 164
1873510 164
1873520 164
1873530 164
1873540 164
1873550 164
1873560 165
1873570 165
1873580 165
1873590 165
1873600 165
1873610 165
1873620 165
1873630 165
1873640 165
1873650 165
1873660 165
1873670 165
1873680 165
1873690 165
1873700 164
1873710 164
1873720 164
1873730 164
1873740 163
1873750 163
1873760 163
1873770 162
1873780 162
1873790 161
1873800 160
1873810 160
1873820 160
1873830 159
1873840 159
1873850 159
1873860 159
1873870 159
1873880 159
1873890 159
1873900 159
1873910 159
1873920 159
1873930 159
1873940 158
1873950 158
1873960 158
1873970 158
1873980 158
1873990 158
1874000 158
1874010 158
1874020 158
1874030 158
1874040 158
1874050 158
1874060 157
1874070 157
1874080 157
1874090 157
1874100 157
1874110 157
1874120 157
1874130 157
1874140 157
1874150 157
1874160 157
1874170 157
1874180 157
1874190 157
1874200 157
1874210 157
1874220 157
1874230 157
1874240 157
1874250 157
1874260 157
1874270 157
1874280 157
1874290 157
1874300 156
1874310 157
1874320 157
1874330 157
1874340 157
1874350 157
1874360 157
1874370 157
1874380 157
1874390 157
1874400 157
1874410 157
1874420 157
1874430 157
1874440 157
1874450 157
1874460 157
1874470 157
1874480 156
1874490 156
1874500 156
1874510 156
1874520 156
1874530 156
1874540 156
1874550 156
1874560 156
1874570 156
1874580 156
1874590 156
1874600 156
1874610 156
1874620 156
1874630 156
1874640 156
1874650 156
1874660 156
1874670 156
1874680 156
1874690 156
1874700 156
1874710 156
1874720 156
1874730 156
1874740 156
1874750 156
1874760 156
1874770 156
1874780 156
1874790 156
1874800 156
1874810 156
1874820 156
1874830 156
1874840 156
1874850 156
1874860 156
1874870 156
1874880 156
1874890 156
1874900 155
1874910 155
1874920 155
1874930 155
1874940 155
1874950 155
1874960 155
1874970 155
1874980 155
1874990 155
1875000 155
1875010 155
1875020 156
1875030 156
1875040 155
1875050 155
1875060 155
1875070 155
1875080 156
1875090 156
1875100 156
1875110 155
1875120 155
1875130 155
1875140 155
1875150 156
1875160 155
1875170 155
1875180 155
1875190 155
1875200 155
1875210 155
1875220 155
1875230 155
1875240 155
1875250 155
1875260 155
1875270 155
1875280 155
1875290 155
1875300 155
1875310 155
1875320 155
1875330 155
1875340 155
1875350 155
1875360 155
1875370 155
1875380 155
1875390 155
1875400 155
1875410 155
1875420 155
1875430 155
1875440 155
1875450 155
1875460 155
1875470 155
1875480 155
1875490 155
1875500 155
1875510 155
1875520 155
1875530 155
1875540 155
1875550 155
1875560 155
1875570 155
1875580 155
1875590 155
1875600 155
1875610 155
1875620 155
1875630 155
1875640 155
1875650 155
1875660 155
1875670 155
1875680 155
1875690 155
1875700 155
1875710 155
1875720 155
1875730 155
1875740 155
1875750 156
1875760 156
1875770 156
1875780 156
1875790 156
1875800 156
1875810 156
1875820 156
1875830 156
1875840 156
1875850 156
1875860 156
1875870 156
1875880 156
1875890 156
1875900 156
1875910 156
1875920 156
1875930 156
1875940 156
1875950 156
1875960 156
1875970 156
1875980 157
1875990 157
1876000 157
1876010 157
1876020 157
1876030 157
1876040 156
1876050 156
1876060 156
1876070 156
1876080 156
1876090 156
1876100 155
1876110 155
1876120 155
1876130 155
1876140 155
1876150 155
1876160 155
1876170 155
1876180 155
1876190 155
1876200 155
1876210 155
1876220 155
1876230 155
1876240 155
1876250 155
1876260 155
1876270 155
1876280 155
1876290 155
1876300 155
1876310 155
1876320 155
1876330 155
1876340 155
1876350 155
1876360 155
1876370 155
1876380 155
1876390 155
1876400 155
1876410 155
1876420 155
1876430 155
1876440 155
1876450 155
1876460 155
1876470 155
1876480 155
1876490 155
1876500 155
1876510 155
1876520 155
1876530 155
1876540 155
1876550 155
1876560 155
1876570 155
1876580 155
1876590 155
1876600 155
1876610 155
1876620 155
1876630 155
1876640 155
1876650 155
1876660 155
1876670 155
1876680 155
1876690 155
1876700 155
1876710 155
1876720 155
1876730 155
1876740 155
1876750 155
1876760 155
1876770 155
1876780 155
1876790 155
1876800 155
1876810 155
1876820 155
1876830 155
1876840 156
1876850 155
1876860 155
1876870 154
1876880 156
1876890 156
1876900 156
1876910 155
1876920 155
1876930 155
1876940 155
1876950 155
1876960 155
1876970 155
1876980 155
1876990 155
1877000 155
1877010 155
1877020 155
1877030 155
1877040 155
1877050 155
1877060 155
1877070 155
1877080 155
1877090 155
1877100 155
1877110 155
1877120 155
1877130 155
1877140 155
1877150 155
1877160 155
1877170 155
1877180 155
1877190 155
1877200 155
1877210 155
1877220 155
1877230 155
1877240 155
1877250 155
1877260 155
1877270 155
1877280 155
1877290 155
1877300 155
1877310 156
1877320 156
1877330 156
1877340 156
1877350 156
1877360 156
1877370 156
1877380 156
1877390 156
1877400 156
1877410 156
1877420 156
1877430 156
1877440 157
1877450 157
1877460 157
1877470 157
1877480 157
1877490 157
1877500 158
1877510 158
1877520 158
1877530 158
1877540 158
1877550 158
1877560 159
1877570 159
1877580 159
1877590 159
1877600 159
1877610 160
1877620 157
1877630 157
1877640 156
1877650 158
1877660 158
1877670 161
1877680 161
1877690 161
1877700 161
1877710 161
1877720 161
1877730 162
1877740 162
1877750 162
1877760 163
1877770 163
1877780 163
1877790 163
1877800 164
1877810 164
1877820 163
1877830 163
1877840 163
1877850 163
1877860 163
1877870 163
1877880 163
1877890 163
1877900 163
1877910 163
1877920 163
1877930 163
1877940 164
1877950 163
1877960 163
1877970 164
1877980 164
1877990 164
1878000 164
1878010 164
1878020 164
1878030 163
1878040 163
1878050 159
1878060 159
1878070 159
1878080 159
1878090 160
1878100 160
1878110 160
1878120 164
1878130 164
1878140 164
1878150 164
1878160 164
1878170 164
1878180 165
1878190 165
1878200 165
1878210 165
1878220 165
1878230 165
1878240 165
1878250 165
1878260 165
1878270 165
1878280 165
1878290 164
1878300 160
1878310 160
1878320 156
1878330 155
1878340 155
1878350 155
1878360 155
1878370 155
1878380 155
1878390 155
1878400 155
1878410 155
1878420 155
1878430 155
1878440 155
1878450 155
1878460 155
1878470 155
1878480 155
1878490 155
1878500 155
1878510 156
1878520 156
1878530 159
1878540 159
1878550 159
1878560 156
1878570 154
1878580 154
1878590 154
1878600 155
1878610 155
1878620 155
1878630 155
1878640 155
1878650 155
1878660 155
1878670 155
1878680 155
1878690 155
1878700 155
1878710 156
1878720 157
1878730 157
1878740 158
1878750 158
1878760 158
1878770 158
1878780 158
1878790 158
1878800 157
1878810 157
1878820 157
1878830 157
1878840 157
1878850 157
1878860 157
1878870 157
1878880 163
1878890 164
1878900 164
1878910 164
1878920 164
1878930 164
1878940 164
1878950 164
1878960 164
1878970 164
1878980 165
1878990 165
1879000 165
1879010 165
1879020 165
1879030 165
1879040 165
1879050 165
1879060 165
1879070 165
1879080 165
1879090 165
1879100 165
1879110 165
1879120 165
1879130 165
1879140 165
1879150 165
1879160 166
1879170 166
1879180 165
1879190 165
1879200 165
1879210 165
1879220 165
1879230 165
1879240 164
1879250 164
1879260 164
1879270 164
1879280 164
1879290 164
1879300 164
1879310 164
1879320 164
1879330 163
1879340 163
1879350 163
1879360 163
1879370 163
1879380 163
1879390 163
1879400 163
1879410 163
1879420 163
1879430 163
1879440 163
1879450 163
1879460 163
1879470 163
1879480 163
1879490 163
1879500 163
1879510 162
1879520 162
1879530 162
1879540 162
1879550 162
1879560 162
1879570 162
1879580 162
1879590 162
1879600 162
1879610 162
1879620 162
1879630 162
1879640 162
1879650 162
1879660 161
1879670 161
1879680 161
1879690 161
1879700 161
1879710 161
1879720 161
1879730 161
1879740 162
1879750 162
1879760 162
1879770 162
1879780 162
1879790 162
1879800 162
1879810 162
1879820 162
1879830 162
1879840 162
1879850 162
1879860 162
1879870 162
1879880 162
1879890 162
1879900 162
1879910 162
1879920 162
1879930 162
1879940 162
1879950 162
1879960 162
1879970 162
1879980 162
1879990 162
