1860000 246
1860010 246
1860020 246
1860030 247
1860040 247
1860050 247
1860060 247
1860070 248
1860080 248
1860090 248
1860100 248
1860110 248
1860120 248
1860130 249
1860140 249
1860150 249
1860160 249
1860170 249
1860180 250
1860190 250
1860200 250
1860210 250
1860220 250
1860230 251
1860240 251
1860250 251
1860260 251
1860270 251
1860280 251
1860290 252
1860300 252
1860310 252
1860320 252
1860330 252
1860340 252
1860350 252
1860360 252
1860370 252
1860380 252
1860390 253
1860400 253
1860410 253
1860420 253
1860430 253
1860440 253
1860450 253
1860460 253
1860470 253
1860480 254
1860490 254
1860500 254
1860510 254
1860520 254
1860530 254
1860540 254
1860550 254
1860560 254
1860570 254
1860580 255
1860590 255
1860600 255
1860610 255
1860620 255
1860630 255
1860640 255
1860650 255
1860660 255
1860670 255
1860680 255
1860690 255
1860700 255
1860710 255
1860720 255
1860730 255
1860740 255
1860750 255
1860760 255
1860770 255
1860780 255
1860790 255
1860800 255
1860810 255
1860820 255
1860830 255
1860840 255
1860850 255
1860860 255
1860870 255
1860880 255
1860890 254
1860900 254
1860910 254
1860920 254
1860930 254
1860940 254
1860950 254
1860960 254
1860970 254
1860980 254
1860990 254
1861000 254
1861010 254
1861020 254
1861030 254
1861040 254
1861050 254
1861060 254
1861070 253
1861080 253
1861090 253
1861100 253
1861110 253
1861120 252
1861130 251
1861140 251
1861150 251
1861160 250
1861170 250
1861180 249
1861190 249
1861200 249
1861210 249
1861220 249
1861230 249
1861240 249
1861250 250
1861260 250
1861270 250
1861280 251
1861290 251
1861300 252
1861310 253
1861320 253
1861330 253
1861340 254
1861350 254
1861360 254
1861370 254
1861380 254
1861390 254
1861400 254
1861410 254
1861420 254
1861430 254
1861440 254
1861450 254
1861460 254
1861470 254
1861480 253
1861490 253
1861500 253
1861510 252
1861520 251
1861530 251
1861540 251
1861550 250
1861560 250
1861570 250
1861580 249
1861590 249
1861600 249
1861610 250
1861620 250
1861630 250
1861640 251
1861650 251
1861660 252
1861670 253
1861680 253
1861690 254
1861700 254
1861710 254
1861720 255
1861730 255
1861740 255
1861750 255
1861760 255
1861770 256
1861780 256
1861790 256
1861800 256
1861810 256
1861820 256
1861830 256
1861840 256
1861850 256
1861860 256
1861870 256
1861880 256
1861890 256
1861900 256
1861910 256
1861920 256
1861930 257
1861940 257
1861950 257
1861960 257
1861970 256
1861980 256
1861990 257
1862000 257
1862010 257
1862020 258
1862030 258
1862040 258
1862050 259
1862060 259
1862070 259
1862080 260
1862090 260
1862100 260
1862110 261
1862120 261
1862130 261
1862140 262
1862150 262
1862160 262
1862170 263
1862180 263
1862190 263
1862200 264
1862210 264
1862220 264
1862230 265
1862240 265
1862250 265
1862260 265
1862270 265
1862280 265
1862290 265
1862300 265
1862310 265
1862320 266
1862330 266
1862340 266
1862350 266
1862360 266
1862370 266
1862380 266
1862390 266
1862400 266
1862410 267
1862420 267
1862430 267
1862440 267
1862450 267
1862460 267
1862470 267
1862480 268
1862490 268
1862500 268
1862510 269
1862520 269
1862530 269
1862540 269
1862550 270
1862560 270
1862570 270
1862580 271
1862590 271
1862600 272
1862610 272
1862620 272
1862630 273
1862640 274
1862650 274
1862660 274
1862670 275
1862680 275
1862690 275
1862700 276
1862710 276
1862720 277
1862730 277
1862740 277
1862750 278
1862760 279
1862770 279
1862780 279
1862790 280
1862800 280
1862810 281
1862820 281
1862830 281
1862840 282
1862850 282
1862860 282
1862870 283
1862880 283
1862890 283
1862900 284
1862910 284
1862920 284
1862930 285
1862940 285
1862950 285
1862960 286
1862970 286
1862980 286
1862990 287
1863000 287
1863010 287
1863020 287
1863030 288
1863040 288
1863050 288
1863060 289
1863070 289
1863080 290
1863090 290
1863100 290
1863110 291
1863120 291
1863130 291
1863140 292
1863150 293
1863160 293
1863170 293
1863180 293
1863190 294
1863200 294
1863210 294
1863220 295
1863230 295
1863240 295
1863250 296
1863260 296
1863270 296
1863280 297
1863290 297
1863300 297
1863310 298
1863320 298
1863330 298
1863340 298
1863350 299
1863360 299
1863370 299
1863380 300
1863390 300
1863400 300
1863410 300
1863420 300
1863430 301
1863440 301
1863450 301
1863460 301
1863470 302
1863480 302
1863490 302
1863500 302
1863510 302
1863520 302
1863530 302
1863540 302
1863550 302
1863560 303
1863570 303
1863580 303
1863590 303
1863600 303
1863610 303
1863620 303
1863630 303
1863640 303
1863650 304
1863660 304
1863670 304
1863680 304
1863690 304
1863700 304
1863710 304
1863720 304
1863730 304
1863740 304
1863750 304
1863760 304
1863770 303
1863780 303
1863790 303
1863800 303
1863810 303
1863820 303
1863830 303
1863840 303
1863850 303
1863860 302
1863870 302
1863880 302
1863890 302
1863900 302
1863910 302
1863920 302
1863930 302
1863940 302
1863950 302
1863960 302
1863970 302
1863980 302
1863990 302
1864000 302
1864010 302
1864020 301
1864030 301
1864040 301
1864050 301
1864060 301
1864070 301
1864080 301
1864090 301
1864100 301
1864110 301
1864120 301
1864130 301
1864140 301
1864150 301
1864160 301
1864170 300
1864180 300
1864190 300
1864200 300
1864210 300
1864220 300
1864230 300
1864240 300
1864250 300
1864260 299
1864270 299
1864280 299
1864290 298
1864300 298
1864310 298
1864320 298
1864330 298
1864340 298
1864350 297
1864360 297
1864370 297
1864380 297
1864390 296
1864400 296
1864410 296
1864420 296
1864430 296
1864440 295
1864450 295
1864460 295
1864470 294
1864480 294
1864490 294
1864500 294
1864510 293
1864520 293
1864530 292
1864540 292
1864550 292
1864560 291
1864570 290
1864580 290
1864590 289
1864600 288
1864610 288
1864620 288
1864630 287
1864640 287
1864650 286
1864660 286
1864670 285
1864680 284
1864690 284
1864700 284
1864710 283
1864720 283
1864730 280
1864740 278
1864750 278
1864760 277
1864770 276
1864780 276
1864790 276
1864800 275
1864810 275
1864820 274
1864830 273
1864840 273
1864850 272
1864860 272
1864870 272
1864880 271
1864890 271
1864900 271
1864910 270
1864920 269
1864930 269
1864940 269
1864950 268
1864960 268
1864970 267
1864980 266
1864990 266
1865000 265
1865010 264
1865020 264
1865030 264
1865040 263
1865050 263
1865060 262
1865070 261
1865080 261
1865090 260
1865100 260
1865110 260
1865120 259
1865130 258
1865140 258
1865150 258
1865160 257
1865170 257
1865180 257
1865190 256
1865200 256
1865210 256
1865220 255
1865230 255
1865240 255
1865250 254
1865260 254
1865270 253
1865280 253
1865290 253
1865300 253
1865310 252
1865320 252
1865330 252
1865340 252
1865350 252
1865360 251
1865370 251
1865380 251
1865390 251
1865400 251
1865410 250
1865420 249
1865430 249
1865440 249
1865450 249
1865460 249
1865470 248
1865480 248
1865490 248
1865500 248
1865510 248
1865520 248
1865530 247
1865540 247
1865550 247
1865560 247
1865570 247
1865580 247
1865590 246
1865600 246
1865610 246
1865620 246
1865630 246
1865640 246
1865650 246
1865660 245
1865670 245
1865680 245
1865690 245
1865700 245
1865710 245
1865720 245
1865730 245
1865740 245
1865750 245
1865760 245
1865770 245
1865780 245
1865790 245
1865800 244
1865810 244
1865820 244
1865830 244
1865840 244
1865850 244
1865860 244
1865870 243
1865880 243
1865890 243
1865900 243
1865910 243
1865920 242
1865930 242
1865940 242
1865950 242
1865960 241
1865970 241
1865980 241
1865990 241
1866000 241
1866010 240
1866020 240
1866030 240
1866040 240
1866050 240
1866060 240
1866070 239
1866080 239
1866090 239
1866100 239
1866110 239
1866120 238
1866130 238
1866140 238
1866150 238
1866160 238
1866170 238
1866180 237
1866190 237
1866200 237
1866210 236
1866220 236
1866230 236
1866240 236
1866250 235
1866260 235
1866270 235
1866280 235
1866290 235
1866300 234
1866310 234
1866320 234
1866330 234
1866340 233
1866350 233
1866360 233
1866370 232
1866380 232
1866390 232
1866400 232
1866410 232
1866420 232
1866430 231
1866440 231
1866450 230
1866460 230
1866470 230
1866480 229
1866490 229
1866500 229
1866510 228
1866520 228
1866530 228
1866540 227
1866550 226
1866560 226
1866570 225
1866580 223
1866590 223
1866600 221
1866610 219
1866620 219
1866630 218
1866640 218
1866650 218
1866660 218
1866670 219
1866680 219
1866690 221
1866700 222
1866710 222
1866720 223
1866730 223
1866740 223
1866750 223
1866760 224
1866770 224
1866780 224
1866790 224
1866800 224
1866810 224
1866820 224
1866830 224
1866840 224
1866850 224
1866860 224
1866870 224
1866880 224
1866890 224
1866900 224
1866910 224
1866920 224
1866930 224
1866940 224
1866950 224
1866960 224
1866970 224
1866980 224
1866990 223
1867000 223
1867010 223
1867020 223
1867030 223
1867040 223
1867050 223
1867060 223
1867070 223
1867080 222
1867090 222
1867100 222
1867110 222
1867120 222
1867130 222
1867140 221
1867150 221
1867160 221
1867170 221
1867180 221
1867190 221
1867200 221
1867210 221
1867220 220
1867230 220
1867240 220
1867250 220
1867260 220
1867270 220
1867280 220
1867290 219
1867300 219
1867310 219
1867320 219
1867330 219
1867340 218
1867350 218
1867360 218
1867370 218
1867380 218
1867390 218
1867400 218
1867410 217
1867420 217
1867430 217
1867440 217
1867450 217
1867460 216
1867470 216
1867480 216
1867490 216
1867500 216
1867510 216
1867520 215
1867530 215
1867540 215
1867550 215
1867560 214
1867570 214
1867580 214
1867590 214
1867600 214
1867610 214
1867620 214
1867630 214
1867640 213
1867650 213
1867660 213
1867670 213
1867680 213
1867690 213
1867700 213
1867710 213
1867720 212
1867730 212
1867740 212
1867750 212
1867760 212
1867770 212
1867780 212
1867790 212
1867800 211
1867810 211
1867820 211
1867830 211
1867840 211
1867850 211
1867860 211
1867870 211
1867880 211
1867890 211
1867900 210
1867910 210
1867920 210
1867930 210
1867940 210
1867950 210
1867960 210
1867970 210
1867980 210
1867990 209
1868000 209
1868010 209
1868020 208
1868030 208
1868040 208
1868050 207
1868060 206
1868070 206
1868080 205
1868090 204
1868100 204
1868110 203
1868120 203
1868130 203
1868140 202
1868150 202
1868160 202
1868170 202
1868180 203
1868190 203
1868200 203
1868210 203
1868220 203
1868230 202
1868240 202
1868250 202
1868260 202
1868270 202
1868280 202
1868290 202
1868300 202
1868310 203
1868320 204
1868330 204
1868340 205
1868350 205
1868360 205
1868370 205
1868380 205
1868390 205
1868400 205
1868410 206
1868420 206
1868430 205
1868440 205
1868450 205
1868460 205
1868470 205
1868480 205
1868490 205
1868500 205
1868510 205
1868520 204
1868530 204
1868540 204
1868550 204
1868560 203
1868570 203
1868580 203
1868590 203
1868600 203
1868610 203
1868620 202
1868630 202
1868640 202
1868650 202
1868660 202
1868670 202
1868680 201
1868690 201
1868700 201
1868710 201
1868720 201
1868730 201
1868740 201
1868750 201
1868760 200
1868770 199
1868780 199
1868790 199
1868800 198
1868810 198
1868820 197
1868830 196
1868840 196
1868850 196
1868860 197
1868870 197
1868880 198
1868890 199
1868900 199
1868910 200
1868920 201
1868930 201
1868940 202
1868950 203
1868960 203
1868970 204
1868980 204
1868990 204
1869000 205
1869010 206
1869020 206
1869030 206
1869040 206
1869050 206
1869060 207
1869070 207
1869080 207
1869090 207
1869100 207
1869110 207
1869120 207
1869130 207
1869140 207
1869150 207
1869160 207
1869170 207
1869180 207
1869190 207
1869200 207
1869210 207
1869220 207
1869230 207
1869240 207
1869250 207
1869260 207
1869270 207
1869280 207
1869290 207
1869300 207
1869310 207
1869320 207
1869330 207
1869340 207
1869350 207
1869360 207
1869370 207
1869380 207
1869390 207
1869400 207
1869410 206
1869420 206
1869430 206
1869440 206
1869450 206
1869460 206
1869470 206
1869480 206
1869490 206
1869500 206
1869510 206
1869520 206
1869530 206
1869540 206
1869550 206
1869560 206
1869570 206
1869580 206
1869590 206
1869600 206
1869610 206
1869620 206
1869630 206
1869640 206
1869650 206
1869660 206
1869670 206
1869680 206
1869690 206
1869700 206
1869710 206
1869720 206
1869730 206
1869740 206
1869750 205
1869760 205
1869770 205
1869780 205
1869790 205
1869800 205
1869810 205
1869820 205
1869830 204
1869840 204
1869850 204
1869860 203
1869870 203
1869880 203
1869890 202
1869900 202
1869910 202
1869920 201
1869930 201
1869940 201
1869950 201
1869960 201
1869970 201
1869980 202
1869990 202
1870000 202
1870010 203
1870020 203
1870030 203
1870040 203
1870050 203
1870060 204
1870070 204
1870080 204
1870090 204
1870100 204
1870110 204
1870120 204
1870130 204
1870140 204
1870150 204
1870160 204
1870170 204
1870180 204
1870190 204
1870200 204
1870210 204
1870220 204
1870230 204
1870240 204
1870250 204
1870260 204
1870270 204
1870280 204
1870290 204
1870300 204
1870310 204
1870320 204
1870330 204
1870340 204
1870350 204
1870360 204
1870370 204
1870380 204
1870390 203
1870400 203
1870410 203
1870420 203
1870430 203
1870440 203
1870450 203
1870460 202
1870470 202
1870480 202
1870490 202
1870500 202
1870510 202
1870520 202
1870530 202
1870540 202
1870550 202
1870560 202
1870570 202
1870580 202
1870590 202
1870600 202
1870610 202
1870620 202
1870630 202
1870640 202
1870650 202
1870660 201
1870670 201
1870680 201
1870690 200
1870700 200
1870710 199
1870720 198
1870730 198
1870740 198
1870750 198
1870760 198
1870770 198
1870780 199
1870790 199
1870800 200
1870810 201
1870820 201
1870830 201
1870840 202
1870850 202
1870860 202
1870870 203
1870880 203
1870890 203
1870900 203
1870910 203
1870920 203
1870930 203
1870940 203
1870950 203
1870960 202
1870970 202
1870980 203
1870990 202
1871000 202
1871010 202
1871020 202
1871030 202
1871040 202
1871050 202
1871060 202
1871070 202
1871080 201
1871090 201
1871100 201
1871110 201
1871120 201
1871130 201
1871140 200
1871150 200
1871160 200
1871170 200
1871180 200
1871190 199
1871200 199
1871210 199
1871220 199
1871230 199
1871240 198
1871250 198
1871260 198
1871270 198
1871280 198
1871290 198
1871300 197
1871310 197
1871320 197
1871330 197
1871340 196
1871350 196
1871360 196
1871370 196
1871380 196
1871390 195
1871400 195
1871410 195
1871420 195
1871430 195
1871440 195
1871450 194
1871460 194
1871470 194
1871480 193
1871490 193
1871500 193
1871510 193
1871520 193
1871530 192
1871540 192
1871550 192
1871560 192
1871570 191
1871580 191
1871590 191
1871600 190
1871610 190
1871620 190
1871630 190
1871640 189
1871650 189
1871660 189
1871670 189
1871680 189
1871690 188
1871700 188
1871710 188
1871720 187
1871730 187
1871740 187
1871750 186
1871760 185
1871770 185
1871780 184
1871790 183
1871800 183
1871810 182
1871820 182
1871830 182
1871840 181
1871850 181
1871860 181
1871870 180
1871880 180
1871890 180
1871900 179
1871910 179
1871920 179
1871930 179
1871940 179
1871950 179
1871960 180
1871970 180
1871980 180
1871990 180
1872000 180
1872010 180
1872020 180
1872030 180
1872040 179
1872050 178
1872060 178
1872070 178
1872080 177
1872090 177
1872100 177
1872110 178
1872120 178
1872130 178
1872140 179
1872150 179
1872160 180
1872170 180
1872180 180
1872190 181
1872200 181
1872210 180
1872220 181
1872230 181
1872240 181
1872250 181
1872260 182
1872270 182
1872280 182
1872290 182
1872300 182
1872310 182
1872320 182
1872330 182
1872340 182
1872350 182
1872360 182
1872370 182
1872380 182
1872390 182
1872400 181
1872410 181
1872420 181
1872430 181
1872440 181
1872450 181
1872460 181
1872470 181
1872480 181
1872490 180
1872500 180
1872510 180
1872520 180
1872530 180
1872540 180
1872550 179
1872560 179
1872570 179
1872580 179
1872590 179
1872600 179
1872610 179
1872620 178
1872630 178
1872640 178
1872650 178
1872660 178
1872670 178
1872680 178
1872690 178
1872700 177
1872710 177
1872720 177
1872730 177
1872740 177
1872750 176
1872760 176
1872770 176
1872780 176
1872790 176
1872800 176
1872810 175
1872820 175
1872830 175
1872840 175
1872850 175
1872860 175
1872870 174
1872880 174
1872890 174
1872900 174
1872910 173
1872920 173
1872930 173
1872940 172
1872950 172
1872960 172
1872970 172
1872980 172
1872990 171
1873000 171
1873010 171
1873020 170
1873030 170
1873040 170
1873050 170
1873060 169
1873070 169
1873080 169
1873090 169
1873100 169
1873110 169
1873120 169
1873130 169
1873140 169
1873150 169
1873160 169
1873170 169
1873180 169
1873190 169
1873200 168
1873210 168
1873220 168
1873230 168
1873240 168
1873250 168
1873260 167
1873270 167
1873280 167
1873290 167
1873300 168
1873310 168
1873320 168
1873330 168
1873340 168
1873350 168
1873360 168
1873370 168
1873380 168
1873390 168
1873400 168
1873410 168
1873420 168
1873430 168
1873440 168
1873450 168
1873460 167
1873470 167
1873480 167
1873490 166
1873500 166
1873510 166
1873520 165
1873530 165
1873540 165
1873550 165
1873560 166
1873570 166
1873580 167
1873590 167
1873600 167
1873610 167
1873620 167
1873630 167
1873640 167
1873650 167
1873660 167
1873670 167
1873680 167
1873690 167
1873700 166
1873710 166
1873720 166
1873730 166
1873740 166
1873750 166
1873760 166
1873770 166
1873780 166
1873790 166
1873800 166
1873810 166
1873820 165
1873830 165
1873840 165
1873850 165
1873860 165
1873870 165
1873880 165
1873890 165
1873900 165
1873910 165
1873920 165
1873930 165
1873940 165
1873950 165
1873960 165
1873970 165
1873980 166
1873990 166
1874000 165
1874010 165
1874020 165
1874030 165
1874040 165
1874050 165
1874060 165
1874070 165
1874080 165
1874090 165
1874100 165
1874110 165
1874120 165
1874130 165
1874140 165
1874150 165
1874160 165
1874170 164
1874180 164
1874190 164
1874200 164
1874210 164
1874220 163
1874230 162
1874240 161
1874250 161
1874260 161
1874270 160
1874280 160
1874290 159
1874300 159
1874310 159
1874320 159
1874330 158
1874340 158
1874350 158
1874360 158
1874370 158
1874380 158
1874390 158
1874400 158
1874410 157
1874420 157
1874430 157
1874440 157
1874450 157
1874460 157
1874470 157
1874480 157
1874490 157
1874500 157
1874510 157
1874520 157
1874530 157
1874540 157
1874550 157
1874560 156
1874570 156
1874580 156
1874590 156
1874600 156
1874610 156
1874620 156
1874630 156
1874640 156
1874650 156
1874660 156
1874670 156
1874680 156
1874690 156
1874700 156
1874710 156
1874720 155
1874730 155
1874740 155
1874750 155
1874760 155
1874770 155
1874780 155
1874790 155
1874800 155
1874810 155
1874820 155
1874830 155
1874840 155
1874850 155
1874860 155
1874870 155
1874880 155
1874890 155
1874900 155
1874910 155
1874920 155
1874930 155
1874940 155
1874950 155
1874960 155
1874970 155
1874980 155
1874990 155
1875000 155
1875010 155
1875020 155
1875030 155
1875040 155
1875050 155
1875060 155
1875070 155
1875080 155
1875090 155
1875100 155
1875110 155
1875120 155
1875130 155
1875140 155
1875150 155
1875160 155
1875170 155
1875180 155
1875190 155
1875200 155
1875210 155
1875220 155
1875230 155
1875240 155
1875250 155
1875260 155
1875270 155
1875280 155
1875290 155
1875300 155
1875310 155
1875320 155
1875330 155
1875340 155
1875350 155
1875360 155
1875370 155
1875380 155
1875390 155
1875400 155
1875410 155
1875420 155
1875430 155
1875440 155
1875450 155
1875460 155
1875470 155
1875480 155
1875490 155
1875500 155
1875510 155
1875520 155
1875530 155
1875540 155
1875550 155
1875560 155
1875570 155
1875580 155
1875590 155
1875600 155
1875610 155
1875620 155
1875630 155
1875640 155
1875650 155
1875660 155
1875670 155
1875680 155
1875690 155
1875700 155
1875710 155
1875720 155
1875730 155
1875740 155
1875750 155
1875760 155
1875770 155
1875780 155
1875790 155
1875800 155
1875810 155
1875820 155
1875830 155
1875840 155
1875850 155
1875860 155
1875870 155
1875880 155
1875890 155
1875900 155
1875910 155
1875920 155
1875930 155
1875940 155
1875950 155
1875960 155
1875970 155
1875980 155
1875990 155
1876000 155
1876010 155
1876020 155
1876030 155
1876040 155
1876050 155
1876060 155
1876070 155
1876080 155
1876090 155
1876100 155
1876110 155
1876120 155
1876130 156
1876140 156
1876150 156
1876160 156
1876170 157
1876180 157
1876190 157
1876200 156
1876210 156
1876220 156
1876230 156
1876240 156
1876250 155
1876260 155
1876270 155
1876280 155
1876290 155
1876300 155
1876310 155
1876320 155
1876330 155
1876340 155
1876350 155
1876360 155
1876370 155
1876380 155
1876390 155
1876400 155
1876410 155
1876420 155
1876430 155
1876440 155
1876450 155
1876460 155
1876470 155
1876480 155
1876490 155
1876500 155
1876510 155
1876520 155
1876530 155
1876540 155
1876550 155
1876560 155
1876570 155
1876580 155
1876590 155
1876600 155
1876610 155
1876620 155
1876630 155
1876640 155
1876650 155
1876660 155
1876670 155
1876680 155
1876690 155
1876700 155
1876710 155
1876720 155
1876730 155
1876740 155
1876750 155
1876760 155
1876770 155
1876780 155
1876790 155
1876800 155
1876810 155
1876820 155
1876830 155
1876840 155
1876850 155
1876860 155
1876870 155
1876880 155
1876890 155
1876900 155
1876910 155
1876920 155
1876930 155
1876940 155
1876950 155
1876960 155
1876970 155
1876980 155
1876990 155
1877000 155
1877010 155
1877020 155
1877030 155
1877040 155
1877050 155
1877060 154
1877070 154
1877080 154
1877090 154
1877100 154
1877110 154
1877120 154
1877130 154
1877140 154
1877150 154
1877160 154
1877170 155
1877180 155
1877190 155
1877200 156
1877210 156
1877220 155
1877230 155
1877240 155
1877250 155
1877260 155
1877270 155
1877280 155
1877290 154
1877300 154
1877310 154
1877320 154
1877330 154
1877340 154
1877350 154
1877360 154
1877370 154
1877380 154
1877390 154
1877400 154
1877410 154
1877420 154
1877430 154
1877440 154
1877450 154
1877460 154
1877470 155
1877480 155
1877490 155
1877500 155
1877510 155
1877520 155
1877530 155
1877540 155
1877550 155
1877560 155
1877570 155
1877580 155
1877590 155
1877600 155
1877610 155
1877620 156
1877630 156
1877640 156
1877650 156
1877660 156
1877670 156
1877680 156
1877690 156
1877700 156
1877710 156
1877720 156
1877730 156
1877740 156
1877750 156
1877760 156
1877770 157
1877780 157
1877790 157
1877800 157
1877810 157
1877820 157
1877830 157
1877840 158
1877850 158
1877860 158
1877870 159
1877880 160
1877890 159
1877900 160
1877910 160
1877920 160
1877930 160
1877940 161
1877950 161
1877960 161
1877970 161
1877980 161
1877990 161
1878000 161
1878010 161
1878020 161
1878030 162
1878040 162
1878050 162
1878060 163
1878070 163
1878080 164
1878090 164
1878100 164
1878110 164
1878120 164
1878130 164
1878140 164
1878150 163
1878160 163
1878170 159
1878180 158
1878190 158
1878200 158
1878210 158
1878220 157
1878230 157
1878240 156
1878250 156
1878260 156
1878270 156
1878280 156
1878290 155
1878300 155
1878310 155
1878320 155
1878330 154
1878340 154
1878350 154
1878360 155
1878370 155
1878380 155
1878390 155
1878400 155
1878410 153
1878420 153
1878430 153
1878440 153
1878450 153
1878460 153
1878470 153
1878480 153
1878490 153
1878500 153
1878510 153
1878520 153
1878530 153
1878540 153
1878550 153
1878560 153
1878570 153
1878580 153
1878590 153
1878600 153
1878610 154
1878620 156
1878630 156
1878640 156
1878650 156
1878660 156
1878670 156
1878680 156
1878690 156
1878700 156
1878710 156
1878720 156
1878730 156
1878740 156
1878750 156
1878760 155
1878770 154
1878780 154
1878790 154
1878800 154
1878810 154
1878820 154
1878830 154
1878840 154
1878850 154
1878860 155
1878870 155
1878880 157
1878890 159
1878900 159
1878910 163
1878920 164
1878930 164
1878940 165
1878950 165
1878960 165
1878970 165
1878980 165
1878990 165
1879000 165
1879010 165
1879020 165
1879030 165
1879040 165
1879050 165
1879060 165
1879070 165
1879080 165
1879090 163
1879100 162
1879110 162
1879120 164
1879130 165
1879140 165
1879150 166
1879160 166
1879170 166
1879180 166
1879190 165
1879200 165
1879210 165
1879220 165
1879230 165
1879240 165
1879250 165
1879260 164
1879270 164
1879280 164
1879290 164
1879300 164
1879310 164
1879320 164
1879330 164
1879340 164
1879350 164
1879360 164
1879370 164
1879380 163
1879390 163
1879400 163
1879410 163
1879420 163
1879430 163
1879440 163
1879450 163
1879460 163
1879470 163
1879480 162
1879490 162
1879500 162
1879510 162
1879520 162
1879530 162
1879540 162
1879550 162
1879560 162
1879570 162
1879580 162
1879590 162
1879600 162
1879610 162
1879620 162
1879630 161
1879640 161
1879650 161
1879660 161
1879670 161
1879680 161
1879690 161
1879700 161
1879710 161
1879720 161
1879730 161
1879740 161
1879750 161
1879760 161
1879770 161
1879780 161
1879790 161
1879800 161
1879810 160
1879820 160
1879830 160
1879840 161
1879850 161
1879860 161
1879870 161
1879880 161
1879890 162
1879900 162
1879910 162
1879920 162
1879930 162
1879940 162
1879950 161
1879960 161
1879970 161
1879980 162
1879990 162
