1860000 250
1860010 250
1860020 250
1860030 250
1860040 250
1860050 250
1860060 250
1860070 250
1860080 250
1860090 251
1860100 251
1860110 251
1860120 251
1860130 251
1860140 251
1860150 251
1860160 251
1860170 251
1860180 251
1860190 251
1860200 251
1860210 251
1860220 251
1860230 251
1860240 250
1860250 250
1860260 250
1860270 250
1860280 249
1860290 249
1860300 248
1860310 248
1860320 247
1860330 245
1860340 245
1860350 244
1860360 244
1860370 244
1860380 242
1860390 241
1860400 241
1860410 241
1860420 240
1860430 240
1860440 240
1860450 240
1860460 240
1860470 241
1860480 241
1860490 241
1860500 242
1860510 242
1860520 242
1860530 243
1860540 243
1860550 243
1860560 243
1860570 243
1860580 243
1860590 242
1860600 242
1860610 242
1860620 241
1860630 239
1860640 239
1860650 238
1860660 237
1860670 237
1860680 236
1860690 235
1860700 235
1860710 234
1860720 233
1860730 233
1860740 233
1860750 232
1860760 232
1860770 232
1860780 232
1860790 232
1860800 231
1860810 231
1860820 231
1860830 231
1860840 231
1860850 231
1860860 231
1860870 231
1860880 231
1860890 231
1860900 231
1860910 230
1860920 230
1860930 230
1860940 230
1860950 230
1860960 230
1860970 229
1860980 229
1860990 229
1861000 228
1861010 228
1861020 228
1861030 227
1861040 226
1861050 226
1861060 225
1861070 224
1861080 224
1861090 225
1861100 224
1861110 224
1861120 223
1861130 225
1861140 225
1861150 227
1861160 228
1861170 228
1861180 229
1861190 230
1861200 230
1861210 231
1861220 232
1861230 232
1861240 233
1861250 234
1861260 234
1861270 235
1861280 236
1861290 236
1861300 237
1861310 238
1861320 238
1861330 238
1861340 239
1861350 239
1861360 239
1861370 240
1861380 240
1861390 240
1861400 240
1861410 240
1861420 240
1861430 240
1861440 240
1861450 240
1861460 240
1861470 240
1861480 240
1861490 240
1861500 240
1861510 240
1861520 240
1861530 240
1861540 240
1861550 240
1861560 240
1861570 240
1861580 239
1861590 239
1861600 239
1861610 239
1861620 239
1861630 238
1861640 238
1861650 238
1861660 237
1861670 237
1861680 237
1861690 235
1861700 235
1861710 235
1861720 237
1861730 237
1861740 237
1861750 237
1861760 237
1861770 238
1861780 238
1861790 238
1861800 239
1861810 239
1861820 239
1861830 240
1861840 240
1861850 240
1861860 241
1861870 242
1861880 242
1861890 242
1861900 243
1861910 243
1861920 244
1861930 245
1861940 245
1861950 245
1861960 246
1861970 246
1861980 248
1861990 248
1862000 248
1862010 248
1862020 248
1862030 248
1862040 249
1862050 249
1862060 249
1862070 249
1862080 250
1862090 250
1862100 250
1862110 251
1862120 251
1862130 252
1862140 253
1862150 253
1862160 253
1862170 254
1862180 254
1862190 255
1862200 255
1862210 255
1862220 256
1862230 256
1862240 256
1862250 257
1862260 257
1862270 257
1862280 258
1862290 259
1862300 259
1862310 259
1862320 260
1862330 260
1862340 260
1862350 260
1862360 261
1862370 262
1862380 262
1862390 263
1862400 263
1862410 263
1862420 264
1862430 264
1862440 264
1862450 265
1862460 265
1862470 265
1862480 266
1862490 266
1862500 266
1862510 267
1862520 267
1862530 267
1862540 268
1862550 268
1862560 268
1862570 269
1862580 269
1862590 269
1862600 270
1862610 270
1862620 270
1862630 271
1862640 271
1862650 271
1862660 272
1862670 272
1862680 272
1862690 272
1862700 273
1862710 273
1862720 273
1862730 274
1862740 274
1862750 274
1862760 275
1862770 275
1862780 275
1862790 276
1862800 276
1862810 276
1862820 277
1862830 277
1862840 277
1862850 278
1862860 278
1862870 278
1862880 279
1862890 279
1862900 279
1862910 280
1862920 280
1862930 280
1862940 281
1862950 281
1862960 281
1862970 281
1862980 281
1862990 282
1863000 282
1863010 282
1863020 283
1863030 283
1863040 283
1863050 283
1863060 283
1863070 284
1863080 284
1863090 284
1863100 284
1863110 285
1863120 285
1863130 285
1863140 285
1863150 285
1863160 285
1863170 285
1863180 285
1863190 286
1863200 286
1863210 286
1863220 286
1863230 287
1863240 287
1863250 287
1863260 287
1863270 287
1863280 288
1863290 288
1863300 288
1863310 289
1863320 289
1863330 289
1863340 289
1863350 290
1863360 290
1863370 290
1863380 291
1863390 290
1863400 291
1863410 291
1863420 291
1863430 291
1863440 292
1863450 292
1863460 292
1863470 293
1863480 293
1863490 294
1863500 295
1863510 295
1863520 295
1863530 295
1863540 295
1863550 296
1863560 296
1863570 296
1863580 297
1863590 297
1863600 297
1863610 297
1863620 298
1863630 298
1863640 298
1863650 299
1863660 299
1863670 299
1863680 299
1863690 299
1863700 300
1863710 300
1863720 300
1863730 300
1863740 301
1863750 301
1863760 301
1863770 301
1863780 301
1863790 302
1863800 302
1863810 302
1863820 302
1863830 302
1863840 302
1863850 303
1863860 303
1863870 303
1863880 303
1863890 303
1863900 303
1863910 303
1863920 303
1863930 303
1863940 304
1863950 304
1863960 304
1863970 304
1863980 304
1863990 304
1864000 304
1864010 304
1864020 304
1864030 304
1864040 304
1864050 305
1864060 305
1864070 305
1864080 305
1864090 305
1864100 305
1864110 305
1864120 305
1864130 305
1864140 305
1864150 305
1864160 305
1864170 305
1864180 304
1864190 304
1864200 304
1864210 304
1864220 304
1864230 304
1864240 303
1864250 303
1864260 303
1864270 303
1864280 303
1864290 303
1864300 303
1864310 303
1864320 303
1864330 302
1864340 302
1864350 302
1864360 302
1864370 302
1864380 301
1864390 301
1864400 301
1864410 301
1864420 301
1864430 301
1864440 301
1864450 300
1864460 300
1864470 300
1864480 300
1864490 300
1864500 299
1864510 299
1864520 299
1864530 298
1864540 298
1864550 298
1864560 297
1864570 297
1864580 297
1864590 296
1864600 296
1864610 296
1864620 295
1864630 295
1864640 295
1864650 294
1864660 294
1864670 293
1864680 293
1864690 293
1864700 292
1864710 291
1864720 291
1864730 291
1864740 290
1864750 290
1864760 290
1864770 289
1864780 289
1864790 289
1864800 288
1864810 288
1864820 288
1864830 287
1864840 287
1864850 287
1864860 287
1864870 287
1864880 286
1864890 285
1864900 285
1864910 284
1864920 282
1864930 282
1864940 281
1864950 281
1864960 281
1864970 279
1864980 278
1864990 278
1865000 277
1865010 276
1865020 276
1865030 275
1865040 274
1865050 274
1865060 273
1865070 272
1865080 272
1865090 271
1865100 271
1865110 272
1865120 271
1865130 270
1865140 270
1865150 269
1865160 269
1865170 269
1865180 268
1865190 267
1865200 267
1865210 266
1865220 265
1865230 265
1865240 264
1865250 264
1865260 262
1865270 261
1865280 261
1865290 259
1865300 257
1865310 257
1865320 256
1865330 254
1865340 254
1865350 252
1865360 250
1865370 250
1865380 249
1865390 249
1865400 249
1865410 249
1865420 250
1865430 250
1865440 251
1865450 252
1865460 254
1865470 254
1865480 254
1865490 254
1865500 254
1865510 253
1865520 253
1865530 253
1865540 252
1865550 252
1865560 251
1865570 250
1865580 250
1865590 249
1865600 248
1865610 248
1865620 246
1865630 245
1865640 245
1865650 243
1865660 242
1865670 242
1865680 241
1865690 240
1865700 240
1865710 239
1865720 238
1865730 238
1865740 237
1865750 236
1865760 236
1865770 236
1865780 235
1865790 235
1865800 232
1865810 232
1865820 232
1865830 231
1865840 231
1865850 231
1865860 231
1865870 231
1865880 231
1865890 230
1865900 229
1865910 229
1865920 229
1865930 228
1865940 228
1865950 227
1865960 227
1865970 227
1865980 226
1865990 226
1866000 225
1866010 224
1866020 224
1866030 223
1866040 223
1866050 223
1866060 222
1866070 222
1866080 222
1866090 221
1866100 221
1866110 221
1866120 221
1866130 220
1866140 221
1866150 221
1866160 221
1866170 221
1866180 221
1866190 221
1866200 221
1866210 220
1866220 220
1866230 220
1866240 220
1866250 220
1866260 220
1866270 220
1866280 220
1866290 220
1866300 220
1866310 220
1866320 220
1866330 220
1866340 220
1866350 220
1866360 220
1866370 219
1866380 219
1866390 219
1866400 218
1866410 218
1866420 218
1866430 217
1866440 217
1866450 217
1866460 218
1866470 218
1866480 219
1866490 220
1866500 220
1866510 220
1866520 221
1866530 221
1866540 221
1866550 222
1866560 222
1866570 222
1866580 222
1866590 222
1866600 222
1866610 222
1866620 222
1866630 223
1866640 223
1866650 223
1866660 223
1866670 223
1866680 223
1866690 222
1866700 222
1866710 222
1866720 222
1866730 222
1866740 222
1866750 222
1866760 222
1866770 221
1866780 221
1866790 221
1866800 220
1866810 220
1866820 221
1866830 221
1866840 220
1866850 220
1866860 219
1866870 218
1866880 218
1866890 216
1866900 214
1866910 214
1866920 212
1866930 211
1866940 211
1866950 211
1866960 211
1866970 211
1866980 210
1866990 210
1867000 210
1867010 210
1867020 209
1867030 209
1867040 208
1867050 208
1867060 208
1867070 207
1867080 207
1867090 207
1867100 206
1867110 206
1867120 206
1867130 206
1867140 206
1867150 206
1867160 207
1867170 209
1867180 209
1867190 209
1867200 209
1867210 209
1867220 209
1867230 209
1867240 209
1867250 209
1867260 208
1867270 208
1867280 207
1867290 206
1867300 206
1867310 204
1867320 203
1867330 203
1867340 202
1867350 202
1867360 202
1867370 201
1867380 201
1867390 201
1867400 201
1867410 201
1867420 201
1867430 200
1867440 200
1867450 200
1867460 200
1867470 200
1867480 200
1867490 200
1867500 200
1867510 201
1867520 201
1867530 201
1867540 201
1867550 202
1867560 202
1867570 202
1867580 202
1867590 202
1867600 203
1867610 203
1867620 203
1867630 203
1867640 203
1867650 203
1867660 203
1867670 204
1867680 204
1867690 205
1867700 206
1867710 206
1867720 206
1867730 207
1867740 207
1867750 207
1867760 208
1867770 208
1867780 208
1867790 208
1867800 208
1867810 208
1867820 207
1867830 207
1867840 207
1867850 208
1867860 208
1867870 208
1867880 208
1867890 208
1867900 208
1867910 208
1867920 208
1867930 208
1867940 208
1867950 208
1867960 208
1867970 208
1867980 208
1867990 208
1868000 207
1868010 207
1868020 207
1868030 207
1868040 207
1868050 207
1868060 207
1868070 207
1868080 206
1868090 207
1868100 207
1868110 207
1868120 207
1868130 207
1868140 207
1868150 207
1868160 207
1868170 207
1868180 207
1868190 207
1868200 207
1868210 207
1868220 207
1868230 207
1868240 207
1868250 207
1868260 207
1868270 207
1868280 207
1868290 207
1868300 207
1868310 207
1868320 207
1868330 207
1868340 208
1868350 208
1868360 208
1868370 208
1868380 208
1868390 208
1868400 208
1868410 208
1868420 208
1868430 207
1868440 207
1868450 207
1868460 207
1868470 207
1868480 207
1868490 207
1868500 206
1868510 206
1868520 206
1868530 206
1868540 206
1868550 206
1868560 206
1868570 206
1868580 206
1868590 206
1868600 206
1868610 206
1868620 206
1868630 206
1868640 206
1868650 206
1868660 206
1868670 206
1868680 206
1868690 206
1868700 205
1868710 205
1868720 205
1868730 205
1868740 205
1868750 205
1868760 205
1868770 205
1868780 205
1868790 204
1868800 204
1868810 204
1868820 203
1868830 203
1868840 203
1868850 202
1868860 202
1868870 202
1868880 201
1868890 201
1868900 199
1868910 198
1868920 198
1868930 197
1868940 197
1868950 197
1868960 196
1868970 196
1868980 196
1868990 196
1869000 196
1869010 196
1869020 197
1869030 197
1869040 197
1869050 198
1869060 198
1869070 198
1869080 198
1869090 197
1869100 197
1869110 196
1869120 195
1869130 195
1869140 194
1869150 193
1869160 193
1869170 193
1869180 193
1869190 193
1869200 192
1869210 193
1869220 193
1869230 192
1869240 191
1869250 191
1869260 190
1869270 189
1869280 189
1869290 188
1869300 188
1869310 188
1869320 187
1869330 187
1869340 187
1869350 186
1869360 186
1869370 186
1869380 185
1869390 185
1869400 185
1869410 184
1869420 184
1869430 184
1869440 184
1869450 185
1869460 185
1869470 185
1869480 184
1869490 184
1869500 185
1869510 185
1869520 185
1869530 186
1869540 186
1869550 185
1869560 185
1869570 185
1869580 186
1869590 187
1869600 187
1869610 188
1869620 188
1869630 188
1869640 189
1869650 189
1869660 189
1869670 190
1869680 190
1869690 190
1869700 190
1869710 191
1869720 191
1869730 191
1869740 191
1869750 191
1869760 191
1869770 190
1869780 190
1869790 190
1869800 189
1869810 189
1869820 189
1869830 188
1869840 188
1869850 189
1869860 189
1869870 189
1869880 190
1869890 190
1869900 190
1869910 191
1869920 192
1869930 192
1869940 193
1869950 194
1869960 194
1869970 195
1869980 195
1869990 195
1870000 195
1870010 196
1870020 196
1870030 196
1870040 196
1870050 196
1870060 196
1870070 196
1870080 196
1870090 196
1870100 195
1870110 195
1870120 195
1870130 194
1870140 194
1870150 193
1870160 192
1870170 192
1870180 190
1870190 189
1870200 189
1870210 188
1870220 187
1870230 187
1870240 187
1870250 188
1870260 188
1870270 189
1870280 189
1870290 189
1870300 190
1870310 190
1870320 192
1870330 193
1870340 193
1870350 194
1870360 194
1870370 194
1870380 195
1870390 195
1870400 195
1870410 196
1870420 196
1870430 196
1870440 196
1870450 196
1870460 196
1870470 196
1870480 196
1870490 196
1870500 197
1870510 197
1870520 197
1870530 197
1870540 197
1870550 197
1870560 196
1870570 196
1870580 196
1870590 196
1870600 196
1870610 196
1870620 196
1870630 196
1870640 196
1870650 195
1870660 195
1870670 195
1870680 195
1870690 195
1870700 195
1870710 195
1870720 194
1870730 194
1870740 193
1870750 193
1870760 193
1870770 194
1870780 193
1870790 193
1870800 193
1870810 193
1870820 193
1870830 193
1870840 192
1870850 192
1870860 192
1870870 192
1870880 192
1870890 192
1870900 192
1870910 192
1870920 191
1870930 191
1870940 191
1870950 191
1870960 190
1870970 190
1870980 190
1870990 190
1871000 190
1871010 189
1871020 189
1871030 189
1871040 188
1871050 188
1871060 188
1871070 188
1871080 188
1871090 187
1871100 187
1871110 187
1871120 186
1871130 186
1871140 186
1871150 185
1871160 185
1871170 185
1871180 184
1871190 183
1871200 183
1871210 183
1871220 183
1871230 183
1871240 182
1871250 181
1871260 181
1871270 181
1871280 181
1871290 181
1871300 180
1871310 179
1871320 179
1871330 179
1871340 178
1871350 178
1871360 178
1871370 177
1871380 177
1871390 177
1871400 177
1871410 177
1871420 177
1871430 177
1871440 177
1871450 177
1871460 177
1871470 177
1871480 177
1871490 177
1871500 177
1871510 176
1871520 176
1871530 176
1871540 176
1871550 176
1871560 176
1871570 176
1871580 176
1871590 176
1871600 175
1871610 175
1871620 175
1871630 175
1871640 175
1871650 175
1871660 175
1871670 175
1871680 175
1871690 175
1871700 174
1871710 174
1871720 174
1871730 174
1871740 174
1871750 174
1871760 174
1871770 174
1871780 174
1871790 174
1871800 174
1871810 174
1871820 174
1871830 174
1871840 173
1871850 173
1871860 173
1871870 173
1871880 173
1871890 173
1871900 173
1871910 173
1871920 173
1871930 173
1871940 173
1871950 172
1871960 172
1871970 172
1871980 172
1871990 172
1872000 172
1872010 172
1872020 172
1872030 172
1872040 172
1872050 171
1872060 171
1872070 171
1872080 171
1872090 171
1872100 171
1872110 171
1872120 171
1872130 171
1872140 171
1872150 171
1872160 171
1872170 171
1872180 171
1872190 171
1872200 171
1872210 171
1872220 171
1872230 171
1872240 171
1872250 171
1872260 171
1872270 171
1872280 171
1872290 171
1872300 171
1872310 171
1872320 171
1872330 171
1872340 171
1872350 171
1872360 171
1872370 171
1872380 170
1872390 170
1872400 170
1872410 170
1872420 170
1872430 170
1872440 170
1872450 170
1872460 170
1872470 170
1872480 170
1872490 169
1872500 169
1872510 169
1872520 168
1872530 168
1872540 168
1872550 167
1872560 167
1872570 168
1872580 168
1872590 168
1872600 168
1872610 168
1872620 168
1872630 169
1872640 169
1872650 169
1872660 169
1872670 169
1872680 169
1872690 168
1872700 168
1872710 168
1872720 168
1872730 168
1872740 168
1872750 168
1872760 168
1872770 168
1872780 167
1872790 167
1872800 167
1872810 167
1872820 166
1872830 166
1872840 166
1872850 166
1872860 166
1872870 166
1872880 166
1872890 166
1872900 166
1872910 165
1872920 165
1872930 165
1872940 165
1872950 165
1872960 165
1872970 165
1872980 165
1872990 165
1873000 165
1873010 165
1873020 164
1873030 164
1873040 164
1873050 164
1873060 164
1873070 164
1873080 164
1873090 164
1873100 164
1873110 164
1873120 164
1873130 164
1873140 164
1873150 164
1873160 164
1873170 164
1873180 164
1873190 164
1873200 164
1873210 164
1873220 164
1873230 164
1873240 164
1873250 164
1873260 164
1873270 164
1873280 164
1873290 164
1873300 164
1873310 164
1873320 164
1873330 164
1873340 164
1873350 164
1873360 164
1873370 164
1873380 164
1873390 164
1873400 164
1873410 164
1873420 164
1873430 164
1873440 164
1873450 164
1873460 164
1873470 164
1873480 164
1873490 163
1873500 162
1873510 162
1873520 161
1873530 161
1873540 161
1873550 160
1873560 159
1873570 159
1873580 159
1873590 159
1873600 159
1873610 159
1873620 159
1873630 159
1873640 159
1873650 159
1873660 159
1873670 159
1873680 159
1873690 159
1873700 159
1873710 159
1873720 159
1873730 159
1873740 159
1873750 159
1873760 159
1873770 159
1873780 159
1873790 159
1873800 159
1873810 159
1873820 159
1873830 159
1873840 159
1873850 159
1873860 159
1873870 159
1873880 158
1873890 158
1873900 158
1873910 158
1873920 158
1873930 158
1873940 158
1873950 158
1873960 158
1873970 158
1873980 158
1873990 158
1874000 158
1874010 158
1874020 158
1874030 158
1874040 158
1874050 157
1874060 157
1874070 157
1874080 157
1874090 157
1874100 157
1874110 157
1874120 157
1874130 157
1874140 157
1874150 157
1874160 157
1874170 157
1874180 157
1874190 157
1874200 157
1874210 157
1874220 157
1874230 157
1874240 157
1874250 157
1874260 157
1874270 157
1874280 157
1874290 156
1874300 156
1874310 156
1874320 156
1874330 156
1874340 156
1874350 156
1874360 156
1874370 156
1874380 156
1874390 156
1874400 156
1874410 156
1874420 156
1874430 156
1874440 156
1874450 156
1874460 156
1874470 156
1874480 156
1874490 156
1874500 156
1874510 156
1874520 156
1874530 156
1874540 156
1874550 156
1874560 156
1874570 156
1874580 156
1874590 156
1874600 156
1874610 156
1874620 156
1874630 156
1874640 156
1874650 156
1874660 156
1874670 156
1874680 156
1874690 156
1874700 156
1874710 156
1874720 156
1874730 156
1874740 156
1874750 156
1874760 156
1874770 156
1874780 156
1874790 156
1874800 156
1874810 156
1874820 156
1874830 156
1874840 156
1874850 156
1874860 156
1874870 156
1874880 156
1874890 156
1874900 156
1874910 156
1874920 156
1874930 156
1874940 156
1874950 156
1874960 156
1874970 156
1874980 156
1874990 156
1875000 156
1875010 156
1875020 156
1875030 156
1875040 156
1875050 156
1875060 156
1875070 156
1875080 156
1875090 156
1875100 156
1875110 156
1875120 156
1875130 156
1875140 156
1875150 156
1875160 156
1875170 156
1875180 156
1875190 156
1875200 156
1875210 156
1875220 155
1875230 155
1875240 155
1875250 156
1875260 156
1875270 156
1875280 156
1875290 156
1875300 156
1875310 156
1875320 156
1875330 156
1875340 156
1875350 156
1875360 156
1875370 156
1875380 156
1875390 156
1875400 156
1875410 155
1875420 155
1875430 155
1875440 155
1875450 155
1875460 155
1875470 156
1875480 155
1875490 155
1875500 155
1875510 155
1875520 155
1875530 155
1875540 155
1875550 155
1875560 155
1875570 156
1875580 156
1875590 156
1875600 156
1875610 156
1875620 156
1875630 156
1875640 156
1875650 156
1875660 156
1875670 156
1875680 156
1875690 156
1875700 156
1875710 157
1875720 157
1875730 157
1875740 157
1875750 157
1875760 157
1875770 157
1875780 157
1875790 157
1875800 157
1875810 156
1875820 156
1875830 156
1875840 156
1875850 156
1875860 156
1875870 156
1875880 156
1875890 156
1875900 156
1875910 156
1875920 156
1875930 156
1875940 156
1875950 156
1875960 156
1875970 156
1875980 156
1875990 156
1876000 156
1876010 156
1876020 156
1876030 156
1876040 156
1876050 156
1876060 156
1876070 156
1876080 156
1876090 156
1876100 156
1876110 156
1876120 156
1876130 156
1876140 156
1876150 156
1876160 156
1876170 156
1876180 156
1876190 156
1876200 156
1876210 156
1876220 156
1876230 156
1876240 155
1876250 155
1876260 155
1876270 155
1876280 156
1876290 156
1876300 156
1876310 156
1876320 156
1876330 156
1876340 156
1876350 156
1876360 154
1876370 155
1876380 155
1876390 157
1876400 156
1876410 156
1876420 155
1876430 155
1876440 155
1876450 155
1876460 155
1876470 155
1876480 155
1876490 155
1876500 155
1876510 155
1876520 155
1876530 155
1876540 155
1876550 155
1876560 155
1876570 155
1876580 155
1876590 155
1876600 155
1876610 155
1876620 155
1876630 155
1876640 155
1876650 155
1876660 155
1876670 155
1876680 155
1876690 155
1876700 155
1876710 155
1876720 155
1876730 156
1876740 156
1876750 156
1876760 156
1876770 156
1876780 156
1876790 156
1876800 156
1876810 156
1876820 156
1876830 155
1876840 155
1876850 155
1876860 155
1876870 155
1876880 155
1876890 155
1876900 156
1876910 156
1876920 156
1876930 156
1876940 156
1876950 156
1876960 156
1876970 156
1876980 156
1876990 156
1877000 156
1877010 156
1877020 156
1877030 156
1877040 156
1877050 157
1877060 157
1877070 157
1877080 157
1877090 157
1877100 157
1877110 157
1877120 157
1877130 157
1877140 158
1877150 158
1877160 158
1877170 158
1877180 158
1877190 158
1877200 159
1877210 159
1877220 159
1877230 159
1877240 159
1877250 160
1877260 160
1877270 161
1877280 161
1877290 161
1877300 161
1877310 162
1877320 162
1877330 162
1877340 163
1877350 163
1877360 163
1877370 163
1877380 164
1877390 164
1877400 164
1877410 164
1877420 164
1877430 164
1877440 164
1877450 164
1877460 164
1877470 164
1877480 164
1877490 164
1877500 165
1877510 165
1877520 165
1877530 165
1877540 165
1877550 165
1877560 165
1877570 165
1877580 165
1877590 165
1877600 165
1877610 165
1877620 165
1877630 165
1877640 165
1877650 165
1877660 165
1877670 165
1877680 165
1877690 165
1877700 165
1877710 165
1877720 165
1877730 165
1877740 165
1877750 165
1877760 165
1877770 165
1877780 165
1877790 165
1877800 165
1877810 165
1877820 165
1877830 165
1877840 163
1877850 160
1877860 160
1877870 160
1877880 156
1877890 156
1877900 155
1877910 156
1877920 156
1877930 155
1877940 155
1877950 155
1877960 156
1877970 155
1877980 155
1877990 156
1878000 155
1878010 155
1878020 156
1878030 159
1878040 159
1878050 162
1878060 165
1878070 165
1878080 165
1878090 165
1878100 165
1878110 165
1878120 165
1878130 165
1878140 165
1878150 165
1878160 165
1878170 165
1878180 165
1878190 165
1878200 165
1878210 165
1878220 165
1878230 165
1878240 165
1878250 165
1878260 165
1878270 165
1878280 165
1878290 165
1878300 165
1878310 165
1878320 165
1878330 165
1878340 165
1878350 165
1878360 165
1878370 165
1878380 165
1878390 165
1878400 165
1878410 165
1878420 165
1878430 165
1878440 165
1878450 165
1878460 165
1878470 165
1878480 165
1878490 165
1878500 165
1878510 165
1878520 165
1878530 165
1878540 165
1878550 165
1878560 165
1878570 165
1878580 165
1878590 165
1878600 165
1878610 165
1878620 165
1878630 165
1878640 165
1878650 165
1878660 165
1878670 165
1878680 164
1878690 164
1878700 164
1878710 164
1878720 164
1878730 165
1878740 166
1878750 166
1878760 166
1878770 166
1878780 166
1878790 166
1878800 166
1878810 166
1878820 166
1878830 166
1878840 166
1878850 165
1878860 165
1878870 165
1878880 165
1878890 165
1878900 165
1878910 165
1878920 166
1878930 165
1878940 165
1878950 165
1878960 165
1878970 165
1878980 165
1878990 165
1879000 165
1879010 165
1879020 165
1879030 165
1879040 165
1879050 165
1879060 166
1879070 166
1879080 166
1879090 165
1879100 165
1879110 165
1879120 165
1879130 165
1879140 165
1879150 166
1879160 166
1879170 165
1879180 165
1879190 165
1879200 166
1879210 166
1879220 166
1879230 166
1879240 166
1879250 166
1879260 166
1879270 166
1879280 166
1879290 166
1879300 166
1879310 166
1879320 165
1879330 165
1879340 165
1879350 165
1879360 165
1879370 165
1879380 165
1879390 164
1879400 164
1879410 164
1879420 164
1879430 164
1879440 164
1879450 164
1879460 164
1879470 164
1879480 164
1879490 164
1879500 163
1879510 163
1879520 163
1879530 163
1879540 163
1879550 163
1879560 163
1879570 163
1879580 163
1879590 163
1879600 163
1879610 163
1879620 163
1879630 163
1879640 163
1879650 163
1879660 163
1879670 163
1879680 163
1879690 163
1879700 163
1879710 162
1879720 162
1879730 162
1879740 162
1879750 162
1879760 162
1879770 162
1879780 162
1879790 162
1879800 162
1879810 162
1879820 162
1879830 162
1879840 162
1879850 162
1879860 162
1879870 162
1879880 162
1879890 162
1879900 162
1879910 162
1879920 162
1879930 162
1879940 162
1879950 162
1879960 162
1879970 162
1879980 162
1879990 162
