1860000 226
1860010 225
1860020 224
1860030 224
1860040 222
1860050 222
1860060 221
1860070 220
1860080 220
1860090 218
1860100 217
1860110 217
1860120 216
1860130 214
1860140 214
1860150 213
1860160 211
1860170 211
1860180 210
1860190 209
1860200 209
1860210 207
1860220 206
1860230 206
1860240 204
1860250 202
1860260 202
1860270 200
1860280 198
1860290 198
1860300 196
1860310 195
1860320 195
1860330 194
1860340 193
1860350 193
1860360 192
1860370 192
1860380 192
1860390 192
1860400 193
1860410 193
1860420 195
1860430 198
1860440 198
1860450 201
1860460 202
1860470 202
1860480 203
1860490 204
1860500 204
1860510 205
1860520 206
1860530 206
1860540 208
1860550 209
1860560 209
1860570 211
1860580 212
1860590 212
1860600 213
1860610 215
1860620 215
1860630 216
1860640 218
1860650 218
1860660 220
1860670 222
1860680 222
1860690 224
1860700 225
1860710 225
1860720 227
1860730 228
1860740 228
1860750 230
1860760 230
1860770 231
1860780 232
1860790 232
1860800 233
1860810 235
1860820 235
1860830 236
1860840 237
1860850 237
1860860 237
1860870 238
1860880 238
1860890 239
1860900 239
1860910 239
1860920 240
1860930 240
1860940 240
1860950 241
1860960 242
1860970 242
1860980 242
1860990 242
1861000 242
1861010 243
1861020 243
1861030 243
1861040 243
1861050 243
1861060 243
1861070 243
1861080 243
1861090 243
1861100 243
1861110 242
1861120 242
1861130 242
1861140 242
1861150 242
1861160 240
1861170 238
1861180 238
1861190 237
1861200 234
1861210 234
1861220 232
1861230 230
1861240 230
1861250 228
1861260 227
1861270 227
1861280 226
1861290 225
1861300 225
1861310 225
1861320 224
1861330 224
1861340 224
1861350 223
1861360 223
1861370 224
1861380 224
1861390 224
1861400 225
1861410 226
1861420 226
1861430 228
1861440 228
1861450 229
1861460 231
1861470 231
1861480 232
1861490 233
1861500 233
1861510 234
1861520 235
1861530 235
1861540 235
1861550 236
1861560 236
1861570 236
1861580 236
1861590 236
1861600 236
1861610 236
1861620 236
1861630 236
1861640 236
1861650 236
1861660 236
1861670 235
1861680 235
1861690 235
1861700 234
1861710 234
1861720 233
1861730 233
1861740 233
1861750 232
1861760 232
1861770 232
1861780 231
1861790 231
1861800 231
1861810 230
1861820 230
1861830 230
1861840 230
1861850 230
1861860 230
1861870 230
1861880 230
1861890 230
1861900 230
1861910 230
1861920 230
1861930 230
1861940 229
1861950 229
1861960 229
1861970 229
1861980 229
1861990 228
1862000 227
1862010 227
1862020 227
1862030 226
1862040 226
1862050 222
1862060 218
1862070 218
1862080 223
1862090 225
1862100 225
1862110 226
1862120 227
1862130 227
1862140 229
1862150 229
1862160 230
1862170 230
1862180 230
1862190 231
1862200 228
1862210 228
1862220 232
1862230 233
1862240 233
1862250 234
1862260 235
1862270 235
1862280 235
1862290 235
1862300 235
1862310 236
1862320 237
1862330 237
1862340 237
1862350 238
1862360 238
1862370 239
1862380 239
1862390 239
1862400 240
1862410 240
1862420 240
1862430 241
1862440 241
1862450 241
1862460 242
1862470 243
1862480 243
1862490 243
1862500 244
1862510 244
1862520 245
1862530 246
1862540 246
1862550 246
1862560 247
1862570 247
1862580 248
1862590 249
1862600 249
1862610 249
1862620 250
1862630 250
1862640 251
1862650 252
1862660 252
1862670 253
1862680 253
1862690 253
1862700 254
1862710 255
1862720 255
1862730 256
1862740 256
1862750 256
1862760 257
1862770 258
1862780 258
1862790 258
1862800 259
1862810 259
1862820 260
1862830 260
1862840 260
1862850 260
1862860 260
1862870 261
1862880 261
1862890 261
1862900 262
1862910 262
1862920 262
1862930 263
1862940 263
1862950 263
1862960 264
1862970 264
1862980 264
1862990 264
1863000 265
1863010 265
1863020 265
1863030 265
1863040 265
1863050 265
1863060 266
1863070 266
1863080 265
1863090 265
1863100 265
1863110 265
1863120 266
1863130 266
1863140 266
1863150 265
1863160 265
1863170 265
1863180 265
1863190 265
1863200 265
1863210 265
1863220 265
1863230 266
1863240 266
1863250 266
1863260 267
1863270 267
1863280 267
1863290 268
1863300 268
1863310 268
1863320 268
1863330 269
1863340 269
1863350 269
1863360 270
1863370 270
1863380 270
1863390 270
1863400 270
1863410 270
1863420 271
1863430 270
1863440 270
1863450 270
1863460 270
1863470 271
1863480 271
1863490 271
1863500 271
1863510 272
1863520 272
1863530 272
1863540 272
1863550 272
1863560 272
1863570 272
1863580 273
1863590 273
1863600 273
1863610 273
1863620 273
1863630 273
1863640 274
1863650 274
1863660 274
1863670 274
1863680 274
1863690 274
1863700 275
1863710 275
1863720 275
1863730 275
1863740 275
1863750 275
1863760 276
1863770 275
1863780 275
1863790 275
1863800 275
1863810 275
1863820 276
1863830 276
1863840 276
1863850 276
1863860 276
1863870 276
1863880 276
1863890 276
1863900 276
1863910 276
1863920 277
1863930 277
1863940 277
1863950 277
1863960 277
1863970 277
1863980 278
1863990 278
1864000 278
1864010 278
1864020 278
1864030 278
1864040 278
1864050 278
1864060 279
1864070 279
1864080 279
1864090 279
1864100 280
1864110 279
1864120 279
1864130 279
1864140 279
1864150 279
1864160 279
1864170 279
1864180 280
1864190 280
1864200 280
1864210 280
1864220 280
1864230 280
1864240 280
1864250 281
1864260 281
1864270 281
1864280 281
1864290 281
1864300 281
1864310 281
1864320 282
1864330 282
1864340 282
1864350 282
1864360 282
1864370 282
1864380 282
1864390 283
1864400 283
1864410 283
1864420 283
1864430 283
1864440 283
1864450 283
1864460 283
1864470 283
1864480 283
1864490 283
1864500 284
1864510 284
1864520 284
1864530 284
1864540 284
1864550 284
1864560 284
1864570 285
1864580 285
1864590 285
1864600 285
1864610 285
1864620 286
1864630 286
1864640 286
1864650 286
1864660 286
1864670 286
1864680 287
1864690 287
1864700 287
1864710 287
1864720 288
1864730 288
1864740 288
1864750 289
1864760 289
1864770 289
1864780 289
1864790 289
1864800 288
1864810 288
1864820 288
1864830 288
1864840 288
1864850 288
1864860 289
1864870 289
1864880 289
1864890 289
1864900 289
1864910 289
1864920 289
1864930 288
1864940 288
1864950 288
1864960 288
1864970 289
1864980 289
1864990 289
1865000 289
1865010 289
1865020 289
1865030 289
1865040 289
1865050 289
1865060 289
1865070 289
1865080 289
1865090 289
1865100 288
1865110 288
1865120 289
1865130 289
1865140 288
1865150 288
1865160 288
1865170 288
1865180 288
1865190 287
1865200 287
1865210 287
1865220 286
1865230 286
1865240 286
1865250 285
1865260 285
1865270 283
1865280 282
1865290 282
1865300 282
1865310 282
1865320 282
1865330 281
1865340 281
1865350 281
1865360 280
1865370 278
1865380 278
1865390 275
1865400 275
1865410 275
1865420 277
1865430 277
1865440 277
1865450 276
1865460 274
1865470 274
1865480 274
1865490 274
1865500 274
1865510 273
1865520 272
1865530 272
1865540 270
1865550 268
1865560 268
1865570 266
1865580 264
1865590 264
1865600 262
1865610 261
1865620 261
1865630 259
1865640 258
1865650 258
1865660 256
1865670 256
1865680 255
1865690 254
1865700 254
1865710 252
1865720 251
1865730 251
1865740 249
1865750 247
1865760 247
1865770 245
1865780 243
1865790 243
1865800 241
1865810 239
1865820 239
1865830 238
1865840 236
1865850 236
1865860 234
1865870 232
1865880 232
1865890 230
1865900 229
1865910 229
1865920 227
1865930 226
1865940 226
1865950 225
1865960 224
1865970 224
1865980 223
1865990 222
1866000 222
1866010 221
1866020 221
1866030 221
1866040 220
1866050 219
1866060 219
1866070 218
1866080 216
1866090 216
1866100 214
1866110 214
1866120 214
1866130 213
1866140 213
1866150 213
1866160 212
1866170 211
1866180 211
1866190 210
1866200 210
1866210 210
1866220 210
1866230 210
1866240 210
1866250 210
1866260 210
1866270 210
1866280 211
1866290 213
1866300 213
1866310 215
1866320 216
1866330 216
1866340 217
1866350 217
1866360 217
1866370 217
1866380 217
1866390 216
1866400 214
1866410 214
1866420 214
1866430 213
1866440 213
1866450 212
1866460 212
1866470 212
1866480 212
1866490 212
1866500 212
1866510 210
1866520 210
1866530 210
1866540 209
1866550 208
1866560 208
1866570 208
1866580 207
1866590 207
1866600 207
1866610 206
1866620 206
1866630 206
1866640 205
1866650 205
1866660 205
1866670 204
1866680 204
1866690 204
1866700 204
1866710 204
1866720 204
1866730 205
1866740 205
1866750 205
1866760 205
1866770 205
1866780 206
1866790 206
1866800 206
1866810 206
1866820 207
1866830 207
1866840 207
1866850 207
1866860 206
1866870 206
1866880 207
1866890 207
1866900 207
1866910 207
1866920 207
1866930 207
1866940 207
1866950 207
1866960 207
1866970 207
1866980 207
1866990 207
1867000 208
1867010 208
1867020 208
1867030 208
1867040 208
1867050 208
1867060 208
1867070 208
1867080 208
1867090 208
1867100 208
1867110 208
1867120 208
1867130 208
1867140 208
1867150 208
1867160 207
1867170 207
1867180 207
1867190 207
1867200 207
1867210 207
1867220 206
1867230 206
1867240 206
1867250 206
1867260 206
1867270 206
1867280 206
1867290 205
1867300 205
1867310 205
1867320 205
1867330 205
1867340 205
1867350 204
1867360 204
1867370 204
1867380 203
1867390 203
1867400 203
1867410 203
1867420 203
1867430 202
1867440 202
1867450 202
1867460 201
1867470 201
1867480 201
1867490 199
1867500 198
1867510 198
1867520 197
1867530 196
1867540 197
1867550 196
1867560 195
1867570 195
1867580 194
1867590 193
1867600 193
1867610 193
1867620 192
1867630 192
1867640 191
1867650 191
1867660 191
1867670 190
1867680 189
1867690 189
1867700 188
1867710 187
1867720 187
1867730 187
1867740 187
1867750 187
1867760 188
1867770 192
1867780 192
1867790 194
1867800 194
1867810 194
1867820 195
1867830 195
1867840 195
1867850 195
1867860 195
1867870 195
1867880 194
1867890 194
1867900 194
1867910 194
1867920 194
1867930 194
1867940 194
1867950 194
1867960 194
1867970 194
1867980 194
1867990 192
1868000 195
1868010 195
1868020 195
1868030 194
1868040 194
1868050 194
1868060 191
1868070 191
1868080 190
1868090 189
1868100 189
1868110 188
1868120 187
1868130 187
1868140 186
1868150 186
1868160 186
1868170 186
1868180 186
1868190 186
1868200 189
1868210 191
1868220 190
1868230 191
1868240 192
1868250 192
1868260 192
1868270 193
1868280 193
1868290 193
1868300 193
1868310 193
1868320 193
1868330 193
1868340 193
1868350 193
1868360 193
1868370 193
1868380 193
1868390 193
1868400 193
1868410 193
1868420 193
1868430 193
1868440 192
1868450 192
1868460 192
1868470 192
1868480 192
1868490 192
1868500 191
1868510 191
1868520 191
1868530 191
1868540 191
1868550 191
1868560 190
1868570 190
1868580 190
1868590 190
1868600 190
1868610 190
1868620 190
1868630 190
1868640 191
1868650 191
1868660 191
1868670 191
1868680 191
1868690 191
1868700 191
1868710 192
1868720 192
1868730 192
1868740 192
1868750 192
1868760 192
1868770 192
1868780 192
1868790 192
1868800 192
1868810 192
1868820 191
1868830 191
1868840 191
1868850 191
1868860 191
1868870 191
1868880 190
1868890 190
1868900 190
1868910 190
1868920 189
1868930 189
1868940 189
1868950 189
1868960 189
1868970 188
1868980 188
1868990 188
1869000 187
1869010 187
1869020 187
1869030 187
1869040 186
1869050 186
1869060 185
1869070 185
1869080 185
1869090 184
1869100 184
1869110 184
1869120 184
1869130 183
1869140 183
1869150 182
1869160 182
1869170 182
1869180 182
1869190 182
1869200 181
1869210 181
1869220 181
1869230 180
1869240 180
1869250 180
1869260 180
1869270 179
1869280 179
1869290 179
1869300 179
1869310 179
1869320 179
1869330 178
1869340 178
1869350 178
1869360 178
1869370 178
1869380 178
1869390 178
1869400 178
1869410 178
1869420 178
1869430 178
1869440 178
1869450 178
1869460 178
1869470 178
1869480 178
1869490 178
1869500 177
1869510 177
1869520 177
1869530 177
1869540 177
1869550 177
1869560 177
1869570 177
1869580 177
1869590 177
1869600 177
1869610 177
1869620 177
1869630 176
1869640 176
1869650 176
1869660 176
1869670 176
1869680 176
1869690 176
1869700 176
1869710 176
1869720 176
1869730 176
1869740 176
1869750 176
1869760 176
1869770 176
1869780 176
1869790 176
1869800 176
1869810 176
1869820 176
1869830 176
1869840 176
1869850 176
1869860 176
1869870 176
1869880 176
1869890 176
1869900 176
1869910 176
1869920 176
1869930 176
1869940 176
1869950 176
1869960 176
1869970 176
1869980 176
1869990 176
1870000 176
1870010 176
1870020 176
1870030 176
1870040 176
1870050 176
1870060 176
1870070 176
1870080 176
1870090 176
1870100 175
1870110 175
1870120 175
1870130 175
1870140 175
1870150 175
1870160 175
1870170 175
1870180 175
1870190 175
1870200 175
1870210 175
1870220 176
1870230 176
1870240 176
1870250 176
1870260 176
1870270 176
1870280 176
1870290 176
1870300 176
1870310 176
1870320 176
1870330 176
1870340 176
1870350 176
1870360 176
1870370 176
1870380 176
1870390 176
1870400 176
1870410 176
1870420 176
1870430 176
1870440 176
1870450 176
1870460 176
1870470 176
1870480 176
1870490 176
1870500 176
1870510 176
1870520 176
1870530 176
1870540 176
1870550 176
1870560 176
1870570 176
1870580 176
1870590 176
1870600 176
1870610 176
1870620 176
1870630 176
1870640 176
1870650 176
1870660 176
1870670 176
1870680 176
1870690 176
1870700 176
1870710 175
1870720 175
1870730 175
1870740 176
1870750 176
1870760 176
1870770 176
1870780 176
1870790 176
1870800 175
1870810 175
1870820 175
1870830 175
1870840 175
1870850 175
1870860 175
1870870 175
1870880 175
1870890 175
1870900 175
1870910 175
1870920 175
1870930 175
1870940 175
1870950 175
1870960 175
1870970 175
1870980 175
1870990 175
1871000 175
1871010 175
1871020 175
1871030 175
1871040 175
1871050 175
1871060 175
1871070 175
1871080 175
1871090 175
1871100 175
1871110 175
1871120 175
1871130 175
1871140 175
1871150 175
1871160 175
1871170 175
1871180 175
1871190 175
1871200 175
1871210 175
1871220 175
1871230 175
1871240 175
1871250 174
1871260 174
1871270 174
1871280 174
1871290 174
1871300 174
1871310 174
1871320 174
1871330 174
1871340 175
1871350 175
1871360 174
1871370 174
1871380 174
1871390 174
1871400 174
1871410 174
1871420 174
1871430 174
1871440 174
1871450 174
1871460 174
1871470 174
1871480 174
1871490 174
1871500 174
1871510 174
1871520 174
1871530 174
1871540 174
1871550 173
1871560 173
1871570 173
1871580 173
1871590 173
1871600 172
1871610 172
1871620 172
1871630 171
1871640 171
1871650 171
1871660 168
1871670 166
1871680 166
1871690 168
1871700 167
1871710 167
1871720 166
1871730 165
1871740 165
1871750 165
1871760 164
1871770 164
1871780 164
1871790 163
1871800 163
1871810 162
1871820 163
1871830 163
1871840 163
1871850 163
1871860 163
1871870 163
1871880 163
1871890 163
1871900 163
1871910 163
1871920 163
1871930 163
1871940 163
1871950 163
1871960 162
1871970 162
1871980 162
1871990 162
1872000 162
1872010 162
1872020 162
1872030 162
1872040 162
1872050 162
1872060 162
1872070 162
1872080 161
1872090 161
1872100 161
1872110 161
1872120 161
1872130 161
1872140 160
1872150 160
1872160 160
1872170 161
1872180 161
1872190 161
1872200 161
1872210 161
1872220 161
1872230 161
1872240 161
1872250 161
1872260 161
1872270 161
1872280 160
1872290 160
1872300 160
1872310 160
1872320 160
1872330 160
1872340 160
1872350 159
1872360 159
1872370 159
1872380 159
1872390 159
1872400 159
1872410 159
1872420 159
1872430 159
1872440 159
1872450 159
1872460 159
1872470 159
1872480 159
1872490 159
1872500 159
1872510 159
1872520 159
1872530 159
1872540 159
1872550 159
1872560 159
1872570 159
1872580 159
1872590 159
1872600 159
1872610 159
1872620 159
1872630 159
1872640 159
1872650 159
1872660 159
1872670 159
1872680 159
1872690 159
1872700 159
1872710 159
1872720 159
1872730 159
1872740 159
1872750 159
1872760 159
1872770 159
1872780 159
1872790 159
1872800 159
1872810 159
1872820 159
1872830 159
1872840 159
1872850 159
1872860 159
1872870 159
1872880 159
1872890 159
1872900 159
1872910 159
1872920 159
1872930 159
1872940 159
1872950 159
1872960 159
1872970 159
1872980 159
1872990 159
1873000 158
1873010 158
1873020 159
1873030 159
1873040 159
1873050 159
1873060 159
1873070 159
1873080 159
1873090 159
1873100 159
1873110 159
1873120 159
1873130 159
1873140 159
1873150 159
1873160 159
1873170 159
1873180 159
1873190 159
1873200 159
1873210 159
1873220 159
1873230 159
1873240 159
1873250 159
1873260 159
1873270 159
1873280 159
1873290 159
1873300 159
1873310 159
1873320 159
1873330 158
1873340 158
1873350 158
1873360 158
1873370 158
1873380 158
1873390 158
1873400 158
1873410 158
1873420 158
1873430 158
1873440 158
1873450 158
1873460 158
1873470 158
1873480 158
1873490 158
1873500 158
1873510 158
1873520 158
1873530 158
1873540 158
1873550 158
1873560 158
1873570 158
1873580 158
1873590 158
1873600 158
1873610 158
1873620 158
1873630 158
1873640 158
1873650 159
1873660 159
1873670 158
1873680 158
1873690 158
1873700 158
1873710 158
1873720 158
1873730 158
1873740 158
1873750 158
1873760 158
1873770 158
1873780 158
1873790 158
1873800 159
1873810 159
1873820 159
1873830 158
1873840 158
1873850 157
1873860 159
1873870 159
1873880 159
1873890 158
1873900 158
1873910 158
1873920 158
1873930 158
1873940 157
1873950 157
1873960 157
1873970 157
1873980 158
1873990 158
1874000 158
1874010 158
1874020 158
1874030 158
1874040 157
1874050 157
1874060 157
1874070 157
1874080 157
1874090 157
1874100 157
1874110 157
1874120 157
1874130 157
1874140 157
1874150 157
1874160 157
1874170 157
1874180 157
1874190 157
1874200 157
1874210 157
1874220 157
1874230 157
1874240 157
1874250 157
1874260 157
1874270 157
1874280 157
1874290 157
1874300 157
1874310 157
1874320 157
1874330 157
1874340 157
1874350 157
1874360 157
1874370 157
1874380 157
1874390 157
1874400 157
1874410 157
1874420 157
1874430 157
1874440 157
1874450 157
1874460 157
1874470 157
1874480 157
1874490 157
1874500 157
1874510 157
1874520 157
1874530 157
1874540 157
1874550 157
1874560 157
1874570 157
1874580 157
1874590 157
1874600 157
1874610 157
1874620 157
1874630 158
1874640 158
1874650 158
1874660 158
1874670 158
1874680 158
1874690 158
1874700 158
1874710 159
1874720 159
1874730 159
1874740 159
1874750 159
1874760 159
1874770 160
1874780 160
1874790 160
1874800 161
1874810 161
1874820 161
1874830 161
1874840 161
1874850 162
1874860 162
1874870 162
1874880 163
1874890 164
1874900 164
1874910 164
1874920 165
1874930 165
1874940 164
1874950 164
1874960 164
1874970 164
1874980 164
1874990 164
1875000 164
1875010 163
1875020 163
1875030 163
1875040 163
1875050 163
1875060 162
1875070 161
1875080 161
1875090 159
1875100 162
1875110 162
1875120 163
1875130 163
1875140 163
1875150 163
1875160 163
1875170 163
1875180 163
1875190 163
1875200 163
1875210 164
1875220 164
1875230 164
1875240 164
1875250 164
1875260 164
1875270 164
1875280 164
1875290 164
1875300 164
1875310 164
1875320 164
1875330 164
1875340 164
1875350 164
1875360 164
1875370 162
1875380 162
1875390 161
1875400 158
1875410 158
1875420 158
1875430 163
1875440 163
1875450 165
1875460 165
1875470 165
1875480 165
1875490 165
1875500 165
1875510 165
1875520 165
1875530 165
1875540 165
1875550 165
1875560 165
1875570 164
1875580 164
1875590 164
1875600 164
1875610 164
1875620 164
1875630 164
1875640 164
1875650 164
1875660 164
1875670 164
1875680 164
1875690 164
1875700 164
1875710 164
1875720 164
1875730 164
1875740 164
1875750 164
1875760 164
1875770 164
1875780 163
1875790 163
1875800 163
1875810 163
1875820 163
1875830 163
1875840 163
1875850 163
1875860 163
1875870 163
1875880 163
1875890 163
1875900 163
1875910 163
1875920 163
1875930 163
1875940 163
1875950 163
1875960 163
1875970 163
1875980 163
1875990 162
1876000 162
1876010 162
1876020 162
1876030 162
1876040 162
1876050 163
1876060 163
1876070 163
1876080 162
1876090 162
1876100 162
1876110 162
1876120 162
1876130 162
1876140 162
1876150 162
1876160 163
1876170 162
1876180 162
1876190 162
1876200 162
1876210 162
1876220 163
1876230 163
1876240 162
1876250 162
1876260 162
1876270 162
1876280 162
1876290 162
1876300 162
1876310 162
1876320 162
1876330 162
1876340 162
1876350 162
1876360 162
1876370 162
1876380 162
1876390 161
1876400 161
1876410 161
1876420 161
1876430 161
1876440 161
1876450 161
1876460 161
1876470 161
1876480 161
1876490 161
1876500 161
1876510 161
1876520 161
1876530 161
1876540 162
1876550 162
1876560 162
1876570 162
1876580 162
1876590 162
1876600 162
1876610 161
1876620 161
1876630 161
1876640 161
1876650 161
1876660 161
1876670 161
1876680 161
1876690 161
1876700 161
1876710 161
1876720 161
1876730 161
1876740 161
1876750 161
1876760 161
1876770 161
1876780 161
1876790 161
1876800 161
1876810 161
1876820 161
1876830 161
1876840 162
1876850 162
1876860 162
1876870 162
1876880 162
1876890 162
1876900 162
1876910 162
1876920 162
1876930 162
1876940 162
1876950 162
1876960 162
1876970 162
1876980 162
1876990 162
1877000 162
1877010 162
1877020 162
1877030 162
1877040 162
1877050 162
1877060 162
1877070 162
1877080 162
1877090 162
1877100 162
1877110 162
1877120 162
1877130 162
1877140 162
1877150 162
1877160 162
1877170 162
1877180 162
1877190 162
1877200 162
1877210 162
1877220 162
1877230 162
1877240 162
1877250 162
1877260 162
1877270 162
1877280 162
1877290 162
1877300 162
1877310 162
1877320 162
1877330 162
1877340 162
1877350 162
1877360 162
1877370 162
1877380 162
1877390 162
1877400 162
1877410 163
1877420 163
1877430 163
1877440 163
1877450 163
1877460 163
1877470 163
1877480 163
1877490 163
1877500 163
1877510 163
1877520 163
1877530 163
1877540 163
1877550 163
1877560 163
1877570 163
1877580 163
1877590 163
1877600 163
1877610 163
1877620 163
1877630 164
1877640 164
1877650 164
1877660 164
1877670 164
1877680 164
1877690 164
1877700 164
1877710 164
1877720 164
1877730 164
1877740 164
1877750 164
1877760 164
1877770 164
1877780 164
1877790 164
1877800 164
1877810 164
1877820 164
1877830 164
1877840 164
1877850 164
1877860 164
1877870 164
1877880 164
1877890 164
1877900 164
1877910 164
1877920 164
1877930 164
1877940 165
1877950 165
1877960 165
1877970 165
1877980 165
1877990 165
1878000 165
1878010 165
1878020 165
1878030 165
1878040 165
1878050 164
1878060 165
1878070 165
1878080 165
1878090 165
1878100 165
1878110 165
1878120 165
1878130 165
1878140 165
1878150 165
1878160 165
1878170 165
1878180 165
1878190 165
1878200 165
1878210 165
1878220 165
1878230 165
1878240 165
1878250 165
1878260 165
1878270 165
1878280 165
1878290 165
1878300 165
1878310 165
1878320 165
1878330 165
1878340 165
1878350 165
1878360 165
1878370 165
1878380 165
1878390 165
1878400 165
1878410 165
1878420 165
1878430 165
1878440 165
1878450 165
1878460 165
1878470 165
1878480 165
1878490 165
1878500 165
1878510 165
1878520 166
1878530 166
1878540 166
1878550 166
1878560 166
1878570 166
1878580 166
1878590 165
1878600 165
1878610 165
1878620 165
1878630 165
1878640 165
1878650 165
1878660 165
1878670 165
1878680 165
1878690 165
1878700 165
1878710 165
1878720 165
1878730 165
1878740 165
1878750 165
1878760 165
1878770 165
1878780 165
1878790 165
1878800 166
1878810 166
1878820 166
1878830 165
1878840 165
1878850 166
1878860 166
1878870 166
1878880 166
1878890 166
1878900 166
1878910 166
1878920 166
1878930 166
1878940 166
1878950 166
1878960 166
1878970 165
1878980 165
1878990 165
1879000 165
1879010 165
1879020 165
1879030 165
1879040 165
1879050 165
1879060 165
1879070 165
1879080 165
1879090 165
1879100 165
1879110 165
1879120 165
1879130 165
1879140 165
1879150 164
1879160 164
1879170 164
1879180 164
1879190 164
1879200 164
1879210 164
1879220 164
1879230 164
1879240 164
1879250 164
1879260 164
1879270 164
1879280 164
1879290 164
1879300 164
1879310 164
1879320 164
1879330 164
1879340 164
1879350 164
1879360 164
1879370 164
1879380 164
1879390 164
1879400 164
1879410 164
1879420 163
1879430 163
1879440 163
1879450 163
1879460 163
1879470 163
1879480 163
1879490 163
1879500 163
1879510 163
1879520 163
1879530 163
1879540 163
1879550 163
1879560 163
1879570 163
1879580 163
1879590 163
1879600 163
1879610 163
1879620 163
1879630 163
1879640 163
1879650 163
1879660 162
1879670 162
1879680 163
1879690 163
1879700 163
1879710 163
1879720 163
1879730 164
1879740 164
1879750 164
1879760 164
1879770 164
1879780 164
1879790 164
1879800 164
1879810 164
1879820 164
1879830 163
1879840 163
1879850 163
1879860 163
1879870 163
1879880 163
1879890 163
1879900 163
1879910 163
1879920 163
1879930 163
1879940 163
1879950 163
1879960 163
1879970 163
1879980 163
1879990 163
