1860000 229
1860010 228
1860020 226
1860030 226
1860040 225
1860050 223
1860060 223
1860070 222
1860080 220
1860090 220
1860100 219
1860110 217
1860120 217
1860130 216
1860140 214
1860150 214
1860160 212
1860170 210
1860180 213
1860190 211
1860200 209
1860210 209
1860220 207
1860230 205
1860240 205
1860250 204
1860260 202
1860270 202
1860280 200
1860290 199
1860300 199
1860310 197
1860320 196
1860330 196
1860340 195
1860350 195
1860360 195
1860370 194
1860380 193
1860390 193
1860400 192
1860410 193
1860420 193
1860430 195
1860440 196
1860450 196
1860460 199
1860470 199
1860480 202
1860490 204
1860500 204
1860510 204
1860520 205
1860530 205
1860540 206
1860550 207
1860560 207
1860570 209
1860580 210
1860590 210
1860600 212
1860610 213
1860620 213
1860630 215
1860640 216
1860650 216
1860660 218
1860670 219
1860680 219
1860690 221
1860700 223
1860710 223
1860720 224
1860730 226
1860740 226
1860750 227
1860760 229
1860770 229
1860780 230
1860790 232
1860800 232
1860810 233
1860820 235
1860830 235
1860840 237
1860850 237
1860860 237
1860870 238
1860880 239
1860890 239
1860900 239
1860910 240
1860920 240
1860930 241
1860940 241
1860950 241
1860960 242
1860970 242
1860980 242
1860990 243
1861000 243
1861010 243
1861020 243
1861030 244
1861040 244
1861050 244
1861060 244
1861070 244
1861080 244
1861090 244
1861100 244
1861110 244
1861120 243
1861130 243
1861140 243
1861150 242
1861160 242
1861170 240
1861180 240
1861190 239
1861200 236
1861210 236
1861220 233
1861230 232
1861240 232
1861250 231
1861260 231
1861270 231
1861280 231
1861290 231
1861300 231
1861310 231
1861320 232
1861330 232
1861340 232
1861350 233
1861360 233
1861370 233
1861380 234
1861390 234
1861400 235
1861410 236
1861420 236
1861430 237
1861440 238
1861450 238
1861460 239
1861470 239
1861480 239
1861490 240
1861500 240
1861510 240
1861520 240
1861530 240
1861540 240
1861550 241
1861560 241
1861570 240
1861580 240
1861590 240
1861600 240
1861610 240
1861620 240
1861630 240
1861640 239
1861650 239
1861660 239
1861670 239
1861680 239
1861690 239
1861700 238
1861710 238
1861720 238
1861730 237
1861740 237
1861750 237
1861760 236
1861770 236
1861780 236
1861790 235
1861800 235
1861810 235
1861820 234
1861830 234
1861840 234
1861850 234
1861860 233
1861870 233
1861880 233
1861890 233
1861900 233
1861910 232
1861920 232
1861930 232
1861940 232
1861950 232
1861960 231
1861970 231
1861980 231
1861990 230
1862000 230
1862010 230
1862020 229
1862030 228
1862040 228
1862050 227
1862060 227
1862070 227
1862080 224
1862090 221
1862100 221
1862110 226
1862120 227
1862130 227
1862140 228
1862150 230
1862160 230
1862170 231
1862180 232
1862190 232
1862200 233
1862210 234
1862220 234
1862230 234
1862240 235
1862250 235
1862260 234
1862270 236
1862280 236
1862290 236
1862300 237
1862310 237
1862320 237
1862330 238
1862340 238
1862350 239
1862360 240
1862370 240
1862380 240
1862390 241
1862400 241
1862410 242
1862420 242
1862430 242
1862440 243
1862450 243
1862460 243
1862470 244
1862480 245
1862490 245
1862500 245
1862510 246
1862520 246
1862530 247
1862540 247
1862550 247
1862560 248
1862570 248
1862580 249
1862590 250
1862600 250
1862610 251
1862620 251
1862630 251
1862640 252
1862650 253
1862660 253
1862670 254
1862680 255
1862690 255
1862700 255
1862710 256
1862720 256
1862730 257
1862740 258
1862750 258
1862760 258
1862770 259
1862780 259
1862790 260
1862800 261
1862810 261
1862820 262
1862830 262
1862840 262
1862850 263
1862860 264
1862870 264
1862880 264
1862890 265
1862900 265
1862910 265
1862920 266
1862930 266
1862940 266
1862950 266
1862960 266
1862970 266
1862980 267
1862990 267
1863000 267
1863010 267
1863020 267
1863030 268
1863040 268
1863050 268
1863060 268
1863070 268
1863080 268
1863090 268
1863100 269
1863110 269
1863120 269
1863130 269
1863140 269
1863150 269
1863160 269
1863170 269
1863180 269
1863190 269
1863200 269
1863210 269
1863220 269
1863230 269
1863240 269
1863250 270
1863260 270
1863270 270
1863280 270
1863290 270
1863300 270
1863310 270
1863320 271
1863330 271
1863340 271
1863350 272
1863360 273
1863370 273
1863380 273
1863390 273
1863400 273
1863410 274
1863420 274
1863430 274
1863440 274
1863450 275
1863460 275
1863470 275
1863480 275
1863490 275
1863500 276
1863510 276
1863520 276
1863530 276
1863540 276
1863550 276
1863560 277
1863570 277
1863580 277
1863590 277
1863600 277
1863610 277
1863620 278
1863630 278
1863640 277
1863650 278
1863660 278
1863670 278
1863680 278
1863690 278
1863700 278
1863710 279
1863720 279
1863730 279
1863740 279
1863750 279
1863760 279
1863770 279
1863780 279
1863790 279
1863800 280
1863810 280
1863820 280
1863830 280
1863840 281
1863850 281
1863860 281
1863870 281
1863880 281
1863890 281
1863900 281
1863910 281
1863920 282
1863930 282
1863940 282
1863950 282
1863960 282
1863970 282
1863980 282
1863990 282
1864000 282
1864010 282
1864020 282
1864030 282
1864040 282
1864050 282
1864060 283
1864070 283
1864080 283
1864090 283
1864100 283
1864110 283
1864120 284
1864130 284
1864140 284
1864150 284
1864160 285
1864170 285
1864180 285
1864190 285
1864200 285
1864210 285
1864220 285
1864230 285
1864240 286
1864250 286
1864260 286
1864270 286
1864280 286
1864290 286
1864300 286
1864310 286
1864320 286
1864330 285
1864340 285
1864350 285
1864360 286
1864370 286
1864380 286
1864390 286
1864400 286
1864410 286
1864420 286
1864430 286
1864440 286
1864450 286
1864460 287
1864470 287
1864480 287
1864490 287
1864500 287
1864510 287
1864520 287
1864530 287
1864540 287
1864550 288
1864560 288
1864570 288
1864580 289
1864590 289
1864600 289
1864610 290
1864620 290
1864630 290
1864640 290
1864650 290
1864660 291
1864670 291
1864680 291
1864690 291
1864700 291
1864710 291
1864720 292
1864730 292
1864740 292
1864750 292
1864760 292
1864770 292
1864780 292
1864790 292
1864800 292
1864810 292
1864820 292
1864830 292
1864840 292
1864850 292
1864860 292
1864870 292
1864880 292
1864890 292
1864900 292
1864910 292
1864920 291
1864930 290
1864940 290
1864950 289
1864960 288
1864970 288
1864980 287
1864990 286
1865000 286
1865010 287
1865020 287
1865030 287
1865040 287
1865050 287
1865060 287
1865070 287
1865080 286
1865090 286
1865100 286
1865110 286
1865120 286
1865130 286
1865140 286
1865150 286
1865160 286
1865170 286
1865180 286
1865190 286
1865200 285
1865210 285
1865220 285
1865230 285
1865240 285
1865250 284
1865260 283
1865270 283
1865280 282
1865290 281
1865300 281
1865310 280
1865320 279
1865330 279
1865340 278
1865350 277
1865360 278
1865370 277
1865380 275
1865390 275
1865400 271
1865410 271
1865420 272
1865430 273
1865440 273
1865450 271
1865460 269
1865470 269
1865480 269
1865490 266
1865500 266
1865510 264
1865520 262
1865530 262
1865540 261
1865550 259
1865560 259
1865570 258
1865580 256
1865590 256
1865600 255
1865610 253
1865620 253
1865630 251
1865640 250
1865650 250
1865660 248
1865670 247
1865680 247
1865690 245
1865700 247
1865710 247
1865720 245
1865730 243
1865740 243
1865750 241
1865760 239
1865770 239
1865780 237
1865790 235
1865800 235
1865810 233
1865820 231
1865830 231
1865840 229
1865850 228
1865860 228
1865870 227
1865880 226
1865890 226
1865900 225
1865910 224
1865920 224
1865930 223
1865940 222
1865950 222
1865960 222
1865970 221
1865980 221
1865990 221
1866000 221
1866010 221
1866020 222
1866030 223
1866040 220
1866050 221
1866060 222
1866070 222
1866080 223
1866090 223
1866100 223
1866110 222
1866120 222
1866130 221
1866140 219
1866150 219
1866160 219
1866170 219
1866180 219
1866190 219
1866200 220
1866210 220
1866220 220
1866230 221
1866240 221
1866250 222
1866260 223
1866270 223
1866280 224
1866290 225
1866300 225
1866310 225
1866320 225
1866330 225
1866340 225
1866350 224
1866360 224
1866370 223
1866380 221
1866390 221
1866400 220
1866410 219
1866420 219
1866430 218
1866440 218
1866450 218
1866460 218
1866470 218
1866480 218
1866490 217
1866500 216
1866510 216
1866520 215
1866530 215
1866540 215
1866550 214
1866560 214
1866570 214
1866580 213
1866590 213
1866600 213
1866610 212
1866620 212
1866630 212
1866640 212
1866650 211
1866660 211
1866670 209
1866680 210
1866690 210
1866700 210
1866710 210
1866720 210
1866730 210
1866740 210
1866750 210
1866760 210
1866770 211
1866780 211
1866790 211
1866800 211
1866810 211
1866820 211
1866830 211
1866840 211
1866850 211
1866860 211
1866870 211
1866880 211
1866890 211
1866900 211
1866910 211
1866920 211
1866930 211
1866940 211
1866950 211
1866960 210
1866970 210
1866980 210
1866990 210
1867000 210
1867010 210
1867020 210
1867030 210
1867040 210
1867050 210
1867060 210
1867070 210
1867080 210
1867090 210
1867100 210
1867110 209
1867120 209
1867130 209
1867140 209
1867150 209
1867160 209
1867170 209
1867180 208
1867190 208
1867200 208
1867210 208
1867220 208
1867230 208
1867240 207
1867250 207
1867260 207
1867270 206
1867280 206
1867290 206
1867300 205
1867310 205
1867320 205
1867330 204
1867340 204
1867350 203
1867360 202
1867370 202
1867380 201
1867390 201
1867400 201
1867410 201
1867420 200
1867430 200
1867440 199
1867450 198
1867460 198
1867470 197
1867480 197
1867490 197
1867500 196
1867510 196
1867520 195
1867530 194
1867540 194
1867550 193
1867560 192
1867570 192
1867580 191
1867590 191
1867600 191
1867610 190
1867620 190
1867630 190
1867640 190
1867650 190
1867660 190
1867670 190
1867680 191
1867690 191
1867700 191
1867710 192
1867720 192
1867730 193
1867740 194
1867750 193
1867760 194
1867770 195
1867780 195
1867790 195
1867800 196
1867810 196
1867820 196
1867830 197
1867840 197
1867850 197
1867860 197
1867870 197
1867880 197
1867890 197
1867900 197
1867910 197
1867920 197
1867930 197
1867940 196
1867950 196
1867960 196
1867970 196
1867980 194
1867990 194
1868000 195
1868010 195
1868020 195
1868030 193
1868040 191
1868050 191
1868060 191
1868070 190
1868080 190
1868090 189
1868100 188
1868110 188
1868120 188
1868130 187
1868140 187
1868150 187
1868160 188
1868170 188
1868180 191
1868190 192
1868200 192
1868210 193
1868220 193
1868230 194
1868240 194
1868250 194
1868260 195
1868270 195
1868280 195
1868290 195
1868300 195
1868310 195
1868320 195
1868330 195
1868340 195
1868350 195
1868360 195
1868370 195
1868380 195
1868390 194
1868400 194
1868410 194
1868420 194
1868430 194
1868440 194
1868450 193
1868460 193
1868470 193
1868480 193
1868490 193
1868500 193
1868510 193
1868520 193
1868530 192
1868540 192
1868550 192
1868560 192
1868570 192
1868580 192
1868590 192
1868600 191
1868610 191
1868620 191
1868630 192
1868640 192
1868650 192
1868660 192
1868670 192
1868680 193
1868690 193
1868700 193
1868710 193
1868720 194
1868730 194
1868740 194
1868750 194
1868760 194
1868770 194
1868780 194
1868790 194
1868800 194
1868810 193
1868820 193
1868830 193
1868840 193
1868850 193
1868860 193
1868870 193
1868880 193
1868890 193
1868900 192
1868910 192
1868920 192
1868930 192
1868940 192
1868950 191
1868960 191
1868970 191
1868980 191
1868990 191
1869000 190
1869010 190
1869020 190
1869030 189
1869040 189
1869050 189
1869060 188
1869070 188
1869080 188
1869090 187
1869100 186
1869110 186
1869120 185
1869130 185
1869140 185
1869150 184
1869160 184
1869170 184
1869180 183
1869190 183
1869200 183
1869210 183
1869220 182
1869230 182
1869240 182
1869250 181
1869260 181
1869270 181
1869280 181
1869290 181
1869300 180
1869310 180
1869320 180
1869330 180
1869340 180
1869350 180
1869360 180
1869370 180
1869380 180
1869390 180
1869400 179
1869410 179
1869420 179
1869430 179
1869440 179
1869450 179
1869460 179
1869470 179
1869480 179
1869490 178
1869500 178
1869510 178
1869520 178
1869530 178
1869540 178
1869550 178
1869560 178
1869570 178
1869580 178
1869590 178
1869600 178
1869610 177
1869620 177
1869630 177
1869640 177
1869650 177
1869660 177
1869670 177
1869680 177
1869690 177
1869700 177
1869710 177
1869720 177
1869730 177
1869740 177
1869750 177
1869760 177
1869770 177
1869780 177
1869790 177
1869800 176
1869810 176
1869820 176
1869830 176
1869840 176
1869850 176
1869860 176
1869870 176
1869880 176
1869890 176
1869900 176
1869910 176
1869920 176
1869930 176
1869940 176
1869950 176
1869960 176
1869970 176
1869980 176
1869990 177
1870000 177
1870010 177
1870020 177
1870030 177
1870040 177
1870050 177
1870060 177
1870070 177
1870080 177
1870090 177
1870100 177
1870110 177
1870120 177
1870130 176
1870140 176
1870150 176
1870160 176
1870170 177
1870180 177
1870190 177
1870200 177
1870210 177
1870220 177
1870230 177
1870240 177
1870250 177
1870260 177
1870270 177
1870280 177
1870290 177
1870300 177
1870310 177
1870320 177
1870330 177
1870340 177
1870350 177
1870360 177
1870370 177
1870380 177
1870390 177
1870400 177
1870410 177
1870420 177
1870430 177
1870440 177
1870450 176
1870460 176
1870470 176
1870480 176
1870490 176
1870500 176
1870510 176
1870520 176
1870530 176
1870540 176
1870550 176
1870560 176
1870570 176
1870580 176
1870590 176
1870600 176
1870610 176
1870620 176
1870630 176
1870640 176
1870650 176
1870660 176
1870670 176
1870680 176
1870690 176
1870700 175
1870710 175
1870720 175
1870730 175
1870740 175
1870750 175
1870760 175
1870770 175
1870780 175
1870790 175
1870800 175
1870810 175
1870820 175
1870830 175
1870840 175
1870850 174
1870860 174
1870870 174
1870880 174
1870890 174
1870900 174
1870910 175
1870920 175
1870930 175
1870940 175
1870950 175
1870960 175
1870970 175
1870980 175
1870990 175
1871000 175
1871010 175
1871020 175
1871030 175
1871040 175
1871050 175
1871060 175
1871070 175
1871080 175
1871090 175
1871100 175
1871110 175
1871120 175
1871130 175
1871140 175
1871150 175
1871160 175
1871170 175
1871180 175
1871190 175
1871200 175
1871210 175
1871220 175
1871230 175
1871240 175
1871250 175
1871260 174
1871270 174
1871280 174
1871290 174
1871300 174
1871310 174
1871320 174
1871330 174
1871340 174
1871350 174
1871360 174
1871370 174
1871380 173
1871390 173
1871400 173
1871410 173
1871420 173
1871430 173
1871440 172
1871450 172
1871460 172
1871470 172
1871480 173
1871490 173
1871500 172
1871510 172
1871520 172
1871530 172
1871540 172
1871550 171
1871560 170
1871570 170
1871580 169
1871590 168
1871600 168
1871610 167
1871620 166
1871630 166
1871640 166
1871650 165
1871660 165
1871670 165
1871680 164
1871690 164
1871700 164
1871710 164
1871720 164
1871730 164
1871740 164
1871750 163
1871760 163
1871770 163
1871780 163
1871790 163
1871800 163
1871810 163
1871820 164
1871830 164
1871840 165
1871850 166
1871860 166
1871870 166
1871880 166
1871890 166
1871900 166
1871910 165
1871920 165
1871930 164
1871940 164
1871950 164
1871960 163
1871970 163
1871980 163
1871990 163
1872000 163
1872010 163
1872020 163
1872030 163
1872040 163
1872050 163
1872060 163
1872070 163
1872080 163
1872090 163
1872100 163
1872110 162
1872120 162
1872130 162
1872140 161
1872150 161
1872160 161
1872170 160
1872180 160
1872190 160
1872200 160
1872210 160
1872220 160
1872230 161
1872240 161
1872250 161
1872260 161
1872270 161
1872280 161
1872290 161
1872300 160
1872310 160
1872320 160
1872330 160
1872340 160
1872350 160
1872360 160
1872370 160
1872380 160
1872390 160
1872400 160
1872410 160
1872420 160
1872430 160
1872440 160
1872450 160
1872460 160
1872470 159
1872480 159
1872490 159
1872500 159
1872510 159
1872520 159
1872530 159
1872540 159
1872550 159
1872560 159
1872570 159
1872580 159
1872590 159
1872600 159
1872610 159
1872620 159
1872630 159
1872640 159
1872650 159
1872660 159
1872670 159
1872680 159
1872690 159
1872700 159
1872710 159
1872720 159
1872730 159
1872740 159
1872750 159
1872760 159
1872770 159
1872780 159
1872790 159
1872800 159
1872810 159
1872820 159
1872830 159
1872840 159
1872850 159
1872860 159
1872870 159
1872880 159
1872890 159
1872900 159
1872910 159
1872920 159
1872930 159
1872940 159
1872950 159
1872960 159
1872970 159
1872980 159
1872990 159
1873000 159
1873010 159
1873020 159
1873030 159
1873040 159
1873050 159
1873060 158
1873070 158
1873080 158
1873090 159
1873100 158
1873110 158
1873120 158
1873130 158
1873140 158
1873150 158
1873160 158
1873170 159
1873180 159
1873190 159
1873200 159
1873210 159
1873220 159
1873230 159
1873240 159
1873250 159
1873260 159
1873270 159
1873280 159
1873290 159
1873300 159
1873310 159
1873320 159
1873330 159
1873340 159
1873350 159
1873360 159
1873370 159
1873380 159
1873390 159
1873400 159
1873410 159
1873420 159
1873430 159
1873440 159
1873450 159
1873460 159
1873470 159
1873480 159
1873490 159
1873500 159
1873510 158
1873520 158
1873530 158
1873540 158
1873550 158
1873560 158
1873570 158
1873580 158
1873590 158
1873600 158
1873610 158
1873620 158
1873630 158
1873640 158
1873650 158
1873660 158
1873670 158
1873680 158
1873690 158
1873700 158
1873710 158
1873720 158
1873730 158
1873740 158
1873750 158
1873760 158
1873770 158
1873780 158
1873790 158
1873800 158
1873810 158
1873820 158
1873830 158
1873840 158
1873850 158
1873860 158
1873870 158
1873880 158
1873890 158
1873900 158
1873910 159
1873920 158
1873930 158
1873940 157
1873950 158
1873960 158
1873970 159
1873980 158
1873990 158
1874000 158
1874010 157
1874020 157
1874030 157
1874040 157
1874050 157
1874060 157
1874070 157
1874080 157
1874090 157
1874100 157
1874110 157
1874120 157
1874130 157
1874140 157
1874150 157
1874160 157
1874170 157
1874180 157
1874190 157
1874200 157
1874210 157
1874220 157
1874230 157
1874240 157
1874250 157
1874260 157
1874270 157
1874280 157
1874290 157
1874300 157
1874310 157
1874320 157
1874330 157
1874340 157
1874350 157
1874360 157
1874370 157
1874380 157
1874390 157
1874400 157
1874410 157
1874420 157
1874430 157
1874440 157
1874450 157
1874460 157
1874470 157
1874480 157
1874490 157
1874500 157
1874510 157
1874520 157
1874530 157
1874540 157
1874550 157
1874560 157
1874570 157
1874580 157
1874590 157
1874600 157
1874610 157
1874620 157
1874630 157
1874640 157
1874650 157
1874660 157
1874670 157
1874680 157
1874690 157
1874700 157
1874710 157
1874720 157
1874730 157
1874740 158
1874750 158
1874760 158
1874770 158
1874780 158
1874790 158
1874800 158
1874810 158
1874820 158
1874830 158
1874840 159
1874850 159
1874860 160
1874870 161
1874880 161
1874890 160
1874900 158
1874910 158
1874920 158
1874930 157
1874940 157
1874950 157
1874960 158
1874970 158
1874980 163
1874990 164
1875000 164
1875010 163
1875020 162
1875030 162
1875040 159
1875050 159
1875060 159
1875070 162
1875080 162
1875090 162
1875100 162
1875110 162
1875120 162
1875130 162
1875140 162
1875150 162
1875160 162
1875170 162
1875180 163
1875190 163
1875200 163
1875210 163
1875220 163
1875230 164
1875240 164
1875250 164
1875260 164
1875270 164
1875280 164
1875290 164
1875300 164
1875310 164
1875320 164
1875330 164
1875340 164
1875350 164
1875360 164
1875370 164
1875380 164
1875390 164
1875400 164
1875410 164
1875420 164
1875430 165
1875440 165
1875450 165
1875460 165
1875470 165
1875480 165
1875490 165
1875500 165
1875510 165
1875520 165
1875530 165
1875540 165
1875550 165
1875560 165
1875570 165
1875580 165
1875590 165
1875600 165
1875610 165
1875620 165
1875630 164
1875640 164
1875650 164
1875660 164
1875670 164
1875680 164
1875690 164
1875700 164
1875710 164
1875720 164
1875730 164
1875740 164
1875750 164
1875760 164
1875770 164
1875780 163
1875790 163
1875800 163
1875810 163
1875820 163
1875830 163
1875840 163
1875850 163
1875860 163
1875870 163
1875880 163
1875890 163
1875900 163
1875910 163
1875920 163
1875930 163
1875940 163
1875950 163
1875960 162
1875970 162
1875980 162
1875990 162
1876000 162
1876010 162
1876020 162
1876030 162
1876040 162
1876050 162
1876060 162
1876070 162
1876080 162
1876090 162
1876100 162
1876110 162
1876120 162
1876130 162
1876140 162
1876150 162
1876160 162
1876170 163
1876180 163
1876190 163
1876200 163
1876210 163
1876220 163
1876230 162
1876240 162
1876250 162
1876260 162
1876270 162
1876280 162
1876290 162
1876300 162
1876310 162
1876320 162
1876330 162
1876340 162
1876350 162
1876360 162
1876370 162
1876380 162
1876390 162
1876400 162
1876410 162
1876420 162
1876430 161
1876440 162
1876450 162
1876460 162
1876470 161
1876480 161
1876490 161
1876500 161
1876510 161
1876520 161
1876530 162
1876540 162
1876550 162
1876560 162
1876570 162
1876580 161
1876590 162
1876600 162
1876610 161
1876620 161
1876630 161
1876640 161
1876650 162
1876660 162
1876670 162
1876680 162
1876690 162
1876700 162
1876710 162
1876720 162
1876730 162
1876740 162
1876750 162
1876760 161
1876770 161
1876780 161
1876790 162
1876800 162
1876810 162
1876820 162
1876830 162
1876840 162
1876850 162
1876860 162
1876870 162
1876880 162
1876890 162
1876900 162
1876910 162
1876920 162
1876930 162
1876940 162
1876950 162
1876960 162
1876970 162
1876980 162
1876990 162
1877000 162
1877010 162
1877020 162
1877030 162
1877040 162
1877050 162
1877060 162
1877070 162
1877080 163
1877090 162
1877100 162
1877110 162
1877120 162
1877130 162
1877140 162
1877150 162
1877160 162
1877170 162
1877180 162
1877190 162
1877200 162
1877210 162
1877220 162
1877230 162
1877240 162
1877250 162
1877260 162
1877270 162
1877280 162
1877290 162
1877300 162
1877310 162
1877320 162
1877330 162
1877340 162
1877350 163
1877360 163
1877370 163
1877380 163
1877390 163
1877400 163
1877410 163
1877420 163
1877430 163
1877440 163
1877450 163
1877460 163
1877470 163
1877480 163
1877490 163
1877500 163
1877510 163
1877520 163
1877530 163
1877540 163
1877550 163
1877560 164
1877570 164
1877580 163
1877590 164
1877600 164
1877610 164
1877620 164
1877630 164
1877640 164
1877650 164
1877660 164
1877670 164
1877680 164
1877690 164
1877700 164
1877710 164
1877720 164
1877730 164
1877740 164
1877750 164
1877760 164
1877770 164
1877780 164
1877790 164
1877800 164
1877810 164
1877820 164
1877830 164
1877840 164
1877850 164
1877860 165
1877870 165
1877880 165
1877890 165
1877900 165
1877910 165
1877920 165
1877930 165
1877940 165
1877950 165
1877960 165
1877970 165
1877980 165
1877990 165
1878000 165
1878010 165
1878020 165
1878030 165
1878040 165
1878050 165
1878060 165
1878070 165
1878080 165
1878090 165
1878100 165
1878110 165
1878120 165
1878130 165
1878140 165
1878150 165
1878160 165
1878170 165
1878180 165
1878190 165
1878200 165
1878210 165
1878220 165
1878230 165
1878240 165
1878250 165
1878260 165
1878270 165
1878280 165
1878290 165
1878300 165
1878310 165
1878320 165
1878330 165
1878340 165
1878350 165
1878360 165
1878370 165
1878380 165
1878390 166
1878400 166
1878410 166
1878420 165
1878430 165
1878440 165
1878450 165
1878460 165
1878470 165
1878480 165
1878490 165
1878500 165
1878510 165
1878520 165
1878530 165
1878540 165
1878550 165
1878560 165
1878570 165
1878580 165
1878590 165
1878600 165
1878610 165
1878620 165
1878630 165
1878640 165
1878650 166
1878660 166
1878670 166
1878680 166
1878690 165
1878700 165
1878710 166
1878720 165
1878730 165
1878740 166
1878750 166
1878760 166
1878770 166
1878780 166
1878790 166
1878800 166
1878810 166
1878820 166
1878830 166
1878840 166
1878850 166
1878860 165
1878870 165
1878880 165
1878890 165
1878900 165
1878910 165
1878920 166
1878930 166
1878940 165
1878950 166
1878960 166
1878970 166
1878980 166
1878990 166
1879000 166
1879010 166
1879020 166
1879030 166
1879040 166
1879050 166
1879060 166
1879070 166
1879080 166
1879090 166
1879100 166
1879110 166
1879120 165
1879130 165
1879140 165
1879150 165
1879160 165
1879170 165
1879180 165
1879190 165
1879200 165
1879210 165
1879220 165
1879230 165
1879240 164
1879250 164
1879260 164
1879270 164
1879280 164
1879290 164
1879300 164
1879310 164
1879320 164
1879330 164
1879340 164
1879350 164
1879360 164
1879370 164
1879380 164
1879390 164
1879400 164
1879410 164
1879420 163
1879430 163
1879440 163
1879450 163
1879460 163
1879470 163
1879480 163
1879490 163
1879500 163
1879510 163
1879520 163
1879530 163
1879540 163
1879550 163
1879560 163
1879570 163
1879580 163
1879590 163
1879600 163
1879610 163
1879620 163
1879630 163
1879640 163
1879650 163
1879660 163
1879670 163
1879680 164
1879690 164
1879700 164
1879710 164
1879720 164
1879730 164
1879740 165
1879750 165
1879760 165
1879770 165
1879780 165
1879790 165
1879800 164
1879810 164
1879820 164
1879830 164
1879840 164
1879850 164
1879860 163
1879870 163
1879880 163
1879890 163
1879900 163
1879910 163
1879920 163
1879930 163
1879940 163
1879950 163
1879960 163
1879970 163
1879980 163
1879990 163
