1860000 192
1860010 192
1860020 192
1860030 192
1860040 192
1860050 192
1860060 191
1860070 191
1860080 191
1860090 191
1860100 191
1860110 191
1860120 190
1860130 190
1860140 190
1860150 190
1860160 190
1860170 190
1860180 189
1860190 189
1860200 188
1860210 187
1860220 187
1860230 187
1860240 186
1860250 186
1860260 185
1860270 185
1860280 184
1860290 184
1860300 183
1860310 183
1860320 183
1860330 183
1860340 183
1860350 183
1860360 183
1860370 183
1860380 182
1860390 182
1860400 182
1860410 182
1860420 182
1860430 182
1860440 182
1860450 182
1860460 183
1860470 184
1860480 184
1860490 188
1860500 189
1860510 189
1860520 191
1860530 196
1860540 196
1860550 198
1860560 200
1860570 200
1860580 201
1860590 201
1860600 201
1860610 203
1860620 204
1860630 203
1860640 204
1860650 204
1860660 204
1860670 205
1860680 205
1860690 205
1860700 205
1860710 205
1860720 205
1860730 205
1860740 205
1860750 205
1860760 205
1860770 205
1860780 205
1860790 204
1860800 204
1860810 204
1860820 204
1860830 203
1860840 203
1860850 203
1860860 203
1860870 203
1860880 202
1860890 202
1860900 202
1860910 202
1860920 201
1860930 201
1860940 201
1860950 200
1860960 200
1860970 200
1860980 199
1860990 199
1861000 199
1861010 199
1861020 199
1861030 200
1861040 200
1861050 200
1861060 200
1861070 200
1861080 199
1861090 198
1861100 198
1861110 199
1861120 201
1861130 201
1861140 202
1861150 202
1861160 202
1861170 202
1861180 202
1861190 202
1861200 202
1861210 202
1861220 202
1861230 202
1861240 202
1861250 202
1861260 202
1861270 202
1861280 202
1861290 202
1861300 202
1861310 202
1861320 201
1861330 201
1861340 201
1861350 201
1861360 201
1861370 201
1861380 201
1861390 201
1861400 201
1861410 200
1861420 200
1861430 200
1861440 199
1861450 198
1861460 198
1861470 197
1861480 196
1861490 196
1861500 195
1861510 193
1861520 193
1861530 192
1861540 191
1861550 191
1861560 190
1861570 190
1861580 190
1861590 190
1861600 191
1861610 191
1861620 191
1861630 191
1861640 191
1861650 191
1861660 192
1861670 192
1861680 193
1861690 196
1861700 196
1861710 198
1861720 198
1861730 201
1861740 203
1861750 203
1861760 203
1861770 204
1861780 204
1861790 205
1861800 206
1861810 206
1861820 206
1861830 207
1861840 207
1861850 208
1861860 209
1861870 209
1861880 209
1861890 210
1861900 210
1861910 210
1861920 211
1861930 211
1861940 211
1861950 212
1861960 212
1861970 212
1861980 212
1861990 212
1862000 212
1862010 212
1862020 212
1862030 212
1862040 211
1862050 211
1862060 210
1862070 209
1862080 209
1862090 209
1862100 208
1862110 208
1862120 207
1862130 207
1862140 207
1862150 207
1862160 207
1862170 207
1862180 208
1862190 209
1862200 209
1862210 210
1862220 211
1862230 211
1862240 212
1862250 213
1862260 213
1862270 213
1862280 213
1862290 213
1862300 213
1862310 214
1862320 214
1862330 214
1862340 214
1862350 214
1862360 214
1862370 214
1862380 214
1862390 214
1862400 214
1862410 214
1862420 214
1862430 214
1862440 213
1862450 213
1862460 213
1862470 212
1862480 212
1862490 212
1862500 212
1862510 213
1862520 213
1862530 214
1862540 214
1862550 214
1862560 214
1862570 214
1862580 214
1862590 214
1862600 215
1862610 215
1862620 216
1862630 216
1862640 216
1862650 216
1862660 216
1862670 216
1862680 216
1862690 216
1862700 216
1862710 216
1862720 216
1862730 216
1862740 216
1862750 216
1862760 216
1862770 216
1862780 216
1862790 216
1862800 216
1862810 216
1862820 216
1862830 215
1862840 215
1862850 215
1862860 216
1862870 216
1862880 216
1862890 216
1862900 216
1862910 216
1862920 217
1862930 217
1862940 217
1862950 217
1862960 217
1862970 217
1862980 217
1862990 217
1863000 217
1863010 217
1863020 217
1863030 217
1863040 217
1863050 217
1863060 217
1863070 217
1863080 217
1863090 217
1863100 217
1863110 217
1863120 217
1863130 218
1863140 218
1863150 219
1863160 220
1863170 220
1863180 222
1863190 223
1863200 223
1863210 224
1863220 225
1863230 225
1863240 226
1863250 227
1863260 227
1863270 228
1863280 228
1863290 228
1863300 229
1863310 230
1863320 230
1863330 231
1863340 231
1863350 231
1863360 232
1863370 233
1863380 233
1863390 233
1863400 234
1863410 234
1863420 235
1863430 235
1863440 235
1863450 235
1863460 236
1863470 236
1863480 236
1863490 236
1863500 236
1863510 236
1863520 236
1863530 236
1863540 236
1863550 236
1863560 236
1863570 236
1863580 235
1863590 235
1863600 235
1863610 235
1863620 235
1863630 235
1863640 235
1863650 235
1863660 234
1863670 233
1863680 233
1863690 233
1863700 233
1863710 233
1863720 231
1863730 230
1863740 230
1863750 228
1863760 227
1863770 227
1863780 226
1863790 224
1863800 224
1863810 221
1863820 221
1863830 223
1863840 227
1863850 227
1863860 228
1863870 230
1863880 230
1863890 232
1863900 233
1863910 233
1863920 235
1863930 236
1863940 236
1863950 237
1863960 239
1863970 239
1863980 240
1863990 241
1864000 241
1864010 242
1864020 243
1864030 243
1864040 244
1864050 245
1864060 245
1864070 246
1864080 247
1864090 247
1864100 247
1864110 248
1864120 248
1864130 249
1864140 249
1864150 249
1864160 250
1864170 250
1864180 250
1864190 251
1864200 251
1864210 251
1864220 251
1864230 251
1864240 251
1864250 252
1864260 252
1864270 252
1864280 252
1864290 252
1864300 252
1864310 253
1864320 253
1864330 253
1864340 253
1864350 253
1864360 253
1864370 253
1864380 252
1864390 252
1864400 252
1864410 253
1864420 253
1864430 253
1864440 253
1864450 253
1864460 254
1864470 254
1864480 254
1864490 255
1864500 255
1864510 255
1864520 256
1864530 256
1864540 256
1864550 257
1864560 257
1864570 257
1864580 258
1864590 258
1864600 258
1864610 259
1864620 259
1864630 259
1864640 260
1864650 260
1864660 260
1864670 261
1864680 261
1864690 261
1864700 262
1864710 262
1864720 262
1864730 262
1864740 262
1864750 263
1864760 263
1864770 263
1864780 263
1864790 264
1864800 264
1864810 264
1864820 265
1864830 265
1864840 265
1864850 265
1864860 265
1864870 265
1864880 266
1864890 266
1864900 266
1864910 266
1864920 266
1864930 266
1864940 267
1864950 267
1864960 267
1864970 267
1864980 267
1864990 267
1865000 268
1865010 268
1865020 268
1865030 268
1865040 268
1865050 268
1865060 268
1865070 268
1865080 268
1865090 269
1865100 269
1865110 269
1865120 268
1865130 268
1865140 268
1865150 268
1865160 268
1865170 268
1865180 268
1865190 268
1865200 268
1865210 268
1865220 268
1865230 269
1865240 269
1865250 269
1865260 269
1865270 269
1865280 269
1865290 269
1865300 269
1865310 269
1865320 269
1865330 269
1865340 269
1865350 269
1865360 269
1865370 268
1865380 268
1865390 268
1865400 268
1865410 268
1865420 268
1865430 268
1865440 268
1865450 268
1865460 268
1865470 268
1865480 268
1865490 267
1865500 267
1865510 267
1865520 267
1865530 267
1865540 267
1865550 267
1865560 267
1865570 267
1865580 267
1865590 267
1865600 267
1865610 267
1865620 267
1865630 267
1865640 267
1865650 267
1865660 267
1865670 267
1865680 267
1865690 267
1865700 267
1865710 266
1865720 266
1865730 266
1865740 267
1865750 267
1865760 267
1865770 265
1865780 265
1865790 265
1865800 265
1865810 265
1865820 264
1865830 263
1865840 263
1865850 265
1865860 265
1865870 265
1865880 265
1865890 265
1865900 264
1865910 264
1865920 264
1865930 264
1865940 264
1865950 264
1865960 263
1865970 263
1865980 263
1865990 263
1866000 262
1866010 262
1866020 262
1866030 261
1866040 261
1866050 261
1866060 260
1866070 260
1866080 260
1866090 259
1866100 259
1866110 259
1866120 258
1866130 258
1866140 257
1866150 257
1866160 257
1866170 256
1866180 256
1866190 256
1866200 255
1866210 254
1866220 254
1866230 253
1866240 253
1866250 253
1866260 252
1866270 252
1866280 252
1866290 249
1866300 246
1866310 246
1866320 244
1866330 242
1866340 242
1866350 240
1866360 238
1866370 238
1866380 236
1866390 235
1866400 235
1866410 233
1866420 231
1866430 231
1866440 229
1866450 228
1866460 228
1866470 226
1866480 224
1866490 225
1866500 223
1866510 221
1866520 221
1866530 219
1866540 217
1866550 217
1866560 215
1866570 214
1866580 214
1866590 214
1866600 214
1866610 213
1866620 210
1866630 210
1866640 208
1866650 207
1866660 207
1866670 207
1866680 206
1866690 206
1866700 205
1866710 205
1866720 205
1866730 205
1866740 205
1866750 205
1866760 205
1866770 205
1866780 205
1866790 206
1866800 206
1866810 206
1866820 207
1866830 209
1866840 209
1866850 209
1866860 210
1866870 210
1866880 210
1866890 211
1866900 211
1866910 211
1866920 211
1866930 211
1866940 211
1866950 211
1866960 211
1866970 211
1866980 211
1866990 211
1867000 210
1867010 210
1867020 210
1867030 209
1867040 208
1867050 208
1867060 208
1867070 207
1867080 207
1867090 206
1867100 205
1867110 205
1867120 204
1867130 203
1867140 203
1867150 202
1867160 201
1867170 200
1867180 199
1867190 198
1867200 198
1867210 198
1867220 197
1867230 197
1867240 197
1867250 196
1867260 196
1867270 196
1867280 196
1867290 196
1867300 195
1867310 195
1867320 195
1867330 195
1867340 195
1867350 195
1867360 195
1867370 195
1867380 194
1867390 194
1867400 194
1867410 194
1867420 194
1867430 194
1867440 195
1867450 195
1867460 195
1867470 195
1867480 195
1867490 195
1867500 196
1867510 197
1867520 197
1867530 197
1867540 197
1867550 197
1867560 197
1867570 197
1867580 197
1867590 196
1867600 196
1867610 196
1867620 196
1867630 196
1867640 196
1867650 196
1867660 196
1867670 196
1867680 196
1867690 196
1867700 196
1867710 196
1867720 196
1867730 196
1867740 196
1867750 196
1867760 196
1867770 196
1867780 196
1867790 196
1867800 196
1867810 196
1867820 196
1867830 195
1867840 195
1867850 195
1867860 195
1867870 195
1867880 195
1867890 195
1867900 194
1867910 194
1867920 194
1867930 194
1867940 194
1867950 194
1867960 193
1867970 193
1867980 193
1867990 193
1868000 193
1868010 192
1868020 192
1868030 192
1868040 192
1868050 192
1868060 191
1868070 191
1868080 191
1868090 190
1868100 190
1868110 190
1868120 189
1868130 189
1868140 189
1868150 188
1868160 187
1868170 187
1868180 186
1868190 185
1868200 185
1868210 185
1868220 184
1868230 184
1868240 183
1868250 182
1868260 182
1868270 181
1868280 180
1868290 180
1868300 179
1868310 179
1868320 179
1868330 179
1868340 179
1868350 179
1868360 179
1868370 179
1868380 179
1868390 178
1868400 177
1868410 177
1868420 173
1868430 170
1868440 170
1868450 169
1868460 170
1868470 170
1868480 173
1868490 173
1868500 173
1868510 173
1868520 173
1868530 173
1868540 173
1868550 172
1868560 172
1868570 172
1868580 173
1868590 173
1868600 173
1868610 173
1868620 173
1868630 174
1868640 174
1868650 174
1868660 175
1868670 175
1868680 176
1868690 177
1868700 177
1868710 177
1868720 178
1868730 178
1868740 178
1868750 178
1868760 178
1868770 178
1868780 178
1868790 178
1868800 178
1868810 178
1868820 178
1868830 178
1868840 178
1868850 178
1868860 178
1868870 178
1868880 178
1868890 178
1868900 178
1868910 178
1868920 178
1868930 178
1868940 178
1868950 178
1868960 178
1868970 178
1868980 178
1868990 178
1869000 178
1869010 178
1869020 177
1869030 177
1869040 177
1869050 177
1869060 177
1869070 177
1869080 177
1869090 177
1869100 177
1869110 177
1869120 177
1869130 177
1869140 177
1869150 177
1869160 177
1869170 176
1869180 176
1869190 176
1869200 176
1869210 176
1869220 176
1869230 176
1869240 176
1869250 176
1869260 176
1869270 176
1869280 175
1869290 175
1869300 175
1869310 175
1869320 175
1869330 175
1869340 175
1869350 175
1869360 175
1869370 175
1869380 175
1869390 175
1869400 175
1869410 175
1869420 175
1869430 175
1869440 175
1869450 175
1869460 175
1869470 175
1869480 175
1869490 175
1869500 175
1869510 175
1869520 175
1869530 175
1869540 175
1869550 175
1869560 175
1869570 175
1869580 175
1869590 175
1869600 175
1869610 175
1869620 175
1869630 175
1869640 175
1869650 175
1869660 174
1869670 174
1869680 174
1869690 174
1869700 174
1869710 174
1869720 174
1869730 174
1869740 174
1869750 173
1869760 173
1869770 173
1869780 173
1869790 173
1869800 173
1869810 173
1869820 173
1869830 173
1869840 172
1869850 172
1869860 172
1869870 172
1869880 172
1869890 172
1869900 172
1869910 172
1869920 172
1869930 172
1869940 172
1869950 172
1869960 172
1869970 172
1869980 172
1869990 172
1870000 172
1870010 172
1870020 172
1870030 172
1870040 172
1870050 172
1870060 172
1870070 172
1870080 172
1870090 172
1870100 171
1870110 171
1870120 171
1870130 170
1870140 169
1870150 169
1870160 169
1870170 169
1870180 169
1870190 170
1870200 172
1870210 172
1870220 172
1870230 173
1870240 173
1870250 173
1870260 173
1870270 173
1870280 174
1870290 174
1870300 174
1870310 174
1870320 174
1870330 174
1870340 174
1870350 174
1870360 174
1870370 174
1870380 174
1870390 174
1870400 174
1870410 174
1870420 174
1870430 174
1870440 174
1870450 174
1870460 174
1870470 174
1870480 174
1870490 174
1870500 174
1870510 174
1870520 173
1870530 173
1870540 173
1870550 173
1870560 173
1870570 172
1870580 171
1870590 171
1870600 171
1870610 170
1870620 170
1870630 170
1870640 169
1870650 169
1870660 169
1870670 168
1870680 168
1870690 168
1870700 167
1870710 167
1870720 167
1870730 166
1870740 166
1870750 166
1870760 165
1870770 165
1870780 165
1870790 165
1870800 165
1870810 165
1870820 164
1870830 164
1870840 164
1870850 164
1870860 164
1870870 164
1870880 164
1870890 164
1870900 164
1870910 165
1870920 165
1870930 165
1870940 164
1870950 164
1870960 164
1870970 163
1870980 163
1870990 163
1871000 163
1871010 163
1871020 163
1871030 163
1871040 163
1871050 163
1871060 163
1871070 163
1871080 163
1871090 163
1871100 163
1871110 163
1871120 163
1871130 163
1871140 163
1871150 163
1871160 163
1871170 164
1871180 164
1871190 164
1871200 164
1871210 164
1871220 164
1871230 164
1871240 164
1871250 164
1871260 164
1871270 164
1871280 164
1871290 164
1871300 164
1871310 164
1871320 164
1871330 164
1871340 164
1871350 162
1871360 161
1871370 161
1871380 161
1871390 161
1871400 161
1871410 161
1871420 161
1871430 161
1871440 161
1871450 161
1871460 161
1871470 161
1871480 161
1871490 161
1871500 161
1871510 161
1871520 161
1871530 162
1871540 162
1871550 162
1871560 162
1871570 162
1871580 163
1871590 163
1871600 163
1871610 163
1871620 163
1871630 163
1871640 162
1871650 162
1871660 162
1871670 162
1871680 162
1871690 162
1871700 162
1871710 162
1871720 162
1871730 161
1871740 161
1871750 161
1871760 161
1871770 161
1871780 161
1871790 161
1871800 160
1871810 160
1871820 160
1871830 160
1871840 160
1871850 160
1871860 160
1871870 160
1871880 159
1871890 159
1871900 159
1871910 160
1871920 160
1871930 160
1871940 159
1871950 159
1871960 159
1871970 159
1871980 159
1871990 159
1872000 159
1872010 159
1872020 159
1872030 159
1872040 159
1872050 159
1872060 160
1872070 160
1872080 160
1872090 160
1872100 160
1872110 160
1872120 160
1872130 159
1872140 159
1872150 160
1872160 160
1872170 160
1872180 160
1872190 160
1872200 160
1872210 160
1872220 160
1872230 160
1872240 159
1872250 159
1872260 160
1872270 160
1872280 160
1872290 160
1872300 160
1872310 160
1872320 160
1872330 160
1872340 160
1872350 160
1872360 160
1872370 160
1872380 160
1872390 160
1872400 160
1872410 159
1872420 160
1872430 160
1872440 159
1872450 159
1872460 159
1872470 159
1872480 159
1872490 159
1872500 159
1872510 159
1872520 159
1872530 159
1872540 159
1872550 159
1872560 159
1872570 159
1872580 159
1872590 160
1872600 160
1872610 160
1872620 160
1872630 160
1872640 160
1872650 161
1872660 159
1872670 159
1872680 159
1872690 161
1872700 161
1872710 160
1872720 160
1872730 160
1872740 159
1872750 159
1872760 159
1872770 159
1872780 159
1872790 159
1872800 159
1872810 159
1872820 159
1872830 159
1872840 159
1872850 160
1872860 159
1872870 159
1872880 159
1872890 160
1872900 160
1872910 159
1872920 160
1872930 159
1872940 159
1872950 159
1872960 159
1872970 159
1872980 159
1872990 159
1873000 159
1873010 159
1873020 159
1873030 159
1873040 159
1873050 159
1873060 159
1873070 159
1873080 159
1873090 159
1873100 159
1873110 159
1873120 159
1873130 159
1873140 159
1873150 160
1873160 160
1873170 160
1873180 160
1873190 159
1873200 159
1873210 159
1873220 159
1873230 159
1873240 159
1873250 160
1873260 160
1873270 160
1873280 160
1873290 160
1873300 160
1873310 160
1873320 160
1873330 160
1873340 160
1873350 160
1873360 160
1873370 160
1873380 160
1873390 160
1873400 160
1873410 160
1873420 160
1873430 160
1873440 160
1873450 160
1873460 160
1873470 160
1873480 160
1873490 160
1873500 160
1873510 160
1873520 160
1873530 160
1873540 160
1873550 160
1873560 160
1873570 160
1873580 160
1873590 160
1873600 160
1873610 160
1873620 160
1873630 160
1873640 160
1873650 160
1873660 160
1873670 160
1873680 160
1873690 160
1873700 160
1873710 160
1873720 161
1873730 161
1873740 161
1873750 161
1873760 161
1873770 162
1873780 163
1873790 163
1873800 164
1873810 165
1873820 165
1873830 166
1873840 167
1873850 167
1873860 167
1873870 168
1873880 168
1873890 168
1873900 168
1873910 168
1873920 169
1873930 169
1873940 169
1873950 170
1873960 170
1873970 170
1873980 171
1873990 171
1874000 171
1874010 172
1874020 172
1874030 172
1874040 173
1874050 173
1874060 173
1874070 173
1874080 174
1874090 174
1874100 174
1874110 174
1874120 174
1874130 174
1874140 174
1874150 174
1874160 174
1874170 174
1874180 174
1874190 174
1874200 174
1874210 174
1874220 174
1874230 174
1874240 173
1874250 173
1874260 173
1874270 173
1874280 173
1874290 173
1874300 173
1874310 173
1874320 173
1874330 172
1874340 172
1874350 172
1874360 172
1874370 172
1874380 172
1874390 172
1874400 172
1874410 172
1874420 172
1874430 172
1874440 172
1874450 172
1874460 171
1874470 171
1874480 171
1874490 171
1874500 171
1874510 171
1874520 171
1874530 171
1874540 170
1874550 170
1874560 170
1874570 170
1874580 170
1874590 170
1874600 170
1874610 170
1874620 170
1874630 169
1874640 169
1874650 169
1874660 169
1874670 169
1874680 169
1874690 168
1874700 168
1874710 168
1874720 168
1874730 168
1874740 168
1874750 168
1874760 167
1874770 167
1874780 167
1874790 167
1874800 167
1874810 167
1874820 167
1874830 167
1874840 166
1874850 166
1874860 166
1874870 166
1874880 166
1874890 166
1874900 166
1874910 166
1874920 166
1874930 166
1874940 166
1874950 166
1874960 166
1874970 166
1874980 166
1874990 166
1875000 166
1875010 166
1875020 165
1875030 165
1875040 165
1875050 165
1875060 165
1875070 165
1875080 165
1875090 165
1875100 165
1875110 165
1875120 165
1875130 165
1875140 165
1875150 165
1875160 165
1875170 165
1875180 165
1875190 165
1875200 165
1875210 165
1875220 165
1875230 165
1875240 165
1875250 165
1875260 165
1875270 165
1875280 165
1875290 165
1875300 165
1875310 165
1875320 165
1875330 165
1875340 165
1875350 164
1875360 164
1875370 164
1875380 164
1875390 164
1875400 164
1875410 164
1875420 164
1875430 164
1875440 164
1875450 164
1875460 164
1875470 164
1875480 164
1875490 164
1875500 164
1875510 164
1875520 164
1875530 164
1875540 164
1875550 164
1875560 164
1875570 164
1875580 164
1875590 164
1875600 164
1875610 164
1875620 164
1875630 164
1875640 164
1875650 164
1875660 164
1875670 163
1875680 163
1875690 163
1875700 163
1875710 163
1875720 163
1875730 163
1875740 163
1875750 163
1875760 163
1875770 163
1875780 163
1875790 163
1875800 163
1875810 163
1875820 163
1875830 163
1875840 163
1875850 163
1875860 163
1875870 162
1875880 162
1875890 162
1875900 162
1875910 162
1875920 162
1875930 162
1875940 162
1875950 162
1875960 162
1875970 162
1875980 162
1875990 162
1876000 162
1876010 162
1876020 162
1876030 162
1876040 162
1876050 162
1876060 162
1876070 162
1876080 162
1876090 162
1876100 162
1876110 162
1876120 162
1876130 162
1876140 162
1876150 162
1876160 162
1876170 162
1876180 161
1876190 161
1876200 162
1876210 162
1876220 162
1876230 162
1876240 162
1876250 162
1876260 162
1876270 161
1876280 161
1876290 161
1876300 161
1876310 161
1876320 161
1876330 161
1876340 161
1876350 161
1876360 161
1876370 161
1876380 161
1876390 161
1876400 161
1876410 161
1876420 161
1876430 161
1876440 161
1876450 161
1876460 161
1876470 161
1876480 161
1876490 161
1876500 161
1876510 161
1876520 161
1876530 161
1876540 161
1876550 161
1876560 161
1876570 161
1876580 161
1876590 161
1876600 161
1876610 161
1876620 161
1876630 161
1876640 161
1876650 161
1876660 161
1876670 161
1876680 161
1876690 161
1876700 161
1876710 160
1876720 160
1876730 160
1876740 160
1876750 160
1876760 160
1876770 160
1876780 160
1876790 160
1876800 160
1876810 160
1876820 160
1876830 160
1876840 160
1876850 160
1876860 160
1876870 160
1876880 160
1876890 160
1876900 160
1876910 160
1876920 160
1876930 160
1876940 160
1876950 160
1876960 160
1876970 160
1876980 160
1876990 160
1877000 160
1877010 160
1877020 160
1877030 160
1877040 160
1877050 160
1877060 159
1877070 159
1877080 159
1877090 159
1877100 159
1877110 159
1877120 159
1877130 159
1877140 159
1877150 159
1877160 159
1877170 159
1877180 159
1877190 159
1877200 159
1877210 159
1877220 159
1877230 159
1877240 159
1877250 159
1877260 159
1877270 159
1877280 159
1877290 159
1877300 159
1877310 159
1877320 159
1877330 159
1877340 159
1877350 159
1877360 159
1877370 159
1877380 159
1877390 159
1877400 159
1877410 159
1877420 159
1877430 159
1877440 159
1877450 159
1877460 159
1877470 159
1877480 159
1877490 159
1877500 159
1877510 159
1877520 159
1877530 159
1877540 159
1877550 159
1877560 160
1877570 160
1877580 160
1877590 160
1877600 160
1877610 160
1877620 160
1877630 160
1877640 160
1877650 160
1877660 160
1877670 160
1877680 160
1877690 160
1877700 160
1877710 160
1877720 160
1877730 160
1877740 160
1877750 160
1877760 161
1877770 161
1877780 161
1877790 161
1877800 161
1877810 161
1877820 161
1877830 161
1877840 161
1877850 161
1877860 161
1877870 161
1877880 161
1877890 161
1877900 161
1877910 161
1877920 161
1877930 161
1877940 162
1877950 162
1877960 162
1877970 162
1877980 162
1877990 162
1878000 162
1878010 162
1878020 162
1878030 162
1878040 162
1878050 162
1878060 162
1878070 163
1878080 163
1878090 163
1878100 163
1878110 163
1878120 163
1878130 163
1878140 163
1878150 163
1878160 163
1878170 163
1878180 164
1878190 164
1878200 164
1878210 164
1878220 164
1878230 164
1878240 164
1878250 165
1878260 165
1878270 165
1878280 165
1878290 165
1878300 165
1878310 165
1878320 165
1878330 166
1878340 166
1878350 166
1878360 166
1878370 166
1878380 166
1878390 166
1878400 166
1878410 166
1878420 166
1878430 166
1878440 167
1878450 167
1878460 167
1878470 167
1878480 167
1878490 167
1878500 167
1878510 167
1878520 167
1878530 167
1878540 167
1878550 167
1878560 167
1878570 167
1878580 167
1878590 167
1878600 167
1878610 167
1878620 167
1878630 167
1878640 167
1878650 167
1878660 167
1878670 167
1878680 167
1878690 167
1878700 167
1878710 167
1878720 167
1878730 167
1878740 167
1878750 167
1878760 167
1878770 167
1878780 167
1878790 167
1878800 167
1878810 167
1878820 167
1878830 167
1878840 167
1878850 167
1878860 167
1878870 167
1878880 167
1878890 167
1878900 167
1878910 167
1878920 167
1878930 167
1878940 167
1878950 167
1878960 167
1878970 167
1878980 166
1878990 165
1879000 165
1879010 165
1879020 164
1879030 164
1879040 163
1879050 163
1879060 163
1879070 163
1879080 163
1879090 163
1879100 162
1879110 162
1879120 162
1879130 162
1879140 162
1879150 162
1879160 162
1879170 162
1879180 162
1879190 162
1879200 162
1879210 162
1879220 162
1879230 162
1879240 162
1879250 162
1879260 162
1879270 162
1879280 162
1879290 162
1879300 162
1879310 162
1879320 162
1879330 162
1879340 162
1879350 162
1879360 162
1879370 163
1879380 163
1879390 163
1879400 163
1879410 163
1879420 163
1879430 164
1879440 164
1879450 164
1879460 164
1879470 164
1879480 164
1879490 164
1879500 164
1879510 164
1879520 164
1879530 164
1879540 164
1879550 164
1879560 164
1879570 164
1879580 163
1879590 163
1879600 163
1879610 159
1879620 159
1879630 157
1879640 157
1879650 157
1879660 157
1879670 157
1879680 157
1879690 156
1879700 156
1879710 156
1879720 156
1879730 156
1879740 155
1879750 155
1879760 155
1879770 155
1879780 156
1879790 156
1879800 157
1879810 158
1879820 158
1879830 159
1879840 158
1879850 158
1879860 157
1879870 155
1879880 155
1879890 156
1879900 159
1879910 159
1879920 162
1879930 163
1879940 163
1879950 163
1879960 163
1879970 163
1879980 163
1879990 163
