1860000 187
1860010 187
1860020 186
1860030 186
1860040 186
1860050 186
1860060 186
1860070 186
1860080 186
1860090 186
1860100 186
1860110 185
1860120 185
1860130 186
1860140 186
1860150 186
1860160 186
1860170 186
1860180 186
1860190 185
1860200 185
1860210 185
1860220 185
1860230 185
1860240 185
1860250 185
1860260 185
1860270 184
1860280 184
1860290 184
1860300 184
1860310 183
1860320 183
1860330 182
1860340 182
1860350 182
1860360 182
1860370 182
1860380 182
1860390 182
1860400 181
1860410 181
1860420 181
1860430 181
1860440 181
1860450 181
1860460 181
1860470 181
1860480 183
1860490 185
1860500 185
1860510 186
1860520 189
1860530 189
1860540 192
1860550 195
1860560 195
1860570 196
1860580 197
1860590 197
1860600 198
1860610 198
1860620 198
1860630 199
1860640 199
1860650 199
1860660 199
1860670 199
1860680 199
1860690 199
1860700 198
1860710 198
1860720 198
1860730 198
1860740 198
1860750 198
1860760 197
1860770 197
1860780 196
1860790 196
1860800 196
1860810 195
1860820 195
1860830 195
1860840 195
1860850 194
1860860 194
1860870 194
1860880 194
1860890 194
1860900 193
1860910 193
1860920 193
1860930 193
1860940 193
1860950 193
1860960 194
1860970 194
1860980 194
1860990 195
1861000 195
1861010 195
1861020 195
1861030 195
1861040 195
1861050 194
1861060 194
1861070 193
1861080 194
1861090 194
1861100 195
1861110 196
1861120 195
1861130 195
1861140 196
1861150 196
1861160 196
1861170 196
1861180 196
1861190 196
1861200 196
1861210 196
1861220 197
1861230 197
1861240 197
1861250 197
1861260 197
1861270 197
1861280 197
1861290 198
1861300 198
1861310 198
1861320 198
1861330 198
1861340 198
1861350 198
1861360 198
1861370 198
1861380 198
1861390 198
1861400 197
1861410 196
1861420 196
1861430 195
1861440 195
1861450 195
1861460 194
1861470 193
1861480 193
1861490 192
1861500 191
1861510 191
1861520 190
1861530 189
1861540 189
1861550 188
1861560 187
1861570 187
1861580 187
1861590 187
1861600 187
1861610 187
1861620 188
1861630 188
1861640 188
1861650 188
1861660 189
1861670 190
1861680 190
1861690 191
1861700 194
1861710 194
1861720 196
1861730 197
1861740 197
1861750 198
1861760 200
1861770 200
1861780 200
1861790 201
1861800 201
1861810 202
1861820 202
1861830 202
1861840 203
1861850 204
1861860 204
1861870 205
1861880 206
1861890 206
1861900 207
1861910 207
1861920 207
1861930 208
1861940 208
1861950 208
1861960 208
1861970 208
1861980 208
1861990 208
1862000 208
1862010 208
1862020 208
1862030 207
1862040 207
1862050 206
1862060 205
1862070 205
1862080 204
1862090 203
1862100 203
1862110 202
1862120 201
1862130 201
1862140 201
1862150 202
1862160 202
1862170 203
1862180 204
1862190 204
1862200 205
1862210 206
1862220 206
1862230 206
1862240 206
1862250 206
1862260 206
1862270 206
1862280 206
1862290 207
1862300 207
1862310 207
1862320 207
1862330 207
1862340 208
1862350 208
1862360 208
1862370 208
1862380 208
1862390 208
1862400 208
1862410 208
1862420 208
1862430 208
1862440 208
1862450 208
1862460 207
1862470 207
1862480 207
1862490 207
1862500 207
1862510 206
1862520 207
1862530 207
1862540 207
1862550 208
1862560 208
1862570 208
1862580 209
1862590 209
1862600 209
1862610 209
1862620 209
1862630 209
1862640 209
1862650 209
1862660 209
1862670 209
1862680 210
1862690 210
1862700 210
1862710 209
1862720 209
1862730 209
1862740 209
1862750 209
1862760 209
1862770 209
1862780 209
1862790 208
1862800 207
1862810 207
1862820 207
1862830 207
1862840 207
1862850 206
1862860 206
1862870 206
1862880 206
1862890 206
1862900 206
1862910 208
1862920 208
1862930 208
1862940 208
1862950 210
1862960 210
1862970 210
1862980 210
1862990 210
1863000 211
1863010 212
1863020 212
1863030 213
1863040 213
1863050 215
1863060 217
1863070 217
1863080 218
1863090 219
1863100 219
1863110 220
1863120 221
1863130 221
1863140 222
1863150 223
1863160 223
1863170 223
1863180 224
1863190 224
1863200 225
1863210 226
1863220 226
1863230 227
1863240 227
1863250 227
1863260 228
1863270 228
1863280 228
1863290 229
1863300 230
1863310 230
1863320 230
1863330 230
1863340 230
1863350 231
1863360 231
1863370 231
1863380 231
1863390 232
1863400 232
1863410 232
1863420 232
1863430 232
1863440 232
1863450 232
1863460 232
1863470 232
1863480 232
1863490 232
1863500 232
1863510 232
1863520 232
1863530 232
1863540 231
1863550 231
1863560 231
1863570 231
1863580 231
1863590 231
1863600 230
1863610 230
1863620 230
1863630 229
1863640 229
1863650 229
1863660 228
1863670 228
1863680 227
1863690 226
1863700 226
1863710 225
1863720 225
1863730 224
1863740 223
1863750 223
1863760 221
1863770 220
1863780 220
1863790 217
1863800 220
1863810 220
1863820 222
1863830 223
1863840 223
1863850 225
1863860 227
1863870 227
1863880 229
1863890 231
1863900 231
1863910 232
1863920 234
1863930 234
1863940 235
1863950 236
1863960 236
1863970 237
1863980 238
1863990 238
1864000 239
1864010 240
1864020 240
1864030 241
1864040 242
1864050 242
1864060 242
1864070 243
1864080 243
1864090 243
1864100 244
1864110 244
1864120 244
1864130 245
1864140 245
1864150 245
1864160 246
1864170 246
1864180 246
1864190 247
1864200 247
1864210 247
1864220 247
1864230 247
1864240 247
1864250 247
1864260 247
1864270 247
1864280 247
1864290 247
1864300 247
1864310 247
1864320 247
1864330 246
1864340 246
1864350 246
1864360 247
1864370 247
1864380 247
1864390 248
1864400 249
1864410 249
1864420 250
1864430 250
1864440 250
1864450 251
1864460 251
1864470 251
1864480 252
1864490 252
1864500 253
1864510 253
1864520 253
1864530 254
1864540 254
1864550 254
1864560 255
1864570 255
1864580 255
1864590 256
1864600 256
1864610 256
1864620 257
1864630 257
1864640 257
1864650 258
1864660 258
1864670 258
1864680 259
1864690 259
1864700 259
1864710 260
1864720 260
1864730 260
1864740 261
1864750 261
1864760 261
1864770 261
1864780 262
1864790 262
1864800 262
1864810 262
1864820 262
1864830 263
1864840 263
1864850 263
1864860 263
1864870 263
1864880 263
1864890 263
1864900 263
1864910 263
1864920 263
1864930 264
1864940 264
1864950 264
1864960 264
1864970 264
1864980 265
1864990 265
1865000 265
1865010 265
1865020 265
1865030 265
1865040 265
1865050 265
1865060 265
1865070 265
1865080 265
1865090 265
1865100 265
1865110 265
1865120 265
1865130 265
1865140 265
1865150 266
1865160 266
1865170 266
1865180 266
1865190 266
1865200 266
1865210 266
1865220 266
1865230 266
1865240 266
1865250 266
1865260 266
1865270 266
1865280 266
1865290 266
1865300 266
1865310 266
1865320 266
1865330 266
1865340 266
1865350 266
1865360 265
1865370 265
1865380 265
1865390 265
1865400 265
1865410 265
1865420 265
1865430 265
1865440 265
1865450 265
1865460 265
1865470 265
1865480 265
1865490 265
1865500 265
1865510 265
1865520 265
1865530 265
1865540 265
1865550 265
1865560 265
1865570 265
1865580 265
1865590 265
1865600 265
1865610 264
1865620 264
1865630 264
1865640 264
1865650 264
1865660 264
1865670 264
1865680 264
1865690 264
1865700 264
1865710 264
1865720 264
1865730 264
1865740 264
1865750 264
1865760 264
1865770 264
1865780 264
1865790 264
1865800 264
1865810 264
1865820 264
1865830 264
1865840 264
1865850 264
1865860 264
1865870 263
1865880 263
1865890 263
1865900 263
1865910 263
1865920 262
1865930 262
1865940 262
1865950 262
1865960 262
1865970 262
1865980 262
1865990 261
1866000 261
1866010 261
1866020 261
1866030 261
1866040 261
1866050 261
1866060 261
1866070 260
1866080 260
1866090 260
1866100 260
1866110 259
1866120 259
1866130 259
1866140 259
1866150 259
1866160 258
1866170 257
1866180 257
1866190 257
1866200 256
1866210 256
1866220 255
1866230 255
1866240 255
1866250 254
1866260 253
1866270 253
1866280 252
1866290 252
1866300 252
1866310 251
1866320 250
1866330 250
1866340 249
1866350 246
1866360 246
1866370 244
1866380 243
1866390 243
1866400 241
1866410 240
1866420 240
1866430 237
1866440 235
1866450 235
1866460 233
1866470 230
1866480 230
1866490 228
1866500 228
1866510 225
1866520 223
1866530 223
1866540 222
1866550 220
1866560 220
1866570 218
1866580 217
1866590 217
1866600 216
1866610 215
1866620 215
1866630 215
1866640 215
1866650 215
1866660 215
1866670 215
1866680 215
1866690 214
1866700 212
1866710 212
1866720 212
1866730 212
1866740 212
1866750 213
1866760 214
1866770 214
1866780 215
1866790 215
1866800 215
1866810 215
1866820 215
1866830 215
1866840 214
1866850 214
1866860 214
1866870 213
1866880 212
1866890 212
1866900 211
1866910 210
1866920 210
1866930 209
1866940 207
1866950 207
1866960 206
1866970 204
1866980 204
1866990 203
1867000 202
1867010 202
1867020 201
1867030 201
1867040 201
1867050 200
1867060 200
1867070 200
1867080 200
1867090 199
1867100 199
1867110 199
1867120 199
1867130 199
1867140 199
1867150 199
1867160 199
1867170 199
1867180 199
1867190 199
1867200 198
1867210 198
1867220 199
1867230 199
1867240 199
1867250 199
1867260 199
1867270 199
1867280 199
1867290 199
1867300 199
1867310 200
1867320 202
1867330 202
1867340 203
1867350 203
1867360 203
1867370 204
1867380 204
1867390 204
1867400 204
1867410 204
1867420 204
1867430 204
1867440 204
1867450 204
1867460 204
1867470 203
1867480 203
1867490 203
1867500 203
1867510 203
1867520 202
1867530 202
1867540 202
1867550 202
1867560 201
1867570 201
1867580 201
1867590 201
1867600 201
1867610 200
1867620 200
1867630 200
1867640 200
1867650 199
1867660 200
1867670 199
1867680 199
1867690 199
1867700 199
1867710 198
1867720 198
1867730 198
1867740 198
1867750 198
1867760 198
1867770 197
1867780 197
1867790 197
1867800 197
1867810 197
1867820 197
1867830 196
1867840 196
1867850 196
1867860 196
1867870 196
1867880 196
1867890 196
1867900 195
1867910 195
1867920 195
1867930 194
1867940 194
1867950 194
1867960 193
1867970 193
1867980 193
1867990 192
1868000 191
1868010 191
1868020 190
1868030 190
1868040 190
1868050 189
1868060 188
1868070 188
1868080 188
1868090 187
1868100 187
1868110 187
1868120 186
1868130 186
1868140 186
1868150 185
1868160 185
1868170 184
1868180 184
1868190 184
1868200 183
1868210 183
1868220 183
1868230 182
1868240 182
1868250 182
1868260 182
1868270 181
1868280 181
1868290 181
1868300 181
1868310 181
1868320 181
1868330 180
1868340 180
1868350 180
1868360 180
1868370 180
1868380 179
1868390 179
1868400 179
1868410 178
1868420 178
1868430 178
1868440 177
1868450 177
1868460 177
1868470 177
1868480 176
1868490 176
1868500 176
1868510 176
1868520 176
1868530 175
1868540 174
1868550 174
1868560 171
1868570 171
1868580 170
1868590 169
1868600 169
1868610 170
1868620 171
1868630 171
1868640 171
1868650 171
1868660 171
1868670 171
1868680 171
1868690 171
1868700 171
1868710 171
1868720 171
1868730 171
1868740 172
1868750 172
1868760 172
1868770 172
1868780 172
1868790 172
1868800 172
1868810 172
1868820 173
1868830 173
1868840 173
1868850 174
1868860 175
1868870 175
1868880 176
1868890 176
1868900 176
1868910 177
1868920 177
1868930 177
1868940 178
1868950 178
1868960 178
1868970 178
1868980 178
1868990 178
1869000 178
1869010 178
1869020 178
1869030 178
1869040 178
1869050 178
1869060 178
1869070 178
1869080 178
1869090 178
1869100 178
1869110 178
1869120 178
1869130 178
1869140 178
1869150 178
1869160 178
1869170 178
1869180 178
1869190 178
1869200 178
1869210 178
1869220 178
1869230 178
1869240 177
1869250 177
1869260 177
1869270 177
1869280 177
1869290 177
1869300 178
1869310 178
1869320 177
1869330 177
1869340 177
1869350 177
1869360 177
1869370 177
1869380 177
1869390 177
1869400 177
1869410 177
1869420 177
1869430 177
1869440 177
1869450 177
1869460 177
1869470 177
1869480 177
1869490 177
1869500 177
1869510 176
1869520 176
1869530 176
1869540 176
1869550 176
1869560 176
1869570 177
1869580 177
1869590 176
1869600 176
1869610 176
1869620 176
1869630 176
1869640 176
1869650 176
1869660 176
1869670 176
1869680 176
1869690 176
1869700 176
1869710 176
1869720 176
1869730 176
1869740 176
1869750 176
1869760 176
1869770 175
1869780 175
1869790 175
1869800 175
1869810 175
1869820 175
1869830 174
1869840 174
1869850 174
1869860 174
1869870 174
1869880 174
1869890 174
1869900 174
1869910 174
1869920 173
1869930 173
1869940 173
1869950 173
1869960 173
1869970 173
1869980 173
1869990 173
1870000 173
1870010 173
1870020 173
1870030 173
1870040 173
1870050 173
1870060 173
1870070 173
1870080 173
1870090 173
1870100 173
1870110 173
1870120 172
1870130 172
1870140 172
1870150 171
1870160 170
1870170 170
1870180 170
1870190 169
1870200 169
1870210 169
1870220 168
1870230 168
1870240 168
1870250 167
1870260 167
1870270 168
1870280 168
1870290 168
1870300 169
1870310 170
1870320 170
1870330 170
1870340 170
1870350 170
1870360 171
1870370 170
1870380 170
1870390 171
1870400 171
1870410 171
1870420 171
1870430 171
1870440 171
1870450 171
1870460 171
1870470 171
1870480 171
1870490 171
1870500 171
1870510 170
1870520 169
1870530 169
1870540 169
1870550 168
1870560 168
1870570 168
1870580 167
1870590 167
1870600 167
1870610 166
1870620 166
1870630 166
1870640 166
1870650 166
1870660 165
1870670 165
1870680 165
1870690 165
1870700 165
1870710 165
1870720 165
1870730 165
1870740 164
1870750 164
1870760 164
1870770 164
1870780 163
1870790 163
1870800 163
1870810 163
1870820 163
1870830 163
1870840 163
1870850 163
1870860 163
1870870 162
1870880 162
1870890 162
1870900 162
1870910 162
1870920 162
1870930 162
1870940 162
1870950 162
1870960 161
1870970 161
1870980 161
1870990 161
1871000 161
1871010 161
1871020 161
1871030 161
1871040 161
1871050 161
1871060 161
1871070 161
1871080 161
1871090 161
1871100 161
1871110 161
1871120 161
1871130 162
1871140 162
1871150 162
1871160 162
1871170 163
1871180 163
1871190 163
1871200 163
1871210 163
1871220 163
1871230 163
1871240 163
1871250 162
1871260 162
1871270 162
1871280 162
1871290 162
1871300 162
1871310 162
1871320 162
1871330 162
1871340 162
1871350 162
1871360 162
1871370 162
1871380 162
1871390 162
1871400 162
1871410 162
1871420 162
1871430 162
1871440 162
1871450 163
1871460 163
1871470 163
1871480 163
1871490 162
1871500 162
1871510 162
1871520 162
1871530 162
1871540 162
1871550 162
1871560 162
1871570 162
1871580 162
1871590 162
1871600 161
1871610 161
1871620 161
1871630 161
1871640 161
1871650 161
1871660 161
1871670 161
1871680 161
1871690 161
1871700 160
1871710 160
1871720 160
1871730 160
1871740 160
1871750 160
1871760 160
1871770 160
1871780 160
1871790 159
1871800 159
1871810 160
1871820 160
1871830 160
1871840 159
1871850 159
1871860 159
1871870 159
1871880 160
1871890 160
1871900 160
1871910 160
1871920 160
1871930 160
1871940 160
1871950 160
1871960 160
1871970 160
1871980 160
1871990 160
1872000 160
1872010 160
1872020 160
1872030 160
1872040 160
1872050 160
1872060 160
1872070 160
1872080 160
1872090 160
1872100 160
1872110 160
1872120 160
1872130 160
1872140 160
1872150 160
1872160 160
1872170 160
1872180 160
1872190 160
1872200 160
1872210 160
1872220 160
1872230 160
1872240 160
1872250 160
1872260 160
1872270 160
1872280 160
1872290 160
1872300 160
1872310 160
1872320 160
1872330 160
1872340 160
1872350 160
1872360 160
1872370 160
1872380 160
1872390 160
1872400 160
1872410 160
1872420 160
1872430 160
1872440 160
1872450 160
1872460 160
1872470 160
1872480 160
1872490 160
1872500 160
1872510 160
1872520 160
1872530 160
1872540 160
1872550 160
1872560 160
1872570 160
1872580 160
1872590 158
1872600 158
1872610 160
1872620 161
1872630 161
1872640 160
1872650 160
1872660 160
1872670 160
1872680 160
1872690 160
1872700 160
1872710 160
1872720 160
1872730 159
1872740 160
1872750 160
1872760 160
1872770 160
1872780 160
1872790 160
1872800 160
1872810 160
1872820 160
1872830 160
1872840 159
1872850 160
1872860 160
1872870 160
1872880 160
1872890 160
1872900 159
1872910 159
1872920 159
1872930 159
1872940 159
1872950 159
1872960 159
1872970 159
1872980 159
1872990 160
1873000 160
1873010 160
1873020 159
1873030 159
1873040 159
1873050 159
1873060 159
1873070 159
1873080 159
1873090 159
1873100 159
1873110 158
1873120 158
1873130 158
1873140 158
1873150 158
1873160 158
1873170 159
1873180 159
1873190 159
1873200 159
1873210 159
1873220 159
1873230 159
1873240 159
1873250 159
1873260 159
1873270 159
1873280 159
1873290 159
1873300 159
1873310 159
1873320 160
1873330 159
1873340 159
1873350 159
1873360 159
1873370 159
1873380 159
1873390 159
1873400 159
1873410 159
1873420 159
1873430 159
1873440 159
1873450 159
1873460 159
1873470 159
1873480 159
1873490 159
1873500 159
1873510 159
1873520 159
1873530 160
1873540 160
1873550 160
1873560 160
1873570 160
1873580 160
1873590 160
1873600 160
1873610 160
1873620 160
1873630 160
1873640 160
1873650 160
1873660 160
1873670 161
1873680 161
1873690 161
1873700 161
1873710 161
1873720 161
1873730 161
1873740 162
1873750 162
1873760 162
1873770 163
1873780 163
1873790 164
1873800 164
1873810 164
1873820 165
1873830 166
1873840 166
1873850 166
1873860 166
1873870 166
1873880 166
1873890 167
1873900 167
1873910 167
1873920 168
1873930 168
1873940 168
1873950 169
1873960 169
1873970 169
1873980 170
1873990 170
1874000 171
1874010 172
1874020 172
1874030 172
1874040 173
1874050 173
1874060 174
1874070 174
1874080 174
1874090 174
1874100 174
1874110 174
1874120 174
1874130 174
1874140 174
1874150 174
1874160 174
1874170 174
1874180 174
1874190 174
1874200 174
1874210 174
1874220 174
1874230 174
1874240 174
1874250 174
1874260 174
1874270 174
1874280 174
1874290 174
1874300 174
1874310 174
1874320 174
1874330 174
1874340 174
1874350 173
1874360 173
1874370 173
1874380 173
1874390 173
1874400 173
1874410 172
1874420 172
1874430 172
1874440 172
1874450 172
1874460 172
1874470 171
1874480 171
1874490 171
1874500 171
1874510 171
1874520 171
1874530 170
1874540 170
1874550 170
1874560 170
1874570 170
1874580 170
1874590 170
1874600 169
1874610 169
1874620 169
1874630 169
1874640 169
1874650 169
1874660 168
1874670 168
1874680 168
1874690 168
1874700 168
1874710 168
1874720 168
1874730 168
1874740 168
1874750 167
1874760 167
1874770 167
1874780 167
1874790 167
1874800 167
1874810 167
1874820 167
1874830 167
1874840 167
1874850 167
1874860 167
1874870 167
1874880 167
1874890 167
1874900 167
1874910 166
1874920 166
1874930 166
1874940 166
1874950 166
1874960 166
1874970 166
1874980 166
1874990 166
1875000 166
1875010 166
1875020 166
1875030 166
1875040 166
1875050 166
1875060 166
1875070 165
1875080 166
1875090 165
1875100 165
1875110 165
1875120 165
1875130 165
1875140 165
1875150 165
1875160 165
1875170 165
1875180 165
1875190 165
1875200 165
1875210 165
1875220 165
1875230 165
1875240 165
1875250 165
1875260 165
1875270 165
1875280 165
1875290 165
1875300 165
1875310 165
1875320 165
1875330 165
1875340 165
1875350 165
1875360 165
1875370 165
1875380 165
1875390 165
1875400 164
1875410 164
1875420 164
1875430 164
1875440 164
1875450 164
1875460 164
1875470 164
1875480 165
1875490 165
1875500 165
1875510 165
1875520 165
1875530 165
1875540 165
1875550 165
1875560 165
1875570 165
1875580 165
1875590 164
1875600 164
1875610 164
1875620 164
1875630 164
1875640 164
1875650 164
1875660 164
1875670 164
1875680 164
1875690 164
1875700 164
1875710 164
1875720 164
1875730 164
1875740 163
1875750 163
1875760 163
1875770 163
1875780 163
1875790 163
1875800 163
1875810 163
1875820 163
1875830 163
1875840 163
1875850 163
1875860 163
1875870 163
1875880 163
1875890 163
1875900 163
1875910 163
1875920 163
1875930 163
1875940 163
1875950 162
1875960 162
1875970 162
1875980 162
1875990 162
1876000 162
1876010 162
1876020 162
1876030 162
1876040 162
1876050 162
1876060 162
1876070 162
1876080 162
1876090 162
1876100 162
1876110 162
1876120 162
1876130 162
1876140 162
1876150 162
1876160 162
1876170 162
1876180 162
1876190 162
1876200 162
1876210 162
1876220 162
1876230 162
1876240 161
1876250 161
1876260 161
1876270 161
1876280 161
1876290 161
1876300 161
1876310 161
1876320 161
1876330 161
1876340 161
1876350 161
1876360 161
1876370 161
1876380 161
1876390 161
1876400 161
1876410 161
1876420 161
1876430 161
1876440 161
1876450 161
1876460 161
1876470 161
1876480 161
1876490 161
1876500 161
1876510 161
1876520 161
1876530 161
1876540 161
1876550 161
1876560 161
1876570 161
1876580 161
1876590 161
1876600 160
1876610 160
1876620 160
1876630 160
1876640 160
1876650 160
1876660 160
1876670 160
1876680 160
1876690 160
1876700 160
1876710 160
1876720 160
1876730 160
1876740 160
1876750 161
1876760 161
1876770 161
1876780 161
1876790 161
1876800 161
1876810 161
1876820 161
1876830 161
1876840 161
1876850 161
1876860 161
1876870 161
1876880 161
1876890 161
1876900 161
1876910 161
1876920 161
1876930 161
1876940 161
1876950 161
1876960 160
1876970 160
1876980 160
1876990 160
1877000 160
1877010 160
1877020 160
1877030 160
1877040 160
1877050 160
1877060 160
1877070 160
1877080 160
1877090 160
1877100 160
1877110 160
1877120 160
1877130 160
1877140 160
1877150 160
1877160 160
1877170 160
1877180 160
1877190 160
1877200 160
1877210 160
1877220 160
1877230 160
1877240 160
1877250 160
1877260 160
1877270 160
1877280 160
1877290 160
1877300 160
1877310 160
1877320 160
1877330 160
1877340 160
1877350 160
1877360 160
1877370 160
1877380 160
1877390 160
1877400 160
1877410 160
1877420 159
1877430 159
1877440 159
1877450 159
1877460 159
1877470 159
1877480 159
1877490 159
1877500 159
1877510 159
1877520 159
1877530 159
1877540 159
1877550 159
1877560 159
1877570 159
1877580 159
1877590 159
1877600 159
1877610 159
1877620 159
1877630 160
1877640 160
1877650 160
1877660 160
1877670 160
1877680 160
1877690 161
1877700 161
1877710 161
1877720 161
1877730 162
1877740 162
1877750 162
1877760 162
1877770 162
1877780 162
1877790 162
1877800 162
1877810 162
1877820 162
1877830 162
1877840 162
1877850 162
1877860 162
1877870 162
1877880 162
1877890 162
1877900 163
1877910 163
1877920 163
1877930 163
1877940 163
1877950 163
1877960 163
1877970 163
1877980 163
1877990 163
1878000 163
1878010 163
1878020 163
1878030 163
1878040 163
1878050 163
1878060 163
1878070 163
1878080 163
1878090 163
1878100 163
1878110 163
1878120 163
1878130 163
1878140 163
1878150 164
1878160 164
1878170 164
1878180 164
1878190 164
1878200 164
1878210 164
1878220 164
1878230 164
1878240 164
1878250 164
1878260 164
1878270 164
1878280 164
1878290 164
1878300 164
1878310 165
1878320 165
1878330 165
1878340 165
1878350 165
1878360 165
1878370 166
1878380 166
1878390 166
1878400 166
1878410 166
1878420 166
1878430 166
1878440 166
1878450 166
1878460 166
1878470 166
1878480 166
1878490 166
1878500 166
1878510 166
1878520 166
1878530 166
1878540 166
1878550 166
1878560 166
1878570 166
1878580 166
1878590 166
1878600 166
1878610 166
1878620 166
1878630 166
1878640 166
1878650 167
1878660 167
1878670 166
1878680 166
1878690 166
1878700 167
1878710 167
1878720 167
1878730 167
1878740 167
1878750 167
1878760 167
1878770 167
1878780 167
1878790 167
1878800 167
1878810 167
1878820 167
1878830 167
1878840 167
1878850 167
1878860 167
1878870 167
1878880 167
1878890 166
1878900 166
1878910 166
1878920 166
1878930 166
1878940 165
1878950 165
1878960 164
1878970 164
1878980 164
1878990 163
1879000 163
1879010 163
1879020 163
1879030 162
1879040 162
1879050 162
1879060 162
1879070 162
1879080 162
1879090 162
1879100 162
1879110 162
1879120 162
1879130 162
1879140 162
1879150 162
1879160 162
1879170 162
1879180 162
1879190 162
1879200 162
1879210 162
1879220 162
1879230 162
1879240 162
1879250 162
1879260 162
1879270 162
1879280 162
1879290 162
1879300 162
1879310 162
1879320 162
1879330 162
1879340 162
1879350 162
1879360 162
1879370 162
1879380 162
1879390 162
1879400 162
1879410 162
1879420 162
1879430 162
1879440 162
1879450 162
1879460 162
1879470 163
1879480 163
1879490 163
1879500 163
1879510 164
1879520 164
1879530 164
1879540 164
1879550 164
1879560 164
1879570 163
1879580 163
1879590 163
1879600 163
1879610 163
1879620 163
1879630 163
1879640 163
1879650 163
1879660 163
1879670 163
1879680 162
1879690 162
1879700 162
1879710 162
1879720 162
1879730 158
1879740 155
1879750 155
1879760 155
1879770 155
1879780 155
1879790 155
1879800 156
1879810 156
1879820 156
1879830 156
1879840 156
1879850 156
1879860 156
1879870 156
1879880 156
1879890 156
1879900 156
1879910 157
1879920 160
1879930 160
1879940 160
1879950 158
1879960 158
1879970 162
1879980 163
1879990 163
1860000 187
1860010 187
1860020 186
1860030 186
1860040 186
1860050 186
1860060 186
1860070 186
1860080 186
1860090 186
1860100 186
1860110 185
1860120 185
1860130 186
1860140 186
1860150 186
1860160 186
1860170 186
1860180 186
1860190 185
1860200 185
1860210 185
1860220 185
1860230 185
1860240 185
1860250 185
1860260 185
1860270 184
1860280 184
1860290 184
1860300 184
1860310 183
1860320 183
1860330 182
1860340 182
1860350 182
1860360 182
1860370 182
1860380 182
1860390 182
1860400 181
1860410 181
1860420 181
1860430 181
1860440 181
1860450 181
1860460 181
1860470 181
1860480 183
1860490 185
1860500 185
1860510 186
1860520 189
1860530 189
1860540 192
1860550 195
1860560 195
1860570 196
1860580 197
1860590 197
1860600 198
1860610 198
1860620 198
1860630 199
1860640 199
1860650 199
1860660 199
1860670 199
1860680 199
1860690 199
1860700 198
1860710 198
1860720 198
1860730 198
1860740 198
1860750 198
1860760 197
1860770 197
1860780 196
1860790 196
1860800 196
1860810 195
1860820 195
1860830 195
1860840 195
1860850 194
1860860 194
1860870 194
1860880 194
1860890 194
1860900 193
1860910 193
1860920 193
1860930 193
1860940 193
1860950 193
1860960 194
1860970 194
1860980 194
1860990 195
1861000 195
1861010 195
1861020 195
1861030 195
1861040 195
1861050 194
1861060 194
1861070 193
1861080 194
1861090 194
1861100 195
1861110 196
1861120 195
1861130 195
1861140 196
1861150 196
1861160 196
1861170 196
1861180 196
1861190 196
1861200 196
1861210 196
1861220 197
1861230 197
1861240 197
1861250 197
1861260 197
1861270 197
1861280 197
1861290 198
1861300 198
1861310 198
1861320 198
1861330 198
1861340 198
1861350 198
1861360 198
1861370 198
1861380 198
1861390 198
1861400 197
1861410 196
1861420 196
1861430 195
1861440 195
1861450 195
1861460 194
1861470 193
1861480 193
1861490 192
1861500 191
1861510 191
1861520 190
1861530 189
1861540 189
1861550 188
1861560 187
1861570 187
1861580 187
1861590 187
1861600 187
1861610 187
1861620 188
1861630 188
1861640 188
1861650 188
1861660 189
1861670 190
1861680 190
1861690 191
1861700 194
1861710 194
1861720 196
1861730 197
1861740 197
1861750 198
1861760 200
1861770 200
1861780 200
1861790 201
1861800 201
1861810 202
1861820 202
1861830 202
1861840 203
1861850 204
1861860 204
1861870 205
1861880 206
1861890 206
1861900 207
1861910 207
1861920 207
1861930 208
1861940 208
1861950 208
1861960 208
1861970 208
1861980 208
1861990 208
1862000 208
1862010 208
1862020 208
1862030 207
1862040 207
1862050 206
1862060 205
1862070 205
1862080 204
1862090 203
1862100 203
1862110 202
1862120 201
1862130 201
1862140 201
1862150 202
1862160 202
1862170 203
1862180 204
1862190 204
1862200 205
1862210 206
1862220 206
1862230 206
1862240 206
1862250 206
1862260 206
1862270 206
1862280 206
1862290 207
1862300 207
1862310 207
1862320 207
1862330 207
1862340 208
1862350 208
1862360 208
1862370 208
1862380 208
1862390 208
1862400 208
1862410 208
1862420 208
1862430 208
1862440 208
1862450 208
1862460 207
1862470 207
1862480 207
1862490 207
1862500 207
1862510 206
1862520 207
1862530 207
1862540 207
1862550 208
1862560 208
1862570 208
1862580 209
1862590 209
1862600 209
1862610 209
1862620 209
1862630 209
1862640 209
1862650 209
1862660 209
1862670 209
1862680 210
1862690 210
1862700 210
1862710 209
1862720 209
1862730 209
1862740 209
1862750 209
1862760 209
1862770 209
1862780 209
1862790 208
1862800 207
1862810 207
1862820 207
1862830 207
1862840 207
1862850 206
1862860 206
1862870 206
1862880 206
1862890 206
1862900 206
1862910 208
1862920 208
1862930 208
1862940 208
1862950 210
1862960 210
1862970 210
1862980 210
1862990 210
1863000 211
1863010 212
1863020 212
1863030 213
1863040 213
1863050 215
1863060 217
1863070 217
1863080 218
1863090 219
1863100 219
1863110 220
1863120 221
1863130 221
1863140 222
1863150 223
1863160 223
1863170 223
1863180 224
1863190 224
1863200 225
1863210 226
1863220 226
1863230 227
1863240 227
1863250 227
1863260 228
1863270 228
1863280 228
1863290 229
1863300 230
1863310 230
1863320 230
1863330 230
1863340 230
1863350 231
1863360 231
1863370 231
1863380 231
1863390 232
1863400 232
1863410 232
1863420 232
1863430 232
1863440 232
1863450 232
1863460 232
1863470 232
1863480 232
1863490 232
1863500 232
1863510 232
1863520 232
1863530 232
1863540 231
1863550 231
1863560 231
1863570 231
1863580 231
1863590 231
1863600 230
1863610 230
1863620 230
1863630 229
1863640 229
1863650 229
1863660 228
1863670 228
1863680 227
1863690 226
1863700 226
1863710 225
1863720 225
1863730 224
1863740 223
1863750 223
1863760 221
1863770 220
1863780 220
1863790 217
1863800 220
1863810 220
1863820 222
1863830 223
1863840 223
1863850 225
1863860 227
1863870 227
1863880 229
1863890 231
1863900 231
1863910 232
1863920 234
1863930 234
1863940 235
1863950 236
1863960 236
1863970 237
1863980 238
1863990 238
1864000 239
1864010 240
1864020 240
1864030 241
1864040 242
1864050 242
1864060 242
1864070 243
1864080 243
1864090 243
1864100 244
1864110 244
1864120 244
1864130 245
1864140 245
1864150 245
1864160 246
1864170 246
1864180 246
1864190 247
1864200 247
1864210 247
1864220 247
1864230 247
1864240 247
1864250 247
1864260 247
1864270 247
1864280 247
1864290 247
1864300 247
1864310 247
1864320 247
1864330 246
1864340 246
1864350 246
1864360 247
1864370 247
1864380 247
1864390 248
1864400 249
1864410 249
1864420 250
1864430 250
1864440 250
1864450 251
1864460 251
1864470 251
1864480 252
1864490 252
1864500 253
1864510 253
1864520 253
1864530 254
1864540 254
1864550 254
1864560 255
1864570 255
1864580 255
1864590 256
1864600 256
1864610 256
1864620 257
1864630 257
1864640 257
1864650 258
1864660 258
1864670 258
1864680 259
1864690 259
1864700 259
1864710 260
1864720 260
1864730 260
1864740 261
1864750 261
1864760 261
1864770 261
1864780 262
1864790 262
1864800 262
1864810 262
1864820 262
1864830 263
1864840 263
1864850 263
1864860 263
1864870 263
1864880 263
1864890 263
1864900 263
1864910 263
1864920 263
1864930 264
1864940 264
1864950 264
1864960 264
1864970 264
1864980 265
1864990 265
1865000 265
1865010 265
1865020 265
1865030 265
1865040 265
1865050 265
1865060 265
1865070 265
1865080 265
1865090 265
1865100 265
1865110 265
1865120 265
1865130 265
1865140 265
1865150 266
1865160 266
1865170 266
1865180 266
1865190 266
1865200 266
1865210 266
1865220 266
1865230 266
1865240 266
1865250 266
1865260 266
1865270 266
1865280 266
1865290 266
1865300 266
1865310 266
1865320 266
1865330 266
1865340 266
1865350 266
1865360 265
1865370 265
1865380 265
1865390 265
1865400 265
1865410 265
1865420 265
1865430 265
1865440 265
1865450 265
1865460 265
1865470 265
1865480 265
1865490 265
1865500 265
1865510 265
1865520 265
1865530 265
1865540 265
1865550 265
1865560 265
1865570 265
1865580 265
1865590 265
1865600 265
1865610 264
1865620 264
1865630 264
1865640 264
1865650 264
1865660 264
1865670 264
1865680 264
1865690 264
1865700 264
1865710 264
1865720 264
1865730 264
1865740 264
1865750 264
1865760 264
1865770 264
1865780 264
1865790 264
1865800 264
1865810 264
1865820 264
1865830 264
1865840 264
1865850 264
1865860 264
1865870 263
1865880 263
1865890 263
1865900 263
1865910 263
1865920 262
1865930 262
1865940 262
1865950 262
1865960 262
1865970 262
1865980 262
1865990 261
1866000 261
1866010 261
1866020 261
1866030 261
1866040 261
1866050 261
1866060 261
1866070 260
1866080 260
1866090 260
1866100 260
1866110 259
1866120 259
1866130 259
1866140 259
1866150 259
1866160 258
1866170 257
1866180 257
1866190 257
1866200 256
1866210 256
1866220 255
1866230 255
1866240 255
1866250 254
1866260 253
1866270 253
1866280 252
1866290 252
1866300 252
1866310 251
1866320 250
1866330 250
1866340 249
1866350 246
1866360 246
1866370 244
1866380 243
1866390 243
1866400 241
1866410 240
1866420 240
1866430 237
1866440 235
1866450 235
1866460 233
1866470 230
1866480 230
1866490 228
1866500 228
1866510 225
1866520 223
1866530 223
1866540 222
1866550 220
1866560 220
1866570 218
1866580 217
1866590 217
1866600 216
1866610 215
1866620 215
1866630 215
1866640 215
1866650 215
1866660 215
1866670 215
1866680 215
1866690 214
1866700 212
1866710 212
1866720 212
1866730 212
1866740 212
1866750 213
1866760 214
1866770 214
1866780 215
1866790 215
1866800 215
1866810 215
1866820 215
1866830 215
1866840 214
1866850 214
1866860 214
1866870 213
1866880 212
1866890 212
1866900 211
1866910 210
1866920 210
1866930 209
1866940 207
1866950 207
1866960 206
1866970 204
1866980 204
1866990 203
1867000 202
1867010 202
1867020 201
1867030 201
1867040 201
1867050 200
1867060 200
1867070 200
1867080 200
1867090 199
1867100 199
1867110 199
1867120 199
1867130 199
1867140 199
1867150 199
1867160 199
1867170 199
1867180 199
1867190 199
1867200 198
1867210 198
1867220 199
1867230 199
1867240 199
1867250 199
1867260 199
1867270 199
1867280 199
1867290 199
1867300 199
1867310 200
1867320 202
1867330 202
1867340 203
1867350 203
1867360 203
1867370 204
1867380 204
1867390 204
1867400 204
1867410 204
1867420 204
1867430 204
1867440 204
1867450 204
1867460 204
1867470 203
1867480 203
1867490 203
1867500 203
1867510 203
1867520 202
1867530 202
1867540 202
1867550 202
1867560 201
1867570 201
1867580 201
1867590 201
1867600 201
1867610 200
1867620 200
1867630 200
1867640 200
1867650 199
1867660 200
1867670 199
1867680 199
1867690 199
1867700 199
1867710 198
1867720 198
1867730 198
1867740 198
1867750 198
1867760 198
1867770 197
1867780 197
1867790 197
1867800 197
1867810 197
1867820 197
1867830 196
1867840 196
1867850 196
1867860 196
1867870 196
1867880 196
1867890 196
1867900 195
1867910 195
1867920 195
1867930 194
1867940 194
1867950 194
1867960 193
1867970 193
1867980 193
1867990 192
1868000 191
1868010 191
1868020 190
1868030 190
1868040 190
1868050 189
1868060 188
1868070 188
1868080 188
1868090 187
1868100 187
1868110 187
1868120 186
1868130 186
1868140 186
1868150 185
1868160 185
1868170 184
1868180 184
1868190 184
1868200 183
1868210 183
1868220 183
1868230 182
1868240 182
1868250 182
1868260 182
1868270 181
1868280 181
1868290 181
1868300 181
1868310 181
1868320 181
1868330 180
1868340 180
1868350 180
1868360 180
1868370 180
1868380 179
1868390 179
1868400 179
1868410 178
1868420 178
1868430 178
1868440 177
1868450 177
1868460 177
1868470 177
1868480 176
1868490 176
1868500 176
1868510 176
1868520 176
1868530 175
1868540 174
1868550 174
1868560 171
1868570 171
1868580 170
1868590 169
1868600 169
1868610 170
1868620 171
1868630 171
1868640 171
1868650 171
1868660 171
1868670 171
1868680 171
1868690 171
1868700 171
1868710 171
1868720 171
1868730 171
1868740 172
1868750 172
1868760 172
1868770 172
1868780 172
1868790 172
1868800 172
1868810 172
1868820 173
1868830 173
1868840 173
1868850 174
1868860 175
1868870 175
1868880 176
1868890 176
1868900 176
1868910 177
1868920 177
1868930 177
1868940 178
1868950 178
1868960 178
1868970 178
1868980 178
1868990 178
1869000 178
1869010 178
1869020 178
1869030 178
1869040 178
1869050 178
1869060 178
1869070 178
1869080 178
1869090 178
1869100 178
1869110 178
1869120 178
1869130 178
1869140 178
1869150 178
1869160 178
1869170 178
1869180 178
1869190 178
1869200 178
1869210 178
1869220 178
1869230 178
1869240 177
1869250 177
1869260 177
1869270 177
1869280 177
1869290 177
1869300 178
1869310 178
1869320 177
1869330 177
1869340 177
1869350 177
1869360 177
1869370 177
1869380 177
1869390 177
1869400 177
1869410 177
1869420 177
1869430 177
1869440 177
1869450 177
1869460 177
1869470 177
1869480 177
1869490 177
1869500 177
1869510 176
1869520 176
1869530 176
1869540 176
1869550 176
1869560 176
1869570 177
1869580 177
1869590 176
1869600 176
1869610 176
1869620 176
1869630 176
1869640 176
1869650 176
1869660 176
1869670 176
1869680 176
1869690 176
1869700 176
1869710 176
1869720 176
1869730 176
1869740 176
1869750 176
1869760 176
1869770 175
1869780 175
1869790 175
1869800 175
1869810 175
1869820 175
1869830 174
1869840 174
1869850 174
1869860 174
1869870 174
1869880 174
1869890 174
1869900 174
1869910 174
1869920 173
1869930 173
1869940 173
1869950 173
1869960 173
1869970 173
1869980 173
1869990 173
1870000 173
1870010 173
1870020 173
1870030 173
1870040 173
1870050 173
1870060 173
1870070 173
1870080 173
1870090 173
1870100 173
1870110 173
1870120 172
1870130 172
1870140 172
1870150 171
1870160 170
1870170 170
1870180 170
1870190 169
1870200 169
1870210 169
1870220 168
1870230 168
1870240 168
1870250 167
1870260 167
1870270 168
1870280 168
1870290 168
1870300 169
1870310 170
1870320 170
1870330 170
1870340 170
1870350 170
1870360 171
1870370 170
1870380 170
1870390 171
1870400 171
1870410 171
1870420 171
1870430 171
1870440 171
1870450 171
1870460 171
1870470 171
1870480 171
1870490 171
1870500 171
1870510 170
1870520 169
1870530 169
1870540 169
1870550 168
1870560 168
1870570 168
1870580 167
1870590 167
1870600 167
1870610 166
1870620 166
1870630 166
1870640 166
1870650 166
1870660 165
1870670 165
1870680 165
1870690 165
1870700 165
1870710 165
1870720 165
1870730 165
1870740 164
1870750 164
1870760 164
1870770 164
1870780 163
1870790 163
1870800 163
1870810 163
1870820 163
1870830 163
1870840 163
1870850 163
1870860 163
1870870 162
1870880 162
1870890 162
1870900 162
1870910 162
1870920 162
1870930 162
1870940 162
1870950 162
1870960 161
1870970 161
1870980 161
1870990 161
1871000 161
1871010 161
1871020 161
1871030 161
1871040 161
1871050 161
1871060 161
1871070 161
1871080 161
1871090 161
1871100 161
1871110 161
1871120 161
1871130 162
1871140 162
1871150 162
1871160 162
1871170 163
1871180 163
1871190 163
1871200 163
1871210 163
1871220 163
1871230 163
1871240 163
1871250 162
1871260 162
1871270 162
1871280 162
1871290 162
1871300 162
1871310 162
1871320 162
1871330 162
1871340 162
1871350 162
1871360 162
1871370 162
1871380 162
1871390 162
1871400 162
1871410 162
1871420 162
1871430 162
1871440 162
1871450 163
1871460 163
1871470 163
1871480 163
1871490 162
1871500 162
1871510 162
1871520 162
1871530 162
1871540 162
1871550 162
1871560 162
1871570 162
1871580 162
1871590 162
1871600 161
1871610 161
1871620 161
1871630 161
1871640 161
1871650 161
1871660 161
1871670 161
1871680 161
1871690 161
1871700 160
1871710 160
1871720 160
1871730 160
1871740 160
1871750 160
1871760 160
1871770 160
1871780 160
1871790 159
1871800 159
1871810 160
1871820 160
1871830 160
1871840 159
1871850 159
1871860 159
1871870 159
1871880 160
1871890 160
1871900 160
1871910 160
1871920 160
1871930 160
1871940 160
1871950 160
1871960 160
1871970 160
1871980 160
1871990 160
1872000 160
1872010 160
1872020 160
1872030 160
1872040 160
1872050 160
1872060 160
1872070 160
1872080 160
1872090 160
1872100 160
1872110 160
1872120 160
1872130 160
1872140 160
1872150 160
1872160 160
1872170 160
1872180 160
1872190 160
1872200 160
1872210 160
1872220 160
1872230 160
1872240 160
1872250 160
1872260 160
1872270 160
1872280 160
1872290 160
1872300 160
1872310 160
1872320 160
1872330 160
1872340 160
1872350 160
1872360 160
1872370 160
1872380 160
1872390 160
1872400 160
1872410 160
1872420 160
1872430 160
1872440 160
1872450 160
1872460 160
1872470 160
1872480 160
1872490 160
1872500 160
1872510 160
1872520 160
1872530 160
1872540 160
1872550 160
1872560 160
1872570 160
1872580 160
1872590 158
1872600 158
1872610 160
1872620 161
1872630 161
1872640 160
1872650 160
1872660 160
1872670 160
1872680 160
1872690 160
1872700 160
1872710 160
1872720 160
1872730 159
1872740 160
1872750 160
1872760 160
1872770 160
1872780 160
1872790 160
1872800 160
1872810 160
1872820 160
1872830 160
1872840 159
1872850 160
1872860 160
1872870 160
1872880 160
1872890 160
1872900 159
1872910 159
1872920 159
1872930 159
1872940 159
1872950 159
1872960 159
1872970 159
1872980 159
1872990 160
1873000 160
1873010 160
1873020 159
1873030 159
1873040 159
1873050 159
1873060 159
1873070 159
1873080 159
1873090 159
1873100 159
1873110 158
1873120 158
1873130 158
1873140 158
1873150 158
1873160 158
1873170 159
1873180 159
1873190 159
1873200 159
1873210 159
1873220 159
1873230 159
1873240 159
1873250 159
1873260 159
1873270 159
1873280 159
1873290 159
1873300 159
1873310 159
1873320 160
1873330 159
1873340 159
1873350 159
1873360 159
1873370 159
1873380 159
1873390 159
1873400 159
1873410 159
1873420 159
1873430 159
1873440 159
1873450 159
1873460 159
1873470 159
1873480 159
1873490 159
1873500 159
1873510 159
1873520 159
1873530 160
1873540 160
1873550 160
1873560 160
1873570 160
1873580 160
1873590 160
1873600 160
1873610 160
1873620 160
1873630 160
1873640 160
1873650 160
1873660 160
1873670 161
1873680 161
1873690 161
1873700 161
1873710 161
1873720 161
1873730 161
1873740 162
1873750 162
1873760 162
1873770 163
1873780 163
1873790 164
1873800 164
1873810 164
1873820 165
1873830 166
1873840 166
1873850 166
1873860 166
1873870 166
1873880 166
1873890 167
1873900 167
1873910 167
1873920 168
1873930 168
1873940 168
1873950 169
1873960 169
1873970 169
1873980 170
1873990 170
1874000 171
1874010 172
1874020 172
1874030 172
1874040 173
1874050 173
1874060 174
1874070 174
1874080 174
1874090 174
1874100 174
1874110 174
1874120 174
1874130 174
1874140 174
1874150 174
1874160 174
1874170 174
1874180 174
1874190 174
1874200 174
1874210 174
1874220 174
1874230 174
1874240 174
1874250 174
1874260 174
1874270 174
1874280 174
1874290 174
1874300 174
1874310 174
1874320 174
1874330 174
1874340 174
1874350 173
1874360 173
1874370 173
1874380 173
1874390 173
1874400 173
1874410 172
1874420 172
1874430 172
1874440 172
1874450 172
1874460 172
1874470 171
1874480 171
1874490 171
1874500 171
1874510 171
1874520 171
1874530 170
1874540 170
1874550 170
1874560 170
1874570 170
1874580 170
1874590 170
1874600 169
1874610 169
1874620 169
1874630 169
1874640 169
1874650 169
1874660 168
1874670 168
1874680 168
1874690 168
1874700 168
1874710 168
1874720 168
1874730 168
1874740 168
1874750 167
1874760 167
1874770 167
1874780 167
1874790 167
1874800 167
1874810 167
1874820 167
1874830 167
1874840 167
1874850 167
1874860 167
1874870 167
1874880 167
1874890 167
1874900 167
1874910 166
1874920 166
1874930 166
1874940 166
1874950 166
1874960 166
1874970 166
1874980 166
1874990 166
1875000 166
1875010 166
1875020 166
1875030 166
1875040 166
1875050 166
1875060 166
1875070 165
1875080 166
1875090 165
1875100 165
1875110 165
1875120 165
1875130 165
1875140 165
1875150 165
1875160 165
1875170 165
1875180 165
1875190 165
1875200 165
1875210 165
1875220 165
1875230 165
1875240 165
1875250 165
1875260 165
1875270 165
1875280 165
1875290 165
1875300 165
1875310 165
1875320 165
1875330 165
1875340 165
1875350 165
1875360 165
1875370 165
1875380 165
1875390 165
1875400 164
1875410 164
1875420 164
1875430 164
1875440 164
1875450 164
1875460 164
1875470 164
1875480 165
1875490 165
1875500 165
1875510 165
1875520 165
1875530 165
1875540 165
1875550 165
1875560 165
1875570 165
1875580 165
1875590 164
1875600 164
1875610 164
1875620 164
1875630 164
1875640 164
1875650 164
1875660 164
1875670 164
1875680 164
1875690 164
1875700 164
1875710 164
1875720 164
1875730 164
1875740 163
1875750 163
1875760 163
1875770 163
1875780 163
1875790 163
1875800 163
1875810 163
1875820 163
1875830 163
1875840 163
1875850 163
1875860 163
1875870 163
1875880 163
1875890 163
1875900 163
1875910 163
1875920 163
1875930 163
1875940 163
1875950 162
1875960 162
1875970 162
1875980 162
1875990 162
1876000 162
1876010 162
1876020 162
1876030 162
1876040 162
1876050 162
1876060 162
1876070 162
1876080 162
1876090 162
1876100 162
1876110 162
1876120 162
1876130 162
1876140 162
1876150 162
1876160 162
1876170 162
1876180 162
1876190 162
1876200 162
1876210 162
1876220 162
1876230 162
1876240 161
1876250 161
1876260 161
1876270 161
1876280 161
1876290 161
1876300 161
1876310 161
1876320 161
1876330 161
1876340 161
1876350 161
1876360 161
1876370 161
1876380 161
1876390 161
1876400 161
1876410 161
1876420 161
1876430 161
1876440 161
1876450 161
1876460 161
1876470 161
1876480 161
1876490 161
1876500 161
1876510 161
1876520 161
1876530 161
1876540 161
1876550 161
1876560 161
1876570 161
1876580 161
1876590 161
1876600 160
1876610 160
1876620 160
1876630 160
1876640 160
1876650 160
1876660 160
1876670 160
1876680 160
1876690 160
1876700 160
1876710 160
1876720 160
1876730 160
1876740 160
1876750 161
1876760 161
1876770 161
1876780 161
1876790 161
1876800 161
1876810 161
1876820 161
1876830 161
1876840 161
1876850 161
1876860 161
1876870 161
1876880 161
1876890 161
1876900 161
1876910 161
1876920 161
1876930 161
1876940 161
1876950 161
1876960 160
1876970 160
1876980 160
1876990 160
1877000 160
1877010 160
1877020 160
1877030 160
1877040 160
1877050 160
1877060 160
1877070 160
1877080 160
1877090 160
1877100 160
1877110 160
1877120 160
1877130 160
1877140 160
1877150 160
1877160 160
1877170 160
1877180 160
1877190 160
1877200 160
1877210 160
1877220 160
1877230 160
1877240 160
1877250 160
1877260 160
1877270 160
1877280 160
1877290 160
1877300 160
1877310 160
1877320 160
1877330 160
1877340 160
1877350 160
1877360 160
1877370 160
1877380 160
1877390 160
1877400 160
1877410 160
1877420 159
1877430 159
1877440 159
1877450 159
1877460 159
1877470 159
1877480 159
1877490 159
1877500 159
1877510 159
1877520 159
1877530 159
1877540 159
1877550 159
1877560 159
1877570 159
1877580 159
1877590 159
1877600 159
1877610 159
1877620 159
1877630 160
1877640 160
1877650 160
1877660 160
1877670 160
1877680 160
1877690 161
1877700 161
1877710 161
1877720 161
1877730 162
1877740 162
1877750 162
1877760 162
1877770 162
1877780 162
1877790 162
1877800 162
1877810 162
1877820 162
1877830 162
1877840 162
1877850 162
1877860 162
1877870 162
1877880 162
1877890 162
1877900 163
1877910 163
1877920 163
1877930 163
1877940 163
1877950 163
1877960 163
1877970 163
1877980 163
1877990 163
1878000 163
1878010 163
1878020 163
1878030 163
1878040 163
1878050 163
1878060 163
1878070 163
1878080 163
1878090 163
1878100 163
1878110 163
1878120 163
1878130 163
1878140 163
1878150 164
1878160 164
1878170 164
1878180 164
1878190 164
1878200 164
1878210 164
1878220 164
1878230 164
1878240 164
1878250 164
1878260 164
1878270 164
1878280 164
1878290 164
1878300 164
1878310 165
1878320 165
1878330 165
1878340 165
1878350 165
1878360 165
1878370 166
1878380 166
1878390 166
1878400 166
1878410 166
1878420 166
1878430 166
1878440 166
1878450 166
1878460 166
1878470 166
1878480 166
1878490 166
1878500 166
1878510 166
1878520 166
1878530 166
1878540 166
1878550 166
1878560 166
1878570 166
1878580 166
1878590 166
1878600 166
1878610 166
1878620 166
1878630 166
1878640 166
1878650 167
1878660 167
1878670 166
1878680 166
1878690 166
1878700 167
1878710 167
1878720 167
1878730 167
1878740 167
1878750 167
1878760 167
1878770 167
1878780 167
1878790 167
1878800 167
1878810 167
1878820 167
1878830 167
1878840 167
1878850 167
1878860 167
1878870 167
1878880 167
1878890 166
1878900 166
1878910 166
1878920 166
1878930 166
1878940 165
1878950 165
1878960 164
1878970 164
1878980 164
1878990 163
1879000 163
1879010 163
1879020 163
1879030 162
1879040 162
1879050 162
1879060 162
1879070 162
1879080 162
1879090 162
1879100 162
1879110 162
1879120 162
1879130 162
1879140 162
1879150 162
1879160 162
1879170 162
1879180 162
1879190 162
1879200 162
1879210 162
1879220 162
1879230 162
1879240 162
1879250 162
1879260 162
1879270 162
1879280 162
1879290 162
1879300 162
1879310 162
1879320 162
1879330 162
1879340 162
1879350 162
1879360 162
1879370 162
1879380 162
1879390 162
1879400 162
1879410 162
1879420 162
1879430 162
1879440 162
1879450 162
1879460 162
1879470 163
1879480 163
1879490 163
1879500 163
1879510 164
1879520 164
1879530 164
1879540 164
1879550 164
1879560 164
1879570 163
1879580 163
1879590 163
1879600 163
1879610 163
1879620 163
1879630 163
1879640 163
1879650 163
1879660 163
1879670 163
1879680 162
1879690 162
1879700 162
1879710 162
1879720 162
1879730 158
1879740 155
1879750 155
1879760 155
1879770 155
1879780 155
1879790 155
1879800 156
1879810 156
1879820 156
1879830 156
1879840 156
1879850 156
1879860 156
1879870 156
1879880 156
1879890 156
1879900 156
1879910 157
1879920 160
1879930 160
1879940 160
1879950 158
1879960 158
1879970 162
1879980 163
1879990 163
