1860000 174
1860010 174
1860020 174
1860030 174
1860040 174
1860050 174
1860060 174
1860070 174
1860080 174
1860090 174
1860100 174
1860110 174
1860120 174
1860130 174
1860140 174
1860150 174
1860160 174
1860170 174
1860180 174
1860190 174
1860200 174
1860210 174
1860220 174
1860230 174
1860240 174
1860250 174
1860260 174
1860270 174
1860280 174
1860290 174
1860300 174
1860310 174
1860320 175
1860330 175
1860340 175
1860350 175
1860360 175
1860370 175
1860380 174
1860390 174
1860400 174
1860410 175
1860420 175
1860430 175
1860440 174
1860450 174
1860460 174
1860470 174
1860480 175
1860490 175
1860500 175
1860510 175
1860520 175
1860530 175
1860540 175
1860550 175
1860560 175
1860570 175
1860580 175
1860590 175
1860600 175
1860610 175
1860620 175
1860630 175
1860640 175
1860650 176
1860660 176
1860670 176
1860680 176
1860690 176
1860700 176
1860710 176
1860720 176
1860730 176
1860740 176
1860750 176
1860760 176
1860770 176
1860780 176
1860790 176
1860800 176
1860810 176
1860820 176
1860830 176
1860840 176
1860850 176
1860860 176
1860870 176
1860880 176
1860890 176
1860900 176
1860910 176
1860920 176
1860930 176
1860940 176
1860950 176
1860960 176
1860970 175
1860980 175
1860990 175
1861000 175
1861010 175
1861020 175
1861030 175
1861040 175
1861050 175
1861060 175
1861070 175
1861080 175
1861090 175
1861100 176
1861110 176
1861120 177
1861130 176
1861140 176
1861150 175
1861160 175
1861170 175
1861180 175
1861190 175
1861200 175
1861210 175
1861220 175
1861230 175
1861240 175
1861250 175
1861260 175
1861270 176
1861280 176
1861290 175
1861300 176
1861310 176
1861320 176
1861330 176
1861340 176
1861350 177
1861360 177
1861370 177
1861380 178
1861390 178
1861400 178
1861410 178
1861420 178
1861430 178
1861440 178
1861450 179
1861460 179
1861470 178
1861480 176
1861490 176
1861500 178
1861510 178
1861520 178
1861530 178
1861540 179
1861550 179
1861560 179
1861570 180
1861580 180
1861590 180
1861600 180
1861610 180
1861620 180
1861630 181
1861640 181
1861650 181
1861660 181
1861670 181
1861680 181
1861690 180
1861700 180
1861710 180
1861720 180
1861730 180
1861740 180
1861750 180
1861760 180
1861770 181
1861780 181
1861790 181
1861800 181
1861810 181
1861820 181
1861830 181
1861840 181
1861850 181
1861860 181
1861870 181
1861880 181
1861890 181
1861900 181
1861910 181
1861920 181
1861930 181
1861940 181
1861950 181
1861960 181
1861970 181
1861980 182
1861990 182
1862000 182
1862010 182
1862020 182
1862030 182
1862040 182
1862050 182
1862060 183
1862070 183
1862080 183
1862090 184
1862100 184
1862110 184
1862120 184
1862130 184
1862140 184
1862150 185
1862160 185
1862170 185
1862180 185
1862190 185
1862200 185
1862210 185
1862220 185
1862230 185
1862240 185
1862250 186
1862260 186
1862270 186
1862280 187
1862290 187
1862300 188
1862310 189
1862320 189
1862330 189
1862340 190
1862350 190
1862360 191
1862370 191
1862380 191
1862390 192
1862400 192
1862410 192
1862420 192
1862430 192
1862440 192
1862450 192
1862460 192
1862470 192
1862480 192
1862490 192
1862500 192
1862510 192
1862520 191
1862530 191
1862540 190
1862550 189
1862560 189
1862570 189
1862580 189
1862590 189
1862600 188
1862610 189
1862620 189
1862630 189
1862640 189
1862650 190
1862660 191
1862670 191
1862680 192
1862690 193
1862700 193
1862710 194
1862720 195
1862730 195
1862740 196
1862750 197
1862760 197
1862770 197
1862780 198
1862790 198
1862800 199
1862810 199
1862820 199
1862830 199
1862840 200
1862850 200
1862860 200
1862870 200
1862880 200
1862890 200
1862900 200
1862910 200
1862920 200
1862930 200
1862940 200
1862950 201
1862960 201
1862970 201
1862980 201
1862990 201
1863000 201
1863010 201
1863020 202
1863030 202
1863040 202
1863050 202
1863060 202
1863070 203
1863080 203
1863090 203
1863100 203
1863110 204
1863120 204
1863130 204
1863140 204
1863150 204
1863160 205
1863170 205
1863180 205
1863190 205
1863200 205
1863210 205
1863220 205
1863230 206
1863240 206
1863250 206
1863260 206
1863270 206
1863280 206
1863290 206
1863300 206
1863310 206
1863320 206
1863330 207
1863340 207
1863350 207
1863360 207
1863370 207
1863380 207
1863390 207
1863400 207
1863410 207
1863420 207
1863430 208
1863440 208
1863450 208
1863460 208
1863470 208
1863480 208
1863490 208
1863500 208
1863510 208
1863520 208
1863530 208
1863540 208
1863550 207
1863560 207
1863570 206
1863580 206
1863590 206
1863600 206
1863610 205
1863620 205
1863630 205
1863640 204
1863650 204
1863660 202
1863670 200
1863680 200
1863690 201
1863700 201
1863710 201
1863720 202
1863730 202
1863740 202
1863750 205
1863760 205
1863770 205
1863780 207
1863790 209
1863800 209
1863810 211
1863820 212
1863830 212
1863840 213
1863850 214
1863860 214
1863870 215
1863880 216
1863890 216
1863900 217
1863910 217
1863920 217
1863930 219
1863940 220
1863950 220
1863960 220
1863970 221
1863980 221
1863990 221
1864000 221
1864010 222
1864020 223
1864030 223
1864040 223
1864050 224
1864060 224
1864070 224
1864080 225
1864090 225
1864100 226
1864110 226
1864120 226
1864130 227
1864140 228
1864150 228
1864160 228
1864170 229
1864180 229
1864190 229
1864200 230
1864210 230
1864220 231
1864230 231
1864240 230
1864250 231
1864260 231
1864270 231
1864280 231
1864290 232
1864300 232
1864310 232
1864320 232
1864330 232
1864340 232
1864350 233
1864360 233
1864370 233
1864380 234
1864390 234
1864400 234
1864410 235
1864420 235
1864430 235
1864440 235
1864450 235
1864460 236
1864470 236
1864480 236
1864490 237
1864500 237
1864510 237
1864520 238
1864530 238
1864540 238
1864550 238
1864560 239
1864570 239
1864580 238
1864590 238
1864600 238
1864610 238
1864620 239
1864630 239
1864640 239
1864650 240
1864660 240
1864670 240
1864680 240
1864690 240
1864700 240
1864710 240
1864720 240
1864730 241
1864740 241
1864750 241
1864760 241
1864770 241
1864780 242
1864790 242
1864800 242
1864810 242
1864820 242
1864830 242
1864840 242
1864850 242
1864860 242
1864870 243
1864880 243
1864890 243
1864900 243
1864910 243
1864920 243
1864930 243
1864940 243
1864950 243
1864960 243
1864970 243
1864980 243
1864990 243
1865000 243
1865010 243
1865020 244
1865030 244
1865040 244
1865050 244
1865060 245
1865070 245
1865080 245
1865090 245
1865100 245
1865110 245
1865120 245
1865130 245
1865140 245
1865150 245
1865160 245
1865170 245
1865180 245
1865190 245
1865200 246
1865210 245
1865220 245
1865230 246
1865240 246
1865250 246
1865260 246
1865270 245
1865280 245
1865290 246
1865300 246
1865310 246
1865320 246
1865330 246
1865340 246
1865350 245
1865360 245
1865370 245
1865380 245
1865390 245
1865400 245
1865410 245
1865420 245
1865430 245
1865440 245
1865450 245
1865460 245
1865470 245
1865480 245
1865490 245
1865500 245
1865510 245
1865520 246
1865530 246
1865540 246
1865550 246
1865560 246
1865570 246
1865580 246
1865590 247
1865600 247
1865610 246
1865620 246
1865630 246
1865640 246
1865650 246
1865660 246
1865670 246
1865680 246
1865690 246
1865700 246
1865710 247
1865720 247
1865730 247
1865740 247
1865750 247
1865760 247
1865770 246
1865780 246
1865790 247
1865800 247
1865810 247
1865820 247
1865830 247
1865840 247
1865850 247
1865860 247
1865870 247
1865880 247
1865890 247
1865900 247
1865910 247
1865920 247
1865930 247
1865940 247
1865950 247
1865960 247
1865970 247
1865980 247
1865990 247
1866000 247
1866010 247
1866020 247
1866030 247
1866040 247
1866050 247
1866060 247
1866070 247
1866080 247
1866090 247
1866100 247
1866110 247
1866120 247
1866130 247
1866140 247
1866150 247
1866160 247
1866170 247
1866180 247
1866190 247
1866200 247
1866210 246
1866220 246
1866230 246
1866240 246
1866250 246
1866260 246
1866270 246
1866280 246
1866290 245
1866300 245
1866310 245
1866320 244
1866330 244
1866340 244
1866350 244
1866360 243
1866370 243
1866380 243
1866390 243
1866400 243
1866410 242
1866420 242
1866430 242
1866440 241
1866450 241
1866460 241
1866470 240
1866480 240
1866490 240
1866500 240
1866510 239
1866520 239
1866530 238
1866540 238
1866550 238
1866560 237
1866570 237
1866580 237
1866590 236
1866600 236
1866610 236
1866620 235
1866630 234
1866640 234
1866650 234
1866660 233
1866670 233
1866680 232
1866690 231
1866700 231
1866710 231
1866720 230
1866730 230
1866740 229
1866750 229
1866760 228
1866770 228
1866780 228
1866790 227
1866800 226
1866810 226
1866820 225
1866830 225
1866840 225
1866850 224
1866860 224
1866870 224
1866880 224
1866890 223
1866900 223
1866910 223
1866920 223
1866930 223
1866940 222
1866950 222
1866960 222
1866970 222
1866980 221
1866990 221
1867000 220
1867010 220
1867020 220
1867030 219
1867040 218
1867050 218
1867060 218
1867070 217
1867080 217
1867090 216
1867100 216
1867110 216
1867120 215
1867130 214
1867140 214
1867150 214
1867160 213
1867170 213
1867180 212
1867190 212
1867200 212
1867210 211
1867220 211
1867230 211
1867240 210
1867250 210
1867260 210
1867270 209
1867280 209
1867290 209
1867300 208
1867310 208
1867320 208
1867330 207
1867340 207
1867350 207
1867360 206
1867370 206
1867380 206
1867390 205
1867400 205
1867410 205
1867420 204
1867430 204
1867440 204
1867450 203
1867460 203
1867470 202
1867480 202
1867490 202
1867500 201
1867510 201
1867520 201
1867530 200
1867540 200
1867550 200
1867560 199
1867570 198
1867580 198
1867590 198
1867600 197
1867610 197
1867620 196
1867630 196
1867640 196
1867650 195
1867660 194
1867670 193
1867680 193
1867690 192
1867700 192
1867710 191
1867720 191
1867730 191
1867740 190
1867750 189
1867760 189
1867770 188
1867780 187
1867790 187
1867800 187
1867810 186
1867820 186
1867830 186
1867840 185
1867850 185
1867860 185
1867870 184
1867880 184
1867890 184
1867900 183
1867910 183
1867920 183
1867930 183
1867940 183
1867950 182
1867960 182
1867970 182
1867980 181
1867990 181
1868000 181
1868010 180
1868020 180
1868030 180
1868040 179
1868050 179
1868060 179
1868070 179
1868080 178
1868090 178
1868100 178
1868110 178
1868120 178
1868130 177
1868140 177
1868150 177
1868160 176
1868170 176
1868180 175
1868190 174
1868200 174
1868210 173
1868220 173
1868230 173
1868240 171
1868250 171
1868260 171
1868270 171
1868280 172
1868290 172
1868300 174
1868310 176
1868320 176
1868330 176
1868340 177
1868350 176
1868360 176
1868370 176
1868380 176
1868390 175
1868400 174
1868410 174
1868420 176
1868430 176
1868440 176
1868450 176
1868460 177
1868470 177
1868480 176
1868490 176
1868500 176
1868510 176
1868520 177
1868530 177
1868540 177
1868550 178
1868560 178
1868570 178
1868580 178
1868590 178
1868600 178
1868610 178
1868620 178
1868630 178
1868640 177
1868650 177
1868660 177
1868670 177
1868680 177
1868690 177
1868700 177
1868710 177
1868720 176
1868730 176
1868740 176
1868750 175
1868760 174
1868770 174
1868780 172
1868790 172
1868800 172
1868810 170
1868820 170
1868830 168
1868840 168
1868850 168
1868860 167
1868870 167
1868880 167
1868890 168
1868900 166
1868910 166
1868920 166
1868930 166
1868940 166
1868950 166
1868960 166
1868970 166
1868980 166
1868990 167
1869000 167
1869010 168
1869020 168
1869030 167
1869040 166
1869050 167
1869060 167
1869070 167
1869080 167
1869090 167
1869100 167
1869110 167
1869120 167
1869130 167
1869140 168
1869150 168
1869160 167
1869170 167
1869180 167
1869190 167
1869200 167
1869210 167
1869220 166
1869230 166
1869240 166
1869250 165
1869260 165
1869270 165
1869280 165
1869290 166
1869300 166
1869310 166
1869320 166
1869330 166
1869340 165
1869350 165
1869360 165
1869370 164
1869380 164
1869390 164
1869400 164
1869410 164
1869420 164
1869430 164
1869440 164
1869450 164
1869460 164
1869470 164
1869480 164
1869490 164
1869500 164
1869510 164
1869520 164
1869530 164
1869540 164
1869550 163
1869560 163
1869570 163
1869580 163
1869590 163
1869600 163
1869610 163
1869620 163
1869630 163
1869640 163
1869650 163
1869660 163
1869670 163
1869680 163
1869690 163
1869700 163
1869710 163
1869720 163
1869730 163
1869740 163
1869750 163
1869760 163
1869770 163
1869780 162
1869790 162
1869800 162
1869810 162
1869820 162
1869830 162
1869840 162
1869850 162
1869860 162
1869870 162
1869880 162
1869890 162
1869900 162
1869910 162
1869920 162
1869930 162
1869940 162
1869950 162
1869960 162
1869970 162
1869980 162
1869990 162
1870000 162
1870010 162
1870020 162
1870030 162
1870040 162
1870050 162
1870060 162
1870070 162
1870080 162
1870090 162
1870100 162
1870110 162
1870120 162
1870130 162
1870140 162
1870150 162
1870160 162
1870170 162
1870180 162
1870190 162
1870200 162
1870210 162
1870220 162
1870230 162
1870240 162
1870250 162
1870260 162
1870270 162
1870280 162
1870290 162
1870300 162
1870310 162
1870320 162
1870330 162
1870340 162
1870350 162
1870360 162
1870370 162
1870380 162
1870390 162
1870400 162
1870410 162
1870420 162
1870430 162
1870440 162
1870450 162
1870460 162
1870470 162
1870480 162
1870490 162
1870500 162
1870510 162
1870520 162
1870530 161
1870540 161
1870550 161
1870560 161
1870570 161
1870580 161
1870590 161
1870600 161
1870610 161
1870620 161
1870630 161
1870640 161
1870650 161
1870660 161
1870670 161
1870680 161
1870690 161
1870700 161
1870710 161
1870720 161
1870730 161
1870740 161
1870750 161
1870760 161
1870770 161
1870780 161
1870790 161
1870800 161
1870810 161
1870820 161
1870830 161
1870840 161
1870850 161
1870860 161
1870870 161
1870880 161
1870890 161
1870900 161
1870910 161
1870920 161
1870930 161
1870940 161
1870950 161
1870960 161
1870970 161
1870980 161
1870990 161
1871000 161
1871010 161
1871020 161
1871030 161
1871040 161
1871050 161
1871060 161
1871070 161
1871080 161
1871090 161
1871100 161
1871110 161
1871120 161
1871130 161
1871140 161
1871150 161
1871160 161
1871170 161
1871180 161
1871190 161
1871200 161
1871210 161
1871220 161
1871230 161
1871240 161
1871250 161
1871260 161
1871270 161
1871280 161
1871290 161
1871300 161
1871310 161
1871320 161
1871330 161
1871340 161
1871350 161
1871360 161
1871370 161
1871380 161
1871390 161
1871400 161
1871410 161
1871420 161
1871430 161
1871440 161
1871450 161
1871460 161
1871470 161
1871480 161
1871490 161
1871500 161
1871510 162
1871520 162
1871530 161
1871540 161
1871550 161
1871560 161
1871570 161
1871580 161
1871590 161
1871600 161
1871610 161
1871620 161
1871630 161
1871640 161
1871650 161
1871660 161
1871670 161
1871680 161
1871690 161
1871700 161
1871710 161
1871720 161
1871730 161
1871740 161
1871750 161
1871760 161
1871770 161
1871780 161
1871790 161
1871800 161
1871810 161
1871820 161
1871830 161
1871840 161
1871850 161
1871860 161
1871870 161
1871880 161
1871890 161
1871900 161
1871910 161
1871920 161
1871930 161
1871940 161
1871950 161
1871960 161
1871970 161
1871980 161
1871990 161
1872000 160
1872010 160
1872020 160
1872030 160
1872040 160
1872050 160
1872060 160
1872070 160
1872080 160
1872090 160
1872100 160
1872110 160
1872120 160
1872130 160
1872140 160
1872150 160
1872160 160
1872170 160
1872180 160
1872190 160
1872200 160
1872210 160
1872220 160
1872230 160
1872240 160
1872250 160
1872260 160
1872270 161
1872280 161
1872290 161
1872300 161
1872310 161
1872320 161
1872330 161
1872340 161
1872350 160
1872360 159
1872370 159
1872380 161
1872390 161
1872400 161
1872410 161
1872420 161
1872430 161
1872440 161
1872450 160
1872460 160
1872470 160
1872480 160
1872490 160
1872500 161
1872510 161
1872520 161
1872530 161
1872540 161
1872550 161
1872560 161
1872570 162
1872580 162
1872590 162
1872600 162
1872610 162
1872620 162
1872630 162
1872640 162
1872650 161
1872660 161
1872670 161
1872680 160
1872690 160
1872700 160
1872710 160
1872720 160
1872730 160
1872740 160
1872750 160
1872760 160
1872770 160
1872780 160
1872790 160
1872800 160
1872810 160
1872820 160
1872830 160
1872840 160
1872850 160
1872860 160
1872870 160
1872880 160
1872890 160
1872900 160
1872910 160
1872920 160
1872930 160
1872940 160
1872950 160
1872960 160
1872970 160
1872980 160
1872990 160
1873000 160
1873010 160
1873020 160
1873030 160
1873040 159
1873050 159
1873060 160
1873070 159
1873080 160
1873090 159
1873100 159
1873110 159
1873120 159
1873130 159
1873140 159
1873150 159
1873160 160
1873170 160
1873180 159
1873190 160
1873200 160
1873210 160
1873220 160
1873230 160
1873240 160
1873250 160
1873260 160
1873270 160
1873280 160
1873290 160
1873300 160
1873310 160
1873320 160
1873330 161
1873340 161
1873350 161
1873360 161
1873370 161
1873380 161
1873390 162
1873400 162
1873410 162
1873420 162
1873430 163
1873440 163
1873450 163
1873460 163
1873470 163
1873480 164
1873490 164
1873500 164
1873510 164
1873520 165
1873530 165
1873540 165
1873550 165
1873560 165
1873570 165
1873580 166
1873590 166
1873600 166
1873610 166
1873620 167
1873630 167
1873640 167
1873650 168
1873660 168
1873670 168
1873680 169
1873690 169
1873700 169
1873710 169
1873720 169
1873730 169
1873740 170
1873750 171
1873760 171
1873770 171
1873780 171
1873790 171
1873800 172
1873810 172
1873820 172
1873830 172
1873840 172
1873850 172
1873860 172
1873870 173
1873880 173
1873890 173
1873900 173
1873910 173
1873920 173
1873930 173
1873940 173
1873950 173
1873960 173
1873970 173
1873980 173
1873990 173
1874000 173
1874010 173
1874020 173
1874030 173
1874040 173
1874050 173
1874060 173
1874070 173
1874080 173
1874090 173
1874100 173
1874110 173
1874120 173
1874130 173
1874140 173
1874150 173
1874160 173
1874170 173
1874180 173
1874190 173
1874200 173
1874210 173
1874220 174
1874230 174
1874240 174
1874250 174
1874260 174
1874270 174
1874280 174
1874290 174
1874300 174
1874310 174
1874320 174
1874330 174
1874340 174
1874350 174
1874360 174
1874370 174
1874380 174
1874390 174
1874400 174
1874410 174
1874420 174
1874430 174
1874440 174
1874450 174
1874460 173
1874470 173
1874480 173
1874490 173
1874500 173
1874510 173
1874520 173
1874530 173
1874540 173
1874550 173
1874560 173
1874570 173
1874580 173
1874590 173
1874600 173
1874610 173
1874620 173
1874630 173
1874640 173
1874650 173
1874660 173
1874670 173
1874680 173
1874690 173
1874700 173
1874710 173
1874720 172
1874730 172
1874740 172
1874750 172
1874760 172
1874770 172
1874780 172
1874790 171
1874800 171
1874810 171
1874820 171
1874830 171
1874840 171
1874850 171
1874860 171
1874870 170
1874880 170
1874890 170
1874900 170
1874910 169
1874920 169
1874930 169
1874940 169
1874950 169
1874960 169
1874970 168
1874980 168
1874990 168
1875000 168
1875010 168
1875020 168
1875030 168
1875040 168
1875050 168
1875060 168
1875070 168
1875080 168
1875090 168
1875100 167
1875110 167
1875120 167
1875130 167
1875140 167
1875150 167
1875160 167
1875170 167
1875180 167
1875190 167
1875200 167
1875210 167
1875220 167
1875230 167
1875240 167
1875250 167
1875260 167
1875270 167
1875280 167
1875290 166
1875300 166
1875310 166
1875320 166
1875330 166
1875340 166
1875350 166
1875360 166
1875370 166
1875380 166
1875390 166
1875400 166
1875410 166
1875420 166
1875430 166
1875440 166
1875450 166
1875460 166
1875470 166
1875480 166
1875490 166
1875500 166
1875510 166
1875520 166
1875530 166
1875540 166
1875550 166
1875560 166
1875570 166
1875580 166
1875590 166
1875600 166
1875610 166
1875620 166
1875630 166
1875640 166
1875650 166
1875660 166
1875670 166
1875680 166
1875690 166
1875700 166
1875710 166
1875720 166
1875730 166
1875740 166
1875750 165
1875760 165
1875770 165
1875780 165
1875790 165
1875800 165
1875810 165
1875820 165
1875830 165
1875840 165
1875850 165
1875860 165
1875870 164
1875880 164
1875890 164
1875900 164
1875910 164
1875920 164
1875930 164
1875940 164
1875950 164
1875960 164
1875970 164
1875980 164
1875990 164
1876000 164
1876010 164
1876020 164
1876030 163
1876040 163
1876050 163
1876060 163
1876070 163
1876080 163
1876090 163
1876100 163
1876110 163
1876120 163
1876130 163
1876140 163
1876150 163
1876160 163
1876170 163
1876180 163
1876190 163
1876200 163
1876210 163
1876220 163
1876230 163
1876240 163
1876250 163
1876260 163
1876270 163
1876280 163
1876290 163
1876300 163
1876310 163
1876320 163
1876330 163
1876340 163
1876350 163
1876360 163
1876370 163
1876380 163
1876390 163
1876400 163
1876410 163
1876420 163
1876430 163
1876440 163
1876450 163
1876460 163
1876470 163
1876480 163
1876490 163
1876500 163
1876510 163
1876520 163
1876530 163
1876540 163
1876550 163
1876560 162
1876570 162
1876580 162
1876590 162
1876600 162
1876610 162
1876620 162
1876630 162
1876640 162
1876650 162
1876660 162
1876670 162
1876680 162
1876690 162
1876700 162
1876710 162
1876720 162
1876730 162
1876740 162
1876750 162
1876760 162
1876770 162
1876780 162
1876790 162
1876800 162
1876810 162
1876820 161
1876830 161
1876840 161
1876850 161
1876860 161
1876870 161
1876880 161
1876890 161
1876900 161
1876910 161
1876920 161
1876930 161
1876940 162
1876950 162
1876960 162
1876970 162
1876980 162
1876990 162
1877000 161
1877010 161
1877020 161
1877030 161
1877040 161
1877050 161
1877060 161
1877070 161
1877080 161
1877090 161
1877100 161
1877110 161
1877120 161
1877130 161
1877140 161
1877150 161
1877160 161
1877170 161
1877180 161
1877190 161
1877200 160
1877210 160
1877220 160
1877230 160
1877240 160
1877250 160
1877260 160
1877270 160
1877280 160
1877290 160
1877300 160
1877310 160
1877320 160
1877330 160
1877340 160
1877350 160
1877360 160
1877370 160
1877380 160
1877390 160
1877400 160
1877410 160
1877420 160
1877430 160
1877440 160
1877450 159
1877460 159
1877470 159
1877480 159
1877490 159
1877500 159
1877510 159
1877520 159
1877530 159
1877540 159
1877550 159
1877560 159
1877570 159
1877580 159
1877590 159
1877600 159
1877610 159
1877620 159
1877630 159
1877640 159
1877650 159
1877660 158
1877670 158
1877680 158
1877690 158
1877700 158
1877710 158
1877720 158
1877730 158
1877740 158
1877750 158
1877760 157
1877770 157
1877780 157
1877790 157
1877800 157
1877810 157
1877820 158
1877830 158
1877840 158
1877850 158
1877860 158
1877870 158
1877880 158
1877890 158
1877900 158
1877910 158
1877920 159
1877930 159
1877940 159
1877950 159
1877960 159
1877970 159
1877980 159
1877990 159
1878000 159
1878010 159
1878020 159
1878030 159
1878040 159
1878050 159
1878060 159
1878070 159
1878080 159
1878090 159
1878100 159
1878110 159
1878120 159
1878130 160
1878140 160
1878150 160
1878160 160
1878170 160
1878180 160
1878190 160
1878200 160
1878210 161
1878220 161
1878230 161
1878240 161
1878250 161
1878260 161
1878270 161
1878280 162
1878290 162
1878300 162
1878310 162
1878320 162
1878330 162
1878340 163
1878350 163
1878360 163
1878370 163
1878380 163
1878390 164
1878400 164
1878410 164
1878420 164
1878430 164
1878440 164
1878450 164
1878460 164
1878470 164
1878480 164
1878490 164
1878500 165
1878510 164
1878520 164
1878530 160
1878540 158
1878550 158
1878560 159
1878570 159
1878580 159
1878590 159
1878600 159
1878610 159
1878620 158
1878630 158
1878640 158
1878650 158
1878660 158
1878670 158
1878680 158
1878690 157
1878700 157
1878710 157
1878720 159
1878730 159
1878740 160
1878750 160
1878760 160
1878770 160
1878780 160
1878790 160
1878800 159
1878810 159
1878820 159
1878830 159
1878840 157
1878850 157
1878860 157
1878870 157
1878880 157
1878890 157
1878900 158
1878910 158
1878920 158
1878930 159
1878940 159
1878950 162
1878960 161
1878970 161
1878980 161
1878990 162
1879000 162
1879010 162
1879020 162
1879030 162
1879040 163
1879050 163
1879060 163
1879070 164
1879080 164
1879090 162
1879100 163
1879110 163
1879120 164
1879130 164
1879140 164
1879150 164
1879160 164
1879170 164
1879180 164
1879190 164
1879200 164
1879210 164
1879220 164
1879230 164
1879240 164
1879250 164
1879260 164
1879270 164
1879280 164
1879290 164
1879300 164
1879310 164
1879320 164
1879330 164
1879340 164
1879350 164
1879360 164
1879370 164
1879380 164
1879390 164
1879400 164
1879410 164
1879420 164
1879430 164
1879440 164
1879450 163
1879460 163
1879470 163
1879480 163
1879490 163
1879500 163
1879510 163
1879520 163
1879530 163
1879540 162
1879550 162
1879560 162
1879570 162
1879580 162
1879590 162
1879600 162
1879610 162
1879620 162
1879630 162
1879640 162
1879650 162
1879660 162
1879670 162
1879680 162
1879690 162
1879700 162
1879710 162
1879720 162
1879730 162
1879740 162
1879750 162
1879760 162
1879770 162
1879780 162
1879790 162
1879800 162
1879810 162
1879820 162
1879830 162
1879840 162
1879850 162
1879860 162
1879870 162
1879880 162
1879890 162
1879900 162
1879910 162
1879920 162
1879930 162
1879940 162
1879950 161
1879960 161
1879970 161
1879980 161
1879990 161
1860000 174
1860010 174
1860020 174
1860030 174
1860040 174
1860050 174
1860060 174
1860070 174
1860080 174
1860090 174
1860100 174
1860110 174
1860120 174
1860130 174
1860140 174
1860150 174
1860160 174
1860170 174
1860180 174
1860190 174
1860200 174
1860210 174
1860220 174
1860230 174
1860240 174
1860250 174
1860260 174
1860270 174
1860280 174
1860290 174
1860300 174
1860310 174
1860320 175
1860330 175
1860340 175
1860350 175
1860360 175
1860370 175
1860380 174
1860390 174
1860400 174
1860410 175
1860420 175
1860430 175
1860440 174
1860450 174
1860460 174
1860470 174
1860480 175
1860490 175
1860500 175
1860510 175
1860520 175
1860530 175
1860540 175
1860550 175
1860560 175
1860570 175
1860580 175
1860590 175
1860600 175
1860610 175
1860620 175
1860630 175
1860640 175
1860650 176
1860660 176
1860670 176
1860680 176
1860690 176
1860700 176
1860710 176
1860720 176
1860730 176
1860740 176
1860750 176
1860760 176
1860770 176
1860780 176
1860790 176
1860800 176
1860810 176
1860820 176
1860830 176
1860840 176
1860850 176
1860860 176
1860870 176
1860880 176
1860890 176
1860900 176
1860910 176
1860920 176
1860930 176
1860940 176
1860950 176
1860960 176
1860970 175
1860980 175
1860990 175
1861000 175
1861010 175
1861020 175
1861030 175
1861040 175
1861050 175
1861060 175
1861070 175
1861080 175
1861090 175
1861100 176
1861110 176
1861120 177
1861130 176
1861140 176
1861150 175
1861160 175
1861170 175
1861180 175
1861190 175
1861200 175
1861210 175
1861220 175
1861230 175
1861240 175
1861250 175
1861260 175
1861270 176
1861280 176
1861290 175
1861300 176
1861310 176
1861320 176
1861330 176
1861340 176
1861350 177
1861360 177
1861370 177
1861380 178
1861390 178
1861400 178
1861410 178
1861420 178
1861430 178
1861440 178
1861450 179
1861460 179
1861470 178
1861480 176
1861490 176
1861500 178
1861510 178
1861520 178
1861530 178
1861540 179
1861550 179
1861560 179
1861570 180
1861580 180
1861590 180
1861600 180
1861610 180
1861620 180
1861630 181
1861640 181
1861650 181
1861660 181
1861670 181
1861680 181
1861690 180
1861700 180
1861710 180
1861720 180
1861730 180
1861740 180
1861750 180
1861760 180
1861770 181
1861780 181
1861790 181
1861800 181
1861810 181
1861820 181
1861830 181
1861840 181
1861850 181
1861860 181
1861870 181
1861880 181
1861890 181
1861900 181
1861910 181
1861920 181
1861930 181
1861940 181
1861950 181
1861960 181
1861970 181
1861980 182
1861990 182
1862000 182
1862010 182
1862020 182
1862030 182
1862040 182
1862050 182
1862060 183
1862070 183
1862080 183
1862090 184
1862100 184
1862110 184
1862120 184
1862130 184
1862140 184
1862150 185
1862160 185
1862170 185
1862180 185
1862190 185
1862200 185
1862210 185
1862220 185
1862230 185
1862240 185
1862250 186
1862260 186
1862270 186
1862280 187
1862290 187
1862300 188
1862310 189
1862320 189
1862330 189
1862340 190
1862350 190
1862360 191
1862370 191
1862380 191
1862390 192
1862400 192
1862410 192
1862420 192
1862430 192
1862440 192
1862450 192
1862460 192
1862470 192
1862480 192
1862490 192
1862500 192
1862510 192
1862520 191
1862530 191
1862540 190
1862550 189
1862560 189
1862570 189
1862580 189
1862590 189
1862600 188
1862610 189
1862620 189
1862630 189
1862640 189
1862650 190
1862660 191
1862670 191
1862680 192
1862690 193
1862700 193
1862710 194
1862720 195
1862730 195
1862740 196
1862750 197
1862760 197
1862770 197
1862780 198
1862790 198
1862800 199
1862810 199
1862820 199
1862830 199
1862840 200
1862850 200
1862860 200
1862870 200
1862880 200
1862890 200
1862900 200
1862910 200
1862920 200
1862930 200
1862940 200
1862950 201
1862960 201
1862970 201
1862980 201
1862990 201
1863000 201
1863010 201
1863020 202
1863030 202
1863040 202
1863050 202
1863060 202
1863070 203
1863080 203
1863090 203
1863100 203
1863110 204
1863120 204
1863130 204
1863140 204
1863150 204
1863160 205
1863170 205
1863180 205
1863190 205
1863200 205
1863210 205
1863220 205
1863230 206
1863240 206
1863250 206
1863260 206
1863270 206
1863280 206
1863290 206
1863300 206
1863310 206
1863320 206
1863330 207
1863340 207
1863350 207
1863360 207
1863370 207
1863380 207
1863390 207
1863400 207
1863410 207
1863420 207
1863430 208
1863440 208
1863450 208
1863460 208
1863470 208
1863480 208
1863490 208
1863500 208
1863510 208
1863520 208
1863530 208
1863540 208
1863550 207
1863560 207
1863570 206
1863580 206
1863590 206
1863600 206
1863610 205
1863620 205
1863630 205
1863640 204
1863650 204
1863660 202
1863670 200
1863680 200
1863690 201
1863700 201
1863710 201
1863720 202
1863730 202
1863740 202
1863750 205
1863760 205
1863770 205
1863780 207
1863790 209
1863800 209
1863810 211
1863820 212
1863830 212
1863840 213
1863850 214
1863860 214
1863870 215
1863880 216
1863890 216
1863900 217
1863910 217
1863920 217
1863930 219
1863940 220
1863950 220
1863960 220
1863970 221
1863980 221
1863990 221
1864000 221
1864010 222
1864020 223
1864030 223
1864040 223
1864050 224
1864060 224
1864070 224
1864080 225
1864090 225
1864100 226
1864110 226
1864120 226
1864130 227
1864140 228
1864150 228
1864160 228
1864170 229
1864180 229
1864190 229
1864200 230
1864210 230
1864220 231
1864230 231
1864240 230
1864250 231
1864260 231
1864270 231
1864280 231
1864290 232
1864300 232
1864310 232
1864320 232
1864330 232
1864340 232
1864350 233
1864360 233
1864370 233
1864380 234
1864390 234
1864400 234
1864410 235
1864420 235
1864430 235
1864440 235
1864450 235
1864460 236
1864470 236
1864480 236
1864490 237
1864500 237
1864510 237
1864520 238
1864530 238
1864540 238
1864550 238
1864560 239
1864570 239
1864580 238
1864590 238
1864600 238
1864610 238
1864620 239
1864630 239
1864640 239
1864650 240
1864660 240
1864670 240
1864680 240
1864690 240
1864700 240
1864710 240
1864720 240
1864730 241
1864740 241
1864750 241
1864760 241
1864770 241
1864780 242
1864790 242
1864800 242
1864810 242
1864820 242
1864830 242
1864840 242
1864850 242
1864860 242
1864870 243
1864880 243
1864890 243
1864900 243
1864910 243
1864920 243
1864930 243
1864940 243
1864950 243
1864960 243
1864970 243
1864980 243
1864990 243
1865000 243
1865010 243
1865020 244
1865030 244
1865040 244
1865050 244
1865060 245
1865070 245
1865080 245
1865090 245
1865100 245
1865110 245
1865120 245
1865130 245
1865140 245
1865150 245
1865160 245
1865170 245
1865180 245
1865190 245
1865200 246
1865210 245
1865220 245
1865230 246
1865240 246
1865250 246
1865260 246
1865270 245
1865280 245
1865290 246
1865300 246
1865310 246
1865320 246
1865330 246
1865340 246
1865350 245
1865360 245
1865370 245
1865380 245
1865390 245
1865400 245
1865410 245
1865420 245
1865430 245
1865440 245
1865450 245
1865460 245
1865470 245
1865480 245
1865490 245
1865500 245
1865510 245
1865520 246
1865530 246
1865540 246
1865550 246
1865560 246
1865570 246
1865580 246
1865590 247
1865600 247
1865610 246
1865620 246
1865630 246
1865640 246
1865650 246
1865660 246
1865670 246
1865680 246
1865690 246
1865700 246
1865710 247
1865720 247
1865730 247
1865740 247
1865750 247
1865760 247
1865770 246
1865780 246
1865790 247
1865800 247
1865810 247
1865820 247
1865830 247
1865840 247
1865850 247
1865860 247
1865870 247
1865880 247
1865890 247
1865900 247
1865910 247
1865920 247
1865930 247
1865940 247
1865950 247
1865960 247
1865970 247
1865980 247
1865990 247
1866000 247
1866010 247
1866020 247
1866030 247
1866040 247
1866050 247
1866060 247
1866070 247
1866080 247
1866090 247
1866100 247
1866110 247
1866120 247
1866130 247
1866140 247
1866150 247
1866160 247
1866170 247
1866180 247
1866190 247
1866200 247
1866210 246
1866220 246
1866230 246
1866240 246
1866250 246
1866260 246
1866270 246
1866280 246
1866290 245
1866300 245
1866310 245
1866320 244
1866330 244
1866340 244
1866350 244
1866360 243
1866370 243
1866380 243
1866390 243
1866400 243
1866410 242
1866420 242
1866430 242
1866440 241
1866450 241
1866460 241
1866470 240
1866480 240
1866490 240
1866500 240
1866510 239
1866520 239
1866530 238
1866540 238
1866550 238
1866560 237
1866570 237
1866580 237
1866590 236
1866600 236
1866610 236
1866620 235
1866630 234
1866640 234
1866650 234
1866660 233
1866670 233
1866680 232
1866690 231
1866700 231
1866710 231
1866720 230
1866730 230
1866740 229
1866750 229
1866760 228
1866770 228
1866780 228
1866790 227
1866800 226
1866810 226
1866820 225
1866830 225
1866840 225
1866850 224
1866860 224
1866870 224
1866880 224
1866890 223
1866900 223
1866910 223
1866920 223
1866930 223
1866940 222
1866950 222
1866960 222
1866970 222
1866980 221
1866990 221
1867000 220
1867010 220
1867020 220
1867030 219
1867040 218
1867050 218
1867060 218
1867070 217
1867080 217
1867090 216
1867100 216
1867110 216
1867120 215
1867130 214
1867140 214
1867150 214
1867160 213
1867170 213
1867180 212
1867190 212
1867200 212
1867210 211
1867220 211
1867230 211
1867240 210
1867250 210
1867260 210
1867270 209
1867280 209
1867290 209
1867300 208
1867310 208
1867320 208
1867330 207
1867340 207
1867350 207
1867360 206
1867370 206
1867380 206
1867390 205
1867400 205
1867410 205
1867420 204
1867430 204
1867440 204
1867450 203
1867460 203
1867470 202
1867480 202
1867490 202
1867500 201
1867510 201
1867520 201
1867530 200
1867540 200
1867550 200
1867560 199
1867570 198
1867580 198
1867590 198
1867600 197
1867610 197
1867620 196
1867630 196
1867640 196
1867650 195
1867660 194
1867670 193
1867680 193
1867690 192
1867700 192
1867710 191
1867720 191
1867730 191
1867740 190
1867750 189
1867760 189
1867770 188
1867780 187
1867790 187
1867800 187
1867810 186
1867820 186
1867830 186
1867840 185
1867850 185
1867860 185
1867870 184
1867880 184
1867890 184
1867900 183
1867910 183
1867920 183
1867930 183
1867940 183
1867950 182
1867960 182
1867970 182
1867980 181
1867990 181
1868000 181
1868010 180
1868020 180
1868030 180
1868040 179
1868050 179
1868060 179
1868070 179
1868080 178
1868090 178
1868100 178
1868110 178
1868120 178
1868130 177
1868140 177
1868150 177
1868160 176
1868170 176
1868180 175
1868190 174
1868200 174
1868210 173
1868220 173
1868230 173
1868240 171
1868250 171
1868260 171
1868270 171
1868280 172
1868290 172
1868300 174
1868310 176
1868320 176
1868330 176
1868340 177
1868350 176
1868360 176
1868370 176
1868380 176
1868390 175
1868400 174
1868410 174
1868420 176
1868430 176
1868440 176
1868450 176
1868460 177
1868470 177
1868480 176
1868490 176
1868500 176
1868510 176
1868520 177
1868530 177
1868540 177
1868550 178
1868560 178
1868570 178
1868580 178
1868590 178
1868600 178
1868610 178
1868620 178
1868630 178
1868640 177
1868650 177
1868660 177
1868670 177
1868680 177
1868690 177
1868700 177
1868710 177
1868720 176
1868730 176
1868740 176
1868750 175
1868760 174
1868770 174
1868780 172
1868790 172
1868800 172
1868810 170
1868820 170
1868830 168
1868840 168
1868850 168
1868860 167
1868870 167
1868880 167
1868890 168
1868900 166
1868910 166
1868920 166
1868930 166
1868940 166
1868950 166
1868960 166
1868970 166
1868980 166
1868990 167
1869000 167
1869010 168
1869020 168
1869030 167
1869040 166
1869050 167
1869060 167
1869070 167
1869080 167
1869090 167
1869100 167
1869110 167
1869120 167
1869130 167
1869140 168
1869150 168
1869160 167
1869170 167
1869180 167
1869190 167
1869200 167
1869210 167
1869220 166
1869230 166
1869240 166
1869250 165
1869260 165
1869270 165
1869280 165
1869290 166
1869300 166
1869310 166
1869320 166
1869330 166
1869340 165
1869350 165
1869360 165
1869370 164
1869380 164
1869390 164
1869400 164
1869410 164
1869420 164
1869430 164
1869440 164
1869450 164
1869460 164
1869470 164
1869480 164
1869490 164
1869500 164
1869510 164
1869520 164
1869530 164
1869540 164
1869550 163
1869560 163
1869570 163
1869580 163
1869590 163
1869600 163
1869610 163
1869620 163
1869630 163
1869640 163
1869650 163
1869660 163
1869670 163
1869680 163
1869690 163
1869700 163
1869710 163
1869720 163
1869730 163
1869740 163
1869750 163
1869760 163
1869770 163
1869780 162
1869790 162
1869800 162
1869810 162
1869820 162
1869830 162
1869840 162
1869850 162
1869860 162
1869870 162
1869880 162
1869890 162
1869900 162
1869910 162
1869920 162
1869930 162
1869940 162
1869950 162
1869960 162
1869970 162
1869980 162
1869990 162
1870000 162
1870010 162
1870020 162
1870030 162
1870040 162
1870050 162
1870060 162
1870070 162
1870080 162
1870090 162
1870100 162
1870110 162
1870120 162
1870130 162
1870140 162
1870150 162
1870160 162
1870170 162
1870180 162
1870190 162
1870200 162
1870210 162
1870220 162
1870230 162
1870240 162
1870250 162
1870260 162
1870270 162
1870280 162
1870290 162
1870300 162
1870310 162
1870320 162
1870330 162
1870340 162
1870350 162
1870360 162
1870370 162
1870380 162
1870390 162
1870400 162
1870410 162
1870420 162
1870430 162
1870440 162
1870450 162
1870460 162
1870470 162
1870480 162
1870490 162
1870500 162
1870510 162
1870520 162
1870530 161
1870540 161
1870550 161
1870560 161
1870570 161
1870580 161
1870590 161
1870600 161
1870610 161
1870620 161
1870630 161
1870640 161
1870650 161
1870660 161
1870670 161
1870680 161
1870690 161
1870700 161
1870710 161
1870720 161
1870730 161
1870740 161
1870750 161
1870760 161
1870770 161
1870780 161
1870790 161
1870800 161
1870810 161
1870820 161
1870830 161
1870840 161
1870850 161
1870860 161
1870870 161
1870880 161
1870890 161
1870900 161
1870910 161
1870920 161
1870930 161
1870940 161
1870950 161
1870960 161
1870970 161
1870980 161
1870990 161
1871000 161
1871010 161
1871020 161
1871030 161
1871040 161
1871050 161
1871060 161
1871070 161
1871080 161
1871090 161
1871100 161
1871110 161
1871120 161
1871130 161
1871140 161
1871150 161
1871160 161
1871170 161
1871180 161
1871190 161
1871200 161
1871210 161
1871220 161
1871230 161
1871240 161
1871250 161
1871260 161
1871270 161
1871280 161
1871290 161
1871300 161
1871310 161
1871320 161
1871330 161
1871340 161
1871350 161
1871360 161
1871370 161
1871380 161
1871390 161
1871400 161
1871410 161
1871420 161
1871430 161
1871440 161
1871450 161
1871460 161
1871470 161
1871480 161
1871490 161
1871500 161
1871510 162
1871520 162
1871530 161
1871540 161
1871550 161
1871560 161
1871570 161
1871580 161
1871590 161
1871600 161
1871610 161
1871620 161
1871630 161
1871640 161
1871650 161
1871660 161
1871670 161
1871680 161
1871690 161
1871700 161
1871710 161
1871720 161
1871730 161
1871740 161
1871750 161
1871760 161
1871770 161
1871780 161
1871790 161
1871800 161
1871810 161
1871820 161
1871830 161
1871840 161
1871850 161
1871860 161
1871870 161
1871880 161
1871890 161
1871900 161
1871910 161
1871920 161
1871930 161
1871940 161
1871950 161
1871960 161
1871970 161
1871980 161
1871990 161
1872000 160
1872010 160
1872020 160
1872030 160
1872040 160
1872050 160
1872060 160
1872070 160
1872080 160
1872090 160
1872100 160
1872110 160
1872120 160
1872130 160
1872140 160
1872150 160
1872160 160
1872170 160
1872180 160
1872190 160
1872200 160
1872210 160
1872220 160
1872230 160
1872240 160
1872250 160
1872260 160
1872270 161
1872280 161
1872290 161
1872300 161
1872310 161
1872320 161
1872330 161
1872340 161
1872350 160
1872360 159
1872370 159
1872380 161
1872390 161
1872400 161
1872410 161
1872420 161
1872430 161
1872440 161
1872450 160
1872460 160
1872470 160
1872480 160
1872490 160
1872500 161
1872510 161
1872520 161
1872530 161
1872540 161
1872550 161
1872560 161
1872570 162
1872580 162
1872590 162
1872600 162
1872610 162
1872620 162
1872630 162
1872640 162
1872650 161
1872660 161
1872670 161
1872680 160
1872690 160
1872700 160
1872710 160
1872720 160
1872730 160
1872740 160
1872750 160
1872760 160
1872770 160
1872780 160
1872790 160
1872800 160
1872810 160
1872820 160
1872830 160
1872840 160
1872850 160
1872860 160
1872870 160
1872880 160
1872890 160
1872900 160
1872910 160
1872920 160
1872930 160
1872940 160
1872950 160
1872960 160
1872970 160
1872980 160
1872990 160
1873000 160
1873010 160
1873020 160
1873030 160
1873040 159
1873050 159
1873060 160
1873070 159
1873080 160
1873090 159
1873100 159
1873110 159
1873120 159
1873130 159
1873140 159
1873150 159
1873160 160
1873170 160
1873180 159
1873190 160
1873200 160
1873210 160
1873220 160
1873230 160
1873240 160
1873250 160
1873260 160
1873270 160
1873280 160
1873290 160
1873300 160
1873310 160
1873320 160
1873330 161
1873340 161
1873350 161
1873360 161
1873370 161
1873380 161
1873390 162
1873400 162
1873410 162
1873420 162
1873430 163
1873440 163
1873450 163
1873460 163
1873470 163
1873480 164
1873490 164
1873500 164
1873510 164
1873520 165
1873530 165
1873540 165
1873550 165
1873560 165
1873570 165
1873580 166
1873590 166
1873600 166
1873610 166
1873620 167
1873630 167
1873640 167
1873650 168
1873660 168
1873670 168
1873680 169
1873690 169
1873700 169
1873710 169
1873720 169
1873730 169
1873740 170
1873750 171
1873760 171
1873770 171
1873780 171
1873790 171
1873800 172
1873810 172
1873820 172
1873830 172
1873840 172
1873850 172
1873860 172
1873870 173
1873880 173
1873890 173
1873900 173
1873910 173
1873920 173
1873930 173
1873940 173
1873950 173
1873960 173
1873970 173
1873980 173
1873990 173
1874000 173
1874010 173
1874020 173
1874030 173
1874040 173
1874050 173
1874060 173
1874070 173
1874080 173
1874090 173
1874100 173
1874110 173
1874120 173
1874130 173
1874140 173
1874150 173
1874160 173
1874170 173
1874180 173
1874190 173
1874200 173
1874210 173
1874220 174
1874230 174
1874240 174
1874250 174
1874260 174
1874270 174
1874280 174
1874290 174
1874300 174
1874310 174
1874320 174
1874330 174
1874340 174
1874350 174
1874360 174
1874370 174
1874380 174
1874390 174
1874400 174
1874410 174
1874420 174
1874430 174
1874440 174
1874450 174
1874460 173
1874470 173
1874480 173
1874490 173
1874500 173
1874510 173
1874520 173
1874530 173
1874540 173
1874550 173
1874560 173
1874570 173
1874580 173
1874590 173
1874600 173
1874610 173
1874620 173
1874630 173
1874640 173
1874650 173
1874660 173
1874670 173
1874680 173
1874690 173
1874700 173
1874710 173
1874720 172
1874730 172
1874740 172
1874750 172
1874760 172
1874770 172
1874780 172
1874790 171
1874800 171
1874810 171
1874820 171
1874830 171
1874840 171
1874850 171
1874860 171
1874870 170
1874880 170
1874890 170
1874900 170
1874910 169
1874920 169
1874930 169
1874940 169
1874950 169
1874960 169
1874970 168
1874980 168
1874990 168
1875000 168
1875010 168
1875020 168
1875030 168
1875040 168
1875050 168
1875060 168
1875070 168
1875080 168
1875090 168
1875100 167
1875110 167
1875120 167
1875130 167
1875140 167
1875150 167
1875160 167
1875170 167
1875180 167
1875190 167
1875200 167
1875210 167
1875220 167
1875230 167
1875240 167
1875250 167
1875260 167
1875270 167
1875280 167
1875290 166
1875300 166
1875310 166
1875320 166
1875330 166
1875340 166
1875350 166
1875360 166
1875370 166
1875380 166
1875390 166
1875400 166
1875410 166
1875420 166
1875430 166
1875440 166
1875450 166
1875460 166
1875470 166
1875480 166
1875490 166
1875500 166
1875510 166
1875520 166
1875530 166
1875540 166
1875550 166
1875560 166
1875570 166
1875580 166
1875590 166
1875600 166
1875610 166
1875620 166
1875630 166
1875640 166
1875650 166
1875660 166
1875670 166
1875680 166
1875690 166
1875700 166
1875710 166
1875720 166
1875730 166
1875740 166
1875750 165
1875760 165
1875770 165
1875780 165
1875790 165
1875800 165
1875810 165
1875820 165
1875830 165
1875840 165
1875850 165
1875860 165
1875870 164
1875880 164
1875890 164
1875900 164
1875910 164
1875920 164
1875930 164
1875940 164
1875950 164
1875960 164
1875970 164
1875980 164
1875990 164
1876000 164
1876010 164
1876020 164
1876030 163
1876040 163
1876050 163
1876060 163
1876070 163
1876080 163
1876090 163
1876100 163
1876110 163
1876120 163
1876130 163
1876140 163
1876150 163
1876160 163
1876170 163
1876180 163
1876190 163
1876200 163
1876210 163
1876220 163
1876230 163
1876240 163
1876250 163
1876260 163
1876270 163
1876280 163
1876290 163
1876300 163
1876310 163
1876320 163
1876330 163
1876340 163
1876350 163
1876360 163
1876370 163
1876380 163
1876390 163
1876400 163
1876410 163
1876420 163
1876430 163
1876440 163
1876450 163
1876460 163
1876470 163
1876480 163
1876490 163
1876500 163
1876510 163
1876520 163
1876530 163
1876540 163
1876550 163
1876560 162
1876570 162
1876580 162
1876590 162
1876600 162
1876610 162
1876620 162
1876630 162
1876640 162
1876650 162
1876660 162
1876670 162
1876680 162
1876690 162
1876700 162
1876710 162
1876720 162
1876730 162
1876740 162
1876750 162
1876760 162
1876770 162
1876780 162
1876790 162
1876800 162
1876810 162
1876820 161
1876830 161
1876840 161
1876850 161
1876860 161
1876870 161
1876880 161
1876890 161
1876900 161
1876910 161
1876920 161
1876930 161
1876940 162
1876950 162
1876960 162
1876970 162
1876980 162
1876990 162
1877000 161
1877010 161
1877020 161
1877030 161
1877040 161
1877050 161
1877060 161
1877070 161
1877080 161
1877090 161
1877100 161
1877110 161
1877120 161
1877130 161
1877140 161
1877150 161
1877160 161
1877170 161
1877180 161
1877190 161
1877200 160
1877210 160
1877220 160
1877230 160
1877240 160
1877250 160
1877260 160
1877270 160
1877280 160
1877290 160
1877300 160
1877310 160
1877320 160
1877330 160
1877340 160
1877350 160
1877360 160
1877370 160
1877380 160
1877390 160
1877400 160
1877410 160
1877420 160
1877430 160
1877440 160
1877450 159
1877460 159
1877470 159
1877480 159
1877490 159
1877500 159
1877510 159
1877520 159
1877530 159
1877540 159
1877550 159
1877560 159
1877570 159
1877580 159
1877590 159
1877600 159
1877610 159
1877620 159
1877630 159
1877640 159
1877650 159
1877660 158
1877670 158
1877680 158
1877690 158
1877700 158
1877710 158
1877720 158
1877730 158
1877740 158
1877750 158
1877760 157
1877770 157
1877780 157
1877790 157
1877800 157
1877810 157
1877820 158
1877830 158
1877840 158
1877850 158
1877860 158
1877870 158
1877880 158
1877890 158
1877900 158
1877910 158
1877920 159
1877930 159
1877940 159
1877950 159
1877960 159
1877970 159
1877980 159
1877990 159
1878000 159
1878010 159
1878020 159
1878030 159
1878040 159
1878050 159
1878060 159
1878070 159
1878080 159
1878090 159
1878100 159
1878110 159
1878120 159
1878130 160
1878140 160
1878150 160
1878160 160
1878170 160
1878180 160
1878190 160
1878200 160
1878210 161
1878220 161
1878230 161
1878240 161
1878250 161
1878260 161
1878270 161
1878280 162
1878290 162
1878300 162
1878310 162
1878320 162
1878330 162
1878340 163
1878350 163
1878360 163
1878370 163
1878380 163
1878390 164
1878400 164
1878410 164
1878420 164
1878430 164
1878440 164
1878450 164
1878460 164
1878470 164
1878480 164
1878490 164
1878500 165
1878510 164
1878520 164
1878530 160
1878540 158
1878550 158
1878560 159
1878570 159
1878580 159
1878590 159
1878600 159
1878610 159
1878620 158
1878630 158
1878640 158
1878650 158
1878660 158
1878670 158
1878680 158
1878690 157
1878700 157
1878710 157
1878720 159
1878730 159
1878740 160
1878750 160
1878760 160
1878770 160
1878780 160
1878790 160
1878800 159
1878810 159
1878820 159
1878830 159
1878840 157
1878850 157
1878860 157
1878870 157
1878880 157
1878890 157
1878900 158
1878910 158
1878920 158
1878930 159
1878940 159
1878950 162
1878960 161
1878970 161
1878980 161
1878990 162
1879000 162
1879010 162
1879020 162
1879030 162
1879040 163
1879050 163
1879060 163
1879070 164
1879080 164
1879090 162
1879100 163
1879110 163
1879120 164
1879130 164
1879140 164
1879150 164
1879160 164
1879170 164
1879180 164
1879190 164
1879200 164
1879210 164
1879220 164
1879230 164
1879240 164
1879250 164
1879260 164
1879270 164
1879280 164
1879290 164
1879300 164
1879310 164
1879320 164
1879330 164
1879340 164
1879350 164
1879360 164
1879370 164
1879380 164
1879390 164
1879400 164
1879410 164
1879420 164
1879430 164
1879440 164
1879450 163
1879460 163
1879470 163
1879480 163
1879490 163
1879500 163
1879510 163
1879520 163
1879530 163
1879540 162
1879550 162
1879560 162
1879570 162
1879580 162
1879590 162
1879600 162
1879610 162
1879620 162
1879630 162
1879640 162
1879650 162
1879660 162
1879670 162
1879680 162
1879690 162
1879700 162
1879710 162
1879720 162
1879730 162
1879740 162
1879750 162
1879760 162
1879770 162
1879780 162
1879790 162
1879800 162
1879810 162
1879820 162
1879830 162
1879840 162
1879850 162
1879860 162
1879870 162
1879880 162
1879890 162
1879900 162
1879910 162
1879920 162
1879930 162
1879940 162
1879950 161
1879960 161
1879970 161
1879980 161
1879990 161
