1860000 175
1860010 175
1860020 175
1860030 175
1860040 173
1860050 173
1860060 173
1860070 174
1860080 175
1860090 175
1860100 174
1860110 174
1860120 174
1860130 174
1860140 174
1860150 174
1860160 174
1860170 174
1860180 174
1860190 174
1860200 174
1860210 174
1860220 174
1860230 174
1860240 174
1860250 174
1860260 174
1860270 174
1860280 174
1860290 174
1860300 174
1860310 175
1860320 174
1860330 174
1860340 175
1860350 174
1860360 174
1860370 174
1860380 174
1860390 174
1860400 174
1860410 174
1860420 174
1860430 174
1860440 174
1860450 174
1860460 174
1860470 174
1860480 174
1860490 174
1860500 174
1860510 174
1860520 174
1860530 174
1860540 174
1860550 174
1860560 174
1860570 174
1860580 174
1860590 174
1860600 174
1860610 175
1860620 175
1860630 174
1860640 174
1860650 174
1860660 174
1860670 174
1860680 174
1860690 174
1860700 174
1860710 174
1860720 174
1860730 174
1860740 174
1860750 174
1860760 174
1860770 174
1860780 174
1860790 174
1860800 174
1860810 174
1860820 174
1860830 174
1860840 174
1860850 174
1860860 174
1860870 175
1860880 175
1860890 175
1860900 175
1860910 175
1860920 175
1860930 175
1860940 175
1860950 175
1860960 175
1860970 175
1860980 175
1860990 175
1861000 175
1861010 175
1861020 175
1861030 175
1861040 175
1861050 175
1861060 175
1861070 175
1861080 175
1861090 175
1861100 175
1861110 175
1861120 175
1861130 175
1861140 175
1861150 175
1861160 175
1861170 175
1861180 175
1861190 175
1861200 175
1861210 175
1861220 175
1861230 175
1861240 175
1861250 175
1861260 175
1861270 175
1861280 175
1861290 175
1861300 175
1861310 175
1861320 175
1861330 175
1861340 175
1861350 175
1861360 175
1861370 175
1861380 175
1861390 175
1861400 175
1861410 175
1861420 175
1861430 174
1861440 175
1861450 175
1861460 175
1861470 175
1861480 175
1861490 175
1861500 175
1861510 175
1861520 175
1861530 175
1861540 175
1861550 175
1861560 175
1861570 175
1861580 175
1861590 174
1861600 174
1861610 174
1861620 175
1861630 175
1861640 175
1861650 175
1861660 175
1861670 175
1861680 175
1861690 175
1861700 175
1861710 174
1861720 174
1861730 175
1861740 174
1861750 174
1861760 174
1861770 174
1861780 174
1861790 174
1861800 174
1861810 174
1861820 174
1861830 174
1861840 175
1861850 174
1861860 174
1861870 175
1861880 176
1861890 176
1861900 177
1861910 177
1861920 177
1861930 177
1861940 179
1861950 179
1861960 180
1861970 180
1861980 180
1861990 180
1862000 179
1862010 179
1862020 180
1862030 180
1862040 180
1862050 181
1862060 181
1862070 181
1862080 181
1862090 182
1862100 182
1862110 182
1862120 182
1862130 182
1862140 182
1862150 182
1862160 182
1862170 182
1862180 182
1862190 182
1862200 182
1862210 183
1862220 183
1862230 183
1862240 184
1862250 184
1862260 184
1862270 185
1862280 185
1862290 186
1862300 186
1862310 186
1862320 187
1862330 187
1862340 187
1862350 188
1862360 188
1862370 188
1862380 188
1862390 188
1862400 188
1862410 188
1862420 188
1862430 187
1862440 187
1862450 187
1862460 187
1862470 186
1862480 186
1862490 186
1862500 186
1862510 186
1862520 185
1862530 185
1862540 185
1862550 185
1862560 185
1862570 185
1862580 186
1862590 186
1862600 186
1862610 187
1862620 188
1862630 188
1862640 188
1862650 189
1862660 189
1862670 190
1862680 191
1862690 191
1862700 192
1862710 193
1862720 193
1862730 194
1862740 194
1862750 194
1862760 195
1862770 195
1862780 195
1862790 195
1862800 196
1862810 196
1862820 196
1862830 196
1862840 196
1862850 196
1862860 196
1862870 196
1862880 196
1862890 196
1862900 196
1862910 196
1862920 196
1862930 196
1862940 197
1862950 197
1862960 197
1862970 197
1862980 197
1862990 197
1863000 198
1863010 198
1863020 198
1863030 198
1863040 199
1863050 199
1863060 199
1863070 199
1863080 199
1863090 199
1863100 200
1863110 200
1863120 199
1863130 199
1863140 199
1863150 199
1863160 199
1863170 200
1863180 200
1863190 200
1863200 199
1863210 199
1863220 199
1863230 199
1863240 199
1863250 199
1863260 199
1863270 200
1863280 200
1863290 200
1863300 200
1863310 200
1863320 200
1863330 201
1863340 201
1863350 200
1863360 200
1863370 200
1863380 200
1863390 200
1863400 200
1863410 200
1863420 200
1863430 200
1863440 200
1863450 200
1863460 200
1863470 199
1863480 199
1863490 199
1863500 198
1863510 197
1863520 197
1863530 195
1863540 197
1863550 197
1863560 200
1863570 201
1863580 201
1863590 202
1863600 203
1863610 203
1863620 205
1863630 206
1863640 206
1863650 207
1863660 208
1863670 208
1863680 209
1863690 210
1863700 210
1863710 211
1863720 212
1863730 212
1863740 212
1863750 213
1863760 213
1863770 213
1863780 214
1863790 214
1863800 214
1863810 215
1863820 215
1863830 215
1863840 215
1863850 215
1863860 216
1863870 216
1863880 216
1863890 216
1863900 216
1863910 217
1863920 217
1863930 217
1863940 218
1863950 218
1863960 218
1863970 218
1863980 218
1863990 218
1864000 218
1864010 219
1864020 219
1864030 219
1864040 220
1864050 220
1864060 220
1864070 221
1864080 221
1864090 221
1864100 222
1864110 222
1864120 222
1864130 222
1864140 222
1864150 223
1864160 222
1864170 222
1864180 223
1864190 223
1864200 223
1864210 223
1864220 223
1864230 223
1864240 223
1864250 223
1864260 223
1864270 223
1864280 224
1864290 224
1864300 224
1864310 224
1864320 224
1864330 224
1864340 225
1864350 225
1864360 225
1864370 226
1864380 226
1864390 226
1864400 226
1864410 226
1864420 227
1864430 227
1864440 227
1864450 228
1864460 229
1864470 229
1864480 229
1864490 229
1864500 229
1864510 229
1864520 229
1864530 229
1864540 230
1864550 230
1864560 230
1864570 231
1864580 231
1864590 231
1864600 231
1864610 231
1864620 232
1864630 232
1864640 232
1864650 232
1864660 232
1864670 232
1864680 232
1864690 233
1864700 233
1864710 233
1864720 234
1864730 234
1864740 234
1864750 234
1864760 234
1864770 234
1864780 234
1864790 234
1864800 234
1864810 234
1864820 234
1864830 235
1864840 235
1864850 234
1864860 235
1864870 235
1864880 235
1864890 235
1864900 236
1864910 236
1864920 236
1864930 236
1864940 236
1864950 237
1864960 237
1864970 237
1864980 237
1864990 238
1865000 238
1865010 238
1865020 238
1865030 238
1865040 239
1865050 239
1865060 239
1865070 239
1865080 239
1865090 239
1865100 239
1865110 239
1865120 239
1865130 239
1865140 240
1865150 240
1865160 240
1865170 240
1865180 240
1865190 239
1865200 239
1865210 239
1865220 239
1865230 239
1865240 240
1865250 240
1865260 240
1865270 239
1865280 240
1865290 240
1865300 240
1865310 240
1865320 240
1865330 239
1865340 239
1865350 239
1865360 239
1865370 239
1865380 239
1865390 239
1865400 239
1865410 239
1865420 239
1865430 239
1865440 239
1865450 239
1865460 239
1865470 239
1865480 239
1865490 240
1865500 240
1865510 240
1865520 240
1865530 240
1865540 240
1865550 240
1865560 240
1865570 240
1865580 240
1865590 240
1865600 240
1865610 240
1865620 240
1865630 240
1865640 240
1865650 240
1865660 241
1865670 241
1865680 241
1865690 241
1865700 241
1865710 241
1865720 241
1865730 241
1865740 241
1865750 241
1865760 241
1865770 241
1865780 241
1865790 241
1865800 241
1865810 241
1865820 242
1865830 242
1865840 242
1865850 242
1865860 242
1865870 242
1865880 242
1865890 242
1865900 242
1865910 242
1865920 242
1865930 242
1865940 242
1865950 242
1865960 242
1865970 242
1865980 242
1865990 242
1866000 242
1866010 242
1866020 242
1866030 242
1866040 242
1866050 242
1866060 242
1866070 242
1866080 242
1866090 242
1866100 242
1866110 242
1866120 242
1866130 242
1866140 242
1866150 242
1866160 242
1866170 242
1866180 242
1866190 242
1866200 242
1866210 242
1866220 242
1866230 241
1866240 241
1866250 241
1866260 241
1866270 241
1866280 241
1866290 240
1866300 240
1866310 240
1866320 240
1866330 240
1866340 240
1866350 239
1866360 239
1866370 239
1866380 239
1866390 239
1866400 238
1866410 238
1866420 238
1866430 238
1866440 237
1866450 237
1866460 237
1866470 237
1866480 237
1866490 236
1866500 236
1866510 236
1866520 236
1866530 235
1866540 235
1866550 235
1866560 233
1866570 233
1866580 233
1866590 233
1866600 232
1866610 232
1866620 232
1866630 231
1866640 231
1866650 231
1866660 231
1866670 231
1866680 231
1866690 230
1866700 230
1866710 230
1866720 229
1866730 229
1866740 229
1866750 228
1866760 228
1866770 228
1866780 228
1866790 227
1866800 227
1866810 227
1866820 226
1866830 226
1866840 225
1866850 225
1866860 225
1866870 225
1866880 224
1866890 224
1866900 223
1866910 222
1866920 222
1866930 222
1866940 221
1866950 221
1866960 220
1866970 220
1866980 220
1866990 219
1867000 219
1867010 219
1867020 218
1867030 217
1867040 217
1867050 217
1867060 216
1867070 216
1867080 215
1867090 215
1867100 215
1867110 214
1867120 213
1867130 213
1867140 212
1867150 212
1867160 212
1867170 211
1867180 210
1867190 210
1867200 210
1867210 209
1867220 209
1867230 209
1867240 208
1867250 208
1867260 207
1867270 207
1867280 207
1867290 206
1867300 206
1867310 206
1867320 205
1867330 205
1867340 205
1867350 204
1867360 204
1867370 203
1867380 203
1867390 203
1867400 202
1867410 201
1867420 201
1867430 201
1867440 200
1867450 200
1867460 199
1867470 199
1867480 199
1867490 198
1867500 197
1867510 197
1867520 196
1867530 195
1867540 195
1867550 194
1867560 194
1867570 194
1867580 192
1867590 191
1867600 191
1867610 191
1867620 190
1867630 190
1867640 189
1867650 189
1867660 189
1867670 188
1867680 188
1867690 188
1867700 187
1867710 187
1867720 187
1867730 186
1867740 186
1867750 186
1867760 185
1867770 185
1867780 185
1867790 185
1867800 184
1867810 184
1867820 184
1867830 184
1867840 184
1867850 183
1867860 183
1867870 183
1867880 183
1867890 182
1867900 182
1867910 182
1867920 181
1867930 181
1867940 181
1867950 180
1867960 180
1867970 180
1867980 180
1867990 179
1868000 178
1868010 178
1868020 176
1868030 175
1868040 175
1868050 174
1868060 174
1868070 174
1868080 173
1868090 173
1868100 173
1868110 172
1868120 172
1868130 172
1868140 172
1868150 172
1868160 172
1868170 171
1868180 171
1868190 171
1868200 170
1868210 170
1868220 170
1868230 171
1868240 170
1868250 170
1868260 168
1868270 168
1868280 168
1868290 167
1868300 168
1868310 168
1868320 167
1868330 167
1868340 167
1868350 167
1868360 167
1868370 167
1868380 166
1868390 166
1868400 166
1868410 166
1868420 166
1868430 166
1868440 166
1868450 166
1868460 166
1868470 165
1868480 165
1868490 165
1868500 165
1868510 165
1868520 165
1868530 165
1868540 165
1868550 165
1868560 165
1868570 165
1868580 165
1868590 165
1868600 165
1868610 165
1868620 165
1868630 165
1868640 165
1868650 165
1868660 165
1868670 165
1868680 165
1868690 165
1868700 165
1868710 165
1868720 165
1868730 165
1868740 165
1868750 165
1868760 165
1868770 165
1868780 165
1868790 165
1868800 165
1868810 165
1868820 165
1868830 165
1868840 165
1868850 165
1868860 165
1868870 165
1868880 165
1868890 165
1868900 165
1868910 166
1868920 166
1868930 166
1868940 166
1868950 166
1868960 166
1868970 165
1868980 165
1868990 165
1869000 165
1869010 165
1869020 165
1869030 165
1869040 165
1869050 165
1869060 165
1869070 165
1869080 165
1869090 165
1869100 165
1869110 165
1869120 165
1869130 165
1869140 165
1869150 164
1869160 164
1869170 164
1869180 164
1869190 164
1869200 164
1869210 164
1869220 164
1869230 164
1869240 164
1869250 164
1869260 164
1869270 164
1869280 164
1869290 164
1869300 164
1869310 164
1869320 164
1869330 164
1869340 164
1869350 164
1869360 164
1869370 164
1869380 164
1869390 164
1869400 164
1869410 164
1869420 164
1869430 164
1869440 164
1869450 164
1869460 164
1869470 164
1869480 164
1869490 164
1869500 164
1869510 164
1869520 164
1869530 164
1869540 164
1869550 164
1869560 164
1869570 163
1869580 163
1869590 163
1869600 163
1869610 163
1869620 163
1869630 163
1869640 163
1869650 163
1869660 163
1869670 163
1869680 163
1869690 162
1869700 162
1869710 163
1869720 163
1869730 163
1869740 162
1869750 162
1869760 162
1869770 162
1869780 162
1869790 162
1869800 162
1869810 162
1869820 162
1869830 162
1869840 162
1869850 162
1869860 162
1869870 162
1869880 162
1869890 162
1869900 162
1869910 162
1869920 162
1869930 162
1869940 162
1869950 162
1869960 162
1869970 162
1869980 162
1869990 162
1870000 162
1870010 162
1870020 162
1870030 162
1870040 162
1870050 162
1870060 162
1870070 162
1870080 162
1870090 162
1870100 162
1870110 162
1870120 162
1870130 162
1870140 162
1870150 162
1870160 162
1870170 162
1870180 162
1870190 162
1870200 162
1870210 162
1870220 162
1870230 162
1870240 162
1870250 162
1870260 162
1870270 162
1870280 162
1870290 162
1870300 162
1870310 162
1870320 162
1870330 162
1870340 162
1870350 162
1870360 162
1870370 162
1870380 162
1870390 162
1870400 162
1870410 162
1870420 162
1870430 162
1870440 162
1870450 162
1870460 162
1870470 162
1870480 162
1870490 162
1870500 162
1870510 162
1870520 162
1870530 162
1870540 162
1870550 162
1870560 162
1870570 162
1870580 162
1870590 162
1870600 161
1870610 161
1870620 161
1870630 161
1870640 161
1870650 161
1870660 161
1870670 161
1870680 161
1870690 161
1870700 161
1870710 161
1870720 161
1870730 161
1870740 161
1870750 161
1870760 161
1870770 161
1870780 161
1870790 161
1870800 161
1870810 161
1870820 161
1870830 161
1870840 161
1870850 161
1870860 161
1870870 161
1870880 161
1870890 161
1870900 161
1870910 161
1870920 161
1870930 161
1870940 161
1870950 161
1870960 161
1870970 161
1870980 161
1870990 161
1871000 161
1871010 161
1871020 161
1871030 161
1871040 161
1871050 161
1871060 161
1871070 161
1871080 161
1871090 161
1871100 161
1871110 161
1871120 161
1871130 161
1871140 161
1871150 161
1871160 161
1871170 161
1871180 161
1871190 161
1871200 161
1871210 161
1871220 161
1871230 161
1871240 161
1871250 161
1871260 161
1871270 161
1871280 161
1871290 161
1871300 161
1871310 162
1871320 162
1871330 162
1871340 162
1871350 162
1871360 162
1871370 162
1871380 162
1871390 162
1871400 162
1871410 162
1871420 162
1871430 162
1871440 162
1871450 162
1871460 162
1871470 162
1871480 162
1871490 162
1871500 162
1871510 161
1871520 161
1871530 161
1871540 162
1871550 162
1871560 162
1871570 161
1871580 161
1871590 161
1871600 161
1871610 161
1871620 161
1871630 161
1871640 161
1871650 162
1871660 162
1871670 162
1871680 162
1871690 161
1871700 161
1871710 161
1871720 161
1871730 160
1871740 160
1871750 160
1871760 160
1871770 160
1871780 160
1871790 159
1871800 159
1871810 159
1871820 159
1871830 159
1871840 159
1871850 160
1871860 160
1871870 160
1871880 160
1871890 160
1871900 160
1871910 160
1871920 160
1871930 160
1871940 160
1871950 160
1871960 160
1871970 161
1871980 161
1871990 161
1872000 161
1872010 161
1872020 161
1872030 161
1872040 161
1872050 161
1872060 160
1872070 160
1872080 160
1872090 160
1872100 160
1872110 160
1872120 160
1872130 161
1872140 162
1872150 162
1872160 160
1872170 160
1872180 160
1872190 159
1872200 159
1872210 159
1872220 159
1872230 159
1872240 159
1872250 159
1872260 159
1872270 159
1872280 160
1872290 160
1872300 160
1872310 160
1872320 161
1872330 161
1872340 160
1872350 161
1872360 161
1872370 161
1872380 161
1872390 161
1872400 161
1872410 161
1872420 161
1872430 161
1872440 161
1872450 161
1872460 161
1872470 162
1872480 162
1872490 162
1872500 162
1872510 162
1872520 162
1872530 161
1872540 161
1872550 162
1872560 161
1872570 161
1872580 161
1872590 162
1872600 162
1872610 161
1872620 161
1872630 161
1872640 160
1872650 160
1872660 160
1872670 160
1872680 160
1872690 160
1872700 160
1872710 160
1872720 160
1872730 160
1872740 161
1872750 161
1872760 160
1872770 160
1872780 160
1872790 161
1872800 161
1872810 161
1872820 161
1872830 161
1872840 161
1872850 160
1872860 160
1872870 160
1872880 160
1872890 160
1872900 160
1872910 160
1872920 160
1872930 160
1872940 160
1872950 160
1872960 160
1872970 160
1872980 160
1872990 160
1873000 161
1873010 161
1873020 160
1873030 160
1873040 160
1873050 160
1873060 160
1873070 160
1873080 160
1873090 160
1873100 160
1873110 160
1873120 160
1873130 160
1873140 160
1873150 160
1873160 160
1873170 161
1873180 161
1873190 161
1873200 161
1873210 161
1873220 161
1873230 161
1873240 162
1873250 162
1873260 162
1873270 162
1873280 162
1873290 162
1873300 163
1873310 163
1873320 163
1873330 164
1873340 164
1873350 165
1873360 165
1873370 165
1873380 166
1873390 166
1873400 166
1873410 167
1873420 168
1873430 168
1873440 168
1873450 168
1873460 169
1873470 170
1873480 170
1873490 170
1873500 171
1873510 171
1873520 171
1873530 172
1873540 172
1873550 172
1873560 172
1873570 172
1873580 172
1873590 172
1873600 172
1873610 173
1873620 173
1873630 173
1873640 174
1873650 174
1873660 174
1873670 174
1873680 174
1873690 174
1873700 174
1873710 174
1873720 174
1873730 174
1873740 174
1873750 174
1873760 174
1873770 174
1873780 174
1873790 174
1873800 174
1873810 174
1873820 174
1873830 174
1873840 174
1873850 174
1873860 174
1873870 174
1873880 174
1873890 174
1873900 174
1873910 174
1873920 174
1873930 174
1873940 174
1873950 174
1873960 174
1873970 174
1873980 174
1873990 174
1874000 174
1874010 174
1874020 174
1874030 174
1874040 174
1874050 174
1874060 174
1874070 174
1874080 174
1874090 174
1874100 174
1874110 174
1874120 174
1874130 174
1874140 174
1874150 174
1874160 174
1874170 174
1874180 174
1874190 174
1874200 174
1874210 174
1874220 174
1874230 174
1874240 174
1874250 174
1874260 174
1874270 174
1874280 174
1874290 174
1874300 174
1874310 174
1874320 174
1874330 174
1874340 174
1874350 174
1874360 174
1874370 174
1874380 173
1874390 173
1874400 173
1874410 173
1874420 173
1874430 173
1874440 173
1874450 173
1874460 173
1874470 173
1874480 173
1874490 173
1874500 173
1874510 173
1874520 173
1874530 173
1874540 173
1874550 173
1874560 173
1874570 173
1874580 173
1874590 173
1874600 173
1874610 173
1874620 173
1874630 173
1874640 173
1874650 173
1874660 173
1874670 173
1874680 173
1874690 172
1874700 172
1874710 172
1874720 172
1874730 172
1874740 172
1874750 172
1874760 172
1874770 171
1874780 171
1874790 171
1874800 171
1874810 171
1874820 171
1874830 170
1874840 170
1874850 170
1874860 170
1874870 170
1874880 170
1874890 170
1874900 170
1874910 169
1874920 169
1874930 169
1874940 169
1874950 169
1874960 169
1874970 169
1874980 169
1874990 169
1875000 169
1875010 169
1875020 169
1875030 168
1875040 168
1875050 168
1875060 168
1875070 168
1875080 168
1875090 168
1875100 168
1875110 168
1875120 168
1875130 168
1875140 168
1875150 168
1875160 168
1875170 168
1875180 168
1875190 167
1875200 167
1875210 167
1875220 167
1875230 167
1875240 167
1875250 167
1875260 167
1875270 167
1875280 167
1875290 167
1875300 167
1875310 167
1875320 167
1875330 167
1875340 166
1875350 167
1875360 166
1875370 166
1875380 166
1875390 166
1875400 166
1875410 166
1875420 166
1875430 166
1875440 166
1875450 166
1875460 166
1875470 166
1875480 166
1875490 166
1875500 166
1875510 166
1875520 166
1875530 166
1875540 166
1875550 166
1875560 166
1875570 166
1875580 166
1875590 166
1875600 166
1875610 166
1875620 166
1875630 166
1875640 166
1875650 166
1875660 165
1875670 165
1875680 165
1875690 165
1875700 165
1875710 165
1875720 165
1875730 165
1875740 165
1875750 165
1875760 165
1875770 165
1875780 165
1875790 165
1875800 165
1875810 165
1875820 165
1875830 165
1875840 165
1875850 165
1875860 165
1875870 165
1875880 165
1875890 165
1875900 165
1875910 165
1875920 165
1875930 165
1875940 165
1875950 165
1875960 165
1875970 165
1875980 165
1875990 165
1876000 165
1876010 165
1876020 165
1876030 165
1876040 165
1876050 165
1876060 165
1876070 165
1876080 165
1876090 165
1876100 165
1876110 165
1876120 165
1876130 165
1876140 165
1876150 165
1876160 165
1876170 165
1876180 165
1876190 165
1876200 165
1876210 164
1876220 164
1876230 164
1876240 164
1876250 164
1876260 164
1876270 164
1876280 164
1876290 164
1876300 164
1876310 164
1876320 164
1876330 164
1876340 164
1876350 164
1876360 164
1876370 164
1876380 164
1876390 163
1876400 163
1876410 163
1876420 163
1876430 163
1876440 163
1876450 163
1876460 163
1876470 163
1876480 163
1876490 163
1876500 163
1876510 163
1876520 163
1876530 163
1876540 162
1876550 162
1876560 162
1876570 162
1876580 162
1876590 162
1876600 162
1876610 162
1876620 162
1876630 162
1876640 162
1876650 162
1876660 162
1876670 162
1876680 162
1876690 162
1876700 162
1876710 162
1876720 162
1876730 162
1876740 162
1876750 162
1876760 162
1876770 162
1876780 162
1876790 162
1876800 162
1876810 162
1876820 162
1876830 162
1876840 162
1876850 162
1876860 162
1876870 162
1876880 162
1876890 162
1876900 162
1876910 162
1876920 162
1876930 162
1876940 162
1876950 162
1876960 162
1876970 162
1876980 162
1876990 162
1877000 162
1877010 162
1877020 161
1877030 161
1877040 161
1877050 161
1877060 161
1877070 161
1877080 161
1877090 161
1877100 161
1877110 161
1877120 161
1877130 161
1877140 161
1877150 161
1877160 161
1877170 161
1877180 161
1877190 161
1877200 161
1877210 161
1877220 160
1877230 160
1877240 160
1877250 160
1877260 160
1877270 160
1877280 160
1877290 160
1877300 160
1877310 160
1877320 160
1877330 160
1877340 160
1877350 160
1877360 160
1877370 160
1877380 160
1877390 160
1877400 160
1877410 159
1877420 159
1877430 159
1877440 159
1877450 159
1877460 159
1877470 159
1877480 159
1877490 159
1877500 159
1877510 159
1877520 159
1877530 159
1877540 159
1877550 159
1877560 159
1877570 159
1877580 159
1877590 159
1877600 159
1877610 159
1877620 159
1877630 159
1877640 159
1877650 159
1877660 159
1877670 159
1877680 159
1877690 159
1877700 159
1877710 159
1877720 159
1877730 159
1877740 159
1877750 159
1877760 158
1877770 158
1877780 158
1877790 158
1877800 158
1877810 158
1877820 158
1877830 158
1877840 158
1877850 158
1877860 158
1877870 158
1877880 158
1877890 158
1877900 157
1877910 157
1877920 157
1877930 157
1877940 157
1877950 157
1877960 157
1877970 157
1877980 157
1877990 157
1878000 157
1878010 157
1878020 157
1878030 157
1878040 157
1878050 158
1878060 158
1878070 158
1878080 158
1878090 158
1878100 158
1878110 158
1878120 158
1878130 158
1878140 158
1878150 158
1878160 158
1878170 158
1878180 158
1878190 158
1878200 158
1878210 158
1878220 158
1878230 159
1878240 159
1878250 159
1878260 159
1878270 159
1878280 159
1878290 159
1878300 159
1878310 160
1878320 160
1878330 160
1878340 160
1878350 160
1878360 160
1878370 161
1878380 161
1878390 161
1878400 162
1878410 163
1878420 163
1878430 163
1878440 163
1878450 163
1878460 164
1878470 164
1878480 164
1878490 164
1878500 164
1878510 164
1878520 164
1878530 164
1878540 164
1878550 165
1878560 165
1878570 165
1878580 163
1878590 159
1878600 159
1878610 158
1878620 158
1878630 158
1878640 158
1878650 157
1878660 157
1878670 157
1878680 157
1878690 157
1878700 157
1878710 157
1878720 157
1878730 158
1878740 158
1878750 158
1878760 158
1878770 158
1878780 158
1878790 157
1878800 157
1878810 157
1878820 158
1878830 158
1878840 158
1878850 157
1878860 157
1878870 157
1878880 157
1878890 157
1878900 157
1878910 157
1878920 157
1878930 157
1878940 157
1878950 157
1878960 157
1878970 158
1878980 158
1878990 158
1879000 158
1879010 158
1879020 158
1879030 157
1879040 157
1879050 156
1879060 156
1879070 156
1879080 156
1879090 157
1879100 157
1879110 157
1879120 156
1879130 156
1879140 157
1879150 157
1879160 157
1879170 157
1879180 158
1879190 158
1879200 159
1879210 156
1879220 156
1879230 156
1879240 156
1879250 156
1879260 156
1879270 161
1879280 161
1879290 163
1879300 163
1879310 163
1879320 163
1879330 163
1879340 163
1879350 163
1879360 163
1879370 163
1879380 163
1879390 163
1879400 163
1879410 163
1879420 163
1879430 163
1879440 163
1879450 163
1879460 163
1879470 163
1879480 163
1879490 163
1879500 163
1879510 163
1879520 163
1879530 163
1879540 163
1879550 163
1879560 163
1879570 163
1879580 163
1879590 163
1879600 163
1879610 163
1879620 163
1879630 163
1879640 163
1879650 162
1879660 162
1879670 162
1879680 162
1879690 162
1879700 162
1879710 162
1879720 162
1879730 162
1879740 162
1879750 162
1879760 162
1879770 162
1879780 162
1879790 162
1879800 162
1879810 162
1879820 162
1879830 162
1879840 162
1879850 162
1879860 161
1879870 161
1879880 161
1879890 160
1879900 160
1879910 160
1879920 160
1879930 160
1879940 160
1879950 160
1879960 160
1879970 161
1879980 161
1879990 161
1860000 175
1860010 175
1860020 175
1860030 175
1860040 173
1860050 173
1860060 173
1860070 174
1860080 175
1860090 175
1860100 174
1860110 174
1860120 174
1860130 174
1860140 174
1860150 174
1860160 174
1860170 174
1860180 174
1860190 174
1860200 174
1860210 174
1860220 174
1860230 174
1860240 174
1860250 174
1860260 174
1860270 174
1860280 174
1860290 174
1860300 174
1860310 175
1860320 174
1860330 174
1860340 175
1860350 174
1860360 174
1860370 174
1860380 174
1860390 174
1860400 174
1860410 174
1860420 174
1860430 174
1860440 174
1860450 174
1860460 174
1860470 174
1860480 174
1860490 174
1860500 174
1860510 174
1860520 174
1860530 174
1860540 174
1860550 174
1860560 174
1860570 174
1860580 174
1860590 174
1860600 174
1860610 175
1860620 175
1860630 174
1860640 174
1860650 174
1860660 174
1860670 174
1860680 174
1860690 174
1860700 174
1860710 174
1860720 174
1860730 174
1860740 174
1860750 174
1860760 174
1860770 174
1860780 174
1860790 174
1860800 174
1860810 174
1860820 174
1860830 174
1860840 174
1860850 174
1860860 174
1860870 175
1860880 175
1860890 175
1860900 175
1860910 175
1860920 175
1860930 175
1860940 175
1860950 175
1860960 175
1860970 175
1860980 175
1860990 175
1861000 175
1861010 175
1861020 175
1861030 175
1861040 175
1861050 175
1861060 175
1861070 175
1861080 175
1861090 175
1861100 175
1861110 175
1861120 175
1861130 175
1861140 175
1861150 175
1861160 175
1861170 175
1861180 175
1861190 175
1861200 175
1861210 175
1861220 175
1861230 175
1861240 175
1861250 175
1861260 175
1861270 175
1861280 175
1861290 175
1861300 175
1861310 175
1861320 175
1861330 175
1861340 175
1861350 175
1861360 175
1861370 175
1861380 175
1861390 175
1861400 175
1861410 175
1861420 175
1861430 174
1861440 175
1861450 175
1861460 175
1861470 175
1861480 175
1861490 175
1861500 175
1861510 175
1861520 175
1861530 175
1861540 175
1861550 175
1861560 175
1861570 175
1861580 175
1861590 174
1861600 174
1861610 174
1861620 175
1861630 175
1861640 175
1861650 175
1861660 175
1861670 175
1861680 175
1861690 175
1861700 175
1861710 174
1861720 174
1861730 175
1861740 174
1861750 174
1861760 174
1861770 174
1861780 174
1861790 174
1861800 174
1861810 174
1861820 174
1861830 174
1861840 175
1861850 174
1861860 174
1861870 175
1861880 176
1861890 176
1861900 177
1861910 177
1861920 177
1861930 177
1861940 179
1861950 179
1861960 180
1861970 180
1861980 180
1861990 180
1862000 179
1862010 179
1862020 180
1862030 180
1862040 180
1862050 181
1862060 181
1862070 181
1862080 181
1862090 182
1862100 182
1862110 182
1862120 182
1862130 182
1862140 182
1862150 182
1862160 182
1862170 182
1862180 182
1862190 182
1862200 182
1862210 183
1862220 183
1862230 183
1862240 184
1862250 184
1862260 184
1862270 185
1862280 185
1862290 186
1862300 186
1862310 186
1862320 187
1862330 187
1862340 187
1862350 188
1862360 188
1862370 188
1862380 188
1862390 188
1862400 188
1862410 188
1862420 188
1862430 187
1862440 187
1862450 187
1862460 187
1862470 186
1862480 186
1862490 186
1862500 186
1862510 186
1862520 185
1862530 185
1862540 185
1862550 185
1862560 185
1862570 185
1862580 186
1862590 186
1862600 186
1862610 187
1862620 188
1862630 188
1862640 188
1862650 189
1862660 189
1862670 190
1862680 191
1862690 191
1862700 192
1862710 193
1862720 193
1862730 194
1862740 194
1862750 194
1862760 195
1862770 195
1862780 195
1862790 195
1862800 196
1862810 196
1862820 196
1862830 196
1862840 196
1862850 196
1862860 196
1862870 196
1862880 196
1862890 196
1862900 196
1862910 196
1862920 196
1862930 196
1862940 197
1862950 197
1862960 197
1862970 197
1862980 197
1862990 197
1863000 198
1863010 198
1863020 198
1863030 198
1863040 199
1863050 199
1863060 199
1863070 199
1863080 199
1863090 199
1863100 200
1863110 200
1863120 199
1863130 199
1863140 199
1863150 199
1863160 199
1863170 200
1863180 200
1863190 200
1863200 199
1863210 199
1863220 199
1863230 199
1863240 199
1863250 199
1863260 199
1863270 200
1863280 200
1863290 200
1863300 200
1863310 200
1863320 200
1863330 201
1863340 201
1863350 200
1863360 200
1863370 200
1863380 200
1863390 200
1863400 200
1863410 200
1863420 200
1863430 200
1863440 200
1863450 200
1863460 200
1863470 199
1863480 199
1863490 199
1863500 198
1863510 197
1863520 197
1863530 195
1863540 197
1863550 197
1863560 200
1863570 201
1863580 201
1863590 202
1863600 203
1863610 203
1863620 205
1863630 206
1863640 206
1863650 207
1863660 208
1863670 208
1863680 209
1863690 210
1863700 210
1863710 211
1863720 212
1863730 212
1863740 212
1863750 213
1863760 213
1863770 213
1863780 214
1863790 214
1863800 214
1863810 215
1863820 215
1863830 215
1863840 215
1863850 215
1863860 216
1863870 216
1863880 216
1863890 216
1863900 216
1863910 217
1863920 217
1863930 217
1863940 218
1863950 218
1863960 218
1863970 218
1863980 218
1863990 218
1864000 218
1864010 219
1864020 219
1864030 219
1864040 220
1864050 220
1864060 220
1864070 221
1864080 221
1864090 221
1864100 222
1864110 222
1864120 222
1864130 222
1864140 222
1864150 223
1864160 222
1864170 222
1864180 223
1864190 223
1864200 223
1864210 223
1864220 223
1864230 223
1864240 223
1864250 223
1864260 223
1864270 223
1864280 224
1864290 224
1864300 224
1864310 224
1864320 224
1864330 224
1864340 225
1864350 225
1864360 225
1864370 226
1864380 226
1864390 226
1864400 226
1864410 226
1864420 227
1864430 227
1864440 227
1864450 228
1864460 229
1864470 229
1864480 229
1864490 229
1864500 229
1864510 229
1864520 229
1864530 229
1864540 230
1864550 230
1864560 230
1864570 231
1864580 231
1864590 231
1864600 231
1864610 231
1864620 232
1864630 232
1864640 232
1864650 232
1864660 232
1864670 232
1864680 232
1864690 233
1864700 233
1864710 233
1864720 234
1864730 234
1864740 234
1864750 234
1864760 234
1864770 234
1864780 234
1864790 234
1864800 234
1864810 234
1864820 234
1864830 235
1864840 235
1864850 234
1864860 235
1864870 235
1864880 235
1864890 235
1864900 236
1864910 236
1864920 236
1864930 236
1864940 236
1864950 237
1864960 237
1864970 237
1864980 237
1864990 238
1865000 238
1865010 238
1865020 238
1865030 238
1865040 239
1865050 239
1865060 239
1865070 239
1865080 239
1865090 239
1865100 239
1865110 239
1865120 239
1865130 239
1865140 240
1865150 240
1865160 240
1865170 240
1865180 240
1865190 239
1865200 239
1865210 239
1865220 239
1865230 239
1865240 240
1865250 240
1865260 240
1865270 239
1865280 240
1865290 240
1865300 240
1865310 240
1865320 240
1865330 239
1865340 239
1865350 239
1865360 239
1865370 239
1865380 239
1865390 239
1865400 239
1865410 239
1865420 239
1865430 239
1865440 239
1865450 239
1865460 239
1865470 239
1865480 239
1865490 240
1865500 240
1865510 240
1865520 240
1865530 240
1865540 240
1865550 240
1865560 240
1865570 240
1865580 240
1865590 240
1865600 240
1865610 240
1865620 240
1865630 240
1865640 240
1865650 240
1865660 241
1865670 241
1865680 241
1865690 241
1865700 241
1865710 241
1865720 241
1865730 241
1865740 241
1865750 241
1865760 241
1865770 241
1865780 241
1865790 241
1865800 241
1865810 241
1865820 242
1865830 242
1865840 242
1865850 242
1865860 242
1865870 242
1865880 242
1865890 242
1865900 242
1865910 242
1865920 242
1865930 242
1865940 242
1865950 242
1865960 242
1865970 242
1865980 242
1865990 242
1866000 242
1866010 242
1866020 242
1866030 242
1866040 242
1866050 242
1866060 242
1866070 242
1866080 242
1866090 242
1866100 242
1866110 242
1866120 242
1866130 242
1866140 242
1866150 242
1866160 242
1866170 242
1866180 242
1866190 242
1866200 242
1866210 242
1866220 242
1866230 241
1866240 241
1866250 241
1866260 241
1866270 241
1866280 241
1866290 240
1866300 240
1866310 240
1866320 240
1866330 240
1866340 240
1866350 239
1866360 239
1866370 239
1866380 239
1866390 239
1866400 238
1866410 238
1866420 238
1866430 238
1866440 237
1866450 237
1866460 237
1866470 237
1866480 237
1866490 236
1866500 236
1866510 236
1866520 236
1866530 235
1866540 235
1866550 235
1866560 233
1866570 233
1866580 233
1866590 233
1866600 232
1866610 232
1866620 232
1866630 231
1866640 231
1866650 231
1866660 231
1866670 231
1866680 231
1866690 230
1866700 230
1866710 230
1866720 229
1866730 229
1866740 229
1866750 228
1866760 228
1866770 228
1866780 228
1866790 227
1866800 227
1866810 227
1866820 226
1866830 226
1866840 225
1866850 225
1866860 225
1866870 225
1866880 224
1866890 224
1866900 223
1866910 222
1866920 222
1866930 222
1866940 221
1866950 221
1866960 220
1866970 220
1866980 220
1866990 219
1867000 219
1867010 219
1867020 218
1867030 217
1867040 217
1867050 217
1867060 216
1867070 216
1867080 215
1867090 215
1867100 215
1867110 214
1867120 213
1867130 213
1867140 212
1867150 212
1867160 212
1867170 211
1867180 210
1867190 210
1867200 210
1867210 209
1867220 209
1867230 209
1867240 208
1867250 208
1867260 207
1867270 207
1867280 207
1867290 206
1867300 206
1867310 206
1867320 205
1867330 205
1867340 205
1867350 204
1867360 204
1867370 203
1867380 203
1867390 203
1867400 202
1867410 201
1867420 201
1867430 201
1867440 200
1867450 200
1867460 199
1867470 199
1867480 199
1867490 198
1867500 197
1867510 197
1867520 196
1867530 195
1867540 195
1867550 194
1867560 194
1867570 194
1867580 192
1867590 191
1867600 191
1867610 191
1867620 190
1867630 190
1867640 189
1867650 189
1867660 189
1867670 188
1867680 188
1867690 188
1867700 187
1867710 187
1867720 187
1867730 186
1867740 186
1867750 186
1867760 185
1867770 185
1867780 185
1867790 185
1867800 184
1867810 184
1867820 184
1867830 184
1867840 184
1867850 183
1867860 183
1867870 183
1867880 183
1867890 182
1867900 182
1867910 182
1867920 181
1867930 181
1867940 181
1867950 180
1867960 180
1867970 180
1867980 180
1867990 179
1868000 178
1868010 178
1868020 176
1868030 175
1868040 175
1868050 174
1868060 174
1868070 174
1868080 173
1868090 173
1868100 173
1868110 172
1868120 172
1868130 172
1868140 172
1868150 172
1868160 172
1868170 171
1868180 171
1868190 171
1868200 170
1868210 170
1868220 170
1868230 171
1868240 170
1868250 170
1868260 168
1868270 168
1868280 168
1868290 167
1868300 168
1868310 168
1868320 167
1868330 167
1868340 167
1868350 167
1868360 167
1868370 167
1868380 166
1868390 166
1868400 166
1868410 166
1868420 166
1868430 166
1868440 166
1868450 166
1868460 166
1868470 165
1868480 165
1868490 165
1868500 165
1868510 165
1868520 165
1868530 165
1868540 165
1868550 165
1868560 165
1868570 165
1868580 165
1868590 165
1868600 165
1868610 165
1868620 165
1868630 165
1868640 165
1868650 165
1868660 165
1868670 165
1868680 165
1868690 165
1868700 165
1868710 165
1868720 165
1868730 165
1868740 165
1868750 165
1868760 165
1868770 165
1868780 165
1868790 165
1868800 165
1868810 165
1868820 165
1868830 165
1868840 165
1868850 165
1868860 165
1868870 165
1868880 165
1868890 165
1868900 165
1868910 166
1868920 166
1868930 166
1868940 166
1868950 166
1868960 166
1868970 165
1868980 165
1868990 165
1869000 165
1869010 165
1869020 165
1869030 165
1869040 165
1869050 165
1869060 165
1869070 165
1869080 165
1869090 165
1869100 165
1869110 165
1869120 165
1869130 165
1869140 165
1869150 164
1869160 164
1869170 164
1869180 164
1869190 164
1869200 164
1869210 164
1869220 164
1869230 164
1869240 164
1869250 164
1869260 164
1869270 164
1869280 164
1869290 164
1869300 164
1869310 164
1869320 164
1869330 164
1869340 164
1869350 164
1869360 164
1869370 164
1869380 164
1869390 164
1869400 164
1869410 164
1869420 164
1869430 164
1869440 164
1869450 164
1869460 164
1869470 164
1869480 164
1869490 164
1869500 164
1869510 164
1869520 164
1869530 164
1869540 164
1869550 164
1869560 164
1869570 163
1869580 163
1869590 163
1869600 163
1869610 163
1869620 163
1869630 163
1869640 163
1869650 163
1869660 163
1869670 163
1869680 163
1869690 162
1869700 162
1869710 163
1869720 163
1869730 163
1869740 162
1869750 162
1869760 162
1869770 162
1869780 162
1869790 162
1869800 162
1869810 162
1869820 162
1869830 162
1869840 162
1869850 162
1869860 162
1869870 162
1869880 162
1869890 162
1869900 162
1869910 162
1869920 162
1869930 162
1869940 162
1869950 162
1869960 162
1869970 162
1869980 162
1869990 162
1870000 162
1870010 162
1870020 162
1870030 162
1870040 162
1870050 162
1870060 162
1870070 162
1870080 162
1870090 162
1870100 162
1870110 162
1870120 162
1870130 162
1870140 162
1870150 162
1870160 162
1870170 162
1870180 162
1870190 162
1870200 162
1870210 162
1870220 162
1870230 162
1870240 162
1870250 162
1870260 162
1870270 162
1870280 162
1870290 162
1870300 162
1870310 162
1870320 162
1870330 162
1870340 162
1870350 162
1870360 162
1870370 162
1870380 162
1870390 162
1870400 162
1870410 162
1870420 162
1870430 162
1870440 162
1870450 162
1870460 162
1870470 162
1870480 162
1870490 162
1870500 162
1870510 162
1870520 162
1870530 162
1870540 162
1870550 162
1870560 162
1870570 162
1870580 162
1870590 162
1870600 161
1870610 161
1870620 161
1870630 161
1870640 161
1870650 161
1870660 161
1870670 161
1870680 161
1870690 161
1870700 161
1870710 161
1870720 161
1870730 161
1870740 161
1870750 161
1870760 161
1870770 161
1870780 161
1870790 161
1870800 161
1870810 161
1870820 161
1870830 161
1870840 161
1870850 161
1870860 161
1870870 161
1870880 161
1870890 161
1870900 161
1870910 161
1870920 161
1870930 161
1870940 161
1870950 161
1870960 161
1870970 161
1870980 161
1870990 161
1871000 161
1871010 161
1871020 161
1871030 161
1871040 161
1871050 161
1871060 161
1871070 161
1871080 161
1871090 161
1871100 161
1871110 161
1871120 161
1871130 161
1871140 161
1871150 161
1871160 161
1871170 161
1871180 161
1871190 161
1871200 161
1871210 161
1871220 161
1871230 161
1871240 161
1871250 161
1871260 161
1871270 161
1871280 161
1871290 161
1871300 161
1871310 162
1871320 162
1871330 162
1871340 162
1871350 162
1871360 162
1871370 162
1871380 162
1871390 162
1871400 162
1871410 162
1871420 162
1871430 162
1871440 162
1871450 162
1871460 162
1871470 162
1871480 162
1871490 162
1871500 162
1871510 161
1871520 161
1871530 161
1871540 162
1871550 162
1871560 162
1871570 161
1871580 161
1871590 161
1871600 161
1871610 161
1871620 161
1871630 161
1871640 161
1871650 162
1871660 162
1871670 162
1871680 162
1871690 161
1871700 161
1871710 161
1871720 161
1871730 160
1871740 160
1871750 160
1871760 160
1871770 160
1871780 160
1871790 159
1871800 159
1871810 159
1871820 159
1871830 159
1871840 159
1871850 160
1871860 160
1871870 160
1871880 160
1871890 160
1871900 160
1871910 160
1871920 160
1871930 160
1871940 160
1871950 160
1871960 160
1871970 161
1871980 161
1871990 161
1872000 161
1872010 161
1872020 161
1872030 161
1872040 161
1872050 161
1872060 160
1872070 160
1872080 160
1872090 160
1872100 160
1872110 160
1872120 160
1872130 161
1872140 162
1872150 162
1872160 160
1872170 160
1872180 160
1872190 159
1872200 159
1872210 159
1872220 159
1872230 159
1872240 159
1872250 159
1872260 159
1872270 159
1872280 160
1872290 160
1872300 160
1872310 160
1872320 161
1872330 161
1872340 160
1872350 161
1872360 161
1872370 161
1872380 161
1872390 161
1872400 161
1872410 161
1872420 161
1872430 161
1872440 161
1872450 161
1872460 161
1872470 162
1872480 162
1872490 162
1872500 162
1872510 162
1872520 162
1872530 161
1872540 161
1872550 162
1872560 161
1872570 161
1872580 161
1872590 162
1872600 162
1872610 161
1872620 161
1872630 161
1872640 160
1872650 160
1872660 160
1872670 160
1872680 160
1872690 160
1872700 160
1872710 160
1872720 160
1872730 160
1872740 161
1872750 161
1872760 160
1872770 160
1872780 160
1872790 161
1872800 161
1872810 161
1872820 161
1872830 161
1872840 161
1872850 160
1872860 160
1872870 160
1872880 160
1872890 160
1872900 160
1872910 160
1872920 160
1872930 160
1872940 160
1872950 160
1872960 160
1872970 160
1872980 160
1872990 160
1873000 161
1873010 161
1873020 160
1873030 160
1873040 160
1873050 160
1873060 160
1873070 160
1873080 160
1873090 160
1873100 160
1873110 160
1873120 160
1873130 160
1873140 160
1873150 160
1873160 160
1873170 161
1873180 161
1873190 161
1873200 161
1873210 161
1873220 161
1873230 161
1873240 162
1873250 162
1873260 162
1873270 162
1873280 162
1873290 162
1873300 163
1873310 163
1873320 163
1873330 164
1873340 164
1873350 165
1873360 165
1873370 165
1873380 166
1873390 166
1873400 166
1873410 167
1873420 168
1873430 168
1873440 168
1873450 168
1873460 169
1873470 170
1873480 170
1873490 170
1873500 171
1873510 171
1873520 171
1873530 172
1873540 172
1873550 172
1873560 172
1873570 172
1873580 172
1873590 172
1873600 172
1873610 173
1873620 173
1873630 173
1873640 174
1873650 174
1873660 174
1873670 174
1873680 174
1873690 174
1873700 174
1873710 174
1873720 174
1873730 174
1873740 174
1873750 174
1873760 174
1873770 174
1873780 174
1873790 174
1873800 174
1873810 174
1873820 174
1873830 174
1873840 174
1873850 174
1873860 174
1873870 174
1873880 174
1873890 174
1873900 174
1873910 174
1873920 174
1873930 174
1873940 174
1873950 174
1873960 174
1873970 174
1873980 174
1873990 174
1874000 174
1874010 174
1874020 174
1874030 174
1874040 174
1874050 174
1874060 174
1874070 174
1874080 174
1874090 174
1874100 174
1874110 174
1874120 174
1874130 174
1874140 174
1874150 174
1874160 174
1874170 174
1874180 174
1874190 174
1874200 174
1874210 174
1874220 174
1874230 174
1874240 174
1874250 174
1874260 174
1874270 174
1874280 174
1874290 174
1874300 174
1874310 174
1874320 174
1874330 174
1874340 174
1874350 174
1874360 174
1874370 174
1874380 173
1874390 173
1874400 173
1874410 173
1874420 173
1874430 173
1874440 173
1874450 173
1874460 173
1874470 173
1874480 173
1874490 173
1874500 173
1874510 173
1874520 173
1874530 173
1874540 173
1874550 173
1874560 173
1874570 173
1874580 173
1874590 173
1874600 173
1874610 173
1874620 173
1874630 173
1874640 173
1874650 173
1874660 173
1874670 173
1874680 173
1874690 172
1874700 172
1874710 172
1874720 172
1874730 172
1874740 172
1874750 172
1874760 172
1874770 171
1874780 171
1874790 171
1874800 171
1874810 171
1874820 171
1874830 170
1874840 170
1874850 170
1874860 170
1874870 170
1874880 170
1874890 170
1874900 170
1874910 169
1874920 169
1874930 169
1874940 169
1874950 169
1874960 169
1874970 169
1874980 169
1874990 169
1875000 169
1875010 169
1875020 169
1875030 168
1875040 168
1875050 168
1875060 168
1875070 168
1875080 168
1875090 168
1875100 168
1875110 168
1875120 168
1875130 168
1875140 168
1875150 168
1875160 168
1875170 168
1875180 168
1875190 167
1875200 167
1875210 167
1875220 167
1875230 167
1875240 167
1875250 167
1875260 167
1875270 167
1875280 167
1875290 167
1875300 167
1875310 167
1875320 167
1875330 167
1875340 166
1875350 167
1875360 166
1875370 166
1875380 166
1875390 166
1875400 166
1875410 166
1875420 166
1875430 166
1875440 166
1875450 166
1875460 166
1875470 166
1875480 166
1875490 166
1875500 166
1875510 166
1875520 166
1875530 166
1875540 166
1875550 166
1875560 166
1875570 166
1875580 166
1875590 166
1875600 166
1875610 166
1875620 166
1875630 166
1875640 166
1875650 166
1875660 165
1875670 165
1875680 165
1875690 165
1875700 165
1875710 165
1875720 165
1875730 165
1875740 165
1875750 165
1875760 165
1875770 165
1875780 165
1875790 165
1875800 165
1875810 165
1875820 165
1875830 165
1875840 165
1875850 165
1875860 165
1875870 165
1875880 165
1875890 165
1875900 165
1875910 165
1875920 165
1875930 165
1875940 165
1875950 165
1875960 165
1875970 165
1875980 165
1875990 165
1876000 165
1876010 165
1876020 165
1876030 165
1876040 165
1876050 165
1876060 165
1876070 165
1876080 165
1876090 165
1876100 165
1876110 165
1876120 165
1876130 165
1876140 165
1876150 165
1876160 165
1876170 165
1876180 165
1876190 165
1876200 165
1876210 164
1876220 164
1876230 164
1876240 164
1876250 164
1876260 164
1876270 164
1876280 164
1876290 164
1876300 164
1876310 164
1876320 164
1876330 164
1876340 164
1876350 164
1876360 164
1876370 164
1876380 164
1876390 163
1876400 163
1876410 163
1876420 163
1876430 163
1876440 163
1876450 163
1876460 163
1876470 163
1876480 163
1876490 163
1876500 163
1876510 163
1876520 163
1876530 163
1876540 162
1876550 162
1876560 162
1876570 162
1876580 162
1876590 162
1876600 162
1876610 162
1876620 162
1876630 162
1876640 162
1876650 162
1876660 162
1876670 162
1876680 162
1876690 162
1876700 162
1876710 162
1876720 162
1876730 162
1876740 162
1876750 162
1876760 162
1876770 162
1876780 162
1876790 162
1876800 162
1876810 162
1876820 162
1876830 162
1876840 162
1876850 162
1876860 162
1876870 162
1876880 162
1876890 162
1876900 162
1876910 162
1876920 162
1876930 162
1876940 162
1876950 162
1876960 162
1876970 162
1876980 162
1876990 162
1877000 162
1877010 162
1877020 161
1877030 161
1877040 161
1877050 161
1877060 161
1877070 161
1877080 161
1877090 161
1877100 161
1877110 161
1877120 161
1877130 161
1877140 161
1877150 161
1877160 161
1877170 161
1877180 161
1877190 161
1877200 161
1877210 161
1877220 160
1877230 160
1877240 160
1877250 160
1877260 160
1877270 160
1877280 160
1877290 160
1877300 160
1877310 160
1877320 160
1877330 160
1877340 160
1877350 160
1877360 160
1877370 160
1877380 160
1877390 160
1877400 160
1877410 159
1877420 159
1877430 159
1877440 159
1877450 159
1877460 159
1877470 159
1877480 159
1877490 159
1877500 159
1877510 159
1877520 159
1877530 159
1877540 159
1877550 159
1877560 159
1877570 159
1877580 159
1877590 159
1877600 159
1877610 159
1877620 159
1877630 159
1877640 159
1877650 159
1877660 159
1877670 159
1877680 159
1877690 159
1877700 159
1877710 159
1877720 159
1877730 159
1877740 159
1877750 159
1877760 158
1877770 158
1877780 158
1877790 158
1877800 158
1877810 158
1877820 158
1877830 158
1877840 158
1877850 158
1877860 158
1877870 158
1877880 158
1877890 158
1877900 157
1877910 157
1877920 157
1877930 157
1877940 157
1877950 157
1877960 157
1877970 157
1877980 157
1877990 157
1878000 157
1878010 157
1878020 157
1878030 157
1878040 157
1878050 158
1878060 158
1878070 158
1878080 158
1878090 158
1878100 158
1878110 158
1878120 158
1878130 158
1878140 158
1878150 158
1878160 158
1878170 158
1878180 158
1878190 158
1878200 158
1878210 158
1878220 158
1878230 159
1878240 159
1878250 159
1878260 159
1878270 159
1878280 159
1878290 159
1878300 159
1878310 160
1878320 160
1878330 160
1878340 160
1878350 160
1878360 160
1878370 161
1878380 161
1878390 161
1878400 162
1878410 163
1878420 163
1878430 163
1878440 163
1878450 163
1878460 164
1878470 164
1878480 164
1878490 164
1878500 164
1878510 164
1878520 164
1878530 164
1878540 164
1878550 165
1878560 165
1878570 165
1878580 163
1878590 159
1878600 159
1878610 158
1878620 158
1878630 158
1878640 158
1878650 157
1878660 157
1878670 157
1878680 157
1878690 157
1878700 157
1878710 157
1878720 157
1878730 158
1878740 158
1878750 158
1878760 158
1878770 158
1878780 158
1878790 157
1878800 157
1878810 157
1878820 158
1878830 158
1878840 158
1878850 157
1878860 157
1878870 157
1878880 157
1878890 157
1878900 157
1878910 157
1878920 157
1878930 157
1878940 157
1878950 157
1878960 157
1878970 158
1878980 158
1878990 158
1879000 158
1879010 158
1879020 158
1879030 157
1879040 157
1879050 156
1879060 156
1879070 156
1879080 156
1879090 157
1879100 157
1879110 157
1879120 156
1879130 156
1879140 157
1879150 157
1879160 157
1879170 157
1879180 158
1879190 158
1879200 159
1879210 156
1879220 156
1879230 156
1879240 156
1879250 156
1879260 156
1879270 161
1879280 161
1879290 163
1879300 163
1879310 163
1879320 163
1879330 163
1879340 163
1879350 163
1879360 163
1879370 163
1879380 163
1879390 163
1879400 163
1879410 163
1879420 163
1879430 163
1879440 163
1879450 163
1879460 163
1879470 163
1879480 163
1879490 163
1879500 163
1879510 163
1879520 163
1879530 163
1879540 163
1879550 163
1879560 163
1879570 163
1879580 163
1879590 163
1879600 163
1879610 163
1879620 163
1879630 163
1879640 163
1879650 162
1879660 162
1879670 162
1879680 162
1879690 162
1879700 162
1879710 162
1879720 162
1879730 162
1879740 162
1879750 162
1879760 162
1879770 162
1879780 162
1879790 162
1879800 162
1879810 162
1879820 162
1879830 162
1879840 162
1879850 162
1879860 161
1879870 161
1879880 161
1879890 160
1879900 160
1879910 160
1879920 160
1879930 160
1879940 160
1879950 160
1879960 160
1879970 161
1879980 161
1879990 161
