1860000 191
1860010 191
1860020 191
1860030 191
1860040 192
1860050 192
1860060 192
1860070 193
1860080 193
1860090 193
1860100 192
1860110 192
1860120 192
1860130 191
1860140 191
1860150 191
1860160 191
1860170 192
1860180 194
1860190 194
1860200 195
1860210 195
1860220 197
1860230 198
1860240 198
1860250 198
1860260 199
1860270 199
1860280 199
1860290 199
1860300 199
1860310 199
1860320 199
1860330 199
1860340 200
1860350 200
1860360 200
1860370 200
1860380 200
1860390 200
1860400 201
1860410 201
1860420 201
1860430 201
1860440 201
1860450 201
1860460 201
1860470 201
1860480 201
1860490 200
1860500 200
1860510 200
1860520 202
1860530 202
1860540 202
1860550 202
1860560 202
1860570 202
1860580 202
1860590 202
1860600 203
1860610 203
1860620 203
1860630 203
1860640 203
1860650 203
1860660 202
1860670 202
1860680 202
1860690 201
1860700 201
1860710 201
1860720 200
1860730 199
1860740 199
1860750 198
1860760 198
1860770 198
1860780 197
1860790 196
1860800 196
1860810 197
1860820 197
1860830 197
1860840 197
1860850 197
1860860 197
1860870 198
1860880 198
1860890 198
1860900 198
1860910 198
1860920 198
1860930 197
1860940 197
1860950 197
1860960 196
1860970 196
1860980 195
1860990 195
1861000 195
1861010 195
1861020 194
1861030 194
1861040 194
1861050 194
1861060 194
1861070 193
1861080 193
1861090 193
1861100 192
1861110 192
1861120 192
1861130 190
1861140 188
1861150 188
1861160 190
1861170 189
1861180 189
1861190 189
1861200 188
1861210 188
1861220 188
1861230 187
1861240 187
1861250 186
1861260 185
1861270 185
1861280 185
1861290 184
1861300 184
1861310 183
1861320 183
1861330 183
1861340 182
1861350 182
1861360 182
1861370 181
1861380 181
1861390 181
1861400 181
1861410 181
1861420 181
1861430 179
1861440 178
1861450 178
1861460 178
1861470 178
1861480 178
1861490 177
1861500 177
1861510 177
1861520 177
1861530 177
1861540 177
1861550 177
1861560 176
1861570 177
1861580 177
1861590 175
1861600 175
1861610 175
1861620 175
1861630 175
1861640 175
1861650 175
1861660 174
1861670 173
1861680 173
1861690 173
1861700 173
1861710 173
1861720 174
1861730 173
1861740 173
1861750 173
1861760 173
1861770 173
1861780 173
1861790 173
1861800 173
1861810 174
1861820 173
1861830 173
1861840 171
1861850 174
1861860 174
1861870 173
1861880 173
1861890 173
1861900 173
1861910 173
1861920 173
1861930 173
1861940 173
1861950 173
1861960 173
1861970 173
1861980 173
1861990 173
1862000 173
1862010 173
1862020 173
1862030 173
1862040 173
1862050 172
1862060 173
1862070 173
1862080 173
1862090 172
1862100 172
1862110 172
1862120 173
1862130 173
1862140 173
1862150 173
1862160 173
1862170 173
1862180 173
1862190 173
1862200 173
1862210 173
1862220 173
1862230 173
1862240 173
1862250 173
1862260 173
1862270 173
1862280 173
1862290 174
1862300 174
1862310 174
1862320 174
1862330 174
1862340 174
1862350 174
1862360 174
1862370 175
1862380 174
1862390 174
1862400 173
1862410 173
1862420 173
1862430 173
1862440 173
1862450 173
1862460 173
1862470 172
1862480 172
1862490 172
1862500 172
1862510 172
1862520 172
1862530 172
1862540 172
1862550 172
1862560 172
1862570 172
1862580 172
1862590 172
1862600 172
1862610 172
1862620 172
1862630 172
1862640 172
1862650 172
1862660 172
1862670 172
1862680 172
1862690 172
1862700 172
1862710 172
1862720 172
1862730 173
1862740 173
1862750 173
1862760 173
1862770 173
1862780 173
1862790 173
1862800 173
1862810 173
1862820 173
1862830 173
1862840 173
1862850 173
1862860 173
1862870 173
1862880 173
1862890 173
1862900 173
1862910 174
1862920 174
1862930 174
1862940 175
1862950 174
1862960 174
1862970 175
1862980 176
1862990 176
1863000 177
1863010 177
1863020 177
1863030 177
1863040 177
1863050 177
1863060 178
1863070 178
1863080 178
1863090 178
1863100 178
1863110 178
1863120 178
1863130 178
1863140 178
1863150 178
1863160 178
1863170 178
1863180 178
1863190 178
1863200 178
1863210 179
1863220 179
1863230 179
1863240 179
1863250 179
1863260 179
1863270 179
1863280 179
1863290 179
1863300 179
1863310 179
1863320 179
1863330 179
1863340 179
1863350 179
1863360 179
1863370 179
1863380 179
1863390 179
1863400 179
1863410 179
1863420 179
1863430 179
1863440 179
1863450 179
1863460 179
1863470 179
1863480 179
1863490 179
1863500 178
1863510 178
1863520 178
1863530 177
1863540 176
1863550 176
1863560 175
1863570 174
1863580 174
1863590 174
1863600 173
1863610 173
1863620 172
1863630 172
1863640 171
1863650 171
1863660 171
1863670 171
1863680 171
1863690 171
1863700 171
1863710 171
1863720 171
1863730 171
1863740 171
1863750 171
1863760 171
1863770 171
1863780 171
1863790 171
1863800 171
1863810 171
1863820 171
1863830 171
1863840 171
1863850 171
1863860 171
1863870 171
1863880 171
1863890 171
1863900 171
1863910 171
1863920 170
1863930 170
1863940 171
1863950 171
1863960 171
1863970 171
1863980 171
1863990 171
1864000 171
1864010 171
1864020 171
1864030 170
1864040 170
1864050 170
1864060 170
1864070 170
1864080 170
1864090 170
1864100 171
1864110 171
1864120 171
1864130 171
1864140 171
1864150 171
1864160 170
1864170 170
1864180 170
1864190 170
1864200 170
1864210 171
1864220 171
1864230 171
1864240 172
1864250 172
1864260 172
1864270 172
1864280 173
1864290 173
1864300 174
1864310 175
1864320 175
1864330 175
1864340 176
1864350 176
1864360 176
1864370 176
1864380 176
1864390 176
1864400 176
1864410 178
1864420 179
1864430 179
1864440 180
1864450 184
1864460 184
1864470 187
1864480 189
1864490 189
1864500 191
1864510 195
1864520 195
1864530 196
1864540 197
1864550 197
1864560 199
1864570 200
1864580 200
1864590 202
1864600 203
1864610 203
1864620 205
1864630 206
1864640 206
1864650 208
1864660 209
1864670 208
1864680 210
1864690 210
1864700 210
1864710 211
1864720 212
1864730 212
1864740 213
1864750 213
1864760 213
1864770 214
1864780 214
1864790 214
1864800 215
1864810 215
1864820 215
1864830 216
1864840 216
1864850 216
1864860 216
1864870 217
1864880 217
1864890 217
1864900 217
1864910 217
1864920 217
1864930 217
1864940 217
1864950 217
1864960 218
1864970 218
1864980 218
1864990 218
1865000 218
1865010 218
1865020 219
1865030 219
1865040 219
1865050 219
1865060 219
1865070 219
1865080 219
1865090 219
1865100 219
1865110 219
1865120 219
1865130 219
1865140 219
1865150 219
1865160 219
1865170 219
1865180 219
1865190 219
1865200 219
1865210 219
1865220 219
1865230 219
1865240 218
1865250 218
1865260 218
1865270 217
1865280 217
1865290 217
1865300 216
1865310 215
1865320 215
1865330 215
1865340 214
1865350 214
1865360 211
1865370 211
1865380 211
1865390 209
1865400 206
1865410 206
1865420 206
1865430 203
1865440 203
1865450 200
1865460 199
1865470 199
1865480 197
1865490 196
1865500 196
1865510 195
1865520 193
1865530 193
1865540 191
1865550 189
1865560 189
1865570 184
1865580 188
1865590 188
1865600 189
1865610 189
1865620 189
1865630 189
1865640 189
1865650 189
1865660 190
1865670 190
1865680 190
1865690 190
1865700 187
1865710 187
1865720 186
1865730 186
1865740 185
1865750 185
1865760 185
1865770 184
1865780 184
1865790 184
1865800 183
1865810 183
1865820 183
1865830 182
1865840 181
1865850 181
1865860 181
1865870 180
1865880 180
1865890 179
1865900 178
1865910 178
1865920 177
1865930 176
1865940 176
1865950 176
1865960 177
1865970 177
1865980 177
1865990 178
1866000 178
1866010 178
1866020 178
1866030 178
1866040 177
1866050 177
1866060 177
1866070 176
1866080 176
1866090 176
1866100 175
1866110 175
1866120 175
1866130 176
1866140 177
1866150 177
1866160 179
1866170 180
1866180 180
1866190 180
1866200 179
1866210 179
1866220 179
1866230 179
1866240 179
1866250 179
1866260 179
1866270 179
1866280 178
1866290 178
1866300 178
1866310 178
1866320 178
1866330 178
1866340 178
1866350 179
1866360 179
1866370 180
1866380 181
1866390 179
1866400 180
1866410 180
1866420 180
1866430 179
1866440 179
1866450 178
1866460 178
1866470 178
1866480 177
1866490 176
1866500 176
1866510 175
1866520 175
1866530 175
1866540 174
1866550 172
1866560 172
1866570 171
1866580 172
1866590 172
1866600 172
1866610 172
1866620 172
1866630 172
1866640 172
1866650 172
1866660 172
1866670 171
1866680 171
1866690 171
1866700 171
1866710 171
1866720 171
1866730 170
1866740 170
1866750 171
1866760 171
1866770 171
1866780 171
1866790 172
1866800 172
1866810 172
1866820 172
1866830 172
1866840 172
1866850 172
1866860 172
1866870 172
1866880 171
1866890 171
1866900 171
1866910 171
1866920 171
1866930 171
1866940 171
1866950 171
1866960 171
1866970 171
1866980 171
1866990 171
1867000 171
1867010 171
1867020 171
1867030 171
1867040 171
1867050 171
1867060 170
1867070 170
1867080 170
1867090 170
1867100 170
1867110 170
1867120 170
1867130 170
1867140 170
1867150 170
1867160 170
1867170 170
1867180 170
1867190 170
1867200 170
1867210 170
1867220 170
1867230 170
1867240 170
1867250 170
1867260 170
1867270 170
1867280 170
1867290 170
1867300 170
1867310 170
1867320 170
1867330 170
1867340 170
1867350 170
1867360 170
1867370 169
1867380 169
1867390 169
1867400 169
1867410 168
1867420 168
1867430 168
1867440 168
1867450 168
1867460 168
1867470 168
1867480 168
1867490 168
1867500 168
1867510 168
1867520 168
1867530 168
1867540 168
1867550 168
1867560 168
1867570 168
1867580 168
1867590 168
1867600 168
1867610 168
1867620 168
1867630 168
1867640 167
1867650 167
1867660 167
1867670 167
1867680 167
1867690 167
1867700 168
1867710 168
1867720 168
1867730 167
1867740 167
1867750 167
1867760 167
1867770 167
1867780 166
1867790 166
1867800 166
1867810 166
1867820 165
1867830 165
1867840 165
1867850 165
1867860 165
1867870 165
1867880 165
1867890 165
1867900 165
1867910 165
1867920 165
1867930 165
1867940 165
1867950 165
1867960 165
1867970 165
1867980 165
1867990 165
1868000 165
1868010 165
1868020 165
1868030 165
1868040 165
1868050 165
1868060 165
1868070 165
1868080 165
1868090 165
1868100 165
1868110 165
1868120 165
1868130 165
1868140 165
1868150 165
1868160 165
1868170 165
1868180 165
1868190 165
1868200 165
1868210 165
1868220 165
1868230 165
1868240 165
1868250 165
1868260 165
1868270 165
1868280 165
1868290 165
1868300 165
1868310 165
1868320 165
1868330 165
1868340 165
1868350 164
1868360 164
1868370 164
1868380 165
1868390 165
1868400 165
1868410 165
1868420 165
1868430 163
1868440 164
1868450 164
1868460 165
1868470 165
1868480 165
1868490 164
1868500 164
1868510 164
1868520 164
1868530 164
1868540 164
1868550 164
1868560 164
1868570 164
1868580 164
1868590 164
1868600 164
1868610 164
1868620 163
1868630 163
1868640 163
1868650 163
1868660 163
1868670 164
1868680 164
1868690 164
1868700 163
1868710 164
1868720 164
1868730 164
1868740 163
1868750 163
1868760 164
1868770 164
1868780 164
1868790 163
1868800 164
1868810 164
1868820 164
1868830 163
1868840 163
1868850 163
1868860 163
1868870 163
1868880 163
1868890 163
1868900 163
1868910 163
1868920 163
1868930 163
1868940 163
1868950 163
1868960 163
1868970 163
1868980 163
1868990 163
1869000 163
1869010 163
1869020 163
1869030 163
1869040 163
1869050 163
1869060 163
1869070 163
1869080 163
1869090 163
1869100 163
1869110 163
1869120 163
1869130 163
1869140 163
1869150 163
1869160 163
1869170 163
1869180 163
1869190 163
1869200 163
1869210 163
1869220 163
1869230 163
1869240 163
1869250 163
1869260 163
1869270 163
1869280 163
1869290 163
1869300 163
1869310 163
1869320 163
1869330 163
1869340 163
1869350 163
1869360 162
1869370 162
1869380 163
1869390 163
1869400 163
1869410 163
1869420 163
1869430 163
1869440 163
1869450 163
1869460 163
1869470 163
1869480 163
1869490 163
1869500 164
1869510 164
1869520 164
1869530 164
1869540 164
1869550 164
1869560 164
1869570 163
1869580 163
1869590 164
1869600 163
1869610 163
1869620 163
1869630 163
1869640 163
1869650 163
1869660 163
1869670 163
1869680 163
1869690 163
1869700 163
1869710 163
1869720 163
1869730 163
1869740 163
1869750 163
1869760 163
1869770 163
1869780 163
1869790 163
1869800 163
1869810 163
1869820 163
1869830 163
1869840 163
1869850 163
1869860 163
1869870 163
1869880 163
1869890 163
1869900 163
1869910 163
1869920 163
1869930 163
1869940 163
1869950 163
1869960 163
1869970 163
1869980 163
1869990 163
1870000 162
1870010 162
1870020 162
1870030 162
1870040 163
1870050 163
1870060 163
1870070 162
1870080 162
1870090 162
1870100 162
1870110 162
1870120 162
1870130 162
1870140 162
1870150 162
1870160 162
1870170 162
1870180 162
1870190 162
1870200 162
1870210 162
1870220 162
1870230 162
1870240 162
1870250 162
1870260 162
1870270 162
1870280 162
1870290 162
1870300 162
1870310 162
1870320 162
1870330 162
1870340 162
1870350 162
1870360 162
1870370 161
1870380 161
1870390 161
1870400 162
1870410 162
1870420 162
1870430 161
1870440 161
1870450 161
1870460 161
1870470 161
1870480 161
1870490 161
1870500 161
1870510 161
1870520 161
1870530 161
1870540 162
1870550 162
1870560 162
1870570 162
1870580 162
1870590 162
1870600 162
1870610 162
1870620 162
1870630 162
1870640 162
1870650 162
1870660 162
1870670 162
1870680 162
1870690 162
1870700 162
1870710 161
1870720 161
1870730 161
1870740 161
1870750 161
1870760 161
1870770 161
1870780 161
1870790 161
1870800 161
1870810 161
1870820 161
1870830 161
1870840 161
1870850 161
1870860 161
1870870 161
1870880 161
1870890 161
1870900 161
1870910 161
1870920 161
1870930 161
1870940 161
1870950 161
1870960 161
1870970 161
1870980 161
1870990 161
1871000 161
1871010 161
1871020 161
1871030 161
1871040 161
1871050 161
1871060 161
1871070 161
1871080 161
1871090 161
1871100 161
1871110 161
1871120 161
1871130 161
1871140 161
1871150 161
1871160 161
1871170 161
1871180 161
1871190 161
1871200 161
1871210 161
1871220 161
1871230 161
1871240 162
1871250 161
1871260 161
1871270 161
1871280 161
1871290 161
1871300 161
1871310 161
1871320 161
1871330 161
1871340 161
1871350 161
1871360 161
1871370 161
1871380 161
1871390 161
1871400 161
1871410 161
1871420 161
1871430 161
1871440 161
1871450 161
1871460 161
1871470 161
1871480 161
1871490 161
1871500 161
1871510 162
1871520 162
1871530 162
1871540 162
1871550 162
1871560 162
1871570 162
1871580 162
1871590 162
1871600 162
1871610 162
1871620 162
1871630 162
1871640 162
1871650 162
1871660 162
1871670 162
1871680 162
1871690 162
1871700 162
1871710 162
1871720 162
1871730 162
1871740 162
1871750 162
1871760 162
1871770 162
1871780 162
1871790 162
1871800 162
1871810 162
1871820 162
1871830 163
1871840 163
1871850 163
1871860 163
1871870 163
1871880 163
1871890 163
1871900 163
1871910 163
1871920 162
1871930 163
1871940 163
1871950 162
1871960 163
1871970 163
1871980 162
1871990 162
1872000 162
1872010 162
1872020 162
1872030 162
1872040 162
1872050 162
1872060 162
1872070 163
1872080 163
1872090 163
1872100 163
1872110 163
1872120 163
1872130 163
1872140 163
1872150 163
1872160 163
1872170 163
1872180 163
1872190 164
1872200 164
1872210 164
1872220 164
1872230 165
1872240 165
1872250 165
1872260 165
1872270 165
1872280 165
1872290 165
1872300 165
1872310 165
1872320 164
1872330 164
1872340 164
1872350 164
1872360 164
1872370 164
1872380 164
1872390 164
1872400 164
1872410 164
1872420 164
1872430 164
1872440 165
1872450 165
1872460 165
1872470 165
1872480 165
1872490 165
1872500 167
1872510 167
1872520 167
1872530 167
1872540 167
1872550 167
1872560 167
1872570 167
1872580 167
1872590 167
1872600 167
1872610 167
1872620 167
1872630 167
1872640 167
1872650 167
1872660 168
1872670 168
1872680 168
1872690 168
1872700 167
1872710 167
1872720 167
1872730 167
1872740 167
1872750 168
1872760 168
1872770 168
1872780 168
1872790 168
1872800 168
1872810 169
1872820 169
1872830 170
1872840 170
1872850 170
1872860 170
1872870 170
1872880 170
1872890 170
1872900 170
1872910 171
1872920 171
1872930 171
1872940 171
1872950 171
1872960 171
1872970 171
1872980 171
1872990 171
1873000 171
1873010 171
1873020 171
1873030 171
1873040 171
1873050 171
1873060 171
1873070 171
1873080 171
1873090 172
1873100 172
1873110 172
1873120 172
1873130 172
1873140 172
1873150 172
1873160 172
1873170 171
1873180 171
1873190 172
1873200 172
1873210 172
1873220 172
1873230 174
1873240 174
1873250 175
1873260 175
1873270 175
1873280 175
1873290 175
1873300 175
1873310 175
1873320 174
1873330 174
1873340 174
1873350 173
1873360 173
1873370 173
1873380 173
1873390 173
1873400 173
1873410 173
1873420 173
1873430 174
1873440 174
1873450 174
1873460 175
1873470 175
1873480 175
1873490 175
1873500 176
1873510 176
1873520 176
1873530 176
1873540 176
1873550 176
1873560 176
1873570 176
1873580 176
1873590 176
1873600 176
1873610 176
1873620 176
1873630 176
1873640 176
1873650 176
1873660 176
1873670 176
1873680 176
1873690 176
1873700 176
1873710 176
1873720 176
1873730 176
1873740 176
1873750 176
1873760 176
1873770 176
1873780 176
1873790 175
1873800 175
1873810 175
1873820 175
1873830 175
1873840 175
1873850 175
1873860 175
1873870 175
1873880 175
1873890 175
1873900 175
1873910 175
1873920 175
1873930 175
1873940 175
1873950 175
1873960 175
1873970 175
1873980 175
1873990 175
1874000 175
1874010 175
1874020 174
1874030 174
1874040 174
1874050 174
1874060 174
1874070 174
1874080 174
1874090 174
1874100 174
1874110 174
1874120 174
1874130 174
1874140 174
1874150 174
1874160 174
1874170 174
1874180 174
1874190 174
1874200 174
1874210 174
1874220 174
1874230 174
1874240 174
1874250 174
1874260 174
1874270 174
1874280 174
1874290 174
1874300 174
1874310 174
1874320 174
1874330 174
1874340 174
1874350 174
1874360 174
1874370 174
1874380 174
1874390 174
1874400 174
1874410 174
1874420 174
1874430 174
1874440 174
1874450 174
1874460 174
1874470 174
1874480 174
1874490 174
1874500 174
1874510 173
1874520 173
1874530 173
1874540 173
1874550 173
1874560 173
1874570 173
1874580 173
1874590 173
1874600 173
1874610 173
1874620 173
1874630 173
1874640 173
1874650 173
1874660 173
1874670 173
1874680 173
1874690 173
1874700 172
1874710 172
1874720 172
1874730 172
1874740 172
1874750 172
1874760 172
1874770 172
1874780 172
1874790 172
1874800 172
1874810 172
1874820 172
1874830 172
1874840 172
1874850 172
1874860 172
1874870 172
1874880 171
1874890 171
1874900 171
1874910 171
1874920 171
1874930 171
1874940 171
1874950 171
1874960 171
1874970 171
1874980 171
1874990 171
1875000 171
1875010 171
1875020 171
1875030 171
1875040 171
1875050 171
1875060 171
1875070 171
1875080 171
1875090 171
1875100 171
1875110 171
1875120 171
1875130 171
1875140 171
1875150 171
1875160 171
1875170 171
1875180 171
1875190 171
1875200 171
1875210 171
1875220 171
1875230 171
1875240 171
1875250 171
1875260 171
1875270 172
1875280 172
1875290 171
1875300 171
1875310 171
1875320 171
1875330 171
1875340 171
1875350 171
1875360 171
1875370 171
1875380 171
1875390 170
1875400 170
1875410 170
1875420 170
1875430 170
1875440 170
1875450 170
1875460 170
1875470 170
1875480 169
1875490 169
1875500 169
1875510 169
1875520 169
1875530 169
1875540 169
1875550 169
1875560 169
1875570 169
1875580 169
1875590 169
1875600 169
1875610 169
1875620 168
1875630 168
1875640 168
1875650 168
1875660 168
1875670 168
1875680 168
1875690 168
1875700 168
1875710 168
1875720 168
1875730 168
1875740 168
1875750 168
1875760 168
1875770 167
1875780 167
1875790 167
1875800 167
1875810 167
1875820 167
1875830 167
1875840 167
1875850 167
1875860 167
1875870 167
1875880 167
1875890 167
1875900 167
1875910 167
1875920 167
1875930 167
1875940 167
1875950 167
1875960 167
1875970 167
1875980 166
1875990 166
1876000 166
1876010 166
1876020 166
1876030 166
1876040 166
1876050 166
1876060 166
1876070 166
1876080 166
1876090 166
1876100 166
1876110 166
1876120 166
1876130 166
1876140 166
1876150 166
1876160 165
1876170 165
1876180 165
1876190 165
1876200 165
1876210 165
1876220 165
1876230 165
1876240 165
1876250 165
1876260 165
1876270 165
1876280 165
1876290 165
1876300 164
1876310 164
1876320 164
1876330 164
1876340 164
1876350 164
1876360 164
1876370 164
1876380 164
1876390 164
1876400 164
1876410 164
1876420 164
1876430 164
1876440 164
1876450 164
1876460 164
1876470 164
1876480 164
1876490 163
1876500 163
1876510 163
1876520 163
1876530 163
1876540 163
1876550 163
1876560 164
1876570 163
1876580 163
1876590 163
1876600 163
1876610 163
1876620 163
1876630 163
1876640 163
1876650 163
1876660 163
1876670 163
1876680 163
1876690 163
1876700 163
1876710 163
1876720 163
1876730 163
1876740 163
1876750 163
1876760 163
1876770 163
1876780 163
1876790 163
1876800 163
1876810 163
1876820 163
1876830 163
1876840 163
1876850 163
1876860 163
1876870 163
1876880 163
1876890 163
1876900 163
1876910 163
1876920 163
1876930 163
1876940 163
1876950 163
1876960 163
1876970 163
1876980 163
1876990 163
1877000 163
1877010 163
1877020 163
1877030 163
1877040 163
1877050 163
1877060 163
1877070 163
1877080 163
1877090 163
1877100 163
1877110 163
1877120 163
1877130 163
1877140 163
1877150 163
1877160 163
1877170 163
1877180 163
1877190 163
1877200 162
1877210 162
1877220 162
1877230 162
1877240 162
1877250 162
1877260 162
1877270 161
1877280 161
1877290 161
1877300 161
1877310 160
1877320 160
1877330 160
1877340 160
1877350 160
1877360 160
1877370 160
1877380 160
1877390 160
1877400 159
1877410 159
1877420 159
1877430 159
1877440 159
1877450 159
1877460 159
1877470 159
1877480 158
1877490 158
1877500 158
1877510 158
1877520 158
1877530 158
1877540 158
1877550 158
1877560 158
1877570 158
1877580 158
1877590 158
1877600 157
1877610 157
1877620 157
1877630 157
1877640 157
1877650 157
1877660 157
1877670 157
1877680 157
1877690 157
1877700 157
1877710 157
1877720 157
1877730 157
1877740 157
1877750 156
1877760 156
1877770 156
1877780 156
1877790 156
1877800 156
1877810 156
1877820 156
1877830 156
1877840 156
1877850 156
1877860 156
1877870 156
1877880 155
1877890 155
1877900 155
1877910 155
1877920 155
1877930 155
1877940 155
1877950 155
1877960 155
1877970 155
1877980 155
1877990 155
1878000 155
1878010 155
1878020 155
1878030 155
1878040 155
1878050 155
1878060 155
1878070 155
1878080 155
1878090 155
1878100 155
1878110 155
1878120 155
1878130 155
1878140 155
1878150 155
1878160 155
1878170 155
1878180 155
1878190 155
1878200 155
1878210 155
1878220 155
1878230 155
1878240 155
1878250 155
1878260 155
1878270 155
1878280 154
1878290 154
1878300 154
1878310 154
1878320 154
1878330 154
1878340 154
1878350 154
1878360 154
1878370 154
1878380 154
1878390 154
1878400 154
1878410 154
1878420 154
1878430 154
1878440 154
1878450 154
1878460 154
1878470 154
1878480 154
1878490 154
1878500 154
1878510 154
1878520 154
1878530 154
1878540 154
1878550 154
1878560 154
1878570 154
1878580 154
1878590 154
1878600 154
1878610 154
1878620 154
1878630 154
1878640 154
1878650 154
1878660 154
1878670 154
1878680 154
1878690 154
1878700 154
1878710 154
1878720 154
1878730 154
1878740 154
1878750 154
1878760 154
1878770 154
1878780 154
1878790 154
1878800 154
1878810 154
1878820 154
1878830 154
1878840 154
1878850 154
1878860 154
1878870 154
1878880 154
1878890 154
1878900 154
1878910 154
1878920 154
1878930 154
1878940 154
1878950 154
1878960 154
1878970 154
1878980 154
1878990 154
1879000 154
1879010 154
1879020 154
1879030 154
1879040 154
1879050 154
1879060 155
1879070 155
1879080 155
1879090 155
1879100 155
1879110 156
1879120 156
1879130 156
1879140 156
1879150 157
1879160 157
1879170 158
1879180 159
1879190 159
1879200 159
1879210 159
1879220 159
1879230 159
1879240 159
1879250 159
1879260 159
1879270 159
1879280 159
1879290 159
1879300 159
1879310 160
1879320 160
1879330 160
1879340 161
1879350 161
1879360 161
1879370 161
1879380 161
1879390 161
1879400 161
1879410 162
1879420 162
1879430 162
1879440 162
1879450 162
1879460 162
1879470 162
1879480 162
1879490 163
1879500 163
1879510 163
1879520 163
1879530 163
1879540 163
1879550 163
1879560 163
1879570 163
1879580 162
1879590 162
1879600 162
1879610 162
1879620 162
1879630 162
1879640 162
1879650 162
1879660 162
1879670 162
1879680 163
1879690 163
1879700 163
1879710 163
1879720 163
1879730 163
1879740 163
1879750 163
1879760 163
1879770 163
1879780 163
1879790 163
1879800 164
1879810 164
1879820 164
1879830 164
1879840 164
1879850 165
1879860 165
1879870 165
1879880 165
1879890 165
1879900 165
1879910 166
1879920 166
1879930 166
1879940 166
1879950 166
1879960 167
1879970 167
1879980 167
1879990 167
1860000 191
1860010 191
1860020 191
1860030 191
1860040 192
1860050 192
1860060 192
1860070 193
1860080 193
1860090 193
1860100 192
1860110 192
1860120 192
1860130 191
1860140 191
1860150 191
1860160 191
1860170 192
1860180 194
1860190 194
1860200 195
1860210 195
1860220 197
1860230 198
1860240 198
1860250 198
1860260 199
1860270 199
1860280 199
1860290 199
1860300 199
1860310 199
1860320 199
1860330 199
1860340 200
1860350 200
1860360 200
1860370 200
1860380 200
1860390 200
1860400 201
1860410 201
1860420 201
1860430 201
1860440 201
1860450 201
1860460 201
1860470 201
1860480 201
1860490 200
1860500 200
1860510 200
1860520 202
1860530 202
1860540 202
1860550 202
1860560 202
1860570 202
1860580 202
1860590 202
1860600 203
1860610 203
1860620 203
1860630 203
1860640 203
1860650 203
1860660 202
1860670 202
1860680 202
1860690 201
1860700 201
1860710 201
1860720 200
1860730 199
1860740 199
1860750 198
1860760 198
1860770 198
1860780 197
1860790 196
1860800 196
1860810 197
1860820 197
1860830 197
1860840 197
1860850 197
1860860 197
1860870 198
1860880 198
1860890 198
1860900 198
1860910 198
1860920 198
1860930 197
1860940 197
1860950 197
1860960 196
1860970 196
1860980 195
1860990 195
1861000 195
1861010 195
1861020 194
1861030 194
1861040 194
1861050 194
1861060 194
1861070 193
1861080 193
1861090 193
1861100 192
1861110 192
1861120 192
1861130 190
1861140 188
1861150 188
1861160 190
1861170 189
1861180 189
1861190 189
1861200 188
1861210 188
1861220 188
1861230 187
1861240 187
1861250 186
1861260 185
1861270 185
1861280 185
1861290 184
1861300 184
1861310 183
1861320 183
1861330 183
1861340 182
1861350 182
1861360 182
1861370 181
1861380 181
1861390 181
1861400 181
1861410 181
1861420 181
1861430 179
1861440 178
1861450 178
1861460 178
1861470 178
1861480 178
1861490 177
1861500 177
1861510 177
1861520 177
1861530 177
1861540 177
1861550 177
1861560 176
1861570 177
1861580 177
1861590 175
1861600 175
1861610 175
1861620 175
1861630 175
1861640 175
1861650 175
1861660 174
1861670 173
1861680 173
1861690 173
1861700 173
1861710 173
1861720 174
1861730 173
1861740 173
1861750 173
1861760 173
1861770 173
1861780 173
1861790 173
1861800 173
1861810 174
1861820 173
1861830 173
1861840 171
1861850 174
1861860 174
1861870 173
1861880 173
1861890 173
1861900 173
1861910 173
1861920 173
1861930 173
1861940 173
1861950 173
1861960 173
1861970 173
1861980 173
1861990 173
1862000 173
1862010 173
1862020 173
1862030 173
1862040 173
1862050 172
1862060 173
1862070 173
1862080 173
1862090 172
1862100 172
1862110 172
1862120 173
1862130 173
1862140 173
1862150 173
1862160 173
1862170 173
1862180 173
1862190 173
1862200 173
1862210 173
1862220 173
1862230 173
1862240 173
1862250 173
1862260 173
1862270 173
1862280 173
1862290 174
1862300 174
1862310 174
1862320 174
1862330 174
1862340 174
1862350 174
1862360 174
1862370 175
1862380 174
1862390 174
1862400 173
1862410 173
1862420 173
1862430 173
1862440 173
1862450 173
1862460 173
1862470 172
1862480 172
1862490 172
1862500 172
1862510 172
1862520 172
1862530 172
1862540 172
1862550 172
1862560 172
1862570 172
1862580 172
1862590 172
1862600 172
1862610 172
1862620 172
1862630 172
1862640 172
1862650 172
1862660 172
1862670 172
1862680 172
1862690 172
1862700 172
1862710 172
1862720 172
1862730 173
1862740 173
1862750 173
1862760 173
1862770 173
1862780 173
1862790 173
1862800 173
1862810 173
1862820 173
1862830 173
1862840 173
1862850 173
1862860 173
1862870 173
1862880 173
1862890 173
1862900 173
1862910 174
1862920 174
1862930 174
1862940 175
1862950 174
1862960 174
1862970 175
1862980 176
1862990 176
1863000 177
1863010 177
1863020 177
1863030 177
1863040 177
1863050 177
1863060 178
1863070 178
1863080 178
1863090 178
1863100 178
1863110 178
1863120 178
1863130 178
1863140 178
1863150 178
1863160 178
1863170 178
1863180 178
1863190 178
1863200 178
1863210 179
1863220 179
1863230 179
1863240 179
1863250 179
1863260 179
1863270 179
1863280 179
1863290 179
1863300 179
1863310 179
1863320 179
1863330 179
1863340 179
1863350 179
1863360 179
1863370 179
1863380 179
1863390 179
1863400 179
1863410 179
1863420 179
1863430 179
1863440 179
1863450 179
1863460 179
1863470 179
1863480 179
1863490 179
1863500 178
1863510 178
1863520 178
1863530 177
1863540 176
1863550 176
1863560 175
1863570 174
1863580 174
1863590 174
1863600 173
1863610 173
1863620 172
1863630 172
1863640 171
1863650 171
1863660 171
1863670 171
1863680 171
1863690 171
1863700 171
1863710 171
1863720 171
1863730 171
1863740 171
1863750 171
1863760 171
1863770 171
1863780 171
1863790 171
1863800 171
1863810 171
1863820 171
1863830 171
1863840 171
1863850 171
1863860 171
1863870 171
1863880 171
1863890 171
1863900 171
1863910 171
1863920 170
1863930 170
1863940 171
1863950 171
1863960 171
1863970 171
1863980 171
1863990 171
1864000 171
1864010 171
1864020 171
1864030 170
1864040 170
1864050 170
1864060 170
1864070 170
1864080 170
1864090 170
1864100 171
1864110 171
1864120 171
1864130 171
1864140 171
1864150 171
1864160 170
1864170 170
1864180 170
1864190 170
1864200 170
1864210 171
1864220 171
1864230 171
1864240 172
1864250 172
1864260 172
1864270 172
1864280 173
1864290 173
1864300 174
1864310 175
1864320 175
1864330 175
1864340 176
1864350 176
1864360 176
1864370 176
1864380 176
1864390 176
1864400 176
1864410 178
1864420 179
1864430 179
1864440 180
1864450 184
1864460 184
1864470 187
1864480 189
1864490 189
1864500 191
1864510 195
1864520 195
1864530 196
1864540 197
1864550 197
1864560 199
1864570 200
1864580 200
1864590 202
1864600 203
1864610 203
1864620 205
1864630 206
1864640 206
1864650 208
1864660 209
1864670 208
1864680 210
1864690 210
1864700 210
1864710 211
1864720 212
1864730 212
1864740 213
1864750 213
1864760 213
1864770 214
1864780 214
1864790 214
1864800 215
1864810 215
1864820 215
1864830 216
1864840 216
1864850 216
1864860 216
1864870 217
1864880 217
1864890 217
1864900 217
1864910 217
1864920 217
1864930 217
1864940 217
1864950 217
1864960 218
1864970 218
1864980 218
1864990 218
1865000 218
1865010 218
1865020 219
1865030 219
1865040 219
1865050 219
1865060 219
1865070 219
1865080 219
1865090 219
1865100 219
1865110 219
1865120 219
1865130 219
1865140 219
1865150 219
1865160 219
1865170 219
1865180 219
1865190 219
1865200 219
1865210 219
1865220 219
1865230 219
1865240 218
1865250 218
1865260 218
1865270 217
1865280 217
1865290 217
1865300 216
1865310 215
1865320 215
1865330 215
1865340 214
1865350 214
1865360 211
1865370 211
1865380 211
1865390 209
1865400 206
1865410 206
1865420 206
1865430 203
1865440 203
1865450 200
1865460 199
1865470 199
1865480 197
1865490 196
1865500 196
1865510 195
1865520 193
1865530 193
1865540 191
1865550 189
1865560 189
1865570 184
1865580 188
1865590 188
1865600 189
1865610 189
1865620 189
1865630 189
1865640 189
1865650 189
1865660 190
1865670 190
1865680 190
1865690 190
1865700 187
1865710 187
1865720 186
1865730 186
1865740 185
1865750 185
1865760 185
1865770 184
1865780 184
1865790 184
1865800 183
1865810 183
1865820 183
1865830 182
1865840 181
1865850 181
1865860 181
1865870 180
1865880 180
1865890 179
1865900 178
1865910 178
1865920 177
1865930 176
1865940 176
1865950 176
1865960 177
1865970 177
1865980 177
1865990 178
1866000 178
1866010 178
1866020 178
1866030 178
1866040 177
1866050 177
1866060 177
1866070 176
1866080 176
1866090 176
1866100 175
1866110 175
1866120 175
1866130 176
1866140 177
1866150 177
1866160 179
1866170 180
1866180 180
1866190 180
1866200 179
1866210 179
1866220 179
1866230 179
1866240 179
1866250 179
1866260 179
1866270 179
1866280 178
1866290 178
1866300 178
1866310 178
1866320 178
1866330 178
1866340 178
1866350 179
1866360 179
1866370 180
1866380 181
1866390 179
1866400 180
1866410 180
1866420 180
1866430 179
1866440 179
1866450 178
1866460 178
1866470 178
1866480 177
1866490 176
1866500 176
1866510 175
1866520 175
1866530 175
1866540 174
1866550 172
1866560 172
1866570 171
1866580 172
1866590 172
1866600 172
1866610 172
1866620 172
1866630 172
1866640 172
1866650 172
1866660 172
1866670 171
1866680 171
1866690 171
1866700 171
1866710 171
1866720 171
1866730 170
1866740 170
1866750 171
1866760 171
1866770 171
1866780 171
1866790 172
1866800 172
1866810 172
1866820 172
1866830 172
1866840 172
1866850 172
1866860 172
1866870 172
1866880 171
1866890 171
1866900 171
1866910 171
1866920 171
1866930 171
1866940 171
1866950 171
1866960 171
1866970 171
1866980 171
1866990 171
1867000 171
1867010 171
1867020 171
1867030 171
1867040 171
1867050 171
1867060 170
1867070 170
1867080 170
1867090 170
1867100 170
1867110 170
1867120 170
1867130 170
1867140 170
1867150 170
1867160 170
1867170 170
1867180 170
1867190 170
1867200 170
1867210 170
1867220 170
1867230 170
1867240 170
1867250 170
1867260 170
1867270 170
1867280 170
1867290 170
1867300 170
1867310 170
1867320 170
1867330 170
1867340 170
1867350 170
1867360 170
1867370 169
1867380 169
1867390 169
1867400 169
1867410 168
1867420 168
1867430 168
1867440 168
1867450 168
1867460 168
1867470 168
1867480 168
1867490 168
1867500 168
1867510 168
1867520 168
1867530 168
1867540 168
1867550 168
1867560 168
1867570 168
1867580 168
1867590 168
1867600 168
1867610 168
1867620 168
1867630 168
1867640 167
1867650 167
1867660 167
1867670 167
1867680 167
1867690 167
1867700 168
1867710 168
1867720 168
1867730 167
1867740 167
1867750 167
1867760 167
1867770 167
1867780 166
1867790 166
1867800 166
1867810 166
1867820 165
1867830 165
1867840 165
1867850 165
1867860 165
1867870 165
1867880 165
1867890 165
1867900 165
1867910 165
1867920 165
1867930 165
1867940 165
1867950 165
1867960 165
1867970 165
1867980 165
1867990 165
1868000 165
1868010 165
1868020 165
1868030 165
1868040 165
1868050 165
1868060 165
1868070 165
1868080 165
1868090 165
1868100 165
1868110 165
1868120 165
1868130 165
1868140 165
1868150 165
1868160 165
1868170 165
1868180 165
1868190 165
1868200 165
1868210 165
1868220 165
1868230 165
1868240 165
1868250 165
1868260 165
1868270 165
1868280 165
1868290 165
1868300 165
1868310 165
1868320 165
1868330 165
1868340 165
1868350 164
1868360 164
1868370 164
1868380 165
1868390 165
1868400 165
1868410 165
1868420 165
1868430 163
1868440 164
1868450 164
1868460 165
1868470 165
1868480 165
1868490 164
1868500 164
1868510 164
1868520 164
1868530 164
1868540 164
1868550 164
1868560 164
1868570 164
1868580 164
1868590 164
1868600 164
1868610 164
1868620 163
1868630 163
1868640 163
1868650 163
1868660 163
1868670 164
1868680 164
1868690 164
1868700 163
1868710 164
1868720 164
1868730 164
1868740 163
1868750 163
1868760 164
1868770 164
1868780 164
1868790 163
1868800 164
1868810 164
1868820 164
1868830 163
1868840 163
1868850 163
1868860 163
1868870 163
1868880 163
1868890 163
1868900 163
1868910 163
1868920 163
1868930 163
1868940 163
1868950 163
1868960 163
1868970 163
1868980 163
1868990 163
1869000 163
1869010 163
1869020 163
1869030 163
1869040 163
1869050 163
1869060 163
1869070 163
1869080 163
1869090 163
1869100 163
1869110 163
1869120 163
1869130 163
1869140 163
1869150 163
1869160 163
1869170 163
1869180 163
1869190 163
1869200 163
1869210 163
1869220 163
1869230 163
1869240 163
1869250 163
1869260 163
1869270 163
1869280 163
1869290 163
1869300 163
1869310 163
1869320 163
1869330 163
1869340 163
1869350 163
1869360 162
1869370 162
1869380 163
1869390 163
1869400 163
1869410 163
1869420 163
1869430 163
1869440 163
1869450 163
1869460 163
1869470 163
1869480 163
1869490 163
1869500 164
1869510 164
1869520 164
1869530 164
1869540 164
1869550 164
1869560 164
1869570 163
1869580 163
1869590 164
1869600 163
1869610 163
1869620 163
1869630 163
1869640 163
1869650 163
1869660 163
1869670 163
1869680 163
1869690 163
1869700 163
1869710 163
1869720 163
1869730 163
1869740 163
1869750 163
1869760 163
1869770 163
1869780 163
1869790 163
1869800 163
1869810 163
1869820 163
1869830 163
1869840 163
1869850 163
1869860 163
1869870 163
1869880 163
1869890 163
1869900 163
1869910 163
1869920 163
1869930 163
1869940 163
1869950 163
1869960 163
1869970 163
1869980 163
1869990 163
1870000 162
1870010 162
1870020 162
1870030 162
1870040 163
1870050 163
1870060 163
1870070 162
1870080 162
1870090 162
1870100 162
1870110 162
1870120 162
1870130 162
1870140 162
1870150 162
1870160 162
1870170 162
1870180 162
1870190 162
1870200 162
1870210 162
1870220 162
1870230 162
1870240 162
1870250 162
1870260 162
1870270 162
1870280 162
1870290 162
1870300 162
1870310 162
1870320 162
1870330 162
1870340 162
1870350 162
1870360 162
1870370 161
1870380 161
1870390 161
1870400 162
1870410 162
1870420 162
1870430 161
1870440 161
1870450 161
1870460 161
1870470 161
1870480 161
1870490 161
1870500 161
1870510 161
1870520 161
1870530 161
1870540 162
1870550 162
1870560 162
1870570 162
1870580 162
1870590 162
1870600 162
1870610 162
1870620 162
1870630 162
1870640 162
1870650 162
1870660 162
1870670 162
1870680 162
1870690 162
1870700 162
1870710 161
1870720 161
1870730 161
1870740 161
1870750 161
1870760 161
1870770 161
1870780 161
1870790 161
1870800 161
1870810 161
1870820 161
1870830 161
1870840 161
1870850 161
1870860 161
1870870 161
1870880 161
1870890 161
1870900 161
1870910 161
1870920 161
1870930 161
1870940 161
1870950 161
1870960 161
1870970 161
1870980 161
1870990 161
1871000 161
1871010 161
1871020 161
1871030 161
1871040 161
1871050 161
1871060 161
1871070 161
1871080 161
1871090 161
1871100 161
1871110 161
1871120 161
1871130 161
1871140 161
1871150 161
1871160 161
1871170 161
1871180 161
1871190 161
1871200 161
1871210 161
1871220 161
1871230 161
1871240 162
1871250 161
1871260 161
1871270 161
1871280 161
1871290 161
1871300 161
1871310 161
1871320 161
1871330 161
1871340 161
1871350 161
1871360 161
1871370 161
1871380 161
1871390 161
1871400 161
1871410 161
1871420 161
1871430 161
1871440 161
1871450 161
1871460 161
1871470 161
1871480 161
1871490 161
1871500 161
1871510 162
1871520 162
1871530 162
1871540 162
1871550 162
1871560 162
1871570 162
1871580 162
1871590 162
1871600 162
1871610 162
1871620 162
1871630 162
1871640 162
1871650 162
1871660 162
1871670 162
1871680 162
1871690 162
1871700 162
1871710 162
1871720 162
1871730 162
1871740 162
1871750 162
1871760 162
1871770 162
1871780 162
1871790 162
1871800 162
1871810 162
1871820 162
1871830 163
1871840 163
1871850 163
1871860 163
1871870 163
1871880 163
1871890 163
1871900 163
1871910 163
1871920 162
1871930 163
1871940 163
1871950 162
1871960 163
1871970 163
1871980 162
1871990 162
1872000 162
1872010 162
1872020 162
1872030 162
1872040 162
1872050 162
1872060 162
1872070 163
1872080 163
1872090 163
1872100 163
1872110 163
1872120 163
1872130 163
1872140 163
1872150 163
1872160 163
1872170 163
1872180 163
1872190 164
1872200 164
1872210 164
1872220 164
1872230 165
1872240 165
1872250 165
1872260 165
1872270 165
1872280 165
1872290 165
1872300 165
1872310 165
1872320 164
1872330 164
1872340 164
1872350 164
1872360 164
1872370 164
1872380 164
1872390 164
1872400 164
1872410 164
1872420 164
1872430 164
1872440 165
1872450 165
1872460 165
1872470 165
1872480 165
1872490 165
1872500 167
1872510 167
1872520 167
1872530 167
1872540 167
1872550 167
1872560 167
1872570 167
1872580 167
1872590 167
1872600 167
1872610 167
1872620 167
1872630 167
1872640 167
1872650 167
1872660 168
1872670 168
1872680 168
1872690 168
1872700 167
1872710 167
1872720 167
1872730 167
1872740 167
1872750 168
1872760 168
1872770 168
1872780 168
1872790 168
1872800 168
1872810 169
1872820 169
1872830 170
1872840 170
1872850 170
1872860 170
1872870 170
1872880 170
1872890 170
1872900 170
1872910 171
1872920 171
1872930 171
1872940 171
1872950 171
1872960 171
1872970 171
1872980 171
1872990 171
1873000 171
1873010 171
1873020 171
1873030 171
1873040 171
1873050 171
1873060 171
1873070 171
1873080 171
1873090 172
1873100 172
1873110 172
1873120 172
1873130 172
1873140 172
1873150 172
1873160 172
1873170 171
1873180 171
1873190 172
1873200 172
1873210 172
1873220 172
1873230 174
1873240 174
1873250 175
1873260 175
1873270 175
1873280 175
1873290 175
1873300 175
1873310 175
1873320 174
1873330 174
1873340 174
1873350 173
1873360 173
1873370 173
1873380 173
1873390 173
1873400 173
1873410 173
1873420 173
1873430 174
1873440 174
1873450 174
1873460 175
1873470 175
1873480 175
1873490 175
1873500 176
1873510 176
1873520 176
1873530 176
1873540 176
1873550 176
1873560 176
1873570 176
1873580 176
1873590 176
1873600 176
1873610 176
1873620 176
1873630 176
1873640 176
1873650 176
1873660 176
1873670 176
1873680 176
1873690 176
1873700 176
1873710 176
1873720 176
1873730 176
1873740 176
1873750 176
1873760 176
1873770 176
1873780 176
1873790 175
1873800 175
1873810 175
1873820 175
1873830 175
1873840 175
1873850 175
1873860 175
1873870 175
1873880 175
1873890 175
1873900 175
1873910 175
1873920 175
1873930 175
1873940 175
1873950 175
1873960 175
1873970 175
1873980 175
1873990 175
1874000 175
1874010 175
1874020 174
1874030 174
1874040 174
1874050 174
1874060 174
1874070 174
1874080 174
1874090 174
1874100 174
1874110 174
1874120 174
1874130 174
1874140 174
1874150 174
1874160 174
1874170 174
1874180 174
1874190 174
1874200 174
1874210 174
1874220 174
1874230 174
1874240 174
1874250 174
1874260 174
1874270 174
1874280 174
1874290 174
1874300 174
1874310 174
1874320 174
1874330 174
1874340 174
1874350 174
1874360 174
1874370 174
1874380 174
1874390 174
1874400 174
1874410 174
1874420 174
1874430 174
1874440 174
1874450 174
1874460 174
1874470 174
1874480 174
1874490 174
1874500 174
1874510 173
1874520 173
1874530 173
1874540 173
1874550 173
1874560 173
1874570 173
1874580 173
1874590 173
1874600 173
1874610 173
1874620 173
1874630 173
1874640 173
1874650 173
1874660 173
1874670 173
1874680 173
1874690 173
1874700 172
1874710 172
1874720 172
1874730 172
1874740 172
1874750 172
1874760 172
1874770 172
1874780 172
1874790 172
1874800 172
1874810 172
1874820 172
1874830 172
1874840 172
1874850 172
1874860 172
1874870 172
1874880 171
1874890 171
1874900 171
1874910 171
1874920 171
1874930 171
1874940 171
1874950 171
1874960 171
1874970 171
1874980 171
1874990 171
1875000 171
1875010 171
1875020 171
1875030 171
1875040 171
1875050 171
1875060 171
1875070 171
1875080 171
1875090 171
1875100 171
1875110 171
1875120 171
1875130 171
1875140 171
1875150 171
1875160 171
1875170 171
1875180 171
1875190 171
1875200 171
1875210 171
1875220 171
1875230 171
1875240 171
1875250 171
1875260 171
1875270 172
1875280 172
1875290 171
1875300 171
1875310 171
1875320 171
1875330 171
1875340 171
1875350 171
1875360 171
1875370 171
1875380 171
1875390 170
1875400 170
1875410 170
1875420 170
1875430 170
1875440 170
1875450 170
1875460 170
1875470 170
1875480 169
1875490 169
1875500 169
1875510 169
1875520 169
1875530 169
1875540 169
1875550 169
1875560 169
1875570 169
1875580 169
1875590 169
1875600 169
1875610 169
1875620 168
1875630 168
1875640 168
1875650 168
1875660 168
1875670 168
1875680 168
1875690 168
1875700 168
1875710 168
1875720 168
1875730 168
1875740 168
1875750 168
1875760 168
1875770 167
1875780 167
1875790 167
1875800 167
1875810 167
1875820 167
1875830 167
1875840 167
1875850 167
1875860 167
1875870 167
1875880 167
1875890 167
1875900 167
1875910 167
1875920 167
1875930 167
1875940 167
1875950 167
1875960 167
1875970 167
1875980 166
1875990 166
1876000 166
1876010 166
1876020 166
1876030 166
1876040 166
1876050 166
1876060 166
1876070 166
1876080 166
1876090 166
1876100 166
1876110 166
1876120 166
1876130 166
1876140 166
1876150 166
1876160 165
1876170 165
1876180 165
1876190 165
1876200 165
1876210 165
1876220 165
1876230 165
1876240 165
1876250 165
1876260 165
1876270 165
1876280 165
1876290 165
1876300 164
1876310 164
1876320 164
1876330 164
1876340 164
1876350 164
1876360 164
1876370 164
1876380 164
1876390 164
1876400 164
1876410 164
1876420 164
1876430 164
1876440 164
1876450 164
1876460 164
1876470 164
1876480 164
1876490 163
1876500 163
1876510 163
1876520 163
1876530 163
1876540 163
1876550 163
1876560 164
1876570 163
1876580 163
1876590 163
1876600 163
1876610 163
1876620 163
1876630 163
1876640 163
1876650 163
1876660 163
1876670 163
1876680 163
1876690 163
1876700 163
1876710 163
1876720 163
1876730 163
1876740 163
1876750 163
1876760 163
1876770 163
1876780 163
1876790 163
1876800 163
1876810 163
1876820 163
1876830 163
1876840 163
1876850 163
1876860 163
1876870 163
1876880 163
1876890 163
1876900 163
1876910 163
1876920 163
1876930 163
1876940 163
1876950 163
1876960 163
1876970 163
1876980 163
1876990 163
1877000 163
1877010 163
1877020 163
1877030 163
1877040 163
1877050 163
1877060 163
1877070 163
1877080 163
1877090 163
1877100 163
1877110 163
1877120 163
1877130 163
1877140 163
1877150 163
1877160 163
1877170 163
1877180 163
1877190 163
1877200 162
1877210 162
1877220 162
1877230 162
1877240 162
1877250 162
1877260 162
1877270 161
1877280 161
1877290 161
1877300 161
1877310 160
1877320 160
1877330 160
1877340 160
1877350 160
1877360 160
1877370 160
1877380 160
1877390 160
1877400 159
1877410 159
1877420 159
1877430 159
1877440 159
1877450 159
1877460 159
1877470 159
1877480 158
1877490 158
1877500 158
1877510 158
1877520 158
1877530 158
1877540 158
1877550 158
1877560 158
1877570 158
1877580 158
1877590 158
1877600 157
1877610 157
1877620 157
1877630 157
1877640 157
1877650 157
1877660 157
1877670 157
1877680 157
1877690 157
1877700 157
1877710 157
1877720 157
1877730 157
1877740 157
1877750 156
1877760 156
1877770 156
1877780 156
1877790 156
1877800 156
1877810 156
1877820 156
1877830 156
1877840 156
1877850 156
1877860 156
1877870 156
1877880 155
1877890 155
1877900 155
1877910 155
1877920 155
1877930 155
1877940 155
1877950 155
1877960 155
1877970 155
1877980 155
1877990 155
1878000 155
1878010 155
1878020 155
1878030 155
1878040 155
1878050 155
1878060 155
1878070 155
1878080 155
1878090 155
1878100 155
1878110 155
1878120 155
1878130 155
1878140 155
1878150 155
1878160 155
1878170 155
1878180 155
1878190 155
1878200 155
1878210 155
1878220 155
1878230 155
1878240 155
1878250 155
1878260 155
1878270 155
1878280 154
1878290 154
1878300 154
1878310 154
1878320 154
1878330 154
1878340 154
1878350 154
1878360 154
1878370 154
1878380 154
1878390 154
1878400 154
1878410 154
1878420 154
1878430 154
1878440 154
1878450 154
1878460 154
1878470 154
1878480 154
1878490 154
1878500 154
1878510 154
1878520 154
1878530 154
1878540 154
1878550 154
1878560 154
1878570 154
1878580 154
1878590 154
1878600 154
1878610 154
1878620 154
1878630 154
1878640 154
1878650 154
1878660 154
1878670 154
1878680 154
1878690 154
1878700 154
1878710 154
1878720 154
1878730 154
1878740 154
1878750 154
1878760 154
1878770 154
1878780 154
1878790 154
1878800 154
1878810 154
1878820 154
1878830 154
1878840 154
1878850 154
1878860 154
1878870 154
1878880 154
1878890 154
1878900 154
1878910 154
1878920 154
1878930 154
1878940 154
1878950 154
1878960 154
1878970 154
1878980 154
1878990 154
1879000 154
1879010 154
1879020 154
1879030 154
1879040 154
1879050 154
1879060 155
1879070 155
1879080 155
1879090 155
1879100 155
1879110 156
1879120 156
1879130 156
1879140 156
1879150 157
1879160 157
1879170 158
1879180 159
1879190 159
1879200 159
1879210 159
1879220 159
1879230 159
1879240 159
1879250 159
1879260 159
1879270 159
1879280 159
1879290 159
1879300 159
1879310 160
1879320 160
1879330 160
1879340 161
1879350 161
1879360 161
1879370 161
1879380 161
1879390 161
1879400 161
1879410 162
1879420 162
1879430 162
1879440 162
1879450 162
1879460 162
1879470 162
1879480 162
1879490 163
1879500 163
1879510 163
1879520 163
1879530 163
1879540 163
1879550 163
1879560 163
1879570 163
1879580 162
1879590 162
1879600 162
1879610 162
1879620 162
1879630 162
1879640 162
1879650 162
1879660 162
1879670 162
1879680 163
1879690 163
1879700 163
1879710 163
1879720 163
1879730 163
1879740 163
1879750 163
1879760 163
1879770 163
1879780 163
1879790 163
1879800 164
1879810 164
1879820 164
1879830 164
1879840 164
1879850 165
1879860 165
1879870 165
1879880 165
1879890 165
1879900 165
1879910 166
1879920 166
1879930 166
1879940 166
1879950 166
1879960 167
1879970 167
1879980 167
1879990 167
