1860000 215
1860010 216
1860020 216
1860030 216
1860040 217
1860050 217
1860060 217
1860070 218
1860080 218
1860090 218
1860100 219
1860110 219
1860120 219
1860130 220
1860140 221
1860150 221
1860160 221
1860170 222
1860180 222
1860190 222
1860200 222
1860210 222
1860220 223
1860230 223
1860240 223
1860250 223
1860260 224
1860270 224
1860280 224
1860290 224
1860300 224
1860310 224
1860320 224
1860330 224
1860340 225
1860350 225
1860360 225
1860370 225
1860380 225
1860390 225
1860400 225
1860410 225
1860420 225
1860430 225
1860440 224
1860450 224
1860460 224
1860470 223
1860480 224
1860490 224
1860500 223
1860510 223
1860520 223
1860530 222
1860540 222
1860550 222
1860560 221
1860570 221
1860580 221
1860590 220
1860600 220
1860610 220
1860620 220
1860630 219
1860640 219
1860650 219
1860660 218
1860670 218
1860680 218
1860690 218
1860700 217
1860710 217
1860720 216
1860730 216
1860740 216
1860750 215
1860760 215
1860770 215
1860780 214
1860790 213
1860800 213
1860810 213
1860820 212
1860830 212
1860840 211
1860850 210
1860860 210
1860870 210
1860880 209
1860890 209
1860900 208
1860910 207
1860920 207
1860930 206
1860940 206
1860950 206
1860960 205
1860970 205
1860980 205
1860990 204
1861000 203
1861010 203
1861020 203
1861030 202
1861040 202
1861050 201
1861060 201
1861070 201
1861080 200
1861090 199
1861100 199
1861110 198
1861120 198
1861130 198
1861140 197
1861150 196
1861160 196
1861170 196
1861180 195
1861190 195
1861200 194
1861210 194
1861220 194
1861230 193
1861240 193
1861250 193
1861260 192
1861270 191
1861280 191
1861290 191
1861300 191
1861310 190
1861320 190
1861330 190
1861340 189
1861350 189
1861360 189
1861370 188
1861380 188
1861390 188
1861400 187
1861410 187
1861420 187
1861430 186
1861440 185
1861450 185
1861460 185
1861470 184
1861480 184
1861490 184
1861500 183
1861510 183
1861520 182
1861530 182
1861540 182
1861550 181
1861560 181
1861570 181
1861580 181
1861590 180
1861600 180
1861610 180
1861620 180
1861630 180
1861640 179
1861650 179
1861660 179
1861670 179
1861680 178
1861690 178
1861700 178
1861710 178
1861720 178
1861730 177
1861740 177
1861750 177
1861760 177
1861770 177
1861780 177
1861790 177
1861800 176
1861810 176
1861820 176
1861830 176
1861840 176
1861850 176
1861860 176
1861870 176
1861880 176
1861890 176
1861900 176
1861910 176
1861920 176
1861930 176
1861940 176
1861950 176
1861960 176
1861970 176
1861980 176
1861990 176
1862000 175
1862010 175
1862020 175
1862030 175
1862040 175
1862050 175
1862060 175
1862070 175
1862080 175
1862090 174
1862100 174
1862110 174
1862120 173
1862130 173
1862140 173
1862150 173
1862160 173
1862170 172
1862180 173
1862190 173
1862200 173
1862210 174
1862220 174
1862230 174
1862240 174
1862250 174
1862260 173
1862270 173
1862280 173
1862290 173
1862300 173
1862310 173
1862320 172
1862330 171
1862340 171
1862350 171
1862360 171
1862370 171
1862380 172
1862390 173
1862400 173
1862410 173
1862420 173
1862430 173
1862440 172
1862450 172
1862460 172
1862470 172
1862480 172
1862490 172
1862500 172
1862510 172
1862520 172
1862530 172
1862540 172
1862550 172
1862560 172
1862570 172
1862580 172
1862590 172
1862600 172
1862610 172
1862620 172
1862630 172
1862640 172
1862650 172
1862660 172
1862670 172
1862680 172
1862690 172
1862700 172
1862710 172
1862720 172
1862730 172
1862740 172
1862750 172
1862760 172
1862770 172
1862780 172
1862790 172
1862800 172
1862810 172
1862820 172
1862830 172
1862840 172
1862850 172
1862860 172
1862870 172
1862880 172
1862890 172
1862900 172
1862910 172
1862920 172
1862930 172
1862940 172
1862950 172
1862960 172
1862970 172
1862980 174
1862990 174
1863000 173
1863010 172
1863020 172
1863030 172
1863040 172
1863050 172
1863060 172
1863070 172
1863080 172
1863090 172
1863100 171
1863110 171
1863120 171
1863130 171
1863140 171
1863150 171
1863160 171
1863170 171
1863180 171
1863190 171
1863200 171
1863210 171
1863220 171
1863230 171
1863240 171
1863250 171
1863260 171
1863270 171
1863280 171
1863290 171
1863300 171
1863310 171
1863320 171
1863330 171
1863340 171
1863350 172
1863360 172
1863370 172
1863380 170
1863390 170
1863400 170
1863410 171
1863420 172
1863430 172
1863440 171
1863450 170
1863460 170
1863470 171
1863480 171
1863490 171
1863500 171
1863510 171
1863520 171
1863530 172
1863540 173
1863550 173
1863560 174
1863570 174
1863580 174
1863590 178
1863600 178
1863610 178
1863620 179
1863630 180
1863640 180
1863650 180
1863660 181
1863670 181
1863680 182
1863690 183
1863700 183
1863710 183
1863720 184
1863730 184
1863740 185
1863750 187
1863760 187
1863770 190
1863780 191
1863790 191
1863800 191
1863810 191
1863820 191
1863830 190
1863840 187
1863850 187
1863860 186
1863870 185
1863880 185
1863890 185
1863900 185
1863910 185
1863920 185
1863930 185
1863940 185
1863950 185
1863960 185
1863970 185
1863980 185
1863990 185
1864000 185
1864010 185
1864020 185
1864030 185
1864040 184
1864050 184
1864060 184
1864070 184
1864080 184
1864090 183
1864100 183
1864110 183
1864120 182
1864130 182
1864140 182
1864150 181
1864160 180
1864170 180
1864180 180
1864190 179
1864200 179
1864210 178
1864220 177
1864230 177
1864240 176
1864250 175
1864260 175
1864270 174
1864280 174
1864290 174
1864300 173
1864310 172
1864320 172
1864330 171
1864340 171
1864350 171
1864360 170
1864370 167
1864380 167
1864390 170
1864400 170
1864410 170
1864420 170
1864430 170
1864440 170
1864450 170
1864460 170
1864470 170
1864480 171
1864490 173
1864500 173
1864510 175
1864520 180
1864530 180
1864540 186
1864550 188
1864560 188
1864570 189
1864580 193
1864590 193
1864600 194
1864610 195
1864620 195
1864630 197
1864640 198
1864650 198
1864660 199
1864670 200
1864680 200
1864690 201
1864700 201
1864710 202
1864720 202
1864730 202
1864740 203
1864750 204
1864760 204
1864770 204
1864780 205
1864790 205
1864800 205
1864810 205
1864820 205
1864830 205
1864840 206
1864850 206
1864860 206
1864870 206
1864880 206
1864890 206
1864900 206
1864910 206
1864920 206
1864930 207
1864940 207
1864950 207
1864960 207
1864970 206
1864980 206
1864990 206
1865000 206
1865010 206
1865020 207
1865030 207
1865040 207
1865050 207
1865060 207
1865070 207
1865080 207
1865090 207
1865100 207
1865110 207
1865120 207
1865130 207
1865140 206
1865150 206
1865160 207
1865170 207
1865180 207
1865190 206
1865200 206
1865210 206
1865220 205
1865230 204
1865240 204
1865250 204
1865260 203
1865270 203
1865280 202
1865290 201
1865300 201
1865310 200
1865320 199
1865330 199
1865340 195
1865350 195
1865360 193
1865370 190
1865380 190
1865390 188
1865400 185
1865410 185
1865420 184
1865430 182
1865440 182
1865450 181
1865460 179
1865470 179
1865480 178
1865490 177
1865500 177
1865510 177
1865520 176
1865530 176
1865540 174
1865550 172
1865560 172
1865570 171
1865580 170
1865590 170
1865600 170
1865610 170
1865620 170
1865630 169
1865640 169
1865650 169
1865660 168
1865670 166
1865680 166
1865690 166
1865700 169
1865710 169
1865720 170
1865730 170
1865740 170
1865750 171
1865760 172
1865770 172
1865780 173
1865790 174
1865800 174
1865810 174
1865820 175
1865830 175
1865840 176
1865850 177
1865860 177
1865870 177
1865880 178
1865890 178
1865900 179
1865910 179
1865920 179
1865930 179
1865940 179
1865950 179
1865960 179
1865970 180
1865980 180
1865990 180
1866000 182
1866010 182
1866020 182
1866030 182
1866040 182
1866050 182
1866060 182
1866070 182
1866080 182
1866090 182
1866100 182
1866110 182
1866120 182
1866130 182
1866140 181
1866150 181
1866160 181
1866170 181
1866180 181
1866190 181
1866200 181
1866210 181
1866220 180
1866230 181
1866240 181
1866250 181
1866260 181
1866270 181
1866280 181
1866290 181
1866300 181
1866310 181
1866320 180
1866330 180
1866340 183
1866350 182
1866360 182
1866370 182
1866380 182
1866390 182
1866400 182
1866410 181
1866420 181
1866430 180
1866440 179
1866450 179
1866460 179
1866470 179
1866480 179
1866490 179
1866500 180
1866510 180
1866520 180
1866530 181
1866540 181
1866550 181
1866560 181
1866570 181
1866580 181
1866590 180
1866600 180
1866610 180
1866620 181
1866630 181
1866640 181
1866650 181
1866660 181
1866670 180
1866680 182
1866690 182
1866700 181
1866710 181
1866720 180
1866730 180
1866740 180
1866750 179
1866760 178
1866770 178
1866780 176
1866790 175
1866800 175
1866810 174
1866820 173
1866830 173
1866840 172
1866850 172
1866860 172
1866870 172
1866880 171
1866890 171
1866900 171
1866910 171
1866920 171
1866930 171
1866940 171
1866950 171
1866960 170
1866970 170
1866980 170
1866990 170
1867000 170
1867010 170
1867020 170
1867030 170
1867040 170
1867050 169
1867060 169
1867070 169
1867080 169
1867090 169
1867100 169
1867110 168
1867120 168
1867130 168
1867140 168
1867150 167
1867160 167
1867170 167
1867180 167
1867190 167
1867200 167
1867210 167
1867220 167
1867230 168
1867240 168
1867250 168
1867260 167
1867270 166
1867280 166
1867290 165
1867300 164
1867310 164
1867320 163
1867330 164
1867340 164
1867350 164
1867360 165
1867370 165
1867380 165
1867390 165
1867400 165
1867410 165
1867420 165
1867430 165
1867440 166
1867450 166
1867460 166
1867470 166
1867480 166
1867490 167
1867500 167
1867510 167
1867520 167
1867530 167
1867540 167
1867550 166
1867560 166
1867570 166
1867580 166
1867590 166
1867600 166
1867610 166
1867620 166
1867630 166
1867640 166
1867650 166
1867660 166
1867670 165
1867680 165
1867690 165
1867700 165
1867710 165
1867720 165
1867730 165
1867740 165
1867750 165
1867760 165
1867770 165
1867780 165
1867790 165
1867800 165
1867810 165
1867820 165
1867830 165
1867840 165
1867850 165
1867860 165
1867870 165
1867880 165
1867890 165
1867900 165
1867910 165
1867920 165
1867930 165
1867940 165
1867950 165
1867960 165
1867970 165
1867980 164
1867990 164
1868000 164
1868010 164
1868020 164
1868030 165
1868040 165
1868050 165
1868060 165
1868070 165
1868080 164
1868090 164
1868100 164
1868110 164
1868120 164
1868130 164
1868140 164
1868150 164
1868160 164
1868170 164
1868180 164
1868190 164
1868200 164
1868210 164
1868220 164
1868230 164
1868240 164
1868250 164
1868260 164
1868270 164
1868280 164
1868290 164
1868300 164
1868310 164
1868320 164
1868330 164
1868340 164
1868350 164
1868360 164
1868370 164
1868380 164
1868390 164
1868400 164
1868410 164
1868420 164
1868430 164
1868440 164
1868450 164
1868460 164
1868470 164
1868480 164
1868490 164
1868500 164
1868510 163
1868520 163
1868530 163
1868540 164
1868550 164
1868560 164
1868570 163
1868580 163
1868590 163
1868600 163
1868610 163
1868620 164
1868630 164
1868640 164
1868650 164
1868660 164
1868670 164
1868680 164
1868690 164
1868700 164
1868710 164
1868720 164
1868730 164
1868740 164
1868750 164
1868760 164
1868770 164
1868780 164
1868790 164
1868800 164
1868810 164
1868820 164
1868830 164
1868840 164
1868850 164
1868860 163
1868870 163
1868880 164
1868890 164
1868900 164
1868910 164
1868920 164
1868930 164
1868940 163
1868950 163
1868960 163
1868970 164
1868980 164
1868990 164
1869000 164
1869010 163
1869020 163
1869030 163
1869040 163
1869050 163
1869060 163
1869070 163
1869080 163
1869090 163
1869100 163
1869110 163
1869120 163
1869130 163
1869140 163
1869150 163
1869160 163
1869170 163
1869180 163
1869190 164
1869200 164
1869210 164
1869220 165
1869230 165
1869240 163
1869250 163
1869260 163
1869270 163
1869280 163
1869290 163
1869300 163
1869310 163
1869320 163
1869330 163
1869340 163
1869350 163
1869360 163
1869370 163
1869380 163
1869390 163
1869400 163
1869410 163
1869420 163
1869430 163
1869440 163
1869450 163
1869460 163
1869470 163
1869480 163
1869490 163
1869500 162
1869510 163
1869520 163
1869530 163
1869540 163
1869550 163
1869560 163
1869570 163
1869580 163
1869590 162
1869600 162
1869610 162
1869620 162
1869630 162
1869640 162
1869650 162
1869660 162
1869670 162
1869680 162
1869690 162
1869700 162
1869710 162
1869720 162
1869730 162
1869740 162
1869750 162
1869760 162
1869770 162
1869780 162
1869790 162
1869800 162
1869810 162
1869820 162
1869830 162
1869840 162
1869850 162
1869860 162
1869870 162
1869880 162
1869890 162
1869900 162
1869910 162
1869920 162
1869930 162
1869940 162
1869950 162
1869960 162
1869970 162
1869980 162
1869990 162
1870000 162
1870010 162
1870020 162
1870030 162
1870040 162
1870050 162
1870060 162
1870070 162
1870080 162
1870090 162
1870100 162
1870110 162
1870120 162
1870130 162
1870140 162
1870150 162
1870160 162
1870170 162
1870180 162
1870190 162
1870200 162
1870210 162
1870220 162
1870230 162
1870240 162
1870250 162
1870260 162
1870270 162
1870280 162
1870290 162
1870300 162
1870310 162
1870320 162
1870330 162
1870340 162
1870350 162
1870360 162
1870370 162
1870380 162
1870390 162
1870400 162
1870410 162
1870420 162
1870430 162
1870440 162
1870450 162
1870460 162
1870470 162
1870480 162
1870490 162
1870500 162
1870510 162
1870520 162
1870530 162
1870540 162
1870550 162
1870560 162
1870570 162
1870580 162
1870590 162
1870600 162
1870610 162
1870620 162
1870630 162
1870640 162
1870650 162
1870660 162
1870670 162
1870680 162
1870690 161
1870700 161
1870710 161
1870720 161
1870730 161
1870740 161
1870750 161
1870760 161
1870770 161
1870780 161
1870790 161
1870800 161
1870810 161
1870820 161
1870830 161
1870840 161
1870850 161
1870860 161
1870870 161
1870880 161
1870890 161
1870900 161
1870910 161
1870920 161
1870930 161
1870940 161
1870950 162
1870960 162
1870970 162
1870980 162
1870990 162
1871000 162
1871010 162
1871020 162
1871030 162
1871040 162
1871050 162
1871060 162
1871070 162
1871080 162
1871090 162
1871100 162
1871110 162
1871120 162
1871130 162
1871140 163
1871150 163
1871160 163
1871170 163
1871180 163
1871190 163
1871200 163
1871210 163
1871220 163
1871230 163
1871240 163
1871250 164
1871260 164
1871270 164
1871280 164
1871290 164
1871300 164
1871310 164
1871320 164
1871330 164
1871340 164
1871350 164
1871360 164
1871370 165
1871380 165
1871390 165
1871400 165
1871410 165
1871420 165
1871430 165
1871440 165
1871450 166
1871460 166
1871470 166
1871480 166
1871490 166
1871500 166
1871510 167
1871520 167
1871530 167
1871540 167
1871550 167
1871560 167
1871570 168
1871580 168
1871590 168
1871600 168
1871610 168
1871620 168
1871630 168
1871640 168
1871650 168
1871660 168
1871670 168
1871680 168
1871690 168
1871700 168
1871710 168
1871720 168
1871730 168
1871740 168
1871750 168
1871760 168
1871770 168
1871780 168
1871790 168
1871800 168
1871810 168
1871820 169
1871830 169
1871840 169
1871850 169
1871860 169
1871870 169
1871880 169
1871890 169
1871900 169
1871910 169
1871920 169
1871930 169
1871940 169
1871950 169
1871960 169
1871970 169
1871980 169
1871990 169
1872000 170
1872010 170
1872020 170
1872030 170
1872040 170
1872050 170
1872060 170
1872070 170
1872080 169
1872090 169
1872100 169
1872110 170
1872120 170
1872130 170
1872140 170
1872150 170
1872160 170
1872170 170
1872180 170
1872190 170
1872200 170
1872210 170
1872220 170
1872230 170
1872240 170
1872250 170
1872260 170
1872270 170
1872280 170
1872290 171
1872300 171
1872310 171
1872320 171
1872330 171
1872340 171
1872350 172
1872360 172
1872370 173
1872380 173
1872390 173
1872400 173
1872410 173
1872420 173
1872430 174
1872440 174
1872450 175
1872460 176
1872470 177
1872480 177
1872490 178
1872500 178
1872510 178
1872520 178
1872530 178
1872540 178
1872550 178
1872560 178
1872570 178
1872580 178
1872590 178
1872600 178
1872610 178
1872620 178
1872630 178
1872640 178
1872650 178
1872660 178
1872670 178
1872680 178
1872690 178
1872700 178
1872710 178
1872720 178
1872730 178
1872740 178
1872750 178
1872760 179
1872770 179
1872780 179
1872790 180
1872800 180
1872810 180
1872820 180
1872830 180
1872840 180
1872850 180
1872860 180
1872870 180
1872880 179
1872890 179
1872900 179
1872910 179
1872920 179
1872930 179
1872940 179
1872950 179
1872960 179
1872970 178
1872980 178
1872990 178
1873000 178
1873010 178
1873020 178
1873030 179
1873040 179
1873050 179
1873060 179
1873070 179
1873080 179
1873090 179
1873100 179
1873110 179
1873120 180
1873130 180
1873140 179
1873150 179
1873160 179
1873170 179
1873180 179
1873190 179
1873200 179
1873210 179
1873220 179
1873230 179
1873240 179
1873250 179
1873260 179
1873270 178
1873280 178
1873290 178
1873300 178
1873310 178
1873320 178
1873330 177
1873340 177
1873350 177
1873360 177
1873370 177
1873380 177
1873390 177
1873400 177
1873410 177
1873420 177
1873430 177
1873440 178
1873450 178
1873460 178
1873470 178
1873480 178
1873490 178
1873500 178
1873510 178
1873520 178
1873530 179
1873540 179
1873550 179
1873560 179
1873570 179
1873580 179
1873590 179
1873600 179
1873610 179
1873620 178
1873630 178
1873640 178
1873650 178
1873660 178
1873670 178
1873680 178
1873690 178
1873700 178
1873710 178
1873720 178
1873730 177
1873740 177
1873750 177
1873760 177
1873770 177
1873780 177
1873790 177
1873800 177
1873810 177
1873820 177
1873830 177
1873840 177
1873850 177
1873860 177
1873870 177
1873880 177
1873890 177
1873900 177
1873910 176
1873920 176
1873930 176
1873940 176
1873950 176
1873960 176
1873970 176
1873980 176
1873990 176
1874000 176
1874010 176
1874020 176
1874030 176
1874040 176
1874050 176
1874060 176
1874070 176
1874080 176
1874090 176
1874100 176
1874110 176
1874120 176
1874130 176
1874140 176
1874150 176
1874160 176
1874170 176
1874180 176
1874190 176
1874200 176
1874210 176
1874220 176
1874230 176
1874240 176
1874250 176
1874260 176
1874270 176
1874280 176
1874290 176
1874300 175
1874310 175
1874320 175
1874330 175
1874340 175
1874350 175
1874360 175
1874370 175
1874380 175
1874390 175
1874400 175
1874410 175
1874420 175
1874430 175
1874440 175
1874450 175
1874460 175
1874470 175
1874480 175
1874490 175
1874500 175
1874510 175
1874520 175
1874530 174
1874540 174
1874550 174
1874560 174
1874570 174
1874580 174
1874590 174
1874600 174
1874610 174
1874620 174
1874630 174
1874640 174
1874650 174
1874660 174
1874670 174
1874680 174
1874690 174
1874700 174
1874710 174
1874720 174
1874730 174
1874740 174
1874750 174
1874760 174
1874770 173
1874780 173
1874790 173
1874800 174
1874810 174
1874820 173
1874830 173
1874840 173
1874850 173
1874860 173
1874870 173
1874880 173
1874890 173
1874900 173
1874910 173
1874920 173
1874930 173
1874940 173
1874950 173
1874960 173
1874970 173
1874980 173
1874990 173
1875000 173
1875010 173
1875020 173
1875030 174
1875040 174
1875050 174
1875060 174
1875070 174
1875080 174
1875090 174
1875100 174
1875110 174
1875120 174
1875130 175
1875140 175
1875150 175
1875160 175
1875170 175
1875180 175
1875190 175
1875200 175
1875210 175
1875220 175
1875230 175
1875240 174
1875250 174
1875260 174
1875270 174
1875280 174
1875290 174
1875300 173
1875310 173
1875320 173
1875330 173
1875340 173
1875350 173
1875360 173
1875370 172
1875380 172
1875390 172
1875400 172
1875410 172
1875420 172
1875430 172
1875440 172
1875450 172
1875460 171
1875470 171
1875480 171
1875490 171
1875500 171
1875510 171
1875520 171
1875530 170
1875540 170
1875550 170
1875560 170
1875570 170
1875580 170
1875590 170
1875600 170
1875610 170
1875620 169
1875630 169
1875640 169
1875650 169
1875660 169
1875670 169
1875680 169
1875690 168
1875700 168
1875710 168
1875720 168
1875730 168
1875740 168
1875750 168
1875760 168
1875770 168
1875780 168
1875790 168
1875800 168
1875810 168
1875820 168
1875830 168
1875840 168
1875850 168
1875860 168
1875870 168
1875880 168
1875890 168
1875900 167
1875910 167
1875920 167
1875930 167
1875940 167
1875950 167
1875960 167
1875970 167
1875980 167
1875990 167
1876000 167
1876010 167
1876020 167
1876030 167
1876040 167
1876050 167
1876060 167
1876070 167
1876080 167
1876090 167
1876100 167
1876110 167
1876120 167
1876130 167
1876140 167
1876150 167
1876160 166
1876170 166
1876180 166
1876190 166
1876200 166
1876210 166
1876220 166
1876230 166
1876240 166
1876250 166
1876260 166
1876270 166
1876280 166
1876290 166
1876300 166
1876310 166
1876320 166
1876330 166
1876340 165
1876350 165
1876360 165
1876370 165
1876380 165
1876390 165
1876400 165
1876410 165
1876420 165
1876430 165
1876440 165
1876450 165
1876460 165
1876470 165
1876480 165
1876490 165
1876500 165
1876510 165
1876520 165
1876530 165
1876540 165
1876550 165
1876560 165
1876570 165
1876580 164
1876590 164
1876600 164
1876610 164
1876620 164
1876630 164
1876640 164
1876650 164
1876660 164
1876670 164
1876680 164
1876690 164
1876700 164
1876710 164
1876720 164
1876730 164
1876740 164
1876750 164
1876760 164
1876770 164
1876780 164
1876790 164
1876800 164
1876810 164
1876820 164
1876830 164
1876840 164
1876850 164
1876860 164
1876870 164
1876880 164
1876890 164
1876900 164
1876910 164
1876920 163
1876930 163
1876940 163
1876950 163
1876960 162
1876970 162
1876980 162
1876990 161
1877000 161
1877010 161
1877020 161
1877030 161
1877040 160
1877050 160
1877060 160
1877070 160
1877080 160
1877090 160
1877100 160
1877110 160
1877120 160
1877130 160
1877140 159
1877150 159
1877160 159
1877170 159
1877180 159
1877190 159
1877200 159
1877210 159
1877220 159
1877230 159
1877240 159
1877250 159
1877260 159
1877270 159
1877280 159
1877290 158
1877300 158
1877310 158
1877320 158
1877330 158
1877340 158
1877350 158
1877360 158
1877370 157
1877380 157
1877390 157
1877400 157
1877410 157
1877420 157
1877430 157
1877440 157
1877450 157
1877460 157
1877470 157
1877480 157
1877490 156
1877500 156
1877510 156
1877520 156
1877530 156
1877540 156
1877550 156
1877560 156
1877570 156
1877580 156
1877590 156
1877600 156
1877610 156
1877620 156
1877630 156
1877640 156
1877650 156
1877660 156
1877670 156
1877680 156
1877690 156
1877700 156
1877710 156
1877720 156
1877730 156
1877740 156
1877750 156
1877760 156
1877770 156
1877780 156
1877790 156
1877800 156
1877810 156
1877820 156
1877830 156
1877840 156
1877850 156
1877860 156
1877870 156
1877880 156
1877890 156
1877900 155
1877910 155
1877920 155
1877930 155
1877940 155
1877950 155
1877960 155
1877970 155
1877980 155
1877990 155
1878000 155
1878010 155
1878020 155
1878030 155
1878040 155
1878050 155
1878060 155
1878070 155
1878080 155
1878090 155
1878100 155
1878110 155
1878120 155
1878130 155
1878140 155
1878150 155
1878160 155
1878170 155
1878180 155
1878190 155
1878200 155
1878210 155
1878220 155
1878230 155
1878240 155
1878250 155
1878260 155
1878270 155
1878280 155
1878290 155
1878300 155
1878310 155
1878320 155
1878330 155
1878340 155
1878350 155
1878360 155
1878370 155
1878380 155
1878390 155
1878400 156
1878410 156
1878420 156
1878430 156
1878440 156
1878450 156
1878460 156
1878470 157
1878480 157
1878490 157
1878500 157
1878510 157
1878520 156
1878530 156
1878540 156
1878550 156
1878560 156
1878570 156
1878580 156
1878590 156
1878600 156
1878610 156
1878620 156
1878630 156
1878640 155
1878650 155
1878660 155
1878670 155
1878680 155
1878690 155
1878700 155
1878710 155
1878720 155
1878730 155
1878740 156
1878750 156
1878760 155
1878770 155
1878780 155
1878790 156
1878800 156
1878810 156
1878820 156
1878830 156
1878840 156
1878850 157
1878860 157
1878870 157
1878880 157
1878890 157
1878900 157
1878910 158
1878920 158
1878930 158
1878940 159
1878950 159
1878960 159
1878970 160
1878980 160
1878990 160
1879000 161
1879010 161
1879020 161
1879030 162
1879040 162
1879050 162
1879060 162
1879070 162
1879080 162
1879090 162
1879100 162
1879110 162
1879120 163
1879130 163
1879140 163
1879150 163
1879160 163
1879170 163
1879180 163
1879190 163
1879200 163
1879210 163
1879220 163
1879230 163
1879240 163
1879250 163
1879260 163
1879270 163
1879280 163
1879290 163
1879300 163
1879310 163
1879320 163
1879330 163
1879340 163
1879350 163
1879360 164
1879370 164
1879380 164
1879390 164
1879400 164
1879410 164
1879420 164
1879430 164
1879440 164
1879450 164
1879460 164
1879470 164
1879480 164
1879490 164
1879500 165
1879510 165
1879520 165
1879530 165
1879540 165
1879550 165
1879560 165
1879570 165
1879580 165
1879590 165
1879600 165
1879610 165
1879620 166
1879630 166
1879640 166
1879650 166
1879660 166
1879670 166
1879680 166
1879690 166
1879700 166
1879710 166
1879720 166
1879730 166
1879740 166
1879750 166
1879760 166
1879770 166
1879780 166
1879790 167
1879800 167
1879810 167
1879820 167
1879830 167
1879840 167
1879850 167
1879860 167
1879870 167
1879880 167
1879890 167
1879900 167
1879910 167
1879920 167
1879930 167
1879940 167
1879950 167
1879960 167
1879970 167
1879980 167
1879990 167
1860000 215
1860010 216
1860020 216
1860030 216
1860040 217
1860050 217
1860060 217
1860070 218
1860080 218
1860090 218
1860100 219
1860110 219
1860120 219
1860130 220
1860140 221
1860150 221
1860160 221
1860170 222
1860180 222
1860190 222
1860200 222
1860210 222
1860220 223
1860230 223
1860240 223
1860250 223
1860260 224
1860270 224
1860280 224
1860290 224
1860300 224
1860310 224
1860320 224
1860330 224
1860340 225
1860350 225
1860360 225
1860370 225
1860380 225
1860390 225
1860400 225
1860410 225
1860420 225
1860430 225
1860440 224
1860450 224
1860460 224
1860470 223
1860480 224
1860490 224
1860500 223
1860510 223
1860520 223
1860530 222
1860540 222
1860550 222
1860560 221
1860570 221
1860580 221
1860590 220
1860600 220
1860610 220
1860620 220
1860630 219
1860640 219
1860650 219
1860660 218
1860670 218
1860680 218
1860690 218
1860700 217
1860710 217
1860720 216
1860730 216
1860740 216
1860750 215
1860760 215
1860770 215
1860780 214
1860790 213
1860800 213
1860810 213
1860820 212
1860830 212
1860840 211
1860850 210
1860860 210
1860870 210
1860880 209
1860890 209
1860900 208
1860910 207
1860920 207
1860930 206
1860940 206
1860950 206
1860960 205
1860970 205
1860980 205
1860990 204
1861000 203
1861010 203
1861020 203
1861030 202
1861040 202
1861050 201
1861060 201
1861070 201
1861080 200
1861090 199
1861100 199
1861110 198
1861120 198
1861130 198
1861140 197
1861150 196
1861160 196
1861170 196
1861180 195
1861190 195
1861200 194
1861210 194
1861220 194
1861230 193
1861240 193
1861250 193
1861260 192
1861270 191
1861280 191
1861290 191
1861300 191
1861310 190
1861320 190
1861330 190
1861340 189
1861350 189
1861360 189
1861370 188
1861380 188
1861390 188
1861400 187
1861410 187
1861420 187
1861430 186
1861440 185
1861450 185
1861460 185
1861470 184
1861480 184
1861490 184
1861500 183
1861510 183
1861520 182
1861530 182
1861540 182
1861550 181
1861560 181
1861570 181
1861580 181
1861590 180
1861600 180
1861610 180
1861620 180
1861630 180
1861640 179
1861650 179
1861660 179
1861670 179
1861680 178
1861690 178
1861700 178
1861710 178
1861720 178
1861730 177
1861740 177
1861750 177
1861760 177
1861770 177
1861780 177
1861790 177
1861800 176
1861810 176
1861820 176
1861830 176
1861840 176
1861850 176
1861860 176
1861870 176
1861880 176
1861890 176
1861900 176
1861910 176
1861920 176
1861930 176
1861940 176
1861950 176
1861960 176
1861970 176
1861980 176
1861990 176
1862000 175
1862010 175
1862020 175
1862030 175
1862040 175
1862050 175
1862060 175
1862070 175
1862080 175
1862090 174
1862100 174
1862110 174
1862120 173
1862130 173
1862140 173
1862150 173
1862160 173
1862170 172
1862180 173
1862190 173
1862200 173
1862210 174
1862220 174
1862230 174
1862240 174
1862250 174
1862260 173
1862270 173
1862280 173
1862290 173
1862300 173
1862310 173
1862320 172
1862330 171
1862340 171
1862350 171
1862360 171
1862370 171
1862380 172
1862390 173
1862400 173
1862410 173
1862420 173
1862430 173
1862440 172
1862450 172
1862460 172
1862470 172
1862480 172
1862490 172
1862500 172
1862510 172
1862520 172
1862530 172
1862540 172
1862550 172
1862560 172
1862570 172
1862580 172
1862590 172
1862600 172
1862610 172
1862620 172
1862630 172
1862640 172
1862650 172
1862660 172
1862670 172
1862680 172
1862690 172
1862700 172
1862710 172
1862720 172
1862730 172
1862740 172
1862750 172
1862760 172
1862770 172
1862780 172
1862790 172
1862800 172
1862810 172
1862820 172
1862830 172
1862840 172
1862850 172
1862860 172
1862870 172
1862880 172
1862890 172
1862900 172
1862910 172
1862920 172
1862930 172
1862940 172
1862950 172
1862960 172
1862970 172
1862980 174
1862990 174
1863000 173
1863010 172
1863020 172
1863030 172
1863040 172
1863050 172
1863060 172
1863070 172
1863080 172
1863090 172
1863100 171
1863110 171
1863120 171
1863130 171
1863140 171
1863150 171
1863160 171
1863170 171
1863180 171
1863190 171
1863200 171
1863210 171
1863220 171
1863230 171
1863240 171
1863250 171
1863260 171
1863270 171
1863280 171
1863290 171
1863300 171
1863310 171
1863320 171
1863330 171
1863340 171
1863350 172
1863360 172
1863370 172
1863380 170
1863390 170
1863400 170
1863410 171
1863420 172
1863430 172
1863440 171
1863450 170
1863460 170
1863470 171
1863480 171
1863490 171
1863500 171
1863510 171
1863520 171
1863530 172
1863540 173
1863550 173
1863560 174
1863570 174
1863580 174
1863590 178
1863600 178
1863610 178
1863620 179
1863630 180
1863640 180
1863650 180
1863660 181
1863670 181
1863680 182
1863690 183
1863700 183
1863710 183
1863720 184
1863730 184
1863740 185
1863750 187
1863760 187
1863770 190
1863780 191
1863790 191
1863800 191
1863810 191
1863820 191
1863830 190
1863840 187
1863850 187
1863860 186
1863870 185
1863880 185
1863890 185
1863900 185
1863910 185
1863920 185
1863930 185
1863940 185
1863950 185
1863960 185
1863970 185
1863980 185
1863990 185
1864000 185
1864010 185
1864020 185
1864030 185
1864040 184
1864050 184
1864060 184
1864070 184
1864080 184
1864090 183
1864100 183
1864110 183
1864120 182
1864130 182
1864140 182
1864150 181
1864160 180
1864170 180
1864180 180
1864190 179
1864200 179
1864210 178
1864220 177
1864230 177
1864240 176
1864250 175
1864260 175
1864270 174
1864280 174
1864290 174
1864300 173
1864310 172
1864320 172
1864330 171
1864340 171
1864350 171
1864360 170
1864370 167
1864380 167
1864390 170
1864400 170
1864410 170
1864420 170
1864430 170
1864440 170
1864450 170
1864460 170
1864470 170
1864480 171
1864490 173
1864500 173
1864510 175
1864520 180
1864530 180
1864540 186
1864550 188
1864560 188
1864570 189
1864580 193
1864590 193
1864600 194
1864610 195
1864620 195
1864630 197
1864640 198
1864650 198
1864660 199
1864670 200
1864680 200
1864690 201
1864700 201
1864710 202
1864720 202
1864730 202
1864740 203
1864750 204
1864760 204
1864770 204
1864780 205
1864790 205
1864800 205
1864810 205
1864820 205
1864830 205
1864840 206
1864850 206
1864860 206
1864870 206
1864880 206
1864890 206
1864900 206
1864910 206
1864920 206
1864930 207
1864940 207
1864950 207
1864960 207
1864970 206
1864980 206
1864990 206
1865000 206
1865010 206
1865020 207
1865030 207
1865040 207
1865050 207
1865060 207
1865070 207
1865080 207
1865090 207
1865100 207
1865110 207
1865120 207
1865130 207
1865140 206
1865150 206
1865160 207
1865170 207
1865180 207
1865190 206
1865200 206
1865210 206
1865220 205
1865230 204
1865240 204
1865250 204
1865260 203
1865270 203
1865280 202
1865290 201
1865300 201
1865310 200
1865320 199
1865330 199
1865340 195
1865350 195
1865360 193
1865370 190
1865380 190
1865390 188
1865400 185
1865410 185
1865420 184
1865430 182
1865440 182
1865450 181
1865460 179
1865470 179
1865480 178
1865490 177
1865500 177
1865510 177
1865520 176
1865530 176
1865540 174
1865550 172
1865560 172
1865570 171
1865580 170
1865590 170
1865600 170
1865610 170
1865620 170
1865630 169
1865640 169
1865650 169
1865660 168
1865670 166
1865680 166
1865690 166
1865700 169
1865710 169
1865720 170
1865730 170
1865740 170
1865750 171
1865760 172
1865770 172
1865780 173
1865790 174
1865800 174
1865810 174
1865820 175
1865830 175
1865840 176
1865850 177
1865860 177
1865870 177
1865880 178
1865890 178
1865900 179
1865910 179
1865920 179
1865930 179
1865940 179
1865950 179
1865960 179
1865970 180
1865980 180
1865990 180
1866000 182
1866010 182
1866020 182
1866030 182
1866040 182
1866050 182
1866060 182
1866070 182
1866080 182
1866090 182
1866100 182
1866110 182
1866120 182
1866130 182
1866140 181
1866150 181
1866160 181
1866170 181
1866180 181
1866190 181
1866200 181
1866210 181
1866220 180
1866230 181
1866240 181
1866250 181
1866260 181
1866270 181
1866280 181
1866290 181
1866300 181
1866310 181
1866320 180
1866330 180
1866340 183
1866350 182
1866360 182
1866370 182
1866380 182
1866390 182
1866400 182
1866410 181
1866420 181
1866430 180
1866440 179
1866450 179
1866460 179
1866470 179
1866480 179
1866490 179
1866500 180
1866510 180
1866520 180
1866530 181
1866540 181
1866550 181
1866560 181
1866570 181
1866580 181
1866590 180
1866600 180
1866610 180
1866620 181
1866630 181
1866640 181
1866650 181
1866660 181
1866670 180
1866680 182
1866690 182
1866700 181
1866710 181
1866720 180
1866730 180
1866740 180
1866750 179
1866760 178
1866770 178
1866780 176
1866790 175
1866800 175
1866810 174
1866820 173
1866830 173
1866840 172
1866850 172
1866860 172
1866870 172
1866880 171
1866890 171
1866900 171
1866910 171
1866920 171
1866930 171
1866940 171
1866950 171
1866960 170
1866970 170
1866980 170
1866990 170
1867000 170
1867010 170
1867020 170
1867030 170
1867040 170
1867050 169
1867060 169
1867070 169
1867080 169
1867090 169
1867100 169
1867110 168
1867120 168
1867130 168
1867140 168
1867150 167
1867160 167
1867170 167
1867180 167
1867190 167
1867200 167
1867210 167
1867220 167
1867230 168
1867240 168
1867250 168
1867260 167
1867270 166
1867280 166
1867290 165
1867300 164
1867310 164
1867320 163
1867330 164
1867340 164
1867350 164
1867360 165
1867370 165
1867380 165
1867390 165
1867400 165
1867410 165
1867420 165
1867430 165
1867440 166
1867450 166
1867460 166
1867470 166
1867480 166
1867490 167
1867500 167
1867510 167
1867520 167
1867530 167
1867540 167
1867550 166
1867560 166
1867570 166
1867580 166
1867590 166
1867600 166
1867610 166
1867620 166
1867630 166
1867640 166
1867650 166
1867660 166
1867670 165
1867680 165
1867690 165
1867700 165
1867710 165
1867720 165
1867730 165
1867740 165
1867750 165
1867760 165
1867770 165
1867780 165
1867790 165
1867800 165
1867810 165
1867820 165
1867830 165
1867840 165
1867850 165
1867860 165
1867870 165
1867880 165
1867890 165
1867900 165
1867910 165
1867920 165
1867930 165
1867940 165
1867950 165
1867960 165
1867970 165
1867980 164
1867990 164
1868000 164
1868010 164
1868020 164
1868030 165
1868040 165
1868050 165
1868060 165
1868070 165
1868080 164
1868090 164
1868100 164
1868110 164
1868120 164
1868130 164
1868140 164
1868150 164
1868160 164
1868170 164
1868180 164
1868190 164
1868200 164
1868210 164
1868220 164
1868230 164
1868240 164
1868250 164
1868260 164
1868270 164
1868280 164
1868290 164
1868300 164
1868310 164
1868320 164
1868330 164
1868340 164
1868350 164
1868360 164
1868370 164
1868380 164
1868390 164
1868400 164
1868410 164
1868420 164
1868430 164
1868440 164
1868450 164
1868460 164
1868470 164
1868480 164
1868490 164
1868500 164
1868510 163
1868520 163
1868530 163
1868540 164
1868550 164
1868560 164
1868570 163
1868580 163
1868590 163
1868600 163
1868610 163
1868620 164
1868630 164
1868640 164
1868650 164
1868660 164
1868670 164
1868680 164
1868690 164
1868700 164
1868710 164
1868720 164
1868730 164
1868740 164
1868750 164
1868760 164
1868770 164
1868780 164
1868790 164
1868800 164
1868810 164
1868820 164
1868830 164
1868840 164
1868850 164
1868860 163
1868870 163
1868880 164
1868890 164
1868900 164
1868910 164
1868920 164
1868930 164
1868940 163
1868950 163
1868960 163
1868970 164
1868980 164
1868990 164
1869000 164
1869010 163
1869020 163
1869030 163
1869040 163
1869050 163
1869060 163
1869070 163
1869080 163
1869090 163
1869100 163
1869110 163
1869120 163
1869130 163
1869140 163
1869150 163
1869160 163
1869170 163
1869180 163
1869190 164
1869200 164
1869210 164
1869220 165
1869230 165
1869240 163
1869250 163
1869260 163
1869270 163
1869280 163
1869290 163
1869300 163
1869310 163
1869320 163
1869330 163
1869340 163
1869350 163
1869360 163
1869370 163
1869380 163
1869390 163
1869400 163
1869410 163
1869420 163
1869430 163
1869440 163
1869450 163
1869460 163
1869470 163
1869480 163
1869490 163
1869500 162
1869510 163
1869520 163
1869530 163
1869540 163
1869550 163
1869560 163
1869570 163
1869580 163
1869590 162
1869600 162
1869610 162
1869620 162
1869630 162
1869640 162
1869650 162
1869660 162
1869670 162
1869680 162
1869690 162
1869700 162
1869710 162
1869720 162
1869730 162
1869740 162
1869750 162
1869760 162
1869770 162
1869780 162
1869790 162
1869800 162
1869810 162
1869820 162
1869830 162
1869840 162
1869850 162
1869860 162
1869870 162
1869880 162
1869890 162
1869900 162
1869910 162
1869920 162
1869930 162
1869940 162
1869950 162
1869960 162
1869970 162
1869980 162
1869990 162
1870000 162
1870010 162
1870020 162
1870030 162
1870040 162
1870050 162
1870060 162
1870070 162
1870080 162
1870090 162
1870100 162
1870110 162
1870120 162
1870130 162
1870140 162
1870150 162
1870160 162
1870170 162
1870180 162
1870190 162
1870200 162
1870210 162
1870220 162
1870230 162
1870240 162
1870250 162
1870260 162
1870270 162
1870280 162
1870290 162
1870300 162
1870310 162
1870320 162
1870330 162
1870340 162
1870350 162
1870360 162
1870370 162
1870380 162
1870390 162
1870400 162
1870410 162
1870420 162
1870430 162
1870440 162
1870450 162
1870460 162
1870470 162
1870480 162
1870490 162
1870500 162
1870510 162
1870520 162
1870530 162
1870540 162
1870550 162
1870560 162
1870570 162
1870580 162
1870590 162
1870600 162
1870610 162
1870620 162
1870630 162
1870640 162
1870650 162
1870660 162
1870670 162
1870680 162
1870690 161
1870700 161
1870710 161
1870720 161
1870730 161
1870740 161
1870750 161
1870760 161
1870770 161
1870780 161
1870790 161
1870800 161
1870810 161
1870820 161
1870830 161
1870840 161
1870850 161
1870860 161
1870870 161
1870880 161
1870890 161
1870900 161
1870910 161
1870920 161
1870930 161
1870940 161
1870950 162
1870960 162
1870970 162
1870980 162
1870990 162
1871000 162
1871010 162
1871020 162
1871030 162
1871040 162
1871050 162
1871060 162
1871070 162
1871080 162
1871090 162
1871100 162
1871110 162
1871120 162
1871130 162
1871140 163
1871150 163
1871160 163
1871170 163
1871180 163
1871190 163
1871200 163
1871210 163
1871220 163
1871230 163
1871240 163
1871250 164
1871260 164
1871270 164
1871280 164
1871290 164
1871300 164
1871310 164
1871320 164
1871330 164
1871340 164
1871350 164
1871360 164
1871370 165
1871380 165
1871390 165
1871400 165
1871410 165
1871420 165
1871430 165
1871440 165
1871450 166
1871460 166
1871470 166
1871480 166
1871490 166
1871500 166
1871510 167
1871520 167
1871530 167
1871540 167
1871550 167
1871560 167
1871570 168
1871580 168
1871590 168
1871600 168
1871610 168
1871620 168
1871630 168
1871640 168
1871650 168
1871660 168
1871670 168
1871680 168
1871690 168
1871700 168
1871710 168
1871720 168
1871730 168
1871740 168
1871750 168
1871760 168
1871770 168
1871780 168
1871790 168
1871800 168
1871810 168
1871820 169
1871830 169
1871840 169
1871850 169
1871860 169
1871870 169
1871880 169
1871890 169
1871900 169
1871910 169
1871920 169
1871930 169
1871940 169
1871950 169
1871960 169
1871970 169
1871980 169
1871990 169
1872000 170
1872010 170
1872020 170
1872030 170
1872040 170
1872050 170
1872060 170
1872070 170
1872080 169
1872090 169
1872100 169
1872110 170
1872120 170
1872130 170
1872140 170
1872150 170
1872160 170
1872170 170
1872180 170
1872190 170
1872200 170
1872210 170
1872220 170
1872230 170
1872240 170
1872250 170
1872260 170
1872270 170
1872280 170
1872290 171
1872300 171
1872310 171
1872320 171
1872330 171
1872340 171
1872350 172
1872360 172
1872370 173
1872380 173
1872390 173
1872400 173
1872410 173
1872420 173
1872430 174
1872440 174
1872450 175
1872460 176
1872470 177
1872480 177
1872490 178
1872500 178
1872510 178
1872520 178
1872530 178
1872540 178
1872550 178
1872560 178
1872570 178
1872580 178
1872590 178
1872600 178
1872610 178
1872620 178
1872630 178
1872640 178
1872650 178
1872660 178
1872670 178
1872680 178
1872690 178
1872700 178
1872710 178
1872720 178
1872730 178
1872740 178
1872750 178
1872760 179
1872770 179
1872780 179
1872790 180
1872800 180
1872810 180
1872820 180
1872830 180
1872840 180
1872850 180
1872860 180
1872870 180
1872880 179
1872890 179
1872900 179
1872910 179
1872920 179
1872930 179
1872940 179
1872950 179
1872960 179
1872970 178
1872980 178
1872990 178
1873000 178
1873010 178
1873020 178
1873030 179
1873040 179
1873050 179
1873060 179
1873070 179
1873080 179
1873090 179
1873100 179
1873110 179
1873120 180
1873130 180
1873140 179
1873150 179
1873160 179
1873170 179
1873180 179
1873190 179
1873200 179
1873210 179
1873220 179
1873230 179
1873240 179
1873250 179
1873260 179
1873270 178
1873280 178
1873290 178
1873300 178
1873310 178
1873320 178
1873330 177
1873340 177
1873350 177
1873360 177
1873370 177
1873380 177
1873390 177
1873400 177
1873410 177
1873420 177
1873430 177
1873440 178
1873450 178
1873460 178
1873470 178
1873480 178
1873490 178
1873500 178
1873510 178
1873520 178
1873530 179
1873540 179
1873550 179
1873560 179
1873570 179
1873580 179
1873590 179
1873600 179
1873610 179
1873620 178
1873630 178
1873640 178
1873650 178
1873660 178
1873670 178
1873680 178
1873690 178
1873700 178
1873710 178
1873720 178
1873730 177
1873740 177
1873750 177
1873760 177
1873770 177
1873780 177
1873790 177
1873800 177
1873810 177
1873820 177
1873830 177
1873840 177
1873850 177
1873860 177
1873870 177
1873880 177
1873890 177
1873900 177
1873910 176
1873920 176
1873930 176
1873940 176
1873950 176
1873960 176
1873970 176
1873980 176
1873990 176
1874000 176
1874010 176
1874020 176
1874030 176
1874040 176
1874050 176
1874060 176
1874070 176
1874080 176
1874090 176
1874100 176
1874110 176
1874120 176
1874130 176
1874140 176
1874150 176
1874160 176
1874170 176
1874180 176
1874190 176
1874200 176
1874210 176
1874220 176
1874230 176
1874240 176
1874250 176
1874260 176
1874270 176
1874280 176
1874290 176
1874300 175
1874310 175
1874320 175
1874330 175
1874340 175
1874350 175
1874360 175
1874370 175
1874380 175
1874390 175
1874400 175
1874410 175
1874420 175
1874430 175
1874440 175
1874450 175
1874460 175
1874470 175
1874480 175
1874490 175
1874500 175
1874510 175
1874520 175
1874530 174
1874540 174
1874550 174
1874560 174
1874570 174
1874580 174
1874590 174
1874600 174
1874610 174
1874620 174
1874630 174
1874640 174
1874650 174
1874660 174
1874670 174
1874680 174
1874690 174
1874700 174
1874710 174
1874720 174
1874730 174
1874740 174
1874750 174
1874760 174
1874770 173
1874780 173
1874790 173
1874800 174
1874810 174
1874820 173
1874830 173
1874840 173
1874850 173
1874860 173
1874870 173
1874880 173
1874890 173
1874900 173
1874910 173
1874920 173
1874930 173
1874940 173
1874950 173
1874960 173
1874970 173
1874980 173
1874990 173
1875000 173
1875010 173
1875020 173
1875030 174
1875040 174
1875050 174
1875060 174
1875070 174
1875080 174
1875090 174
1875100 174
1875110 174
1875120 174
1875130 175
1875140 175
1875150 175
1875160 175
1875170 175
1875180 175
1875190 175
1875200 175
1875210 175
1875220 175
1875230 175
1875240 174
1875250 174
1875260 174
1875270 174
1875280 174
1875290 174
1875300 173
1875310 173
1875320 173
1875330 173
1875340 173
1875350 173
1875360 173
1875370 172
1875380 172
1875390 172
1875400 172
1875410 172
1875420 172
1875430 172
1875440 172
1875450 172
1875460 171
1875470 171
1875480 171
1875490 171
1875500 171
1875510 171
1875520 171
1875530 170
1875540 170
1875550 170
1875560 170
1875570 170
1875580 170
1875590 170
1875600 170
1875610 170
1875620 169
1875630 169
1875640 169
1875650 169
1875660 169
1875670 169
1875680 169
1875690 168
1875700 168
1875710 168
1875720 168
1875730 168
1875740 168
1875750 168
1875760 168
1875770 168
1875780 168
1875790 168
1875800 168
1875810 168
1875820 168
1875830 168
1875840 168
1875850 168
1875860 168
1875870 168
1875880 168
1875890 168
1875900 167
1875910 167
1875920 167
1875930 167
1875940 167
1875950 167
1875960 167
1875970 167
1875980 167
1875990 167
1876000 167
1876010 167
1876020 167
1876030 167
1876040 167
1876050 167
1876060 167
1876070 167
1876080 167
1876090 167
1876100 167
1876110 167
1876120 167
1876130 167
1876140 167
1876150 167
1876160 166
1876170 166
1876180 166
1876190 166
1876200 166
1876210 166
1876220 166
1876230 166
1876240 166
1876250 166
1876260 166
1876270 166
1876280 166
1876290 166
1876300 166
1876310 166
1876320 166
1876330 166
1876340 165
1876350 165
1876360 165
1876370 165
1876380 165
1876390 165
1876400 165
1876410 165
1876420 165
1876430 165
1876440 165
1876450 165
1876460 165
1876470 165
1876480 165
1876490 165
1876500 165
1876510 165
1876520 165
1876530 165
1876540 165
1876550 165
1876560 165
1876570 165
1876580 164
1876590 164
1876600 164
1876610 164
1876620 164
1876630 164
1876640 164
1876650 164
1876660 164
1876670 164
1876680 164
1876690 164
1876700 164
1876710 164
1876720 164
1876730 164
1876740 164
1876750 164
1876760 164
1876770 164
1876780 164
1876790 164
1876800 164
1876810 164
1876820 164
1876830 164
1876840 164
1876850 164
1876860 164
1876870 164
1876880 164
1876890 164
1876900 164
1876910 164
1876920 163
1876930 163
1876940 163
1876950 163
1876960 162
1876970 162
1876980 162
1876990 161
1877000 161
1877010 161
1877020 161
1877030 161
1877040 160
1877050 160
1877060 160
1877070 160
1877080 160
1877090 160
1877100 160
1877110 160
1877120 160
1877130 160
1877140 159
1877150 159
1877160 159
1877170 159
1877180 159
1877190 159
1877200 159
1877210 159
1877220 159
1877230 159
1877240 159
1877250 159
1877260 159
1877270 159
1877280 159
1877290 158
1877300 158
1877310 158
1877320 158
1877330 158
1877340 158
1877350 158
1877360 158
1877370 157
1877380 157
1877390 157
1877400 157
1877410 157
1877420 157
1877430 157
1877440 157
1877450 157
1877460 157
1877470 157
1877480 157
1877490 156
1877500 156
1877510 156
1877520 156
1877530 156
1877540 156
1877550 156
1877560 156
1877570 156
1877580 156
1877590 156
1877600 156
1877610 156
1877620 156
1877630 156
1877640 156
1877650 156
1877660 156
1877670 156
1877680 156
1877690 156
1877700 156
1877710 156
1877720 156
1877730 156
1877740 156
1877750 156
1877760 156
1877770 156
1877780 156
1877790 156
1877800 156
1877810 156
1877820 156
1877830 156
1877840 156
1877850 156
1877860 156
1877870 156
1877880 156
1877890 156
1877900 155
1877910 155
1877920 155
1877930 155
1877940 155
1877950 155
1877960 155
1877970 155
1877980 155
1877990 155
1878000 155
1878010 155
1878020 155
1878030 155
1878040 155
1878050 155
1878060 155
1878070 155
1878080 155
1878090 155
1878100 155
1878110 155
1878120 155
1878130 155
1878140 155
1878150 155
1878160 155
1878170 155
1878180 155
1878190 155
1878200 155
1878210 155
1878220 155
1878230 155
1878240 155
1878250 155
1878260 155
1878270 155
1878280 155
1878290 155
1878300 155
1878310 155
1878320 155
1878330 155
1878340 155
1878350 155
1878360 155
1878370 155
1878380 155
1878390 155
1878400 156
1878410 156
1878420 156
1878430 156
1878440 156
1878450 156
1878460 156
1878470 157
1878480 157
1878490 157
1878500 157
1878510 157
1878520 156
1878530 156
1878540 156
1878550 156
1878560 156
1878570 156
1878580 156
1878590 156
1878600 156
1878610 156
1878620 156
1878630 156
1878640 155
1878650 155
1878660 155
1878670 155
1878680 155
1878690 155
1878700 155
1878710 155
1878720 155
1878730 155
1878740 156
1878750 156
1878760 155
1878770 155
1878780 155
1878790 156
1878800 156
1878810 156
1878820 156
1878830 156
1878840 156
1878850 157
1878860 157
1878870 157
1878880 157
1878890 157
1878900 157
1878910 158
1878920 158
1878930 158
1878940 159
1878950 159
1878960 159
1878970 160
1878980 160
1878990 160
1879000 161
1879010 161
1879020 161
1879030 162
1879040 162
1879050 162
1879060 162
1879070 162
1879080 162
1879090 162
1879100 162
1879110 162
1879120 163
1879130 163
1879140 163
1879150 163
1879160 163
1879170 163
1879180 163
1879190 163
1879200 163
1879210 163
1879220 163
1879230 163
1879240 163
1879250 163
1879260 163
1879270 163
1879280 163
1879290 163
1879300 163
1879310 163
1879320 163
1879330 163
1879340 163
1879350 163
1879360 164
1879370 164
1879380 164
1879390 164
1879400 164
1879410 164
1879420 164
1879430 164
1879440 164
1879450 164
1879460 164
1879470 164
1879480 164
1879490 164
1879500 165
1879510 165
1879520 165
1879530 165
1879540 165
1879550 165
1879560 165
1879570 165
1879580 165
1879590 165
1879600 165
1879610 165
1879620 166
1879630 166
1879640 166
1879650 166
1879660 166
1879670 166
1879680 166
1879690 166
1879700 166
1879710 166
1879720 166
1879730 166
1879740 166
1879750 166
1879760 166
1879770 166
1879780 166
1879790 167
1879800 167
1879810 167
1879820 167
1879830 167
1879840 167
1879850 167
1879860 167
1879870 167
1879880 167
1879890 167
1879900 167
1879910 167
1879920 167
1879930 167
1879940 167
1879950 167
1879960 167
1879970 167
1879980 167
1879990 167
