1860000 204
1860010 204
1860020 204
1860030 204
1860040 203
1860050 203
1860060 203
1860070 203
1860080 203
1860090 202
1860100 202
1860110 202
1860120 202
1860130 201
1860140 201
1860150 201
1860160 201
1860170 201
1860180 200
1860190 200
1860200 200
1860210 200
1860220 199
1860230 199
1860240 199
1860250 199
1860260 199
1860270 199
1860280 198
1860290 198
1860300 198
1860310 198
1860320 198
1860330 198
1860340 198
1860350 197
1860360 197
1860370 197
1860380 197
1860390 197
1860400 197
1860410 197
1860420 197
1860430 197
1860440 197
1860450 197
1860460 197
1860470 197
1860480 197
1860490 197
1860500 197
1860510 196
1860520 196
1860530 197
1860540 197
1860550 197
1860560 196
1860570 196
1860580 196
1860590 196
1860600 196
1860610 196
1860620 196
1860630 196
1860640 196
1860650 196
1860660 196
1860670 196
1860680 196
1860690 195
1860700 195
1860710 195
1860720 195
1860730 195
1860740 195
1860750 194
1860760 194
1860770 194
1860780 194
1860790 194
1860800 193
1860810 193
1860820 193
1860830 193
1860840 193
1860850 193
1860860 193
1860870 193
1860880 193
1860890 192
1860900 192
1860910 192
1860920 191
1860930 191
1860940 191
1860950 191
1860960 190
1860970 190
1860980 190
1860990 190
1861000 189
1861010 189
1861020 189
1861030 188
1861040 188
1861050 188
1861060 188
1861070 187
1861080 187
1861090 187
1861100 186
1861110 186
1861120 186
1861130 186
1861140 186
1861150 185
1861160 185
1861170 185
1861180 185
1861190 185
1861200 185
1861210 184
1861220 184
1861230 184
1861240 184
1861250 183
1861260 183
1861270 183
1861280 182
1861290 182
1861300 182
1861310 182
1861320 182
1861330 181
1861340 181
1861350 181
1861360 181
1861370 181
1861380 181
1861390 180
1861400 180
1861410 180
1861420 180
1861430 180
1861440 180
1861450 180
1861460 180
1861470 180
1861480 180
1861490 180
1861500 180
1861510 180
1861520 180
1861530 180
1861540 179
1861550 179
1861560 179
1861570 179
1861580 179
1861590 179
1861600 179
1861610 179
1861620 179
1861630 178
1861640 178
1861650 178
1861660 178
1861670 178
1861680 178
1861690 177
1861700 177
1861710 177
1861720 177
1861730 177
1861740 177
1861750 177
1861760 177
1861770 177
1861780 176
1861790 176
1861800 176
1861810 176
1861820 176
1861830 176
1861840 177
1861850 177
1861860 177
1861870 177
1861880 177
1861890 177
1861900 176
1861910 176
1861920 176
1861930 176
1861940 176
1861950 176
1861960 176
1861970 176
1861980 176
1861990 176
1862000 176
1862010 175
1862020 175
1862030 175
1862040 175
1862050 175
1862060 175
1862070 175
1862080 175
1862090 175
1862100 175
1862110 175
1862120 175
1862130 175
1862140 175
1862150 175
1862160 174
1862170 174
1862180 174
1862190 173
1862200 173
1862210 173
1862220 173
1862230 172
1862240 172
1862250 172
1862260 172
1862270 172
1862280 172
1862290 172
1862300 172
1862310 172
1862320 172
1862330 171
1862340 171
1862350 171
1862360 171
1862370 171
1862380 171
1862390 172
1862400 172
1862410 172
1862420 173
1862430 173
1862440 173
1862450 174
1862460 174
1862470 174
1862480 175
1862490 176
1862500 176
1862510 178
1862520 178
1862530 178
1862540 179
1862550 179
1862560 179
1862570 179
1862580 179
1862590 179
1862600 180
1862610 180
1862620 180
1862630 181
1862640 182
1862650 182
1862660 183
1862670 184
1862680 184
1862690 185
1862700 186
1862710 186
1862720 187
1862730 188
1862740 188
1862750 189
1862760 189
1862770 189
1862780 189
1862790 190
1862800 190
1862810 190
1862820 189
1862830 189
1862840 188
1862850 187
1862860 187
1862870 186
1862880 186
1862890 186
1862900 186
1862910 186
1862920 186
1862930 186
1862940 186
1862950 186
1862960 186
1862970 186
1862980 186
1862990 186
1863000 186
1863010 186
1863020 186
1863030 186
1863040 186
1863050 185
1863060 185
1863070 185
1863080 185
1863090 185
1863100 185
1863110 184
1863120 184
1863130 184
1863140 184
1863150 184
1863160 184
1863170 184
1863180 184
1863190 184
1863200 184
1863210 184
1863220 184
1863230 185
1863240 185
1863250 185
1863260 185
1863270 185
1863280 185
1863290 185
1863300 185
1863310 185
1863320 185
1863330 185
1863340 185
1863350 185
1863360 185
1863370 185
1863380 185
1863390 185
1863400 185
1863410 185
1863420 185
1863430 186
1863440 186
1863450 186
1863460 187
1863470 188
1863480 188
1863490 188
1863500 189
1863510 189
1863520 189
1863530 190
1863540 190
1863550 190
1863560 191
1863570 191
1863580 192
1863590 192
1863600 192
1863610 192
1863620 192
1863630 192
1863640 193
1863650 193
1863660 193
1863670 193
1863680 193
1863690 193
1863700 193
1863710 193
1863720 193
1863730 194
1863740 194
1863750 194
1863760 195
1863770 195
1863780 196
1863790 197
1863800 197
1863810 198
1863820 198
1863830 198
1863840 198
1863850 198
1863860 198
1863870 198
1863880 197
1863890 197
1863900 196
1863910 196
1863920 196
1863930 196
1863940 195
1863950 195
1863960 195
1863970 195
1863980 195
1863990 195
1864000 195
1864010 195
1864020 195
1864030 195
1864040 195
1864050 195
1864060 195
1864070 195
1864080 195
1864090 196
1864100 196
1864110 196
1864120 196
1864130 196
1864140 196
1864150 195
1864160 195
1864170 195
1864180 194
1864190 194
1864200 194
1864210 194
1864220 194
1864230 193
1864240 193
1864250 192
1864260 192
1864270 192
1864280 192
1864290 192
1864300 192
1864310 192
1864320 192
1864330 192
1864340 192
1864350 193
1864360 193
1864370 193
1864380 193
1864390 193
1864400 194
1864410 194
1864420 194
1864430 193
1864440 194
1864450 194
1864460 194
1864470 194
1864480 194
1864490 194
1864500 194
1864510 194
1864520 193
1864530 193
1864540 193
1864550 192
1864560 191
1864570 191
1864580 190
1864590 189
1864600 189
1864610 188
1864620 187
1864630 187
1864640 187
1864650 187
1864660 187
1864670 187
1864680 187
1864690 187
1864700 187
1864710 187
1864720 187
1864730 187
1864740 186
1864750 186
1864760 186
1864770 186
1864780 186
1864790 186
1864800 186
1864810 186
1864820 185
1864830 185
1864840 185
1864850 185
1864860 185
1864870 185
1864880 184
1864890 184
1864900 184
1864910 184
1864920 184
1864930 184
1864940 186
1864950 186
1864960 187
1864970 188
1864980 188
1864990 188
1865000 189
1865010 189
1865020 190
1865030 192
1865040 192
1865050 195
1865060 195
1865070 195
1865080 196
1865090 197
1865100 197
1865110 197
1865120 197
1865130 197
1865140 198
1865150 198
1865160 198
1865170 198
1865180 198
1865190 198
1865200 198
1865210 198
1865220 198
1865230 198
1865240 198
1865250 198
1865260 197
1865270 196
1865280 196
1865290 196
1865300 196
1865310 196
1865320 196
1865330 196
1865340 196
1865350 197
1865360 197
1865370 197
1865380 197
1865390 196
1865400 196
1865410 196
1865420 196
1865430 196
1865440 195
1865450 194
1865460 194
1865470 194
1865480 193
1865490 193
1865500 193
1865510 192
1865520 192
1865530 192
1865540 192
1865550 192
1865560 192
1865570 192
1865580 192
1865590 192
1865600 192
1865610 192
1865620 192
1865630 192
1865640 193
1865650 193
1865660 193
1865670 194
1865680 194
1865690 194
1865700 195
1865710 195
1865720 195
1865730 195
1865740 196
1865750 196
1865760 196
1865770 197
1865780 197
1865790 198
1865800 199
1865810 199
1865820 200
1865830 201
1865840 201
1865850 201
1865860 202
1865870 202
1865880 203
1865890 204
1865900 204
1865910 205
1865920 205
1865930 205
1865940 205
1865950 205
1865960 205
1865970 204
1865980 204
1865990 204
1866000 204
1866010 203
1866020 203
1866030 203
1866040 202
1866050 202
1866060 202
1866070 201
1866080 201
1866090 201
1866100 200
1866110 200
1866120 200
1866130 200
1866140 200
1866150 199
1866160 199
1866170 199
1866180 199
1866190 199
1866200 199
1866210 199
1866220 199
1866230 199
1866240 199
1866250 199
1866260 199
1866270 199
1866280 199
1866290 199
1866300 199
1866310 198
1866320 198
1866330 199
1866340 199
1866350 199
1866360 199
1866370 199
1866380 199
1866390 199
1866400 199
1866410 199
1866420 199
1866430 199
1866440 199
1866450 200
1866460 200
1866470 200
1866480 200
1866490 200
1866500 200
1866510 200
1866520 200
1866530 201
1866540 201
1866550 201
1866560 201
1866570 202
1866580 202
1866590 202
1866600 202
1866610 202
1866620 202
1866630 202
1866640 202
1866650 201
1866660 201
1866670 201
1866680 200
1866690 200
1866700 200
1866710 200
1866720 200
1866730 200
1866740 199
1866750 199
1866760 199
1866770 199
1866780 199
1866790 199
1866800 198
1866810 198
1866820 198
1866830 197
1866840 197
1866850 197
1866860 197
1866870 197
1866880 197
1866890 196
1866900 196
1866910 195
1866920 195
1866930 195
1866940 194
1866950 193
1866960 193
1866970 192
1866980 191
1866990 190
1867000 189
1867010 189
1867020 189
1867030 189
1867040 188
1867050 188
1867060 188
1867070 187
1867080 187
1867090 187
1867100 187
1867110 187
1867120 186
1867130 186
1867140 186
1867150 185
1867160 185
1867170 185
1867180 185
1867190 184
1867200 184
1867210 184
1867220 184
1867230 184
1867240 184
1867250 183
1867260 183
1867270 183
1867280 183
1867290 183
1867300 183
1867310 183
1867320 183
1867330 182
1867340 182
1867350 182
1867360 182
1867370 181
1867380 181
1867390 181
1867400 181
1867410 181
1867420 181
1867430 180
1867440 180
1867450 180
1867460 180
1867470 180
1867480 179
1867490 179
1867500 179
1867510 179
1867520 179
1867530 179
1867540 178
1867550 178
1867560 178
1867570 178
1867580 178
1867590 178
1867600 178
1867610 178
1867620 177
1867630 177
1867640 177
1867650 177
1867660 177
1867670 177
1867680 177
1867690 177
1867700 177
1867710 176
1867720 176
1867730 176
1867740 176
1867750 176
1867760 176
1867770 176
1867780 175
1867790 175
1867800 175
1867810 175
1867820 175
1867830 175
1867840 175
1867850 175
1867860 175
1867870 175
1867880 175
1867890 174
1867900 174
1867910 174
1867920 174
1867930 174
1867940 174
1867950 174
1867960 174
1867970 174
1867980 174
1867990 174
1868000 174
1868010 174
1868020 174
1868030 174
1868040 174
1868050 174
1868060 174
1868070 174
1868080 174
1868090 174
1868100 175
1868110 175
1868120 175
1868130 175
1868140 175
1868150 175
1868160 175
1868170 175
1868180 176
1868190 176
1868200 176
1868210 176
1868220 176
1868230 176
1868240 177
1868250 177
1868260 177
1868270 178
1868280 178
1868290 178
1868300 178
1868310 179
1868320 179
1868330 179
1868340 180
1868350 180
1868360 181
1868370 182
1868380 182
1868390 182
1868400 183
1868410 183
1868420 184
1868430 185
1868440 185
1868450 185
1868460 186
1868470 186
1868480 186
1868490 187
1868500 187
1868510 187
1868520 188
1868530 188
1868540 188
1868550 188
1868560 188
1868570 188
1868580 187
1868590 187
1868600 187
1868610 186
1868620 186
1868630 186
1868640 185
1868650 185
1868660 185
1868670 185
1868680 185
1868690 185
1868700 185
1868710 185
1868720 184
1868730 184
1868740 184
1868750 184
1868760 184
1868770 184
1868780 184
1868790 184
1868800 184
1868810 184
1868820 184
1868830 185
1868840 185
1868850 185
1868860 186
1868870 189
1868880 189
1868890 189
1868900 189
1868910 189
1868920 189
1868930 190
1868940 190
1868950 190
1868960 191
1868970 191
1868980 191
1868990 192
1869000 192
1869010 192
1869020 193
1869030 193
1869040 194
1869050 195
1869060 195
1869070 195
1869080 196
1869090 196
1869100 196
1869110 197
1869120 197
1869130 198
1869140 198
1869150 198
1869160 198
1869170 199
1869180 199
1869190 199
1869200 200
1869210 200
1869220 200
1869230 200
1869240 200
1869250 200
1869260 200
1869270 200
1869280 201
1869290 201
1869300 201
1869310 201
1869320 202
1869330 202
1869340 202
1869350 203
1869360 203
1869370 202
1869380 202
1869390 202
1869400 198
1869410 201
1869420 201
1869430 203
1869440 204
1869450 204
1869460 205
1869470 205
1869480 206
1869490 208
1869500 208
1869510 210
1869520 214
1869530 214
1869540 218
1869550 220
1869560 220
1869570 222
1869580 225
1869590 225
1869600 227
1869610 229
1869620 229
1869630 230
1869640 230
1869650 230
1869660 229
1869670 230
1869680 230
1869690 231
1869700 232
1869710 232
1869720 234
1869730 235
1869740 235
1869750 236
1869760 237
1869770 237
1869780 237
1869790 237
1869800 237
1869810 237
1869820 238
1869830 238
1869840 238
1869850 238
1869860 238
1869870 238
1869880 238
1869890 238
1869900 237
1869910 237
1869920 237
1869930 236
1869940 235
1869950 235
1869960 235
1869970 234
1869980 234
1869990 233
1870000 233
1870010 233
1870020 231
1870030 230
1870040 230
1870050 228
1870060 226
1870070 226
1870080 225
1870090 224
1870100 224
1870110 223
1870120 223
1870130 223
1870140 224
1870150 224
1870160 223
1870170 223
1870180 223
1870190 222
1870200 222
1870210 222
1870220 223
1870230 224
1870240 224
1870250 225
1870260 224
1870270 224
1870280 225
1870290 226
1870300 226
1870310 227
1870320 228
1870330 228
1870340 229
1870350 230
1870360 230
1870370 231
1870380 232
1870390 231
1870400 231
1870410 232
1870420 232
1870430 232
1870440 232
1870450 232
1870460 232
1870470 233
1870480 233
1870490 233
1870500 233
1870510 233
1870520 233
1870530 233
1870540 233
1870550 233
1870560 232
1870570 232
1870580 232
1870590 232
1870600 232
1870610 232
1870620 232
1870630 232
1870640 231
1870650 231
1870660 231
1870670 231
1870680 230
1870690 230
1870700 230
1870710 230
1870720 230
1870730 230
1870740 230
1870750 230
1870760 230
1870770 230
1870780 230
1870790 229
1870800 229
1870810 229
1870820 229
1870830 229
1870840 229
1870850 228
1870860 228
1870870 228
1870880 228
1870890 228
1870900 227
1870910 227
1870920 227
1870930 226
1870940 226
1870950 226
1870960 225
1870970 225
1870980 225
1870990 224
1871000 224
1871010 224
1871020 224
1871030 223
1871040 223
1871050 223
1871060 222
1871070 224
1871080 223
1871090 223
1871100 223
1871110 222
1871120 222
1871130 222
1871140 221
1871150 221
1871160 221
1871170 220
1871180 219
1871190 219
1871200 219
1871210 219
1871220 219
1871230 218
1871240 218
1871250 218
1871260 217
1871270 217
1871280 217
1871290 216
1871300 215
1871310 215
1871320 214
1871330 213
1871340 213
1871350 212
1871360 209
1871370 209
1871380 206
1871390 203
1871400 203
1871410 201
1871420 201
1871430 201
1871440 202
1871450 202
1871460 203
1871470 205
1871480 205
1871490 207
1871500 210
1871510 210
1871520 214
1871530 217
1871540 217
1871550 219
1871560 219
1871570 219
1871580 220
1871590 220
1871600 220
1871610 219
1871620 219
1871630 219
1871640 219
1871650 219
1871660 219
1871670 218
1871680 218
1871690 218
1871700 218
1871710 218
1871720 218
1871730 217
1871740 217
1871750 217
1871760 217
1871770 217
1871780 217
1871790 217
1871800 216
1871810 216
1871820 216
1871830 216
1871840 216
1871850 216
1871860 216
1871870 216
1871880 215
1871890 215
1871900 215
1871910 215
1871920 214
1871930 214
1871940 214
1871950 214
1871960 214
1871970 213
1871980 213
1871990 213
1872000 213
1872010 212
1872020 212
1872030 212
1872040 212
1872050 212
1872060 211
1872070 211
1872080 210
1872090 210
1872100 210
1872110 210
1872120 209
1872130 209
1872140 208
1872150 208
1872160 208
1872170 207
1872180 206
1872190 206
1872200 205
1872210 204
1872220 204
1872230 202
1872240 201
1872250 201
1872260 200
1872270 199
1872280 199
1872290 198
1872300 197
1872310 197
1872320 197
1872330 196
1872340 196
1872350 196
1872360 195
1872370 195
1872380 195
1872390 194
1872400 194
1872410 194
1872420 193
1872430 193
1872440 193
1872450 192
1872460 192
1872470 192
1872480 191
1872490 191
1872500 191
1872510 191
1872520 191
1872530 191
1872540 191
1872550 191
1872560 192
1872570 192
1872580 192
1872590 193
1872600 194
1872610 194
1872620 195
1872630 196
1872640 196
1872650 197
1872660 197
1872670 197
1872680 197
1872690 197
1872700 197
1872710 195
1872720 195
1872730 193
1872740 193
1872750 193
1872760 194
1872770 196
1872780 196
1872790 197
1872800 197
1872810 197
1872820 197
1872830 197
1872840 197
1872850 197
1872860 196
1872870 196
1872880 196
1872890 195
1872900 195
1872910 194
1872920 193
1872930 193
1872940 192
1872950 191
1872960 191
1872970 191
1872980 190
1872990 190
1873000 189
1873010 189
1873020 189
1873030 190
1873040 191
1873050 191
1873060 191
1873070 192
1873080 192
1873090 187
1873100 187
1873110 187
1873120 188
1873130 188
1873140 188
1873150 186
1873160 184
1873170 184
1873180 182
1873190 181
1873200 181
1873210 180
1873220 180
1873230 180
1873240 180
1873250 181
1873260 181
1873270 185
1873280 188
1873290 188
1873300 188
1873310 188
1873320 188
1873330 188
1873340 188
1873350 188
1873360 188
1873370 188
1873380 188
1873390 188
1873400 188
1873410 188
1873420 187
1873430 187
1873440 187
1873450 187
1873460 187
1873470 186
1873480 186
1873490 186
1873500 186
1873510 186
1873520 186
1873530 186
1873540 186
1873550 186
1873560 186
1873570 186
1873580 186
1873590 186
1873600 185
1873610 185
1873620 185
1873630 185
1873640 185
1873650 185
1873660 184
1873670 184
1873680 184
1873690 184
1873700 184
1873710 184
1873720 183
1873730 183
1873740 183
1873750 183
1873760 183
1873770 182
1873780 182
1873790 182
1873800 182
1873810 182
1873820 182
1873830 182
1873840 182
1873850 182
1873860 182
1873870 181
1873880 181
1873890 181
1873900 181
1873910 181
1873920 180
1873930 180
1873940 180
1873950 178
1873960 176
1873970 176
1873980 177
1873990 176
1874000 176
1874010 176
1874020 176
1874030 176
1874040 175
1874050 175
1874060 175
1874070 175
1874080 175
1874090 175
1874100 175
1874110 175
1874120 175
1874130 174
1874140 174
1874150 174
1874160 174
1874170 174
1874180 173
1874190 172
1874200 172
1874210 174
1874220 174
1874230 174
1874240 174
1874250 175
1874260 175
1874270 175
1874280 175
1874290 175
1874300 175
1874310 176
1874320 176
1874330 177
1874340 178
1874350 178
1874360 179
1874370 180
1874380 180
1874390 181
1874400 181
1874410 181
1874420 182
1874430 182
1874440 184
1874450 184
1874460 184
1874470 184
1874480 184
1874490 184
1874500 184
1874510 185
1874520 185
1874530 185
1874540 185
1874550 185
1874560 185
1874570 184
1874580 183
1874590 183
1874600 182
1874610 181
1874620 181
1874630 180
1874640 180
1874650 180
1874660 180
1874670 180
1874680 181
1874690 183
1874700 183
1874710 186
1874720 187
1874730 187
1874740 189
1874750 190
1874760 190
1874770 191
1874780 191
1874790 191
1874800 190
1874810 190
1874820 190
1874830 191
1874840 191
1874850 191
1874860 191
1874870 192
1874880 192
1874890 192
1874900 192
1874910 192
1874920 192
1874930 191
1874940 191
1874950 191
1874960 192
1874970 192
1874980 192
1874990 192
1875000 192
1875010 192
1875020 192
1875030 192
1875040 191
1875050 191
1875060 191
1875070 191
1875080 191
1875090 191
1875100 191
1875110 190
1875120 190
1875130 190
1875140 189
1875150 189
1875160 189
1875170 188
1875180 188
1875190 188
1875200 187
1875210 187
1875220 187
1875230 187
1875240 187
1875250 186
1875260 186
1875270 186
1875280 186
1875290 185
1875300 185
1875310 185
1875320 185
1875330 185
1875340 184
1875350 184
1875360 184
1875370 184
1875380 184
1875390 184
1875400 184
1875410 184
1875420 185
1875430 185
1875440 185
1875450 185
1875460 185
1875470 185
1875480 185
1875490 184
1875500 184
1875510 183
1875520 182
1875530 182
1875540 182
1875550 181
1875560 181
1875570 180
1875580 180
1875590 180
1875600 179
1875610 179
1875620 179
1875630 179
1875640 180
1875650 180
1875660 180
1875670 180
1875680 180
1875690 181
1875700 182
1875710 182
1875720 183
1875730 185
1875740 185
1875750 186
1875760 187
1875770 187
1875780 188
1875790 188
1875800 188
1875810 189
1875820 189
1875830 189
1875840 189
1875850 190
1875860 190
1875870 190
1875880 190
1875890 190
1875900 190
1875910 191
1875920 191
1875930 191
1875940 191
1875950 191
1875960 191
1875970 191
1875980 191
1875990 191
1876000 191
1876010 191
1876020 191
1876030 191
1876040 191
1876050 191
1876060 191
1876070 190
1876080 190
1876090 190
1876100 190
1876110 190
1876120 190
1876130 190
1876140 190
1876150 190
1876160 189
1876170 189
1876180 189
1876190 189
1876200 189
1876210 189
1876220 188
1876230 188
1876240 188
1876250 188
1876260 188
1876270 188
1876280 188
1876290 187
1876300 187
1876310 187
1876320 187
1876330 187
1876340 187
1876350 188
1876360 188
1876370 187
1876380 187
1876390 187
1876400 187
1876410 187
1876420 187
1876430 187
1876440 187
1876450 187
1876460 187
1876470 187
1876480 187
1876490 186
1876500 186
1876510 186
1876520 186
1876530 185
1876540 185
1876550 184
1876560 183
1876570 183
1876580 182
1876590 181
1876600 181
1876610 180
1876620 180
1876630 178
1876640 178
1876650 178
1876660 177
1876670 176
1876680 176
1876690 176
1876700 176
1876710 176
1876720 175
1876730 175
1876740 175
1876750 175
1876760 176
1876770 176
1876780 177
1876790 177
1876800 177
1876810 178
1876820 179
1876830 179
1876840 180
1876850 180
1876860 180
1876870 181
1876880 181
1876890 181
1876900 181
1876910 181
1876920 181
1876930 181
1876940 181
1876950 181
1876960 180
1876970 180
1876980 180
1876990 180
1877000 180
1877010 180
1877020 179
1877030 179
1877040 179
1877050 179
1877060 178
1877070 178
1877080 179
1877090 179
1877100 179
1877110 179
1877120 180
1877130 180
1877140 180
1877150 180
1877160 180
1877170 180
1877180 180
1877190 180
1877200 180
1877210 180
1877220 180
1877230 180
1877240 180
1877250 180
1877260 179
1877270 179
1877280 179
1877290 179
1877300 179
1877310 179
1877320 178
1877330 178
1877340 178
1877350 178
1877360 178
1877370 178
1877380 177
1877390 177
1877400 177
1877410 177
1877420 177
1877430 177
1877440 177
1877450 177
1877460 177
1877470 177
1877480 177
1877490 176
1877500 176
1877510 176
1877520 176
1877530 176
1877540 176
1877550 176
1877560 176
1877570 176
1877580 176
1877590 176
1877600 176
1877610 176
1877620 176
1877630 176
1877640 176
1877650 176
1877660 176
1877670 176
1877680 176
1877690 176
1877700 176
1877710 176
1877720 176
1877730 175
1877740 175
1877750 175
1877760 175
1877770 175
1877780 175
1877790 175
1877800 175
1877810 175
1877820 175
1877830 174
1877840 174
1877850 174
1877860 174
1877870 174
1877880 174
1877890 174
1877900 174
1877910 173
1877920 173
1877930 173
1877940 173
1877950 173
1877960 173
1877970 173
1877980 173
1877990 173
1878000 173
1878010 173
1878020 173
1878030 173
1878040 173
1878050 173
1878060 173
1878070 173
1878080 173
1878090 173
1878100 173
1878110 173
1878120 172
1878130 172
1878140 172
1878150 172
1878160 172
1878170 172
1878180 172
1878190 172
1878200 172
1878210 171
1878220 171
1878230 171
1878240 171
1878250 171
1878260 171
1878270 171
1878280 171
1878290 171
1878300 171
1878310 171
1878320 171
1878330 171
1878340 171
1878350 170
1878360 170
1878370 170
1878380 170
1878390 170
1878400 170
1878410 170
1878420 170
1878430 170
1878440 170
1878450 170
1878460 170
1878470 170
1878480 169
1878490 169
1878500 169
1878510 169
1878520 169
1878530 169
1878540 169
1878550 169
1878560 169
1878570 169
1878580 169
1878590 169
1878600 169
1878610 169
1878620 169
1878630 169
1878640 169
1878650 169
1878660 169
1878670 168
1878680 168
1878690 168
1878700 168
1878710 168
1878720 168
1878730 168
1878740 168
1878750 168
1878760 168
1878770 168
1878780 168
1878790 168
1878800 168
1878810 168
1878820 168
1878830 168
1878840 168
1878850 168
1878860 168
1878870 168
1878880 168
1878890 168
1878900 168
1878910 168
1878920 168
1878930 168
1878940 168
1878950 168
1878960 168
1878970 168
1878980 168
1878990 168
1879000 168
1879010 168
1879020 168
1879030 167
1879040 167
1879050 167
1879060 167
1879070 167
1879080 167
1879090 167
1879100 167
1879110 167
1879120 167
1879130 167
1879140 167
1879150 167
1879160 168
1879170 168
1879180 168
1879190 168
1879200 168
1879210 168
1879220 168
1879230 168
1879240 168
1879250 168
1879260 168
1879270 168
1879280 168
1879290 169
1879300 169
1879310 169
1879320 169
1879330 169
1879340 169
1879350 169
1879360 170
1879370 170
1879380 170
1879390 170
1879400 170
1879410 171
1879420 171
1879430 171
1879440 171
1879450 172
1879460 172
1879470 172
1879480 172
1879490 172
1879500 172
1879510 172
1879520 172
1879530 173
1879540 173
1879550 173
1879560 173
1879570 173
1879580 173
1879590 174
1879600 174
1879610 174
1879620 174
1879630 174
1879640 174
1879650 174
1879660 174
1879670 174
1879680 175
1879690 175
1879700 175
1879710 175
1879720 175
1879730 175
1879740 175
1879750 176
1879760 176
1879770 176
1879780 176
1879790 176
1879800 176
1879810 176
1879820 176
1879830 176
1879840 176
1879850 176
1879860 176
1879870 176
1879880 176
1879890 176
1879900 176
1879910 176
1879920 176
1879930 176
1879940 176
1879950 176
1879960 176
1879970 176
1879980 176
1879990 176
1860000 204
1860010 204
1860020 204
1860030 204
1860040 203
1860050 203
1860060 203
1860070 203
1860080 203
1860090 202
1860100 202
1860110 202
1860120 202
1860130 201
1860140 201
1860150 201
1860160 201
1860170 201
1860180 200
1860190 200
1860200 200
1860210 200
1860220 199
1860230 199
1860240 199
1860250 199
1860260 199
1860270 199
1860280 198
1860290 198
1860300 198
1860310 198
1860320 198
1860330 198
1860340 198
1860350 197
1860360 197
1860370 197
1860380 197
1860390 197
1860400 197
1860410 197
1860420 197
1860430 197
1860440 197
1860450 197
1860460 197
1860470 197
1860480 197
1860490 197
1860500 197
1860510 196
1860520 196
1860530 197
1860540 197
1860550 197
1860560 196
1860570 196
1860580 196
1860590 196
1860600 196
1860610 196
1860620 196
1860630 196
1860640 196
1860650 196
1860660 196
1860670 196
1860680 196
1860690 195
1860700 195
1860710 195
1860720 195
1860730 195
1860740 195
1860750 194
1860760 194
1860770 194
1860780 194
1860790 194
1860800 193
1860810 193
1860820 193
1860830 193
1860840 193
1860850 193
1860860 193
1860870 193
1860880 193
1860890 192
1860900 192
1860910 192
1860920 191
1860930 191
1860940 191
1860950 191
1860960 190
1860970 190
1860980 190
1860990 190
1861000 189
1861010 189
1861020 189
1861030 188
1861040 188
1861050 188
1861060 188
1861070 187
1861080 187
1861090 187
1861100 186
1861110 186
1861120 186
1861130 186
1861140 186
1861150 185
1861160 185
1861170 185
1861180 185
1861190 185
1861200 185
1861210 184
1861220 184
1861230 184
1861240 184
1861250 183
1861260 183
1861270 183
1861280 182
1861290 182
1861300 182
1861310 182
1861320 182
1861330 181
1861340 181
1861350 181
1861360 181
1861370 181
1861380 181
1861390 180
1861400 180
1861410 180
1861420 180
1861430 180
1861440 180
1861450 180
1861460 180
1861470 180
1861480 180
1861490 180
1861500 180
1861510 180
1861520 180
1861530 180
1861540 179
1861550 179
1861560 179
1861570 179
1861580 179
1861590 179
1861600 179
1861610 179
1861620 179
1861630 178
1861640 178
1861650 178
1861660 178
1861670 178
1861680 178
1861690 177
1861700 177
1861710 177
1861720 177
1861730 177
1861740 177
1861750 177
1861760 177
1861770 177
1861780 176
1861790 176
1861800 176
1861810 176
1861820 176
1861830 176
1861840 177
1861850 177
1861860 177
1861870 177
1861880 177
1861890 177
1861900 176
1861910 176
1861920 176
1861930 176
1861940 176
1861950 176
1861960 176
1861970 176
1861980 176
1861990 176
1862000 176
1862010 175
1862020 175
1862030 175
1862040 175
1862050 175
1862060 175
1862070 175
1862080 175
1862090 175
1862100 175
1862110 175
1862120 175
1862130 175
1862140 175
1862150 175
1862160 174
1862170 174
1862180 174
1862190 173
1862200 173
1862210 173
1862220 173
1862230 172
1862240 172
1862250 172
1862260 172
1862270 172
1862280 172
1862290 172
1862300 172
1862310 172
1862320 172
1862330 171
1862340 171
1862350 171
1862360 171
1862370 171
1862380 171
1862390 172
1862400 172
1862410 172
1862420 173
1862430 173
1862440 173
1862450 174
1862460 174
1862470 174
1862480 175
1862490 176
1862500 176
1862510 178
1862520 178
1862530 178
1862540 179
1862550 179
1862560 179
1862570 179
1862580 179
1862590 179
1862600 180
1862610 180
1862620 180
1862630 181
1862640 182
1862650 182
1862660 183
1862670 184
1862680 184
1862690 185
1862700 186
1862710 186
1862720 187
1862730 188
1862740 188
1862750 189
1862760 189
1862770 189
1862780 189
1862790 190
1862800 190
1862810 190
1862820 189
1862830 189
1862840 188
1862850 187
1862860 187
1862870 186
1862880 186
1862890 186
1862900 186
1862910 186
1862920 186
1862930 186
1862940 186
1862950 186
1862960 186
1862970 186
1862980 186
1862990 186
1863000 186
1863010 186
1863020 186
1863030 186
1863040 186
1863050 185
1863060 185
1863070 185
1863080 185
1863090 185
1863100 185
1863110 184
1863120 184
1863130 184
1863140 184
1863150 184
1863160 184
1863170 184
1863180 184
1863190 184
1863200 184
1863210 184
1863220 184
1863230 185
1863240 185
1863250 185
1863260 185
1863270 185
1863280 185
1863290 185
1863300 185
1863310 185
1863320 185
1863330 185
1863340 185
1863350 185
1863360 185
1863370 185
1863380 185
1863390 185
1863400 185
1863410 185
1863420 185
1863430 186
1863440 186
1863450 186
1863460 187
1863470 188
1863480 188
1863490 188
1863500 189
1863510 189
1863520 189
1863530 190
1863540 190
1863550 190
1863560 191
1863570 191
1863580 192
1863590 192
1863600 192
1863610 192
1863620 192
1863630 192
1863640 193
1863650 193
1863660 193
1863670 193
1863680 193
1863690 193
1863700 193
1863710 193
1863720 193
1863730 194
1863740 194
1863750 194
1863760 195
1863770 195
1863780 196
1863790 197
1863800 197
1863810 198
1863820 198
1863830 198
1863840 198
1863850 198
1863860 198
1863870 198
1863880 197
1863890 197
1863900 196
1863910 196
1863920 196
1863930 196
1863940 195
1863950 195
1863960 195
1863970 195
1863980 195
1863990 195
1864000 195
1864010 195
1864020 195
1864030 195
1864040 195
1864050 195
1864060 195
1864070 195
1864080 195
1864090 196
1864100 196
1864110 196
1864120 196
1864130 196
1864140 196
1864150 195
1864160 195
1864170 195
1864180 194
1864190 194
1864200 194
1864210 194
1864220 194
1864230 193
1864240 193
1864250 192
1864260 192
1864270 192
1864280 192
1864290 192
1864300 192
1864310 192
1864320 192
1864330 192
1864340 192
1864350 193
1864360 193
1864370 193
1864380 193
1864390 193
1864400 194
1864410 194
1864420 194
1864430 193
1864440 194
1864450 194
1864460 194
1864470 194
1864480 194
1864490 194
1864500 194
1864510 194
1864520 193
1864530 193
1864540 193
1864550 192
1864560 191
1864570 191
1864580 190
1864590 189
1864600 189
1864610 188
1864620 187
1864630 187
1864640 187
1864650 187
1864660 187
1864670 187
1864680 187
1864690 187
1864700 187
1864710 187
1864720 187
1864730 187
1864740 186
1864750 186
1864760 186
1864770 186
1864780 186
1864790 186
1864800 186
1864810 186
1864820 185
1864830 185
1864840 185
1864850 185
1864860 185
1864870 185
1864880 184
1864890 184
1864900 184
1864910 184
1864920 184
1864930 184
1864940 186
1864950 186
1864960 187
1864970 188
1864980 188
1864990 188
1865000 189
1865010 189
1865020 190
1865030 192
1865040 192
1865050 195
1865060 195
1865070 195
1865080 196
1865090 197
1865100 197
1865110 197
1865120 197
1865130 197
1865140 198
1865150 198
1865160 198
1865170 198
1865180 198
1865190 198
1865200 198
1865210 198
1865220 198
1865230 198
1865240 198
1865250 198
1865260 197
1865270 196
1865280 196
1865290 196
1865300 196
1865310 196
1865320 196
1865330 196
1865340 196
1865350 197
1865360 197
1865370 197
1865380 197
1865390 196
1865400 196
1865410 196
1865420 196
1865430 196
1865440 195
1865450 194
1865460 194
1865470 194
1865480 193
1865490 193
1865500 193
1865510 192
1865520 192
1865530 192
1865540 192
1865550 192
1865560 192
1865570 192
1865580 192
1865590 192
1865600 192
1865610 192
1865620 192
1865630 192
1865640 193
1865650 193
1865660 193
1865670 194
1865680 194
1865690 194
1865700 195
1865710 195
1865720 195
1865730 195
1865740 196
1865750 196
1865760 196
1865770 197
1865780 197
1865790 198
1865800 199
1865810 199
1865820 200
1865830 201
1865840 201
1865850 201
1865860 202
1865870 202
1865880 203
1865890 204
1865900 204
1865910 205
1865920 205
1865930 205
1865940 205
1865950 205
1865960 205
1865970 204
1865980 204
1865990 204
1866000 204
1866010 203
1866020 203
1866030 203
1866040 202
1866050 202
1866060 202
1866070 201
1866080 201
1866090 201
1866100 200
1866110 200
1866120 200
1866130 200
1866140 200
1866150 199
1866160 199
1866170 199
1866180 199
1866190 199
1866200 199
1866210 199
1866220 199
1866230 199
1866240 199
1866250 199
1866260 199
1866270 199
1866280 199
1866290 199
1866300 199
1866310 198
1866320 198
1866330 199
1866340 199
1866350 199
1866360 199
1866370 199
1866380 199
1866390 199
1866400 199
1866410 199
1866420 199
1866430 199
1866440 199
1866450 200
1866460 200
1866470 200
1866480 200
1866490 200
1866500 200
1866510 200
1866520 200
1866530 201
1866540 201
1866550 201
1866560 201
1866570 202
1866580 202
1866590 202
1866600 202
1866610 202
1866620 202
1866630 202
1866640 202
1866650 201
1866660 201
1866670 201
1866680 200
1866690 200
1866700 200
1866710 200
1866720 200
1866730 200
1866740 199
1866750 199
1866760 199
1866770 199
1866780 199
1866790 199
1866800 198
1866810 198
1866820 198
1866830 197
1866840 197
1866850 197
1866860 197
1866870 197
1866880 197
1866890 196
1866900 196
1866910 195
1866920 195
1866930 195
1866940 194
1866950 193
1866960 193
1866970 192
1866980 191
1866990 190
1867000 189
1867010 189
1867020 189
1867030 189
1867040 188
1867050 188
1867060 188
1867070 187
1867080 187
1867090 187
1867100 187
1867110 187
1867120 186
1867130 186
1867140 186
1867150 185
1867160 185
1867170 185
1867180 185
1867190 184
1867200 184
1867210 184
1867220 184
1867230 184
1867240 184
1867250 183
1867260 183
1867270 183
1867280 183
1867290 183
1867300 183
1867310 183
1867320 183
1867330 182
1867340 182
1867350 182
1867360 182
1867370 181
1867380 181
1867390 181
1867400 181
1867410 181
1867420 181
1867430 180
1867440 180
1867450 180
1867460 180
1867470 180
1867480 179
1867490 179
1867500 179
1867510 179
1867520 179
1867530 179
1867540 178
1867550 178
1867560 178
1867570 178
1867580 178
1867590 178
1867600 178
1867610 178
1867620 177
1867630 177
1867640 177
1867650 177
1867660 177
1867670 177
1867680 177
1867690 177
1867700 177
1867710 176
1867720 176
1867730 176
1867740 176
1867750 176
1867760 176
1867770 176
1867780 175
1867790 175
1867800 175
1867810 175
1867820 175
1867830 175
1867840 175
1867850 175
1867860 175
1867870 175
1867880 175
1867890 174
1867900 174
1867910 174
1867920 174
1867930 174
1867940 174
1867950 174
1867960 174
1867970 174
1867980 174
1867990 174
1868000 174
1868010 174
1868020 174
1868030 174
1868040 174
1868050 174
1868060 174
1868070 174
1868080 174
1868090 174
1868100 175
1868110 175
1868120 175
1868130 175
1868140 175
1868150 175
1868160 175
1868170 175
1868180 176
1868190 176
1868200 176
1868210 176
1868220 176
1868230 176
1868240 177
1868250 177
1868260 177
1868270 178
1868280 178
1868290 178
1868300 178
1868310 179
1868320 179
1868330 179
1868340 180
1868350 180
1868360 181
1868370 182
1868380 182
1868390 182
1868400 183
1868410 183
1868420 184
1868430 185
1868440 185
1868450 185
1868460 186
1868470 186
1868480 186
1868490 187
1868500 187
1868510 187
1868520 188
1868530 188
1868540 188
1868550 188
1868560 188
1868570 188
1868580 187
1868590 187
1868600 187
1868610 186
1868620 186
1868630 186
1868640 185
1868650 185
1868660 185
1868670 185
1868680 185
1868690 185
1868700 185
1868710 185
1868720 184
1868730 184
1868740 184
1868750 184
1868760 184
1868770 184
1868780 184
1868790 184
1868800 184
1868810 184
1868820 184
1868830 185
1868840 185
1868850 185
1868860 186
1868870 189
1868880 189
1868890 189
1868900 189
1868910 189
1868920 189
1868930 190
1868940 190
1868950 190
1868960 191
1868970 191
1868980 191
1868990 192
1869000 192
1869010 192
1869020 193
1869030 193
1869040 194
1869050 195
1869060 195
1869070 195
1869080 196
1869090 196
1869100 196
1869110 197
1869120 197
1869130 198
1869140 198
1869150 198
1869160 198
1869170 199
1869180 199
1869190 199
1869200 200
1869210 200
1869220 200
1869230 200
1869240 200
1869250 200
1869260 200
1869270 200
1869280 201
1869290 201
1869300 201
1869310 201
1869320 202
1869330 202
1869340 202
1869350 203
1869360 203
1869370 202
1869380 202
1869390 202
1869400 198
1869410 201
1869420 201
1869430 203
1869440 204
1869450 204
1869460 205
1869470 205
1869480 206
1869490 208
1869500 208
1869510 210
1869520 214
1869530 214
1869540 218
1869550 220
1869560 220
1869570 222
1869580 225
1869590 225
1869600 227
1869610 229
1869620 229
1869630 230
1869640 230
1869650 230
1869660 229
1869670 230
1869680 230
1869690 231
1869700 232
1869710 232
1869720 234
1869730 235
1869740 235
1869750 236
1869760 237
1869770 237
1869780 237
1869790 237
1869800 237
1869810 237
1869820 238
1869830 238
1869840 238
1869850 238
1869860 238
1869870 238
1869880 238
1869890 238
1869900 237
1869910 237
1869920 237
1869930 236
1869940 235
1869950 235
1869960 235
1869970 234
1869980 234
1869990 233
1870000 233
1870010 233
1870020 231
1870030 230
1870040 230
1870050 228
1870060 226
1870070 226
1870080 225
1870090 224
1870100 224
1870110 223
1870120 223
1870130 223
1870140 224
1870150 224
1870160 223
1870170 223
1870180 223
1870190 222
1870200 222
1870210 222
1870220 223
1870230 224
1870240 224
1870250 225
1870260 224
1870270 224
1870280 225
1870290 226
1870300 226
1870310 227
1870320 228
1870330 228
1870340 229
1870350 230
1870360 230
1870370 231
1870380 232
1870390 231
1870400 231
1870410 232
1870420 232
1870430 232
1870440 232
1870450 232
1870460 232
1870470 233
1870480 233
1870490 233
1870500 233
1870510 233
1870520 233
1870530 233
1870540 233
1870550 233
1870560 232
1870570 232
1870580 232
1870590 232
1870600 232
1870610 232
1870620 232
1870630 232
1870640 231
1870650 231
1870660 231
1870670 231
1870680 230
1870690 230
1870700 230
1870710 230
1870720 230
1870730 230
1870740 230
1870750 230
1870760 230
1870770 230
1870780 230
1870790 229
1870800 229
1870810 229
1870820 229
1870830 229
1870840 229
1870850 228
1870860 228
1870870 228
1870880 228
1870890 228
1870900 227
1870910 227
1870920 227
1870930 226
1870940 226
1870950 226
1870960 225
1870970 225
1870980 225
1870990 224
1871000 224
1871010 224
1871020 224
1871030 223
1871040 223
1871050 223
1871060 222
1871070 224
1871080 223
1871090 223
1871100 223
1871110 222
1871120 222
1871130 222
1871140 221
1871150 221
1871160 221
1871170 220
1871180 219
1871190 219
1871200 219
1871210 219
1871220 219
1871230 218
1871240 218
1871250 218
1871260 217
1871270 217
1871280 217
1871290 216
1871300 215
1871310 215
1871320 214
1871330 213
1871340 213
1871350 212
1871360 209
1871370 209
1871380 206
1871390 203
1871400 203
1871410 201
1871420 201
1871430 201
1871440 202
1871450 202
1871460 203
1871470 205
1871480 205
1871490 207
1871500 210
1871510 210
1871520 214
1871530 217
1871540 217
1871550 219
1871560 219
1871570 219
1871580 220
1871590 220
1871600 220
1871610 219
1871620 219
1871630 219
1871640 219
1871650 219
1871660 219
1871670 218
1871680 218
1871690 218
1871700 218
1871710 218
1871720 218
1871730 217
1871740 217
1871750 217
1871760 217
1871770 217
1871780 217
1871790 217
1871800 216
1871810 216
1871820 216
1871830 216
1871840 216
1871850 216
1871860 216
1871870 216
1871880 215
1871890 215
1871900 215
1871910 215
1871920 214
1871930 214
1871940 214
1871950 214
1871960 214
1871970 213
1871980 213
1871990 213
1872000 213
1872010 212
1872020 212
1872030 212
1872040 212
1872050 212
1872060 211
1872070 211
1872080 210
1872090 210
1872100 210
1872110 210
1872120 209
1872130 209
1872140 208
1872150 208
1872160 208
1872170 207
1872180 206
1872190 206
1872200 205
1872210 204
1872220 204
1872230 202
1872240 201
1872250 201
1872260 200
1872270 199
1872280 199
1872290 198
1872300 197
1872310 197
1872320 197
1872330 196
1872340 196
1872350 196
1872360 195
1872370 195
1872380 195
1872390 194
1872400 194
1872410 194
1872420 193
1872430 193
1872440 193
1872450 192
1872460 192
1872470 192
1872480 191
1872490 191
1872500 191
1872510 191
1872520 191
1872530 191
1872540 191
1872550 191
1872560 192
1872570 192
1872580 192
1872590 193
1872600 194
1872610 194
1872620 195
1872630 196
1872640 196
1872650 197
1872660 197
1872670 197
1872680 197
1872690 197
1872700 197
1872710 195
1872720 195
1872730 193
1872740 193
1872750 193
1872760 194
1872770 196
1872780 196
1872790 197
1872800 197
1872810 197
1872820 197
1872830 197
1872840 197
1872850 197
1872860 196
1872870 196
1872880 196
1872890 195
1872900 195
1872910 194
1872920 193
1872930 193
1872940 192
1872950 191
1872960 191
1872970 191
1872980 190
1872990 190
1873000 189
1873010 189
1873020 189
1873030 190
1873040 191
1873050 191
1873060 191
1873070 192
1873080 192
1873090 187
1873100 187
1873110 187
1873120 188
1873130 188
1873140 188
1873150 186
1873160 184
1873170 184
1873180 182
1873190 181
1873200 181
1873210 180
1873220 180
1873230 180
1873240 180
1873250 181
1873260 181
1873270 185
1873280 188
1873290 188
1873300 188
1873310 188
1873320 188
1873330 188
1873340 188
1873350 188
1873360 188
1873370 188
1873380 188
1873390 188
1873400 188
1873410 188
1873420 187
1873430 187
1873440 187
1873450 187
1873460 187
1873470 186
1873480 186
1873490 186
1873500 186
1873510 186
1873520 186
1873530 186
1873540 186
1873550 186
1873560 186
1873570 186
1873580 186
1873590 186
1873600 185
1873610 185
1873620 185
1873630 185
1873640 185
1873650 185
1873660 184
1873670 184
1873680 184
1873690 184
1873700 184
1873710 184
1873720 183
1873730 183
1873740 183
1873750 183
1873760 183
1873770 182
1873780 182
1873790 182
1873800 182
1873810 182
1873820 182
1873830 182
1873840 182
1873850 182
1873860 182
1873870 181
1873880 181
1873890 181
1873900 181
1873910 181
1873920 180
1873930 180
1873940 180
1873950 178
1873960 176
1873970 176
1873980 177
1873990 176
1874000 176
1874010 176
1874020 176
1874030 176
1874040 175
1874050 175
1874060 175
1874070 175
1874080 175
1874090 175
1874100 175
1874110 175
1874120 175
1874130 174
1874140 174
1874150 174
1874160 174
1874170 174
1874180 173
1874190 172
1874200 172
1874210 174
1874220 174
1874230 174
1874240 174
1874250 175
1874260 175
1874270 175
1874280 175
1874290 175
1874300 175
1874310 176
1874320 176
1874330 177
1874340 178
1874350 178
1874360 179
1874370 180
1874380 180
1874390 181
1874400 181
1874410 181
1874420 182
1874430 182
1874440 184
1874450 184
1874460 184
1874470 184
1874480 184
1874490 184
1874500 184
1874510 185
1874520 185
1874530 185
1874540 185
1874550 185
1874560 185
1874570 184
1874580 183
1874590 183
1874600 182
1874610 181
1874620 181
1874630 180
1874640 180
1874650 180
1874660 180
1874670 180
1874680 181
1874690 183
1874700 183
1874710 186
1874720 187
1874730 187
1874740 189
1874750 190
1874760 190
1874770 191
1874780 191
1874790 191
1874800 190
1874810 190
1874820 190
1874830 191
1874840 191
1874850 191
1874860 191
1874870 192
1874880 192
1874890 192
1874900 192
1874910 192
1874920 192
1874930 191
1874940 191
1874950 191
1874960 192
1874970 192
1874980 192
1874990 192
1875000 192
1875010 192
1875020 192
1875030 192
1875040 191
1875050 191
1875060 191
1875070 191
1875080 191
1875090 191
1875100 191
1875110 190
1875120 190
1875130 190
1875140 189
1875150 189
1875160 189
1875170 188
1875180 188
1875190 188
1875200 187
1875210 187
1875220 187
1875230 187
1875240 187
1875250 186
1875260 186
1875270 186
1875280 186
1875290 185
1875300 185
1875310 185
1875320 185
1875330 185
1875340 184
1875350 184
1875360 184
1875370 184
1875380 184
1875390 184
1875400 184
1875410 184
1875420 185
1875430 185
1875440 185
1875450 185
1875460 185
1875470 185
1875480 185
1875490 184
1875500 184
1875510 183
1875520 182
1875530 182
1875540 182
1875550 181
1875560 181
1875570 180
1875580 180
1875590 180
1875600 179
1875610 179
1875620 179
1875630 179
1875640 180
1875650 180
1875660 180
1875670 180
1875680 180
1875690 181
1875700 182
1875710 182
1875720 183
1875730 185
1875740 185
1875750 186
1875760 187
1875770 187
1875780 188
1875790 188
1875800 188
1875810 189
1875820 189
1875830 189
1875840 189
1875850 190
1875860 190
1875870 190
1875880 190
1875890 190
1875900 190
1875910 191
1875920 191
1875930 191
1875940 191
1875950 191
1875960 191
1875970 191
1875980 191
1875990 191
1876000 191
1876010 191
1876020 191
1876030 191
1876040 191
1876050 191
1876060 191
1876070 190
1876080 190
1876090 190
1876100 190
1876110 190
1876120 190
1876130 190
1876140 190
1876150 190
1876160 189
1876170 189
1876180 189
1876190 189
1876200 189
1876210 189
1876220 188
1876230 188
1876240 188
1876250 188
1876260 188
1876270 188
1876280 188
1876290 187
1876300 187
1876310 187
1876320 187
1876330 187
1876340 187
1876350 188
1876360 188
1876370 187
1876380 187
1876390 187
1876400 187
1876410 187
1876420 187
1876430 187
1876440 187
1876450 187
1876460 187
1876470 187
1876480 187
1876490 186
1876500 186
1876510 186
1876520 186
1876530 185
1876540 185
1876550 184
1876560 183
1876570 183
1876580 182
1876590 181
1876600 181
1876610 180
1876620 180
1876630 178
1876640 178
1876650 178
1876660 177
1876670 176
1876680 176
1876690 176
1876700 176
1876710 176
1876720 175
1876730 175
1876740 175
1876750 175
1876760 176
1876770 176
1876780 177
1876790 177
1876800 177
1876810 178
1876820 179
1876830 179
1876840 180
1876850 180
1876860 180
1876870 181
1876880 181
1876890 181
1876900 181
1876910 181
1876920 181
1876930 181
1876940 181
1876950 181
1876960 180
1876970 180
1876980 180
1876990 180
1877000 180
1877010 180
1877020 179
1877030 179
1877040 179
1877050 179
1877060 178
1877070 178
1877080 179
1877090 179
1877100 179
1877110 179
1877120 180
1877130 180
1877140 180
1877150 180
1877160 180
1877170 180
1877180 180
1877190 180
1877200 180
1877210 180
1877220 180
1877230 180
1877240 180
1877250 180
1877260 179
1877270 179
1877280 179
1877290 179
1877300 179
1877310 179
1877320 178
1877330 178
1877340 178
1877350 178
1877360 178
1877370 178
1877380 177
1877390 177
1877400 177
1877410 177
1877420 177
1877430 177
1877440 177
1877450 177
1877460 177
1877470 177
1877480 177
1877490 176
1877500 176
1877510 176
1877520 176
1877530 176
1877540 176
1877550 176
1877560 176
1877570 176
1877580 176
1877590 176
1877600 176
1877610 176
1877620 176
1877630 176
1877640 176
1877650 176
1877660 176
1877670 176
1877680 176
1877690 176
1877700 176
1877710 176
1877720 176
1877730 175
1877740 175
1877750 175
1877760 175
1877770 175
1877780 175
1877790 175
1877800 175
1877810 175
1877820 175
1877830 174
1877840 174
1877850 174
1877860 174
1877870 174
1877880 174
1877890 174
1877900 174
1877910 173
1877920 173
1877930 173
1877940 173
1877950 173
1877960 173
1877970 173
1877980 173
1877990 173
1878000 173
1878010 173
1878020 173
1878030 173
1878040 173
1878050 173
1878060 173
1878070 173
1878080 173
1878090 173
1878100 173
1878110 173
1878120 172
1878130 172
1878140 172
1878150 172
1878160 172
1878170 172
1878180 172
1878190 172
1878200 172
1878210 171
1878220 171
1878230 171
1878240 171
1878250 171
1878260 171
1878270 171
1878280 171
1878290 171
1878300 171
1878310 171
1878320 171
1878330 171
1878340 171
1878350 170
1878360 170
1878370 170
1878380 170
1878390 170
1878400 170
1878410 170
1878420 170
1878430 170
1878440 170
1878450 170
1878460 170
1878470 170
1878480 169
1878490 169
1878500 169
1878510 169
1878520 169
1878530 169
1878540 169
1878550 169
1878560 169
1878570 169
1878580 169
1878590 169
1878600 169
1878610 169
1878620 169
1878630 169
1878640 169
1878650 169
1878660 169
1878670 168
1878680 168
1878690 168
1878700 168
1878710 168
1878720 168
1878730 168
1878740 168
1878750 168
1878760 168
1878770 168
1878780 168
1878790 168
1878800 168
1878810 168
1878820 168
1878830 168
1878840 168
1878850 168
1878860 168
1878870 168
1878880 168
1878890 168
1878900 168
1878910 168
1878920 168
1878930 168
1878940 168
1878950 168
1878960 168
1878970 168
1878980 168
1878990 168
1879000 168
1879010 168
1879020 168
1879030 167
1879040 167
1879050 167
1879060 167
1879070 167
1879080 167
1879090 167
1879100 167
1879110 167
1879120 167
1879130 167
1879140 167
1879150 167
1879160 168
1879170 168
1879180 168
1879190 168
1879200 168
1879210 168
1879220 168
1879230 168
1879240 168
1879250 168
1879260 168
1879270 168
1879280 168
1879290 169
1879300 169
1879310 169
1879320 169
1879330 169
1879340 169
1879350 169
1879360 170
1879370 170
1879380 170
1879390 170
1879400 170
1879410 171
1879420 171
1879430 171
1879440 171
1879450 172
1879460 172
1879470 172
1879480 172
1879490 172
1879500 172
1879510 172
1879520 172
1879530 173
1879540 173
1879550 173
1879560 173
1879570 173
1879580 173
1879590 174
1879600 174
1879610 174
1879620 174
1879630 174
1879640 174
1879650 174
1879660 174
1879670 174
1879680 175
1879690 175
1879700 175
1879710 175
1879720 175
1879730 175
1879740 175
1879750 176
1879760 176
1879770 176
1879780 176
1879790 176
1879800 176
1879810 176
1879820 176
1879830 176
1879840 176
1879850 176
1879860 176
1879870 176
1879880 176
1879890 176
1879900 176
1879910 176
1879920 176
1879930 176
1879940 176
1879950 176
1879960 176
1879970 176
1879980 176
1879990 176
