1860000 196
1860010 196
1860020 196
1860030 196
1860040 196
1860050 195
1860060 195
1860070 195
1860080 195
1860090 195
1860100 195
1860110 194
1860120 194
1860130 194
1860140 194
1860150 194
1860160 194
1860170 193
1860180 193
1860190 193
1860200 193
1860210 193
1860220 193
1860230 193
1860240 193
1860250 192
1860260 192
1860270 192
1860280 192
1860290 192
1860300 192
1860310 192
1860320 192
1860330 192
1860340 191
1860350 191
1860360 191
1860370 191
1860380 191
1860390 191
1860400 190
1860410 190
1860420 190
1860430 190
1860440 189
1860450 189
1860460 189
1860470 189
1860480 189
1860490 189
1860500 189
1860510 188
1860520 188
1860530 188
1860540 188
1860550 188
1860560 188
1860570 187
1860580 187
1860590 187
1860600 187
1860610 187
1860620 187
1860630 186
1860640 186
1860650 186
1860660 186
1860670 186
1860680 186
1860690 186
1860700 185
1860710 185
1860720 185
1860730 185
1860740 185
1860750 185
1860760 185
1860770 185
1860780 185
1860790 185
1860800 185
1860810 184
1860820 184
1860830 184
1860840 184
1860850 184
1860860 184
1860870 184
1860880 184
1860890 184
1860900 184
1860910 184
1860920 184
1860930 184
1860940 183
1860950 183
1860960 184
1860970 184
1860980 184
1860990 184
1861000 184
1861010 184
1861020 184
1861030 184
1861040 185
1861050 185
1861060 185
1861070 185
1861080 185
1861090 185
1861100 185
1861110 185
1861120 185
1861130 185
1861140 185
1861150 185
1861160 185
1861170 185
1861180 185
1861190 185
1861200 185
1861210 185
1861220 185
1861230 185
1861240 185
1861250 184
1861260 184
1861270 184
1861280 184
1861290 184
1861300 184
1861310 184
1861320 183
1861330 183
1861340 183
1861350 183
1861360 183
1861370 183
1861380 183
1861390 183
1861400 182
1861410 182
1861420 182
1861430 182
1861440 181
1861450 181
1861460 181
1861470 180
1861480 180
1861490 180
1861500 180
1861510 180
1861520 180
1861530 180
1861540 180
1861550 179
1861560 179
1861570 179
1861580 179
1861590 179
1861600 179
1861610 179
1861620 178
1861630 178
1861640 178
1861650 178
1861660 178
1861670 178
1861680 178
1861690 178
1861700 178
1861710 178
1861720 178
1861730 177
1861740 177
1861750 177
1861760 177
1861770 177
1861780 177
1861790 177
1861800 177
1861810 177
1861820 177
1861830 177
1861840 177
1861850 176
1861860 176
1861870 176
1861880 176
1861890 176
1861900 176
1861910 176
1861920 176
1861930 176
1861940 175
1861950 175
1861960 175
1861970 175
1861980 175
1861990 175
1862000 175
1862010 175
1862020 175
1862030 174
1862040 174
1862050 174
1862060 174
1862070 174
1862080 174
1862090 174
1862100 174
1862110 173
1862120 173
1862130 173
1862140 173
1862150 173
1862160 173
1862170 172
1862180 172
1862190 172
1862200 172
1862210 172
1862220 172
1862230 172
1862240 172
1862250 172
1862260 172
1862270 172
1862280 172
1862290 172
1862300 172
1862310 172
1862320 172
1862330 172
1862340 172
1862350 172
1862360 172
1862370 172
1862380 171
1862390 172
1862400 172
1862410 171
1862420 172
1862430 171
1862440 172
1862450 172
1862460 171
1862470 171
1862480 171
1862490 171
1862500 172
1862510 172
1862520 172
1862530 174
1862540 174
1862550 177
1862560 177
1862570 177
1862580 178
1862590 178
1862600 178
1862610 179
1862620 179
1862630 179
1862640 178
1862650 177
1862660 177
1862670 176
1862680 175
1862690 175
1862700 174
1862710 174
1862720 174
1862730 174
1862740 174
1862750 174
1862760 174
1862770 174
1862780 174
1862790 174
1862800 174
1862810 174
1862820 174
1862830 174
1862840 174
1862850 174
1862860 174
1862870 174
1862880 174
1862890 175
1862900 175
1862910 175
1862920 175
1862930 175
1862940 175
1862950 175
1862960 175
1862970 176
1862980 176
1862990 176
1863000 176
1863010 176
1863020 176
1863030 176
1863040 177
1863050 177
1863060 177
1863070 177
1863080 177
1863090 177
1863100 177
1863110 177
1863120 177
1863130 177
1863140 177
1863150 177
1863160 177
1863170 177
1863180 177
1863190 177
1863200 177
1863210 178
1863220 178
1863230 178
1863240 179
1863250 179
1863260 179
1863270 178
1863280 178
1863290 178
1863300 178
1863310 178
1863320 179
1863330 179
1863340 179
1863350 180
1863360 180
1863370 180
1863380 181
1863390 181
1863400 181
1863410 181
1863420 181
1863430 181
1863440 180
1863450 179
1863460 179
1863470 178
1863480 177
1863490 177
1863500 177
1863510 177
1863520 177
1863530 177
1863540 177
1863550 177
1863560 177
1863570 177
1863580 177
1863590 177
1863600 177
1863610 177
1863620 177
1863630 177
1863640 177
1863650 177
1863660 177
1863670 177
1863680 177
1863690 177
1863700 177
1863710 177
1863720 177
1863730 177
1863740 177
1863750 177
1863760 177
1863770 177
1863780 177
1863790 177
1863800 177
1863810 177
1863820 177
1863830 177
1863840 177
1863850 178
1863860 178
1863870 178
1863880 178
1863890 178
1863900 178
1863910 178
1863920 178
1863930 178
1863940 178
1863950 178
1863960 178
1863970 178
1863980 178
1863990 178
1864000 178
1864010 178
1864020 178
1864030 178
1864040 179
1864050 179
1864060 179
1864070 179
1864080 179
1864090 179
1864100 179
1864110 179
1864120 179
1864130 179
1864140 179
1864150 179
1864160 180
1864170 180
1864180 180
1864190 181
1864200 181
1864210 181
1864220 182
1864230 182
1864240 183
1864250 184
1864260 184
1864270 185
1864280 185
1864290 185
1864300 186
1864310 186
1864320 186
1864330 187
1864340 187
1864350 187
1864360 187
1864370 187
1864380 187
1864390 187
1864400 187
1864410 187
1864420 187
1864430 187
1864440 187
1864450 187
1864460 187
1864470 187
1864480 186
1864490 186
1864500 186
1864510 186
1864520 186
1864530 186
1864540 185
1864550 185
1864560 185
1864570 185
1864580 185
1864590 185
1864600 184
1864610 184
1864620 184
1864630 184
1864640 184
1864650 184
1864660 184
1864670 184
1864680 184
1864690 184
1864700 184
1864710 185
1864720 185
1864730 185
1864740 185
1864750 184
1864760 184
1864770 184
1864780 184
1864790 184
1864800 184
1864810 184
1864820 184
1864830 184
1864840 184
1864850 184
1864860 184
1864870 184
1864880 184
1864890 184
1864900 184
1864910 184
1864920 185
1864930 185
1864940 185
1864950 185
1864960 185
1864970 185
1864980 186
1864990 186
1865000 186
1865010 186
1865020 186
1865030 186
1865040 187
1865050 187
1865060 187
1865070 187
1865080 187
1865090 187
1865100 187
1865110 187
1865120 188
1865130 188
1865140 188
1865150 188
1865160 187
1865170 187
1865180 187
1865190 187
1865200 187
1865210 187
1865220 187
1865230 187
1865240 187
1865250 187
1865260 187
1865270 187
1865280 187
1865290 187
1865300 187
1865310 187
1865320 187
1865330 187
1865340 187
1865350 187
1865360 187
1865370 186
1865380 186
1865390 186
1865400 186
1865410 186
1865420 186
1865430 186
1865440 186
1865450 185
1865460 185
1865470 185
1865480 185
1865490 185
1865500 185
1865510 185
1865520 185
1865530 185
1865540 185
1865550 185
1865560 185
1865570 185
1865580 186
1865590 186
1865600 186
1865610 186
1865620 186
1865630 186
1865640 186
1865650 186
1865660 186
1865670 187
1865680 187
1865690 187
1865700 187
1865710 187
1865720 187
1865730 187
1865740 187
1865750 187
1865760 187
1865770 188
1865780 188
1865790 188
1865800 188
1865810 189
1865820 189
1865830 189
1865840 190
1865850 190
1865860 190
1865870 191
1865880 191
1865890 192
1865900 192
1865910 192
1865920 193
1865930 193
1865940 193
1865950 193
1865960 194
1865970 194
1865980 194
1865990 194
1866000 194
1866010 194
1866020 194
1866030 194
1866040 194
1866050 195
1866060 195
1866070 195
1866080 196
1866090 196
1866100 197
1866110 198
1866120 198
1866130 199
1866140 200
1866150 200
1866160 200
1866170 201
1866180 201
1866190 202
1866200 202
1866210 203
1866220 203
1866230 202
1866240 202
1866250 202
1866260 202
1866270 202
1866280 202
1866290 202
1866300 202
1866310 201
1866320 200
1866330 200
1866340 198
1866350 198
1866360 197
1866370 195
1866380 195
1866390 194
1866400 193
1866410 193
1866420 192
1866430 191
1866440 191
1866450 191
1866460 191
1866470 191
1866480 191
1866490 190
1866500 190
1866510 190
1866520 190
1866530 190
1866540 190
1866550 190
1866560 189
1866570 189
1866580 190
1866590 190
1866600 190
1866610 190
1866620 190
1866630 190
1866640 191
1866650 191
1866660 191
1866670 192
1866680 192
1866690 192
1866700 193
1866710 193
1866720 194
1866730 195
1866740 195
1866750 195
1866760 196
1866770 196
1866780 197
1866790 197
1866800 197
1866810 197
1866820 197
1866830 197
1866840 197
1866850 196
1866860 196
1866870 196
1866880 196
1866890 196
1866900 196
1866910 195
1866920 195
1866930 195
1866940 195
1866950 195
1866960 195
1866970 195
1866980 195
1866990 194
1867000 194
1867010 194
1867020 193
1867030 193
1867040 193
1867050 193
1867060 193
1867070 192
1867080 191
1867090 191
1867100 190
1867110 189
1867120 189
1867130 189
1867140 189
1867150 189
1867160 189
1867170 189
1867180 189
1867190 189
1867200 190
1867210 190
1867220 190
1867230 190
1867240 190
1867250 191
1867260 190
1867270 190
1867280 190
1867290 190
1867300 190
1867310 189
1867320 188
1867330 188
1867340 187
1867350 186
1867360 186
1867370 186
1867380 185
1867390 185
1867400 184
1867410 184
1867420 184
1867430 184
1867440 184
1867450 184
1867460 183
1867470 183
1867480 183
1867490 183
1867500 183
1867510 183
1867520 183
1867530 183
1867540 183
1867550 183
1867560 183
1867570 183
1867580 184
1867590 184
1867600 184
1867610 184
1867620 184
1867630 184
1867640 184
1867650 184
1867660 183
1867670 183
1867680 183
1867690 183
1867700 182
1867710 182
1867720 182
1867730 182
1867740 182
1867750 182
1867760 182
1867770 182
1867780 181
1867790 181
1867800 181
1867810 181
1867820 181
1867830 181
1867840 181
1867850 181
1867860 181
1867870 181
1867880 182
1867890 182
1867900 182
1867910 182
1867920 182
1867930 182
1867940 182
1867950 182
1867960 182
1867970 182
1867980 182
1867990 182
1868000 182
1868010 182
1868020 182
1868030 183
1868040 183
1868050 184
1868060 186
1868070 186
1868080 186
1868090 187
1868100 187
1868110 187
1868120 187
1868130 187
1868140 187
1868150 187
1868160 187
1868170 187
1868180 187
1868190 187
1868200 187
1868210 188
1868220 188
1868230 188
1868240 188
1868250 188
1868260 188
1868270 188
1868280 189
1868290 189
1868300 189
1868310 189
1868320 189
1868330 189
1868340 190
1868350 190
1868360 190
1868370 191
1868380 191
1868390 191
1868400 192
1868410 193
1868420 193
1868430 194
1868440 194
1868450 194
1868460 195
1868470 196
1868480 196
1868490 197
1868500 197
1868510 197
1868520 198
1868530 198
1868540 198
1868550 198
1868560 198
1868570 198
1868580 198
1868590 198
1868600 198
1868610 198
1868620 198
1868630 198
1868640 197
1868650 197
1868660 197
1868670 197
1868680 197
1868690 197
1868700 197
1868710 197
1868720 197
1868730 197
1868740 197
1868750 197
1868760 197
1868770 198
1868780 198
1868790 198
1868800 200
1868810 200
1868820 200
1868830 201
1868840 201
1868850 201
1868860 202
1868870 202
1868880 203
1868890 204
1868900 204
1868910 205
1868920 205
1868930 205
1868940 207
1868950 207
1868960 208
1868970 209
1868980 209
1868990 209
1869000 210
1869010 210
1869020 211
1869030 212
1869040 212
1869050 213
1869060 214
1869070 214
1869080 214
1869090 216
1869100 216
1869110 216
1869120 218
1869130 218
1869140 219
1869150 219
1869160 219
1869170 219
1869180 219
1869190 219
1869200 220
1869210 220
1869220 220
1869230 220
1869240 220
1869250 220
1869260 219
1869270 219
1869280 222
1869290 221
1869300 221
1869310 221
1869320 222
1869330 223
1869340 223
1869350 224
1869360 224
1869370 224
1869380 226
1869390 227
1869400 227
1869410 229
1869420 232
1869430 232
1869440 234
1869450 236
1869460 236
1869470 237
1869480 237
1869490 237
1869500 238
1869510 237
1869520 237
1869530 237
1869540 236
1869550 236
1869560 236
1869570 236
1869580 235
1869590 235
1869600 235
1869610 235
1869620 234
1869630 234
1869640 233
1869650 233
1869660 233
1869670 232
1869680 231
1869690 231
1869700 231
1869710 230
1869720 230
1869730 229
1869740 228
1869750 228
1869760 228
1869770 227
1869780 227
1869790 226
1869800 225
1869810 225
1869820 223
1869830 223
1869840 223
1869850 222
1869860 221
1869870 221
1869880 221
1869890 220
1869900 220
1869910 219
1869920 218
1869930 218
1869940 217
1869950 215
1869960 215
1869970 214
1869980 212
1869990 212
1870000 211
1870010 210
1870020 210
1870030 210
1870040 211
1870050 211
1870060 211
1870070 210
1870080 210
1870090 209
1870100 209
1870110 209
1870120 209
1870130 208
1870140 208
1870150 208
1870160 207
1870170 207
1870180 207
1870190 207
1870200 207
1870210 207
1870220 207
1870230 208
1870240 208
1870250 208
1870260 209
1870270 209
1870280 209
1870290 209
1870300 210
1870310 210
1870320 210
1870330 209
1870340 209
1870350 209
1870360 208
1870370 208
1870380 208
1870390 207
1870400 207
1870410 208
1870420 208
1870430 208
1870440 207
1870450 207
1870460 207
1870470 207
1870480 207
1870490 207
1870500 207
1870510 206
1870520 206
1870530 205
1870540 204
1870550 204
1870560 203
1870570 202
1870580 202
1870590 201
1870600 200
1870610 200
1870620 199
1870630 197
1870640 197
1870650 198
1870660 198
1870670 198
1870680 198
1870690 199
1870700 199
1870710 200
1870720 201
1870730 201
1870740 202
1870750 202
1870760 202
1870770 202
1870780 202
1870790 202
1870800 202
1870810 202
1870820 202
1870830 202
1870840 202
1870850 202
1870860 203
1870870 203
1870880 203
1870890 203
1870900 203
1870910 202
1870920 202
1870930 202
1870940 201
1870950 200
1870960 200
1870970 199
1870980 196
1870990 196
1871000 195
1871010 195
1871020 195
1871030 196
1871040 197
1871050 197
1871060 197
1871070 198
1871080 198
1871090 198
1871100 199
1871110 199
1871120 201
1871130 202
1871140 202
1871150 201
1871160 201
1871170 201
1871180 201
1871190 201
1871200 201
1871210 201
1871220 201
1871230 201
1871240 200
1871250 200
1871260 200
1871270 200
1871280 200
1871290 200
1871300 200
1871310 199
1871320 198
1871330 198
1871340 198
1871350 198
1871360 197
1871370 197
1871380 197
1871390 197
1871400 197
1871410 197
1871420 197
1871430 196
1871440 196
1871450 196
1871460 195
1871470 195
1871480 195
1871490 195
1871500 195
1871510 195
1871520 195
1871530 194
1871540 194
1871550 194
1871560 193
1871570 192
1871580 192
1871590 191
1871600 190
1871610 190
1871620 189
1871630 189
1871640 189
1871650 189
1871660 189
1871670 189
1871680 189
1871690 190
1871700 190
1871710 190
1871720 191
1871730 191
1871740 192
1871750 192
1871760 192
1871770 192
1871780 191
1871790 191
1871800 191
1871810 191
1871820 191
1871830 191
1871840 191
1871850 191
1871860 191
1871870 190
1871880 190
1871890 191
1871900 191
1871910 191
1871920 191
1871930 192
1871940 192
1871950 192
1871960 192
1871970 192
1871980 192
1871990 192
1872000 192
1872010 192
1872020 192
1872030 192
1872040 192
1872050 192
1872060 192
1872070 192
1872080 192
1872090 192
1872100 192
1872110 192
1872120 192
1872130 192
1872140 192
1872150 191
1872160 191
1872170 191
1872180 192
1872190 193
1872200 193
1872210 193
1872220 194
1872230 194
1872240 195
1872250 195
1872260 195
1872270 196
1872280 196
1872290 196
1872300 196
1872310 195
1872320 195
1872330 195
1872340 194
1872350 194
1872360 191
1872370 190
1872380 190
1872390 188
1872400 188
1872410 188
1872420 188
1872430 189
1872440 189
1872450 191
1872460 192
1872470 192
1872480 193
1872490 194
1872500 194
1872510 195
1872520 196
1872530 196
1872540 196
1872550 196
1872560 196
1872570 196
1872580 196
1872590 196
1872600 196
1872610 196
1872620 196
1872630 196
1872640 196
1872650 196
1872660 196
1872670 195
1872680 195
1872690 195
1872700 195
1872710 195
1872720 195
1872730 194
1872740 194
1872750 194
1872760 194
1872770 194
1872780 193
1872790 193
1872800 193
1872810 193
1872820 193
1872830 193
1872840 193
1872850 193
1872860 192
1872870 192
1872880 192
1872890 192
1872900 192
1872910 192
1872920 191
1872930 191
1872940 191
1872950 191
1872960 190
1872970 190
1872980 190
1872990 190
1873000 189
1873010 190
1873020 189
1873030 189
1873040 188
1873050 188
1873060 188
1873070 188
1873080 188
1873090 188
1873100 188
1873110 188
1873120 188
1873130 188
1873140 188
1873150 188
1873160 188
1873170 187
1873180 187
1873190 187
1873200 187
1873210 187
1873220 187
1873230 187
1873240 187
1873250 186
1873260 186
1873270 186
1873280 186
1873290 186
1873300 186
1873310 186
1873320 186
1873330 186
1873340 186
1873350 186
1873360 186
1873370 186
1873380 186
1873390 186
1873400 186
1873410 186
1873420 186
1873430 185
1873440 185
1873450 185
1873460 185
1873470 185
1873480 185
1873490 184
1873500 184
1873510 184
1873520 183
1873530 183
1873540 183
1873550 182
1873560 182
1873570 182
1873580 181
1873590 181
1873600 181
1873610 180
1873620 180
1873630 180
1873640 179
1873650 179
1873660 178
1873670 178
1873680 178
1873690 177
1873700 177
1873710 177
1873720 177
1873730 178
1873740 178
1873750 178
1873760 177
1873770 177
1873780 177
1873790 177
1873800 177
1873810 178
1873820 179
1873830 179
1873840 180
1873850 182
1873860 182
1873870 183
1873880 183
1873890 183
1873900 184
1873910 185
1873920 185
1873930 186
1873940 187
1873950 187
1873960 188
1873970 189
1873980 189
1873990 189
1874000 189
1874010 190
1874020 192
1874030 191
1874040 191
1874050 191
1874060 191
1874070 191
1874080 190
1874090 190
1874100 191
1874110 192
1874120 192
1874130 194
1874140 197
1874150 197
1874160 199
1874170 199
1874180 199
1874190 199
1874200 199
1874210 199
1874220 199
1874230 199
1874240 199
1874250 198
1874260 198
1874270 198
1874280 198
1874290 197
1874300 197
1874310 197
1874320 197
1874330 197
1874340 196
1874350 196
1874360 196
1874370 196
1874380 196
1874390 196
1874400 195
1874410 195
1874420 195
1874430 195
1874440 195
1874450 195
1874460 194
1874470 194
1874480 194
1874490 194
1874500 194
1874510 194
1874520 193
1874530 193
1874540 193
1874550 193
1874560 193
1874570 193
1874580 193
1874590 192
1874600 192
1874610 192
1874620 192
1874630 192
1874640 192
1874650 192
1874660 192
1874670 191
1874680 191
1874690 191
1874700 191
1874710 191
1874720 191
1874730 191
1874740 191
1874750 191
1874760 191
1874770 191
1874780 191
1874790 191
1874800 191
1874810 191
1874820 191
1874830 191
1874840 191
1874850 191
1874860 191
1874870 191
1874880 191
1874890 191
1874900 190
1874910 190
1874920 190
1874930 189
1874940 189
1874950 189
1874960 188
1874970 187
1874980 187
1874990 187
1875000 186
1875010 186
1875020 185
1875030 184
1875040 184
1875050 184
1875060 184
1875070 184
1875080 184
1875090 183
1875100 183
1875110 183
1875120 183
1875130 183
1875140 183
1875150 183
1875160 183
1875170 183
1875180 184
1875190 184
1875200 184
1875210 185
1875220 185
1875230 185
1875240 186
1875250 186
1875260 186
1875270 186
1875280 186
1875290 187
1875300 187
1875310 187
1875320 187
1875330 187
1875340 187
1875350 187
1875360 187
1875370 187
1875380 187
1875390 187
1875400 187
1875410 187
1875420 187
1875430 187
1875440 187
1875450 187
1875460 187
1875470 187
1875480 187
1875490 187
1875500 187
1875510 187
1875520 187
1875530 187
1875540 187
1875550 186
1875560 186
1875570 186
1875580 186
1875590 186
1875600 186
1875610 186
1875620 186
1875630 186
1875640 186
1875650 186
1875660 186
1875670 186
1875680 186
1875690 186
1875700 186
1875710 186
1875720 186
1875730 186
1875740 185
1875750 185
1875760 185
1875770 185
1875780 185
1875790 185
1875800 185
1875810 185
1875820 185
1875830 185
1875840 185
1875850 185
1875860 185
1875870 185
1875880 185
1875890 185
1875900 185
1875910 185
1875920 184
1875930 184
1875940 184
1875950 184
1875960 184
1875970 184
1875980 183
1875990 183
1876000 183
1876010 183
1876020 182
1876030 182
1876040 182
1876050 182
1876060 182
1876070 182
1876080 182
1876090 182
1876100 182
1876110 182
1876120 183
1876130 183
1876140 183
1876150 183
1876160 183
1876170 183
1876180 183
1876190 183
1876200 183
1876210 183
1876220 183
1876230 184
1876240 184
1876250 184
1876260 185
1876270 185
1876280 185
1876290 185
1876300 185
1876310 185
1876320 185
1876330 186
1876340 186
1876350 186
1876360 186
1876370 186
1876380 186
1876390 186
1876400 186
1876410 186
1876420 186
1876430 186
1876440 186
1876450 186
1876460 186
1876470 186
1876480 186
1876490 186
1876500 186
1876510 186
1876520 186
1876530 186
1876540 186
1876550 186
1876560 185
1876570 185
1876580 185
1876590 185
1876600 185
1876610 185
1876620 185
1876630 184
1876640 184
1876650 184
1876660 184
1876670 184
1876680 184
1876690 185
1876700 185
1876710 185
1876720 185
1876730 185
1876740 185
1876750 185
1876760 185
1876770 185
1876780 185
1876790 185
1876800 185
1876810 185
1876820 185
1876830 185
1876840 185
1876850 185
1876860 185
1876870 185
1876880 185
1876890 185
1876900 185
1876910 185
1876920 185
1876930 185
1876940 185
1876950 185
1876960 185
1876970 185
1876980 185
1876990 185
1877000 184
1877010 184
1877020 185
1877030 185
1877040 184
1877050 184
1877060 184
1877070 184
1877080 184
1877090 184
1877100 184
1877110 184
1877120 184
1877130 184
1877140 184
1877150 184
1877160 184
1877170 184
1877180 184
1877190 184
1877200 184
1877210 183
1877220 183
1877230 183
1877240 183
1877250 183
1877260 183
1877270 183
1877280 183
1877290 183
1877300 183
1877310 183
1877320 183
1877330 183
1877340 183
1877350 183
1877360 182
1877370 182
1877380 182
1877390 182
1877400 182
1877410 182
1877420 182
1877430 182
1877440 182
1877450 182
1877460 182
1877470 182
1877480 182
1877490 182
1877500 181
1877510 181
1877520 181
1877530 181
1877540 181
1877550 181
1877560 181
1877570 181
1877580 181
1877590 181
1877600 181
1877610 181
1877620 180
1877630 180
1877640 180
1877650 180
1877660 180
1877670 180
1877680 180
1877690 180
1877700 180
1877710 180
1877720 180
1877730 180
1877740 180
1877750 179
1877760 179
1877770 179
1877780 179
1877790 179
1877800 179
1877810 179
1877820 179
1877830 179
1877840 179
1877850 179
1877860 179
1877870 178
1877880 178
1877890 178
1877900 178
1877910 178
1877920 178
1877930 178
1877940 178
1877950 178
1877960 178
1877970 178
1877980 177
1877990 177
1878000 177
1878010 177
1878020 177
1878030 177
1878040 177
1878050 177
1878060 177
1878070 177
1878080 177
1878090 176
1878100 176
1878110 176
1878120 176
1878130 176
1878140 176
1878150 176
1878160 176
1878170 176
1878180 176
1878190 176
1878200 176
1878210 176
1878220 176
1878230 176
1878240 175
1878250 175
1878260 175
1878270 175
1878280 175
1878290 175
1878300 175
1878310 175
1878320 175
1878330 174
1878340 174
1878350 175
1878360 174
1878370 174
1878380 174
1878390 174
1878400 174
1878410 174
1878420 173
1878430 173
1878440 173
1878450 173
1878460 173
1878470 173
1878480 173
1878490 173
1878500 173
1878510 173
1878520 173
1878530 173
1878540 172
1878550 172
1878560 172
1878570 172
1878580 172
1878590 172
1878600 172
1878610 172
1878620 172
1878630 172
1878640 172
1878650 172
1878660 171
1878670 171
1878680 172
1878690 172
1878700 172
1878710 171
1878720 171
1878730 171
1878740 171
1878750 171
1878760 171
1878770 171
1878780 171
1878790 171
1878800 171
1878810 171
1878820 171
1878830 171
1878840 171
1878850 171
1878860 171
1878870 171
1878880 171
1878890 171
1878900 171
1878910 171
1878920 171
1878930 171
1878940 171
1878950 171
1878960 171
1878970 171
1878980 171
1878990 171
1879000 171
1879010 171
1879020 171
1879030 171
1879040 171
1879050 171
1879060 171
1879070 171
1879080 171
1879090 171
1879100 171
1879110 172
1879120 172
1879130 172
1879140 172
1879150 172
1879160 172
1879170 172
1879180 172
1879190 172
1879200 172
1879210 172
1879220 173
1879230 173
1879240 173
1879250 173
1879260 173
1879270 173
1879280 174
1879290 174
1879300 174
1879310 174
1879320 174
1879330 174
1879340 173
1879350 173
1879360 173
1879370 173
1879380 173
1879390 173
1879400 173
1879410 173
1879420 174
1879430 174
1879440 174
1879450 174
1879460 174
1879470 174
1879480 174
1879490 174
1879500 174
1879510 174
1879520 174
1879530 174
1879540 174
1879550 174
1879560 174
1879570 174
1879580 174
1879590 174
1879600 174
1879610 174
1879620 174
1879630 174
1879640 173
1879650 173
1879660 173
1879670 174
1879680 174
1879690 174
1879700 174
1879710 174
1879720 174
1879730 174
1879740 174
1879750 174
1879760 174
1879770 174
1879780 174
1879790 175
1879800 175
1879810 175
1879820 175
1879830 175
1879840 176
1879850 176
1879860 176
1879870 176
1879880 176
1879890 176
1879900 176
1879910 176
1879920 176
1879930 176
1879940 176
1879950 176
1879960 176
1879970 176
1879980 176
1879990 176
1860000 196
1860010 196
1860020 196
1860030 196
1860040 196
1860050 195
1860060 195
1860070 195
1860080 195
1860090 195
1860100 195
1860110 194
1860120 194
1860130 194
1860140 194
1860150 194
1860160 194
1860170 193
1860180 193
1860190 193
1860200 193
1860210 193
1860220 193
1860230 193
1860240 193
1860250 192
1860260 192
1860270 192
1860280 192
1860290 192
1860300 192
1860310 192
1860320 192
1860330 192
1860340 191
1860350 191
1860360 191
1860370 191
1860380 191
1860390 191
1860400 190
1860410 190
1860420 190
1860430 190
1860440 189
1860450 189
1860460 189
1860470 189
1860480 189
1860490 189
1860500 189
1860510 188
1860520 188
1860530 188
1860540 188
1860550 188
1860560 188
1860570 187
1860580 187
1860590 187
1860600 187
1860610 187
1860620 187
1860630 186
1860640 186
1860650 186
1860660 186
1860670 186
1860680 186
1860690 186
1860700 185
1860710 185
1860720 185
1860730 185
1860740 185
1860750 185
1860760 185
1860770 185
1860780 185
1860790 185
1860800 185
1860810 184
1860820 184
1860830 184
1860840 184
1860850 184
1860860 184
1860870 184
1860880 184
1860890 184
1860900 184
1860910 184
1860920 184
1860930 184
1860940 183
1860950 183
1860960 184
1860970 184
1860980 184
1860990 184
1861000 184
1861010 184
1861020 184
1861030 184
1861040 185
1861050 185
1861060 185
1861070 185
1861080 185
1861090 185
1861100 185
1861110 185
1861120 185
1861130 185
1861140 185
1861150 185
1861160 185
1861170 185
1861180 185
1861190 185
1861200 185
1861210 185
1861220 185
1861230 185
1861240 185
1861250 184
1861260 184
1861270 184
1861280 184
1861290 184
1861300 184
1861310 184
1861320 183
1861330 183
1861340 183
1861350 183
1861360 183
1861370 183
1861380 183
1861390 183
1861400 182
1861410 182
1861420 182
1861430 182
1861440 181
1861450 181
1861460 181
1861470 180
1861480 180
1861490 180
1861500 180
1861510 180
1861520 180
1861530 180
1861540 180
1861550 179
1861560 179
1861570 179
1861580 179
1861590 179
1861600 179
1861610 179
1861620 178
1861630 178
1861640 178
1861650 178
1861660 178
1861670 178
1861680 178
1861690 178
1861700 178
1861710 178
1861720 178
1861730 177
1861740 177
1861750 177
1861760 177
1861770 177
1861780 177
1861790 177
1861800 177
1861810 177
1861820 177
1861830 177
1861840 177
1861850 176
1861860 176
1861870 176
1861880 176
1861890 176
1861900 176
1861910 176
1861920 176
1861930 176
1861940 175
1861950 175
1861960 175
1861970 175
1861980 175
1861990 175
1862000 175
1862010 175
1862020 175
1862030 174
1862040 174
1862050 174
1862060 174
1862070 174
1862080 174
1862090 174
1862100 174
1862110 173
1862120 173
1862130 173
1862140 173
1862150 173
1862160 173
1862170 172
1862180 172
1862190 172
1862200 172
1862210 172
1862220 172
1862230 172
1862240 172
1862250 172
1862260 172
1862270 172
1862280 172
1862290 172
1862300 172
1862310 172
1862320 172
1862330 172
1862340 172
1862350 172
1862360 172
1862370 172
1862380 171
1862390 172
1862400 172
1862410 171
1862420 172
1862430 171
1862440 172
1862450 172
1862460 171
1862470 171
1862480 171
1862490 171
1862500 172
1862510 172
1862520 172
1862530 174
1862540 174
1862550 177
1862560 177
1862570 177
1862580 178
1862590 178
1862600 178
1862610 179
1862620 179
1862630 179
1862640 178
1862650 177
1862660 177
1862670 176
1862680 175
1862690 175
1862700 174
1862710 174
1862720 174
1862730 174
1862740 174
1862750 174
1862760 174
1862770 174
1862780 174
1862790 174
1862800 174
1862810 174
1862820 174
1862830 174
1862840 174
1862850 174
1862860 174
1862870 174
1862880 174
1862890 175
1862900 175
1862910 175
1862920 175
1862930 175
1862940 175
1862950 175
1862960 175
1862970 176
1862980 176
1862990 176
1863000 176
1863010 176
1863020 176
1863030 176
1863040 177
1863050 177
1863060 177
1863070 177
1863080 177
1863090 177
1863100 177
1863110 177
1863120 177
1863130 177
1863140 177
1863150 177
1863160 177
1863170 177
1863180 177
1863190 177
1863200 177
1863210 178
1863220 178
1863230 178
1863240 179
1863250 179
1863260 179
1863270 178
1863280 178
1863290 178
1863300 178
1863310 178
1863320 179
1863330 179
1863340 179
1863350 180
1863360 180
1863370 180
1863380 181
1863390 181
1863400 181
1863410 181
1863420 181
1863430 181
1863440 180
1863450 179
1863460 179
1863470 178
1863480 177
1863490 177
1863500 177
1863510 177
1863520 177
1863530 177
1863540 177
1863550 177
1863560 177
1863570 177
1863580 177
1863590 177
1863600 177
1863610 177
1863620 177
1863630 177
1863640 177
1863650 177
1863660 177
1863670 177
1863680 177
1863690 177
1863700 177
1863710 177
1863720 177
1863730 177
1863740 177
1863750 177
1863760 177
1863770 177
1863780 177
1863790 177
1863800 177
1863810 177
1863820 177
1863830 177
1863840 177
1863850 178
1863860 178
1863870 178
1863880 178
1863890 178
1863900 178
1863910 178
1863920 178
1863930 178
1863940 178
1863950 178
1863960 178
1863970 178
1863980 178
1863990 178
1864000 178
1864010 178
1864020 178
1864030 178
1864040 179
1864050 179
1864060 179
1864070 179
1864080 179
1864090 179
1864100 179
1864110 179
1864120 179
1864130 179
1864140 179
1864150 179
1864160 180
1864170 180
1864180 180
1864190 181
1864200 181
1864210 181
1864220 182
1864230 182
1864240 183
1864250 184
1864260 184
1864270 185
1864280 185
1864290 185
1864300 186
1864310 186
1864320 186
1864330 187
1864340 187
1864350 187
1864360 187
1864370 187
1864380 187
1864390 187
1864400 187
1864410 187
1864420 187
1864430 187
1864440 187
1864450 187
1864460 187
1864470 187
1864480 186
1864490 186
1864500 186
1864510 186
1864520 186
1864530 186
1864540 185
1864550 185
1864560 185
1864570 185
1864580 185
1864590 185
1864600 184
1864610 184
1864620 184
1864630 184
1864640 184
1864650 184
1864660 184
1864670 184
1864680 184
1864690 184
1864700 184
1864710 185
1864720 185
1864730 185
1864740 185
1864750 184
1864760 184
1864770 184
1864780 184
1864790 184
1864800 184
1864810 184
1864820 184
1864830 184
1864840 184
1864850 184
1864860 184
1864870 184
1864880 184
1864890 184
1864900 184
1864910 184
1864920 185
1864930 185
1864940 185
1864950 185
1864960 185
1864970 185
1864980 186
1864990 186
1865000 186
1865010 186
1865020 186
1865030 186
1865040 187
1865050 187
1865060 187
1865070 187
1865080 187
1865090 187
1865100 187
1865110 187
1865120 188
1865130 188
1865140 188
1865150 188
1865160 187
1865170 187
1865180 187
1865190 187
1865200 187
1865210 187
1865220 187
1865230 187
1865240 187
1865250 187
1865260 187
1865270 187
1865280 187
1865290 187
1865300 187
1865310 187
1865320 187
1865330 187
1865340 187
1865350 187
1865360 187
1865370 186
1865380 186
1865390 186
1865400 186
1865410 186
1865420 186
1865430 186
1865440 186
1865450 185
1865460 185
1865470 185
1865480 185
1865490 185
1865500 185
1865510 185
1865520 185
1865530 185
1865540 185
1865550 185
1865560 185
1865570 185
1865580 186
1865590 186
1865600 186
1865610 186
1865620 186
1865630 186
1865640 186
1865650 186
1865660 186
1865670 187
1865680 187
1865690 187
1865700 187
1865710 187
1865720 187
1865730 187
1865740 187
1865750 187
1865760 187
1865770 188
1865780 188
1865790 188
1865800 188
1865810 189
1865820 189
1865830 189
1865840 190
1865850 190
1865860 190
1865870 191
1865880 191
1865890 192
1865900 192
1865910 192
1865920 193
1865930 193
1865940 193
1865950 193
1865960 194
1865970 194
1865980 194
1865990 194
1866000 194
1866010 194
1866020 194
1866030 194
1866040 194
1866050 195
1866060 195
1866070 195
1866080 196
1866090 196
1866100 197
1866110 198
1866120 198
1866130 199
1866140 200
1866150 200
1866160 200
1866170 201
1866180 201
1866190 202
1866200 202
1866210 203
1866220 203
1866230 202
1866240 202
1866250 202
1866260 202
1866270 202
1866280 202
1866290 202
1866300 202
1866310 201
1866320 200
1866330 200
1866340 198
1866350 198
1866360 197
1866370 195
1866380 195
1866390 194
1866400 193
1866410 193
1866420 192
1866430 191
1866440 191
1866450 191
1866460 191
1866470 191
1866480 191
1866490 190
1866500 190
1866510 190
1866520 190
1866530 190
1866540 190
1866550 190
1866560 189
1866570 189
1866580 190
1866590 190
1866600 190
1866610 190
1866620 190
1866630 190
1866640 191
1866650 191
1866660 191
1866670 192
1866680 192
1866690 192
1866700 193
1866710 193
1866720 194
1866730 195
1866740 195
1866750 195
1866760 196
1866770 196
1866780 197
1866790 197
1866800 197
1866810 197
1866820 197
1866830 197
1866840 197
1866850 196
1866860 196
1866870 196
1866880 196
1866890 196
1866900 196
1866910 195
1866920 195
1866930 195
1866940 195
1866950 195
1866960 195
1866970 195
1866980 195
1866990 194
1867000 194
1867010 194
1867020 193
1867030 193
1867040 193
1867050 193
1867060 193
1867070 192
1867080 191
1867090 191
1867100 190
1867110 189
1867120 189
1867130 189
1867140 189
1867150 189
1867160 189
1867170 189
1867180 189
1867190 189
1867200 190
1867210 190
1867220 190
1867230 190
1867240 190
1867250 191
1867260 190
1867270 190
1867280 190
1867290 190
1867300 190
1867310 189
1867320 188
1867330 188
1867340 187
1867350 186
1867360 186
1867370 186
1867380 185
1867390 185
1867400 184
1867410 184
1867420 184
1867430 184
1867440 184
1867450 184
1867460 183
1867470 183
1867480 183
1867490 183
1867500 183
1867510 183
1867520 183
1867530 183
1867540 183
1867550 183
1867560 183
1867570 183
1867580 184
1867590 184
1867600 184
1867610 184
1867620 184
1867630 184
1867640 184
1867650 184
1867660 183
1867670 183
1867680 183
1867690 183
1867700 182
1867710 182
1867720 182
1867730 182
1867740 182
1867750 182
1867760 182
1867770 182
1867780 181
1867790 181
1867800 181
1867810 181
1867820 181
1867830 181
1867840 181
1867850 181
1867860 181
1867870 181
1867880 182
1867890 182
1867900 182
1867910 182
1867920 182
1867930 182
1867940 182
1867950 182
1867960 182
1867970 182
1867980 182
1867990 182
1868000 182
1868010 182
1868020 182
1868030 183
1868040 183
1868050 184
1868060 186
1868070 186
1868080 186
1868090 187
1868100 187
1868110 187
1868120 187
1868130 187
1868140 187
1868150 187
1868160 187
1868170 187
1868180 187
1868190 187
1868200 187
1868210 188
1868220 188
1868230 188
1868240 188
1868250 188
1868260 188
1868270 188
1868280 189
1868290 189
1868300 189
1868310 189
1868320 189
1868330 189
1868340 190
1868350 190
1868360 190
1868370 191
1868380 191
1868390 191
1868400 192
1868410 193
1868420 193
1868430 194
1868440 194
1868450 194
1868460 195
1868470 196
1868480 196
1868490 197
1868500 197
1868510 197
1868520 198
1868530 198
1868540 198
1868550 198
1868560 198
1868570 198
1868580 198
1868590 198
1868600 198
1868610 198
1868620 198
1868630 198
1868640 197
1868650 197
1868660 197
1868670 197
1868680 197
1868690 197
1868700 197
1868710 197
1868720 197
1868730 197
1868740 197
1868750 197
1868760 197
1868770 198
1868780 198
1868790 198
1868800 200
1868810 200
1868820 200
1868830 201
1868840 201
1868850 201
1868860 202
1868870 202
1868880 203
1868890 204
1868900 204
1868910 205
1868920 205
1868930 205
1868940 207
1868950 207
1868960 208
1868970 209
1868980 209
1868990 209
1869000 210
1869010 210
1869020 211
1869030 212
1869040 212
1869050 213
1869060 214
1869070 214
1869080 214
1869090 216
1869100 216
1869110 216
1869120 218
1869130 218
1869140 219
1869150 219
1869160 219
1869170 219
1869180 219
1869190 219
1869200 220
1869210 220
1869220 220
1869230 220
1869240 220
1869250 220
1869260 219
1869270 219
1869280 222
1869290 221
1869300 221
1869310 221
1869320 222
1869330 223
1869340 223
1869350 224
1869360 224
1869370 224
1869380 226
1869390 227
1869400 227
1869410 229
1869420 232
1869430 232
1869440 234
1869450 236
1869460 236
1869470 237
1869480 237
1869490 237
1869500 238
1869510 237
1869520 237
1869530 237
1869540 236
1869550 236
1869560 236
1869570 236
1869580 235
1869590 235
1869600 235
1869610 235
1869620 234
1869630 234
1869640 233
1869650 233
1869660 233
1869670 232
1869680 231
1869690 231
1869700 231
1869710 230
1869720 230
1869730 229
1869740 228
1869750 228
1869760 228
1869770 227
1869780 227
1869790 226
1869800 225
1869810 225
1869820 223
1869830 223
1869840 223
1869850 222
1869860 221
1869870 221
1869880 221
1869890 220
1869900 220
1869910 219
1869920 218
1869930 218
1869940 217
1869950 215
1869960 215
1869970 214
1869980 212
1869990 212
1870000 211
1870010 210
1870020 210
1870030 210
1870040 211
1870050 211
1870060 211
1870070 210
1870080 210
1870090 209
1870100 209
1870110 209
1870120 209
1870130 208
1870140 208
1870150 208
1870160 207
1870170 207
1870180 207
1870190 207
1870200 207
1870210 207
1870220 207
1870230 208
1870240 208
1870250 208
1870260 209
1870270 209
1870280 209
1870290 209
1870300 210
1870310 210
1870320 210
1870330 209
1870340 209
1870350 209
1870360 208
1870370 208
1870380 208
1870390 207
1870400 207
1870410 208
1870420 208
1870430 208
1870440 207
1870450 207
1870460 207
1870470 207
1870480 207
1870490 207
1870500 207
1870510 206
1870520 206
1870530 205
1870540 204
1870550 204
1870560 203
1870570 202
1870580 202
1870590 201
1870600 200
1870610 200
1870620 199
1870630 197
1870640 197
1870650 198
1870660 198
1870670 198
1870680 198
1870690 199
1870700 199
1870710 200
1870720 201
1870730 201
1870740 202
1870750 202
1870760 202
1870770 202
1870780 202
1870790 202
1870800 202
1870810 202
1870820 202
1870830 202
1870840 202
1870850 202
1870860 203
1870870 203
1870880 203
1870890 203
1870900 203
1870910 202
1870920 202
1870930 202
1870940 201
1870950 200
1870960 200
1870970 199
1870980 196
1870990 196
1871000 195
1871010 195
1871020 195
1871030 196
1871040 197
1871050 197
1871060 197
1871070 198
1871080 198
1871090 198
1871100 199
1871110 199
1871120 201
1871130 202
1871140 202
1871150 201
1871160 201
1871170 201
1871180 201
1871190 201
1871200 201
1871210 201
1871220 201
1871230 201
1871240 200
1871250 200
1871260 200
1871270 200
1871280 200
1871290 200
1871300 200
1871310 199
1871320 198
1871330 198
1871340 198
1871350 198
1871360 197
1871370 197
1871380 197
1871390 197
1871400 197
1871410 197
1871420 197
1871430 196
1871440 196
1871450 196
1871460 195
1871470 195
1871480 195
1871490 195
1871500 195
1871510 195
1871520 195
1871530 194
1871540 194
1871550 194
1871560 193
1871570 192
1871580 192
1871590 191
1871600 190
1871610 190
1871620 189
1871630 189
1871640 189
1871650 189
1871660 189
1871670 189
1871680 189
1871690 190
1871700 190
1871710 190
1871720 191
1871730 191
1871740 192
1871750 192
1871760 192
1871770 192
1871780 191
1871790 191
1871800 191
1871810 191
1871820 191
1871830 191
1871840 191
1871850 191
1871860 191
1871870 190
1871880 190
1871890 191
1871900 191
1871910 191
1871920 191
1871930 192
1871940 192
1871950 192
1871960 192
1871970 192
1871980 192
1871990 192
1872000 192
1872010 192
1872020 192
1872030 192
1872040 192
1872050 192
1872060 192
1872070 192
1872080 192
1872090 192
1872100 192
1872110 192
1872120 192
1872130 192
1872140 192
1872150 191
1872160 191
1872170 191
1872180 192
1872190 193
1872200 193
1872210 193
1872220 194
1872230 194
1872240 195
1872250 195
1872260 195
1872270 196
1872280 196
1872290 196
1872300 196
1872310 195
1872320 195
1872330 195
1872340 194
1872350 194
1872360 191
1872370 190
1872380 190
1872390 188
1872400 188
1872410 188
1872420 188
1872430 189
1872440 189
1872450 191
1872460 192
1872470 192
1872480 193
1872490 194
1872500 194
1872510 195
1872520 196
1872530 196
1872540 196
1872550 196
1872560 196
1872570 196
1872580 196
1872590 196
1872600 196
1872610 196
1872620 196
1872630 196
1872640 196
1872650 196
1872660 196
1872670 195
1872680 195
1872690 195
1872700 195
1872710 195
1872720 195
1872730 194
1872740 194
1872750 194
1872760 194
1872770 194
1872780 193
1872790 193
1872800 193
1872810 193
1872820 193
1872830 193
1872840 193
1872850 193
1872860 192
1872870 192
1872880 192
1872890 192
1872900 192
1872910 192
1872920 191
1872930 191
1872940 191
1872950 191
1872960 190
1872970 190
1872980 190
1872990 190
1873000 189
1873010 190
1873020 189
1873030 189
1873040 188
1873050 188
1873060 188
1873070 188
1873080 188
1873090 188
1873100 188
1873110 188
1873120 188
1873130 188
1873140 188
1873150 188
1873160 188
1873170 187
1873180 187
1873190 187
1873200 187
1873210 187
1873220 187
1873230 187
1873240 187
1873250 186
1873260 186
1873270 186
1873280 186
1873290 186
1873300 186
1873310 186
1873320 186
1873330 186
1873340 186
1873350 186
1873360 186
1873370 186
1873380 186
1873390 186
1873400 186
1873410 186
1873420 186
1873430 185
1873440 185
1873450 185
1873460 185
1873470 185
1873480 185
1873490 184
1873500 184
1873510 184
1873520 183
1873530 183
1873540 183
1873550 182
1873560 182
1873570 182
1873580 181
1873590 181
1873600 181
1873610 180
1873620 180
1873630 180
1873640 179
1873650 179
1873660 178
1873670 178
1873680 178
1873690 177
1873700 177
1873710 177
1873720 177
1873730 178
1873740 178
1873750 178
1873760 177
1873770 177
1873780 177
1873790 177
1873800 177
1873810 178
1873820 179
1873830 179
1873840 180
1873850 182
1873860 182
1873870 183
1873880 183
1873890 183
1873900 184
1873910 185
1873920 185
1873930 186
1873940 187
1873950 187
1873960 188
1873970 189
1873980 189
1873990 189
1874000 189
1874010 190
1874020 192
1874030 191
1874040 191
1874050 191
1874060 191
1874070 191
1874080 190
1874090 190
1874100 191
1874110 192
1874120 192
1874130 194
1874140 197
1874150 197
1874160 199
1874170 199
1874180 199
1874190 199
1874200 199
1874210 199
1874220 199
1874230 199
1874240 199
1874250 198
1874260 198
1874270 198
1874280 198
1874290 197
1874300 197
1874310 197
1874320 197
1874330 197
1874340 196
1874350 196
1874360 196
1874370 196
1874380 196
1874390 196
1874400 195
1874410 195
1874420 195
1874430 195
1874440 195
1874450 195
1874460 194
1874470 194
1874480 194
1874490 194
1874500 194
1874510 194
1874520 193
1874530 193
1874540 193
1874550 193
1874560 193
1874570 193
1874580 193
1874590 192
1874600 192
1874610 192
1874620 192
1874630 192
1874640 192
1874650 192
1874660 192
1874670 191
1874680 191
1874690 191
1874700 191
1874710 191
1874720 191
1874730 191
1874740 191
1874750 191
1874760 191
1874770 191
1874780 191
1874790 191
1874800 191
1874810 191
1874820 191
1874830 191
1874840 191
1874850 191
1874860 191
1874870 191
1874880 191
1874890 191
1874900 190
1874910 190
1874920 190
1874930 189
1874940 189
1874950 189
1874960 188
1874970 187
1874980 187
1874990 187
1875000 186
1875010 186
1875020 185
1875030 184
1875040 184
1875050 184
1875060 184
1875070 184
1875080 184
1875090 183
1875100 183
1875110 183
1875120 183
1875130 183
1875140 183
1875150 183
1875160 183
1875170 183
1875180 184
1875190 184
1875200 184
1875210 185
1875220 185
1875230 185
1875240 186
1875250 186
1875260 186
1875270 186
1875280 186
1875290 187
1875300 187
1875310 187
1875320 187
1875330 187
1875340 187
1875350 187
1875360 187
1875370 187
1875380 187
1875390 187
1875400 187
1875410 187
1875420 187
1875430 187
1875440 187
1875450 187
1875460 187
1875470 187
1875480 187
1875490 187
1875500 187
1875510 187
1875520 187
1875530 187
1875540 187
1875550 186
1875560 186
1875570 186
1875580 186
1875590 186
1875600 186
1875610 186
1875620 186
1875630 186
1875640 186
1875650 186
1875660 186
1875670 186
1875680 186
1875690 186
1875700 186
1875710 186
1875720 186
1875730 186
1875740 185
1875750 185
1875760 185
1875770 185
1875780 185
1875790 185
1875800 185
1875810 185
1875820 185
1875830 185
1875840 185
1875850 185
1875860 185
1875870 185
1875880 185
1875890 185
1875900 185
1875910 185
1875920 184
1875930 184
1875940 184
1875950 184
1875960 184
1875970 184
1875980 183
1875990 183
1876000 183
1876010 183
1876020 182
1876030 182
1876040 182
1876050 182
1876060 182
1876070 182
1876080 182
1876090 182
1876100 182
1876110 182
1876120 183
1876130 183
1876140 183
1876150 183
1876160 183
1876170 183
1876180 183
1876190 183
1876200 183
1876210 183
1876220 183
1876230 184
1876240 184
1876250 184
1876260 185
1876270 185
1876280 185
1876290 185
1876300 185
1876310 185
1876320 185
1876330 186
1876340 186
1876350 186
1876360 186
1876370 186
1876380 186
1876390 186
1876400 186
1876410 186
1876420 186
1876430 186
1876440 186
1876450 186
1876460 186
1876470 186
1876480 186
1876490 186
1876500 186
1876510 186
1876520 186
1876530 186
1876540 186
1876550 186
1876560 185
1876570 185
1876580 185
1876590 185
1876600 185
1876610 185
1876620 185
1876630 184
1876640 184
1876650 184
1876660 184
1876670 184
1876680 184
1876690 185
1876700 185
1876710 185
1876720 185
1876730 185
1876740 185
1876750 185
1876760 185
1876770 185
1876780 185
1876790 185
1876800 185
1876810 185
1876820 185
1876830 185
1876840 185
1876850 185
1876860 185
1876870 185
1876880 185
1876890 185
1876900 185
1876910 185
1876920 185
1876930 185
1876940 185
1876950 185
1876960 185
1876970 185
1876980 185
1876990 185
1877000 184
1877010 184
1877020 185
1877030 185
1877040 184
1877050 184
1877060 184
1877070 184
1877080 184
1877090 184
1877100 184
1877110 184
1877120 184
1877130 184
1877140 184
1877150 184
1877160 184
1877170 184
1877180 184
1877190 184
1877200 184
1877210 183
1877220 183
1877230 183
1877240 183
1877250 183
1877260 183
1877270 183
1877280 183
1877290 183
1877300 183
1877310 183
1877320 183
1877330 183
1877340 183
1877350 183
1877360 182
1877370 182
1877380 182
1877390 182
1877400 182
1877410 182
1877420 182
1877430 182
1877440 182
1877450 182
1877460 182
1877470 182
1877480 182
1877490 182
1877500 181
1877510 181
1877520 181
1877530 181
1877540 181
1877550 181
1877560 181
1877570 181
1877580 181
1877590 181
1877600 181
1877610 181
1877620 180
1877630 180
1877640 180
1877650 180
1877660 180
1877670 180
1877680 180
1877690 180
1877700 180
1877710 180
1877720 180
1877730 180
1877740 180
1877750 179
1877760 179
1877770 179
1877780 179
1877790 179
1877800 179
1877810 179
1877820 179
1877830 179
1877840 179
1877850 179
1877860 179
1877870 178
1877880 178
1877890 178
1877900 178
1877910 178
1877920 178
1877930 178
1877940 178
1877950 178
1877960 178
1877970 178
1877980 177
1877990 177
1878000 177
1878010 177
1878020 177
1878030 177
1878040 177
1878050 177
1878060 177
1878070 177
1878080 177
1878090 176
1878100 176
1878110 176
1878120 176
1878130 176
1878140 176
1878150 176
1878160 176
1878170 176
1878180 176
1878190 176
1878200 176
1878210 176
1878220 176
1878230 176
1878240 175
1878250 175
1878260 175
1878270 175
1878280 175
1878290 175
1878300 175
1878310 175
1878320 175
1878330 174
1878340 174
1878350 175
1878360 174
1878370 174
1878380 174
1878390 174
1878400 174
1878410 174
1878420 173
1878430 173
1878440 173
1878450 173
1878460 173
1878470 173
1878480 173
1878490 173
1878500 173
1878510 173
1878520 173
1878530 173
1878540 172
1878550 172
1878560 172
1878570 172
1878580 172
1878590 172
1878600 172
1878610 172
1878620 172
1878630 172
1878640 172
1878650 172
1878660 171
1878670 171
1878680 172
1878690 172
1878700 172
1878710 171
1878720 171
1878730 171
1878740 171
1878750 171
1878760 171
1878770 171
1878780 171
1878790 171
1878800 171
1878810 171
1878820 171
1878830 171
1878840 171
1878850 171
1878860 171
1878870 171
1878880 171
1878890 171
1878900 171
1878910 171
1878920 171
1878930 171
1878940 171
1878950 171
1878960 171
1878970 171
1878980 171
1878990 171
1879000 171
1879010 171
1879020 171
1879030 171
1879040 171
1879050 171
1879060 171
1879070 171
1879080 171
1879090 171
1879100 171
1879110 172
1879120 172
1879130 172
1879140 172
1879150 172
1879160 172
1879170 172
1879180 172
1879190 172
1879200 172
1879210 172
1879220 173
1879230 173
1879240 173
1879250 173
1879260 173
1879270 173
1879280 174
1879290 174
1879300 174
1879310 174
1879320 174
1879330 174
1879340 173
1879350 173
1879360 173
1879370 173
1879380 173
1879390 173
1879400 173
1879410 173
1879420 174
1879430 174
1879440 174
1879450 174
1879460 174
1879470 174
1879480 174
1879490 174
1879500 174
1879510 174
1879520 174
1879530 174
1879540 174
1879550 174
1879560 174
1879570 174
1879580 174
1879590 174
1879600 174
1879610 174
1879620 174
1879630 174
1879640 173
1879650 173
1879660 173
1879670 174
1879680 174
1879690 174
1879700 174
1879710 174
1879720 174
1879730 174
1879740 174
1879750 174
1879760 174
1879770 174
1879780 174
1879790 175
1879800 175
1879810 175
1879820 175
1879830 175
1879840 176
1879850 176
1879860 176
1879870 176
1879880 176
1879890 176
1879900 176
1879910 176
1879920 176
1879930 176
1879940 176
1879950 176
1879960 176
1879970 176
1879980 176
1879990 176
