1860000 189
1860010 189
1860020 189
1860030 189
1860040 189
1860050 189
1860060 189
1860070 189
1860080 189
1860090 189
1860100 189
1860110 189
1860120 189
1860130 188
1860140 188
1860150 188
1860160 188
1860170 188
1860180 188
1860190 187
1860200 187
1860210 187
1860220 187
1860230 187
1860240 187
1860250 187
1860260 187
1860270 186
1860280 186
1860290 186
1860300 187
1860310 187
1860320 187
1860330 187
1860340 187
1860350 187
1860360 187
1860370 187
1860380 187
1860390 187
1860400 187
1860410 187
1860420 187
1860430 187
1860440 187
1860450 186
1860460 186
1860470 186
1860480 186
1860490 185
1860500 185
1860510 185
1860520 185
1860530 185
1860540 185
1860550 185
1860560 185
1860570 184
1860580 184
1860590 184
1860600 184
1860610 184
1860620 184
1860630 183
1860640 183
1860650 183
1860660 183
1860670 183
1860680 183
1860690 183
1860700 183
1860710 183
1860720 183
1860730 183
1860740 182
1860750 182
1860760 182
1860770 182
1860780 182
1860790 182
1860800 182
1860810 182
1860820 182
1860830 182
1860840 182
1860850 182
1860860 181
1860870 181
1860880 181
1860890 181
1860900 181
1860910 181
1860920 181
1860930 181
1860940 181
1860950 180
1860960 180
1860970 180
1860980 180
1860990 180
1861000 180
1861010 180
1861020 180
1861030 180
1861040 179
1861050 179
1861060 179
1861070 179
1861080 179
1861090 179
1861100 179
1861110 178
1861120 178
1861130 178
1861140 178
1861150 178
1861160 178
1861170 178
1861180 177
1861190 177
1861200 177
1861210 177
1861220 177
1861230 177
1861240 176
1861250 176
1861260 176
1861270 176
1861280 176
1861290 176
1861300 175
1861310 175
1861320 175
1861330 174
1861340 175
1861350 175
1861360 175
1861370 175
1861380 175
1861390 175
1861400 175
1861410 175
1861420 175
1861430 175
1861440 175
1861450 175
1861460 175
1861470 175
1861480 175
1861490 175
1861500 175
1861510 175
1861520 175
1861530 175
1861540 175
1861550 175
1861560 175
1861570 175
1861580 175
1861590 175
1861600 175
1861610 175
1861620 176
1861630 176
1861640 176
1861650 176
1861660 176
1861670 176
1861680 176
1861690 176
1861700 177
1861710 177
1861720 177
1861730 177
1861740 177
1861750 178
1861760 177
1861770 177
1861780 178
1861790 178
1861800 178
1861810 178
1861820 178
1861830 178
1861840 178
1861850 178
1861860 178
1861870 178
1861880 178
1861890 178
1861900 178
1861910 178
1861920 178
1861930 178
1861940 178
1861950 178
1861960 178
1861970 178
1861980 178
1861990 178
1862000 178
1862010 178
1862020 178
1862030 178
1862040 178
1862050 178
1862060 178
1862070 177
1862080 177
1862090 177
1862100 176
1862110 176
1862120 176
1862130 175
1862140 175
1862150 175
1862160 175
1862170 175
1862180 175
1862190 175
1862200 174
1862210 174
1862220 174
1862230 174
1862240 174
1862250 174
1862260 174
1862270 174
1862280 173
1862290 173
1862300 173
1862310 173
1862320 173
1862330 173
1862340 172
1862350 172
1862360 172
1862370 172
1862380 172
1862390 172
1862400 172
1862410 172
1862420 172
1862430 172
1862440 172
1862450 172
1862460 172
1862470 172
1862480 172
1862490 172
1862500 172
1862510 172
1862520 172
1862530 172
1862540 171
1862550 172
1862560 172
1862570 172
1862580 172
1862590 172
1862600 172
1862610 172
1862620 172
1862630 172
1862640 172
1862650 172
1862660 172
1862670 172
1862680 172
1862690 172
1862700 172
1862710 172
1862720 172
1862730 172
1862740 172
1862750 173
1862760 173
1862770 173
1862780 173
1862790 173
1862800 173
1862810 173
1862820 174
1862830 174
1862840 174
1862850 174
1862860 174
1862870 175
1862880 175
1862890 175
1862900 175
1862910 175
1862920 175
1862930 176
1862940 176
1862950 176
1862960 176
1862970 176
1862980 176
1862990 176
1863000 177
1863010 177
1863020 177
1863030 177
1863040 177
1863050 176
1863060 176
1863070 176
1863080 176
1863090 176
1863100 176
1863110 176
1863120 176
1863130 176
1863140 175
1863150 175
1863160 175
1863170 175
1863180 175
1863190 175
1863200 175
1863210 175
1863220 175
1863230 175
1863240 175
1863250 175
1863260 175
1863270 175
1863280 175
1863290 175
1863300 175
1863310 175
1863320 175
1863330 175
1863340 175
1863350 176
1863360 176
1863370 176
1863380 176
1863390 176
1863400 176
1863410 176
1863420 176
1863430 176
1863440 176
1863450 176
1863460 176
1863470 176
1863480 176
1863490 175
1863500 175
1863510 175
1863520 175
1863530 175
1863540 175
1863550 175
1863560 175
1863570 175
1863580 175
1863590 175
1863600 175
1863610 175
1863620 175
1863630 175
1863640 175
1863650 175
1863660 175
1863670 175
1863680 176
1863690 176
1863700 176
1863710 176
1863720 176
1863730 177
1863740 177
1863750 177
1863760 177
1863770 177
1863780 177
1863790 178
1863800 178
1863810 178
1863820 179
1863830 179
1863840 179
1863850 179
1863860 179
1863870 180
1863880 180
1863890 180
1863900 181
1863910 182
1863920 182
1863930 182
1863940 182
1863950 182
1863960 183
1863970 183
1863980 183
1863990 184
1864000 184
1864010 184
1864020 185
1864030 185
1864040 185
1864050 186
1864060 187
1864070 187
1864080 188
1864090 189
1864100 189
1864110 189
1864120 189
1864130 189
1864140 188
1864150 187
1864160 187
1864170 186
1864180 185
1864190 185
1864200 185
1864210 184
1864220 184
1864230 183
1864240 183
1864250 183
1864260 182
1864270 182
1864280 182
1864290 181
1864300 181
1864310 181
1864320 180
1864330 180
1864340 180
1864350 180
1864360 180
1864370 180
1864380 179
1864390 179
1864400 179
1864410 178
1864420 178
1864430 178
1864440 178
1864450 178
1864460 178
1864470 179
1864480 179
1864490 179
1864500 179
1864510 179
1864520 179
1864530 179
1864540 179
1864550 179
1864560 179
1864570 179
1864580 179
1864590 179
1864600 179
1864610 179
1864620 179
1864630 179
1864640 180
1864650 180
1864660 180
1864670 180
1864680 181
1864690 181
1864700 181
1864710 182
1864720 182
1864730 182
1864740 183
1864750 183
1864760 184
1864770 184
1864780 184
1864790 185
1864800 185
1864810 185
1864820 187
1864830 187
1864840 187
1864850 188
1864860 189
1864870 189
1864880 190
1864890 191
1864900 191
1864910 191
1864920 192
1864930 192
1864940 193
1864950 194
1864960 194
1864970 195
1864980 195
1864990 195
1865000 196
1865010 197
1865020 197
1865030 197
1865040 197
1865050 198
1865060 199
1865070 201
1865080 201
1865090 202
1865100 202
1865110 202
1865120 202
1865130 202
1865140 201
1865150 201
1865160 201
1865170 201
1865180 201
1865190 201
1865200 200
1865210 200
1865220 200
1865230 200
1865240 200
1865250 200
1865260 199
1865270 200
1865280 200
1865290 200
1865300 200
1865310 200
1865320 200
1865330 200
1865340 200
1865350 200
1865360 200
1865370 200
1865380 201
1865390 202
1865400 202
1865410 204
1865420 205
1865430 205
1865440 206
1865450 207
1865460 207
1865470 208
1865480 208
1865490 208
1865500 209
1865510 210
1865520 210
1865530 212
1865540 213
1865550 213
1865560 214
1865570 214
1865580 214
1865590 214
1865600 214
1865610 214
1865620 214
1865630 215
1865640 215
1865650 214
1865660 213
1865670 213
1865680 212
1865690 212
1865700 211
1865710 210
1865720 210
1865730 209
1865740 209
1865750 208
1865760 208
1865770 207
1865780 207
1865790 207
1865800 207
1865810 207
1865820 206
1865830 206
1865840 206
1865850 206
1865860 206
1865870 206
1865880 206
1865890 206
1865900 206
1865910 206
1865920 206
1865930 206
1865940 205
1865950 205
1865960 205
1865970 205
1865980 204
1865990 204
1866000 204
1866010 204
1866020 204
1866030 203
1866040 204
1866050 204
1866060 204
1866070 204
1866080 204
1866090 205
1866100 205
1866110 205
1866120 205
1866130 204
1866140 204
1866150 204
1866160 204
1866170 204
1866180 203
1866190 202
1866200 202
1866210 201
1866220 200
1866230 200
1866240 199
1866250 198
1866260 198
1866270 197
1866280 195
1866290 195
1866300 194
1866310 194
1866320 194
1866330 193
1866340 193
1866350 192
1866360 191
1866370 191
1866380 191
1866390 190
1866400 190
1866410 190
1866420 189
1866430 189
1866440 189
1866450 189
1866460 189
1866470 188
1866480 188
1866490 188
1866500 188
1866510 188
1866520 188
1866530 188
1866540 188
1866550 188
1866560 188
1866570 188
1866580 188
1866590 187
1866600 187
1866610 187
1866620 186
1866630 186
1866640 186
1866650 185
1866660 186
1866670 186
1866680 186
1866690 186
1866700 186
1866710 186
1866720 186
1866730 186
1866740 186
1866750 186
1866760 186
1866770 187
1866780 187
1866790 187
1866800 187
1866810 188
1866820 188
1866830 188
1866840 188
1866850 188
1866860 187
1866870 187
1866880 187
1866890 187
1866900 187
1866910 187
1866920 186
1866930 186
1866940 186
1866950 186
1866960 186
1866970 186
1866980 185
1866990 185
1867000 185
1867010 185
1867020 185
1867030 185
1867040 185
1867050 185
1867060 185
1867070 185
1867080 185
1867090 185
1867100 185
1867110 185
1867120 184
1867130 184
1867140 184
1867150 184
1867160 184
1867170 184
1867180 184
1867190 184
1867200 184
1867210 185
1867220 185
1867230 185
1867240 185
1867250 185
1867260 185
1867270 185
1867280 185
1867290 185
1867300 186
1867310 186
1867320 186
1867330 186
1867340 186
1867350 186
1867360 186
1867370 186
1867380 186
1867390 186
1867400 186
1867410 186
1867420 187
1867430 187
1867440 187
1867450 187
1867460 187
1867470 186
1867480 186
1867490 186
1867500 186
1867510 187
1867520 187
1867530 187
1867540 187
1867550 187
1867560 187
1867570 187
1867580 187
1867590 187
1867600 187
1867610 187
1867620 187
1867630 187
1867640 187
1867650 187
1867660 187
1867670 187
1867680 187
1867690 188
1867700 188
1867710 188
1867720 187
1867730 187
1867740 187
1867750 187
1867760 187
1867770 187
1867780 187
1867790 187
1867800 187
1867810 186
1867820 186
1867830 186
1867840 186
1867850 186
1867860 186
1867870 186
1867880 186
1867890 186
1867900 186
1867910 186
1867920 186
1867930 186
1867940 186
1867950 186
1867960 186
1867970 186
1867980 186
1867990 186
1868000 186
1868010 186
1868020 187
1868030 187
1868040 187
1868050 187
1868060 187
1868070 187
1868080 187
1868090 187
1868100 188
1868110 188
1868120 188
1868130 188
1868140 188
1868150 188
1868160 189
1868170 189
1868180 189
1868190 189
1868200 190
1868210 190
1868220 190
1868230 191
1868240 191
1868250 191
1868260 191
1868270 191
1868280 192
1868290 192
1868300 192
1868310 192
1868320 192
1868330 193
1868340 193
1868350 193
1868360 194
1868370 195
1868380 195
1868390 195
1868400 196
1868410 196
1868420 197
1868430 198
1868440 198
1868450 198
1868460 198
1868470 198
1868480 199
1868490 199
1868500 199
1868510 199
1868520 200
1868530 200
1868540 201
1868550 202
1868560 202
1868570 202
1868580 203
1868590 203
1868600 204
1868610 205
1868620 205
1868630 205
1868640 205
1868650 205
1868660 206
1868670 206
1868680 206
1868690 206
1868700 206
1868710 206
1868720 206
1868730 206
1868740 206
1868750 207
1868760 207
1868770 207
1868780 207
1868790 208
1868800 208
1868810 208
1868820 209
1868830 209
1868840 209
1868850 210
1868860 210
1868870 210
1868880 210
1868890 211
1868900 211
1868910 211
1868920 212
1868930 213
1868940 213
1868950 214
1868960 215
1868970 215
1868980 216
1868990 218
1869000 218
1869010 219
1869020 220
1869030 220
1869040 221
1869050 222
1869060 222
1869070 224
1869080 225
1869090 225
1869100 226
1869110 227
1869120 227
1869130 229
1869140 230
1869150 230
1869160 231
1869170 232
1869180 232
1869190 234
1869200 235
1869210 235
1869220 236
1869230 236
1869240 236
1869250 237
1869260 237
1869270 237
1869280 237
1869290 237
1869300 237
1869310 237
1869320 237
1869330 237
1869340 236
1869350 236
1869360 236
1869370 235
1869380 235
1869390 235
1869400 234
1869410 233
1869420 233
1869430 233
1869440 233
1869450 233
1869460 232
1869470 232
1869480 232
1869490 231
1869500 231
1869510 230
1869520 230
1869530 230
1869540 229
1869550 229
1869560 229
1869570 229
1869580 229
1869590 229
1869600 228
1869610 227
1869620 227
1869630 227
1869640 226
1869650 226
1869660 226
1869670 225
1869680 225
1869690 225
1869700 224
1869710 224
1869720 224
1869730 223
1869740 223
1869750 223
1869760 222
1869770 222
1869780 222
1869790 222
1869800 222
1869810 221
1869820 220
1869830 220
1869840 220
1869850 219
1869860 219
1869870 218
1869880 217
1869890 217
1869900 217
1869910 216
1869920 216
1869930 215
1869940 215
1869950 215
1869960 214
1869970 214
1869980 214
1869990 213
1870000 213
1870010 213
1870020 213
1870030 213
1870040 213
1870050 213
1870060 213
1870070 213
1870080 213
1870090 213
1870100 213
1870110 213
1870120 212
1870130 212
1870140 212
1870150 211
1870160 211
1870170 211
1870180 211
1870190 210
1870200 209
1870210 209
1870220 208
1870230 208
1870240 208
1870250 207
1870260 206
1870270 206
1870280 205
1870290 205
1870300 205
1870310 204
1870320 203
1870330 203
1870340 202
1870350 201
1870360 201
1870370 200
1870380 199
1870390 199
1870400 199
1870410 198
1870420 198
1870430 198
1870440 199
1870450 199
1870460 201
1870470 203
1870480 203
1870490 205
1870500 206
1870510 206
1870520 210
1870530 211
1870540 211
1870550 211
1870560 212
1870570 212
1870580 212
1870590 213
1870600 213
1870610 213
1870620 214
1870630 214
1870640 216
1870650 217
1870660 217
1870670 218
1870680 218
1870690 218
1870700 218
1870710 217
1870720 217
1870730 217
1870740 217
1870750 217
1870760 217
1870770 217
1870780 217
1870790 218
1870800 219
1870810 219
1870820 219
1870830 219
1870840 219
1870850 220
1870860 220
1870870 220
1870880 219
1870890 219
1870900 219
1870910 219
1870920 219
1870930 218
1870940 217
1870950 217
1870960 217
1870970 216
1870980 216
1870990 216
1871000 216
1871010 216
1871020 216
1871030 216
1871040 216
1871050 215
1871060 215
1871070 215
1871080 215
1871090 214
1871100 214
1871110 214
1871120 213
1871130 213
1871140 213
1871150 212
1871160 212
1871170 212
1871180 211
1871190 211
1871200 210
1871210 209
1871220 209
1871230 208
1871240 206
1871250 206
1871260 203
1871270 202
1871280 202
1871290 201
1871300 201
1871310 201
1871320 202
1871330 202
1871340 202
1871350 203
1871360 202
1871370 202
1871380 202
1871390 204
1871400 204
1871410 206
1871420 207
1871430 207
1871440 208
1871450 208
1871460 209
1871470 210
1871480 210
1871490 211
1871500 212
1871510 212
1871520 212
1871530 213
1871540 214
1871550 214
1871560 214
1871570 214
1871580 214
1871590 214
1871600 214
1871610 214
1871620 214
1871630 214
1871640 214
1871650 214
1871660 214
1871670 214
1871680 214
1871690 214
1871700 214
1871710 214
1871720 214
1871730 214
1871740 213
1871750 213
1871760 213
1871770 213
1871780 213
1871790 213
1871800 213
1871810 213
1871820 213
1871830 213
1871840 213
1871850 213
1871860 213
1871870 213
1871880 213
1871890 213
1871900 213
1871910 213
1871920 213
1871930 213
1871940 213
1871950 213
1871960 213
1871970 212
1871980 212
1871990 212
1872000 212
1872010 212
1872020 212
1872030 212
1872040 211
1872050 211
1872060 211
1872070 211
1872080 211
1872090 211
1872100 211
1872110 211
1872120 210
1872130 210
1872140 210
1872150 210
1872160 210
1872170 210
1872180 209
1872190 209
1872200 209
1872210 209
1872220 209
1872230 209
1872240 209
1872250 209
1872260 208
1872270 208
1872280 208
1872290 208
1872300 207
1872310 207
1872320 207
1872330 207
1872340 207
1872350 206
1872360 206
1872370 206
1872380 206
1872390 206
1872400 206
1872410 205
1872420 205
1872430 205
1872440 205
1872450 205
1872460 205
1872470 205
1872480 204
1872490 204
1872500 204
1872510 204
1872520 204
1872530 203
1872540 203
1872550 203
1872560 202
1872570 202
1872580 202
1872590 202
1872600 201
1872610 201
1872620 201
1872630 201
1872640 201
1872650 200
1872660 200
1872670 200
1872680 200
1872690 199
1872700 199
1872710 199
1872720 199
1872730 199
1872740 198
1872750 198
1872760 198
1872770 198
1872780 198
1872790 197
1872800 197
1872810 197
1872820 197
1872830 197
1872840 197
1872850 196
1872860 195
1872870 195
1872880 195
1872890 194
1872900 194
1872910 194
1872920 194
1872930 194
1872940 193
1872950 192
1872960 192
1872970 193
1872980 194
1872990 194
1873000 194
1873010 193
1873020 193
1873030 192
1873040 192
1873050 192
1873060 191
1873070 191
1873080 191
1873090 191
1873100 190
1873110 190
1873120 190
1873130 190
1873140 190
1873150 190
1873160 189
1873170 189
1873180 189
1873190 189
1873200 189
1873210 189
1873220 188
1873230 188
1873240 188
1873250 187
1873260 187
1873270 187
1873280 186
1873290 186
1873300 186
1873310 185
1873320 185
1873330 184
1873340 184
1873350 184
1873360 183
1873370 183
1873380 182
1873390 181
1873400 181
1873410 179
1873420 179
1873430 179
1873440 179
1873450 179
1873460 179
1873470 179
1873480 179
1873490 179
1873500 178
1873510 178
1873520 178
1873530 178
1873540 178
1873550 178
1873560 178
1873570 179
1873580 179
1873590 179
1873600 179
1873610 179
1873620 182
1873630 186
1873640 186
1873650 187
1873660 189
1873670 189
1873680 192
1873690 195
1873700 195
1873710 195
1873720 198
1873730 198
1873740 201
1873750 202
1873760 202
1873770 202
1873780 206
1873790 206
1873800 207
1873810 207
1873820 207
1873830 208
1873840 208
1873850 208
1873860 207
1873870 207
1873880 207
1873890 207
1873900 207
1873910 207
1873920 207
1873930 206
1873940 206
1873950 206
1873960 205
1873970 205
1873980 205
1873990 204
1874000 204
1874010 204
1874020 204
1874030 203
1874040 203
1874050 203
1874060 202
1874070 202
1874080 202
1874090 201
1874100 201
1874110 201
1874120 201
1874130 200
1874140 200
1874150 200
1874160 199
1874170 199
1874180 199
1874190 199
1874200 199
1874210 198
1874220 198
1874230 198
1874240 197
1874250 196
1874260 196
1874270 195
1874280 195
1874290 195
1874300 195
1874310 194
1874320 194
1874330 194
1874340 194
1874350 194
1874360 194
1874370 193
1874380 193
1874390 193
1874400 193
1874410 193
1874420 193
1874430 193
1874440 193
1874450 192
1874460 192
1874470 192
1874480 192
1874490 192
1874500 192
1874510 191
1874520 191
1874530 191
1874540 190
1874550 190
1874560 190
1874570 190
1874580 190
1874590 190
1874600 190
1874610 189
1874620 189
1874630 189
1874640 189
1874650 189
1874660 189
1874670 189
1874680 189
1874690 189
1874700 189
1874710 189
1874720 189
1874730 189
1874740 189
1874750 188
1874760 188
1874770 189
1874780 189
1874790 189
1874800 189
1874810 190
1874820 190
1874830 190
1874840 190
1874850 190
1874860 190
1874870 190
1874880 190
1874890 190
1874900 191
1874910 191
1874920 191
1874930 190
1874940 190
1874950 190
1874960 190
1874970 190
1874980 189
1874990 189
1875000 189
1875010 189
1875020 189
1875030 189
1875040 189
1875050 189
1875060 189
1875070 188
1875080 188
1875090 188
1875100 188
1875110 188
1875120 188
1875130 189
1875140 189
1875150 189
1875160 189
1875170 189
1875180 189
1875190 189
1875200 189
1875210 189
1875220 189
1875230 189
1875240 189
1875250 189
1875260 189
1875270 189
1875280 189
1875290 189
1875300 188
1875310 188
1875320 188
1875330 188
1875340 188
1875350 188
1875360 188
1875370 188
1875380 188
1875390 188
1875400 188
1875410 188
1875420 188
1875430 188
1875440 188
1875450 188
1875460 188
1875470 188
1875480 188
1875490 188
1875500 188
1875510 188
1875520 188
1875530 188
1875540 188
1875550 188
1875560 188
1875570 188
1875580 188
1875590 188
1875600 188
1875610 188
1875620 188
1875630 188
1875640 188
1875650 188
1875660 188
1875670 188
1875680 188
1875690 188
1875700 188
1875710 188
1875720 188
1875730 188
1875740 188
1875750 189
1875760 189
1875770 189
1875780 189
1875790 190
1875800 190
1875810 190
1875820 190
1875830 190
1875840 190
1875850 190
1875860 190
1875870 190
1875880 190
1875890 190
1875900 190
1875910 190
1875920 190
1875930 190
1875940 190
1875950 190
1875960 190
1875970 190
1875980 190
1875990 190
1876000 190
1876010 191
1876020 191
1876030 191
1876040 191
1876050 191
1876060 191
1876070 191
1876080 191
1876090 191
1876100 191
1876110 191
1876120 191
1876130 191
1876140 191
1876150 191
1876160 191
1876170 191
1876180 191
1876190 191
1876200 191
1876210 191
1876220 191
1876230 191
1876240 191
1876250 191
1876260 191
1876270 191
1876280 191
1876290 191
1876300 191
1876310 191
1876320 191
1876330 191
1876340 191
1876350 191
1876360 191
1876370 191
1876380 191
1876390 191
1876400 191
1876410 191
1876420 191
1876430 191
1876440 191
1876450 191
1876460 191
1876470 191
1876480 191
1876490 191
1876500 191
1876510 191
1876520 191
1876530 191
1876540 191
1876550 191
1876560 191
1876570 192
1876580 192
1876590 192
1876600 192
1876610 192
1876620 192
1876630 191
1876640 191
1876650 191
1876660 191
1876670 191
1876680 191
1876690 191
1876700 191
1876710 191
1876720 191
1876730 191
1876740 191
1876750 191
1876760 191
1876770 191
1876780 191
1876790 191
1876800 191
1876810 191
1876820 190
1876830 190
1876840 190
1876850 190
1876860 190
1876870 190
1876880 190
1876890 190
1876900 190
1876910 190
1876920 190
1876930 190
1876940 190
1876950 190
1876960 189
1876970 189
1876980 189
1876990 189
1877000 189
1877010 189
1877020 189
1877030 189
1877040 189
1877050 189
1877060 189
1877070 189
1877080 188
1877090 188
1877100 188
1877110 188
1877120 188
1877130 188
1877140 188
1877150 188
1877160 188
1877170 188
1877180 187
1877190 187
1877200 187
1877210 187
1877220 187
1877230 187
1877240 187
1877250 187
1877260 187
1877270 187
1877280 187
1877290 186
1877300 186
1877310 186
1877320 186
1877330 186
1877340 186
1877350 186
1877360 186
1877370 186
1877380 185
1877390 185
1877400 185
1877410 185
1877420 185
1877430 185
1877440 185
1877450 185
1877460 184
1877470 184
1877480 184
1877490 184
1877500 184
1877510 184
1877520 184
1877530 184
1877540 184
1877550 184
1877560 183
1877570 183
1877580 183
1877590 183
1877600 183
1877610 183
1877620 183
1877630 183
1877640 182
1877650 182
1877660 182
1877670 182
1877680 182
1877690 182
1877700 182
1877710 182
1877720 182
1877730 181
1877740 181
1877750 181
1877760 181
1877770 181
1877780 181
1877790 181
1877800 180
1877810 180
1877820 180
1877830 180
1877840 180
1877850 180
1877860 180
1877870 180
1877880 180
1877890 180
1877900 179
1877910 179
1877920 179
1877930 179
1877940 179
1877950 179
1877960 179
1877970 179
1877980 179
1877990 178
1878000 178
1878010 178
1878020 178
1878030 178
1878040 178
1878050 178
1878060 178
1878070 178
1878080 178
1878090 178
1878100 178
1878110 178
1878120 177
1878130 177
1878140 177
1878150 177
1878160 177
1878170 177
1878180 177
1878190 177
1878200 177
1878210 177
1878220 177
1878230 177
1878240 176
1878250 176
1878260 176
1878270 176
1878280 176
1878290 176
1878300 176
1878310 176
1878320 176
1878330 176
1878340 176
1878350 176
1878360 176
1878370 176
1878380 176
1878390 175
1878400 175
1878410 175
1878420 175
1878430 175
1878440 175
1878450 175
1878460 175
1878470 175
1878480 175
1878490 175
1878500 175
1878510 175
1878520 175
1878530 175
1878540 175
1878550 175
1878560 175
1878570 175
1878580 175
1878590 175
1878600 175
1878610 175
1878620 175
1878630 175
1878640 175
1878650 175
1878660 175
1878670 175
1878680 175
1878690 175
1878700 175
1878710 175
1878720 175
1878730 175
1878740 176
1878750 176
1878760 176
1878770 176
1878780 176
1878790 176
1878800 176
1878810 176
1878820 176
1878830 176
1878840 176
1878850 176
1878860 176
1878870 176
1878880 176
1878890 176
1878900 176
1878910 176
1878920 176
1878930 176
1878940 176
1878950 176
1878960 176
1878970 176
1878980 176
1878990 176
1879000 175
1879010 175
1879020 175
1879030 175
1879040 175
1879050 175
1879060 174
1879070 174
1879080 174
1879090 174
1879100 174
1879110 174
1879120 173
1879130 173
1879140 173
1879150 173
1879160 173
1879170 173
1879180 173
1879190 173
1879200 173
1879210 173
1879220 173
1879230 173
1879240 173
1879250 173
1879260 173
1879270 173
1879280 173
1879290 173
1879300 173
1879310 173
1879320 173
1879330 173
1879340 173
1879350 173
1879360 173
1879370 173
1879380 174
1879390 174
1879400 174
1879410 174
1879420 174
1879430 174
1879440 174
1879450 175
1879460 175
1879470 175
1879480 175
1879490 175
1879500 175
1879510 175
1879520 175
1879530 175
1879540 175
1879550 175
1879560 175
1879570 175
1879580 175
1879590 175
1879600 174
1879610 174
1879620 174
1879630 174
1879640 174
1879650 174
1879660 174
1879670 174
1879680 174
1879690 174
1879700 174
1879710 174
1879720 174
1879730 174
1879740 175
1879750 175
1879760 175
1879770 175
1879780 175
1879790 175
1879800 175
1879810 175
1879820 175
1879830 175
1879840 175
1879850 175
1879860 175
1879870 175
1879880 174
1879890 174
1879900 174
1879910 174
1879920 174
1879930 174
1879940 174
1879950 174
1879960 174
1879970 173
1879980 173
1879990 173
1860000 189
1860010 189
1860020 189
1860030 189
1860040 189
1860050 189
1860060 189
1860070 189
1860080 189
1860090 189
1860100 189
1860110 189
1860120 189
1860130 188
1860140 188
1860150 188
1860160 188
1860170 188
1860180 188
1860190 187
1860200 187
1860210 187
1860220 187
1860230 187
1860240 187
1860250 187
1860260 187
1860270 186
1860280 186
1860290 186
1860300 187
1860310 187
1860320 187
1860330 187
1860340 187
1860350 187
1860360 187
1860370 187
1860380 187
1860390 187
1860400 187
1860410 187
1860420 187
1860430 187
1860440 187
1860450 186
1860460 186
1860470 186
1860480 186
1860490 185
1860500 185
1860510 185
1860520 185
1860530 185
1860540 185
1860550 185
1860560 185
1860570 184
1860580 184
1860590 184
1860600 184
1860610 184
1860620 184
1860630 183
1860640 183
1860650 183
1860660 183
1860670 183
1860680 183
1860690 183
1860700 183
1860710 183
1860720 183
1860730 183
1860740 182
1860750 182
1860760 182
1860770 182
1860780 182
1860790 182
1860800 182
1860810 182
1860820 182
1860830 182
1860840 182
1860850 182
1860860 181
1860870 181
1860880 181
1860890 181
1860900 181
1860910 181
1860920 181
1860930 181
1860940 181
1860950 180
1860960 180
1860970 180
1860980 180
1860990 180
1861000 180
1861010 180
1861020 180
1861030 180
1861040 179
1861050 179
1861060 179
1861070 179
1861080 179
1861090 179
1861100 179
1861110 178
1861120 178
1861130 178
1861140 178
1861150 178
1861160 178
1861170 178
1861180 177
1861190 177
1861200 177
1861210 177
1861220 177
1861230 177
1861240 176
1861250 176
1861260 176
1861270 176
1861280 176
1861290 176
1861300 175
1861310 175
1861320 175
1861330 174
1861340 175
1861350 175
1861360 175
1861370 175
1861380 175
1861390 175
1861400 175
1861410 175
1861420 175
1861430 175
1861440 175
1861450 175
1861460 175
1861470 175
1861480 175
1861490 175
1861500 175
1861510 175
1861520 175
1861530 175
1861540 175
1861550 175
1861560 175
1861570 175
1861580 175
1861590 175
1861600 175
1861610 175
1861620 176
1861630 176
1861640 176
1861650 176
1861660 176
1861670 176
1861680 176
1861690 176
1861700 177
1861710 177
1861720 177
1861730 177
1861740 177
1861750 178
1861760 177
1861770 177
1861780 178
1861790 178
1861800 178
1861810 178
1861820 178
1861830 178
1861840 178
1861850 178
1861860 178
1861870 178
1861880 178
1861890 178
1861900 178
1861910 178
1861920 178
1861930 178
1861940 178
1861950 178
1861960 178
1861970 178
1861980 178
1861990 178
1862000 178
1862010 178
1862020 178
1862030 178
1862040 178
1862050 178
1862060 178
1862070 177
1862080 177
1862090 177
1862100 176
1862110 176
1862120 176
1862130 175
1862140 175
1862150 175
1862160 175
1862170 175
1862180 175
1862190 175
1862200 174
1862210 174
1862220 174
1862230 174
1862240 174
1862250 174
1862260 174
1862270 174
1862280 173
1862290 173
1862300 173
1862310 173
1862320 173
1862330 173
1862340 172
1862350 172
1862360 172
1862370 172
1862380 172
1862390 172
1862400 172
1862410 172
1862420 172
1862430 172
1862440 172
1862450 172
1862460 172
1862470 172
1862480 172
1862490 172
1862500 172
1862510 172
1862520 172
1862530 172
1862540 171
1862550 172
1862560 172
1862570 172
1862580 172
1862590 172
1862600 172
1862610 172
1862620 172
1862630 172
1862640 172
1862650 172
1862660 172
1862670 172
1862680 172
1862690 172
1862700 172
1862710 172
1862720 172
1862730 172
1862740 172
1862750 173
1862760 173
1862770 173
1862780 173
1862790 173
1862800 173
1862810 173
1862820 174
1862830 174
1862840 174
1862850 174
1862860 174
1862870 175
1862880 175
1862890 175
1862900 175
1862910 175
1862920 175
1862930 176
1862940 176
1862950 176
1862960 176
1862970 176
1862980 176
1862990 176
1863000 177
1863010 177
1863020 177
1863030 177
1863040 177
1863050 176
1863060 176
1863070 176
1863080 176
1863090 176
1863100 176
1863110 176
1863120 176
1863130 176
1863140 175
1863150 175
1863160 175
1863170 175
1863180 175
1863190 175
1863200 175
1863210 175
1863220 175
1863230 175
1863240 175
1863250 175
1863260 175
1863270 175
1863280 175
1863290 175
1863300 175
1863310 175
1863320 175
1863330 175
1863340 175
1863350 176
1863360 176
1863370 176
1863380 176
1863390 176
1863400 176
1863410 176
1863420 176
1863430 176
1863440 176
1863450 176
1863460 176
1863470 176
1863480 176
1863490 175
1863500 175
1863510 175
1863520 175
1863530 175
1863540 175
1863550 175
1863560 175
1863570 175
1863580 175
1863590 175
1863600 175
1863610 175
1863620 175
1863630 175
1863640 175
1863650 175
1863660 175
1863670 175
1863680 176
1863690 176
1863700 176
1863710 176
1863720 176
1863730 177
1863740 177
1863750 177
1863760 177
1863770 177
1863780 177
1863790 178
1863800 178
1863810 178
1863820 179
1863830 179
1863840 179
1863850 179
1863860 179
1863870 180
1863880 180
1863890 180
1863900 181
1863910 182
1863920 182
1863930 182
1863940 182
1863950 182
1863960 183
1863970 183
1863980 183
1863990 184
1864000 184
1864010 184
1864020 185
1864030 185
1864040 185
1864050 186
1864060 187
1864070 187
1864080 188
1864090 189
1864100 189
1864110 189
1864120 189
1864130 189
1864140 188
1864150 187
1864160 187
1864170 186
1864180 185
1864190 185
1864200 185
1864210 184
1864220 184
1864230 183
1864240 183
1864250 183
1864260 182
1864270 182
1864280 182
1864290 181
1864300 181
1864310 181
1864320 180
1864330 180
1864340 180
1864350 180
1864360 180
1864370 180
1864380 179
1864390 179
1864400 179
1864410 178
1864420 178
1864430 178
1864440 178
1864450 178
1864460 178
1864470 179
1864480 179
1864490 179
1864500 179
1864510 179
1864520 179
1864530 179
1864540 179
1864550 179
1864560 179
1864570 179
1864580 179
1864590 179
1864600 179
1864610 179
1864620 179
1864630 179
1864640 180
1864650 180
1864660 180
1864670 180
1864680 181
1864690 181
1864700 181
1864710 182
1864720 182
1864730 182
1864740 183
1864750 183
1864760 184
1864770 184
1864780 184
1864790 185
1864800 185
1864810 185
1864820 187
1864830 187
1864840 187
1864850 188
1864860 189
1864870 189
1864880 190
1864890 191
1864900 191
1864910 191
1864920 192
1864930 192
1864940 193
1864950 194
1864960 194
1864970 195
1864980 195
1864990 195
1865000 196
1865010 197
1865020 197
1865030 197
1865040 197
1865050 198
1865060 199
1865070 201
1865080 201
1865090 202
1865100 202
1865110 202
1865120 202
1865130 202
1865140 201
1865150 201
1865160 201
1865170 201
1865180 201
1865190 201
1865200 200
1865210 200
1865220 200
1865230 200
1865240 200
1865250 200
1865260 199
1865270 200
1865280 200
1865290 200
1865300 200
1865310 200
1865320 200
1865330 200
1865340 200
1865350 200
1865360 200
1865370 200
1865380 201
1865390 202
1865400 202
1865410 204
1865420 205
1865430 205
1865440 206
1865450 207
1865460 207
1865470 208
1865480 208
1865490 208
1865500 209
1865510 210
1865520 210
1865530 212
1865540 213
1865550 213
1865560 214
1865570 214
1865580 214
1865590 214
1865600 214
1865610 214
1865620 214
1865630 215
1865640 215
1865650 214
1865660 213
1865670 213
1865680 212
1865690 212
1865700 211
1865710 210
1865720 210
1865730 209
1865740 209
1865750 208
1865760 208
1865770 207
1865780 207
1865790 207
1865800 207
1865810 207
1865820 206
1865830 206
1865840 206
1865850 206
1865860 206
1865870 206
1865880 206
1865890 206
1865900 206
1865910 206
1865920 206
1865930 206
1865940 205
1865950 205
1865960 205
1865970 205
1865980 204
1865990 204
1866000 204
1866010 204
1866020 204
1866030 203
1866040 204
1866050 204
1866060 204
1866070 204
1866080 204
1866090 205
1866100 205
1866110 205
1866120 205
1866130 204
1866140 204
1866150 204
1866160 204
1866170 204
1866180 203
1866190 202
1866200 202
1866210 201
1866220 200
1866230 200
1866240 199
1866250 198
1866260 198
1866270 197
1866280 195
1866290 195
1866300 194
1866310 194
1866320 194
1866330 193
1866340 193
1866350 192
1866360 191
1866370 191
1866380 191
1866390 190
1866400 190
1866410 190
1866420 189
1866430 189
1866440 189
1866450 189
1866460 189
1866470 188
1866480 188
1866490 188
1866500 188
1866510 188
1866520 188
1866530 188
1866540 188
1866550 188
1866560 188
1866570 188
1866580 188
1866590 187
1866600 187
1866610 187
1866620 186
1866630 186
1866640 186
1866650 185
1866660 186
1866670 186
1866680 186
1866690 186
1866700 186
1866710 186
1866720 186
1866730 186
1866740 186
1866750 186
1866760 186
1866770 187
1866780 187
1866790 187
1866800 187
1866810 188
1866820 188
1866830 188
1866840 188
1866850 188
1866860 187
1866870 187
1866880 187
1866890 187
1866900 187
1866910 187
1866920 186
1866930 186
1866940 186
1866950 186
1866960 186
1866970 186
1866980 185
1866990 185
1867000 185
1867010 185
1867020 185
1867030 185
1867040 185
1867050 185
1867060 185
1867070 185
1867080 185
1867090 185
1867100 185
1867110 185
1867120 184
1867130 184
1867140 184
1867150 184
1867160 184
1867170 184
1867180 184
1867190 184
1867200 184
1867210 185
1867220 185
1867230 185
1867240 185
1867250 185
1867260 185
1867270 185
1867280 185
1867290 185
1867300 186
1867310 186
1867320 186
1867330 186
1867340 186
1867350 186
1867360 186
1867370 186
1867380 186
1867390 186
1867400 186
1867410 186
1867420 187
1867430 187
1867440 187
1867450 187
1867460 187
1867470 186
1867480 186
1867490 186
1867500 186
1867510 187
1867520 187
1867530 187
1867540 187
1867550 187
1867560 187
1867570 187
1867580 187
1867590 187
1867600 187
1867610 187
1867620 187
1867630 187
1867640 187
1867650 187
1867660 187
1867670 187
1867680 187
1867690 188
1867700 188
1867710 188
1867720 187
1867730 187
1867740 187
1867750 187
1867760 187
1867770 187
1867780 187
1867790 187
1867800 187
1867810 186
1867820 186
1867830 186
1867840 186
1867850 186
1867860 186
1867870 186
1867880 186
1867890 186
1867900 186
1867910 186
1867920 186
1867930 186
1867940 186
1867950 186
1867960 186
1867970 186
1867980 186
1867990 186
1868000 186
1868010 186
1868020 187
1868030 187
1868040 187
1868050 187
1868060 187
1868070 187
1868080 187
1868090 187
1868100 188
1868110 188
1868120 188
1868130 188
1868140 188
1868150 188
1868160 189
1868170 189
1868180 189
1868190 189
1868200 190
1868210 190
1868220 190
1868230 191
1868240 191
1868250 191
1868260 191
1868270 191
1868280 192
1868290 192
1868300 192
1868310 192
1868320 192
1868330 193
1868340 193
1868350 193
1868360 194
1868370 195
1868380 195
1868390 195
1868400 196
1868410 196
1868420 197
1868430 198
1868440 198
1868450 198
1868460 198
1868470 198
1868480 199
1868490 199
1868500 199
1868510 199
1868520 200
1868530 200
1868540 201
1868550 202
1868560 202
1868570 202
1868580 203
1868590 203
1868600 204
1868610 205
1868620 205
1868630 205
1868640 205
1868650 205
1868660 206
1868670 206
1868680 206
1868690 206
1868700 206
1868710 206
1868720 206
1868730 206
1868740 206
1868750 207
1868760 207
1868770 207
1868780 207
1868790 208
1868800 208
1868810 208
1868820 209
1868830 209
1868840 209
1868850 210
1868860 210
1868870 210
1868880 210
1868890 211
1868900 211
1868910 211
1868920 212
1868930 213
1868940 213
1868950 214
1868960 215
1868970 215
1868980 216
1868990 218
1869000 218
1869010 219
1869020 220
1869030 220
1869040 221
1869050 222
1869060 222
1869070 224
1869080 225
1869090 225
1869100 226
1869110 227
1869120 227
1869130 229
1869140 230
1869150 230
1869160 231
1869170 232
1869180 232
1869190 234
1869200 235
1869210 235
1869220 236
1869230 236
1869240 236
1869250 237
1869260 237
1869270 237
1869280 237
1869290 237
1869300 237
1869310 237
1869320 237
1869330 237
1869340 236
1869350 236
1869360 236
1869370 235
1869380 235
1869390 235
1869400 234
1869410 233
1869420 233
1869430 233
1869440 233
1869450 233
1869460 232
1869470 232
1869480 232
1869490 231
1869500 231
1869510 230
1869520 230
1869530 230
1869540 229
1869550 229
1869560 229
1869570 229
1869580 229
1869590 229
1869600 228
1869610 227
1869620 227
1869630 227
1869640 226
1869650 226
1869660 226
1869670 225
1869680 225
1869690 225
1869700 224
1869710 224
1869720 224
1869730 223
1869740 223
1869750 223
1869760 222
1869770 222
1869780 222
1869790 222
1869800 222
1869810 221
1869820 220
1869830 220
1869840 220
1869850 219
1869860 219
1869870 218
1869880 217
1869890 217
1869900 217
1869910 216
1869920 216
1869930 215
1869940 215
1869950 215
1869960 214
1869970 214
1869980 214
1869990 213
1870000 213
1870010 213
1870020 213
1870030 213
1870040 213
1870050 213
1870060 213
1870070 213
1870080 213
1870090 213
1870100 213
1870110 213
1870120 212
1870130 212
1870140 212
1870150 211
1870160 211
1870170 211
1870180 211
1870190 210
1870200 209
1870210 209
1870220 208
1870230 208
1870240 208
1870250 207
1870260 206
1870270 206
1870280 205
1870290 205
1870300 205
1870310 204
1870320 203
1870330 203
1870340 202
1870350 201
1870360 201
1870370 200
1870380 199
1870390 199
1870400 199
1870410 198
1870420 198
1870430 198
1870440 199
1870450 199
1870460 201
1870470 203
1870480 203
1870490 205
1870500 206
1870510 206
1870520 210
1870530 211
1870540 211
1870550 211
1870560 212
1870570 212
1870580 212
1870590 213
1870600 213
1870610 213
1870620 214
1870630 214
1870640 216
1870650 217
1870660 217
1870670 218
1870680 218
1870690 218
1870700 218
1870710 217
1870720 217
1870730 217
1870740 217
1870750 217
1870760 217
1870770 217
1870780 217
1870790 218
1870800 219
1870810 219
1870820 219
1870830 219
1870840 219
1870850 220
1870860 220
1870870 220
1870880 219
1870890 219
1870900 219
1870910 219
1870920 219
1870930 218
1870940 217
1870950 217
1870960 217
1870970 216
1870980 216
1870990 216
1871000 216
1871010 216
1871020 216
1871030 216
1871040 216
1871050 215
1871060 215
1871070 215
1871080 215
1871090 214
1871100 214
1871110 214
1871120 213
1871130 213
1871140 213
1871150 212
1871160 212
1871170 212
1871180 211
1871190 211
1871200 210
1871210 209
1871220 209
1871230 208
1871240 206
1871250 206
1871260 203
1871270 202
1871280 202
1871290 201
1871300 201
1871310 201
1871320 202
1871330 202
1871340 202
1871350 203
1871360 202
1871370 202
1871380 202
1871390 204
1871400 204
1871410 206
1871420 207
1871430 207
1871440 208
1871450 208
1871460 209
1871470 210
1871480 210
1871490 211
1871500 212
1871510 212
1871520 212
1871530 213
1871540 214
1871550 214
1871560 214
1871570 214
1871580 214
1871590 214
1871600 214
1871610 214
1871620 214
1871630 214
1871640 214
1871650 214
1871660 214
1871670 214
1871680 214
1871690 214
1871700 214
1871710 214
1871720 214
1871730 214
1871740 213
1871750 213
1871760 213
1871770 213
1871780 213
1871790 213
1871800 213
1871810 213
1871820 213
1871830 213
1871840 213
1871850 213
1871860 213
1871870 213
1871880 213
1871890 213
1871900 213
1871910 213
1871920 213
1871930 213
1871940 213
1871950 213
1871960 213
1871970 212
1871980 212
1871990 212
1872000 212
1872010 212
1872020 212
1872030 212
1872040 211
1872050 211
1872060 211
1872070 211
1872080 211
1872090 211
1872100 211
1872110 211
1872120 210
1872130 210
1872140 210
1872150 210
1872160 210
1872170 210
1872180 209
1872190 209
1872200 209
1872210 209
1872220 209
1872230 209
1872240 209
1872250 209
1872260 208
1872270 208
1872280 208
1872290 208
1872300 207
1872310 207
1872320 207
1872330 207
1872340 207
1872350 206
1872360 206
1872370 206
1872380 206
1872390 206
1872400 206
1872410 205
1872420 205
1872430 205
1872440 205
1872450 205
1872460 205
1872470 205
1872480 204
1872490 204
1872500 204
1872510 204
1872520 204
1872530 203
1872540 203
1872550 203
1872560 202
1872570 202
1872580 202
1872590 202
1872600 201
1872610 201
1872620 201
1872630 201
1872640 201
1872650 200
1872660 200
1872670 200
1872680 200
1872690 199
1872700 199
1872710 199
1872720 199
1872730 199
1872740 198
1872750 198
1872760 198
1872770 198
1872780 198
1872790 197
1872800 197
1872810 197
1872820 197
1872830 197
1872840 197
1872850 196
1872860 195
1872870 195
1872880 195
1872890 194
1872900 194
1872910 194
1872920 194
1872930 194
1872940 193
1872950 192
1872960 192
1872970 193
1872980 194
1872990 194
1873000 194
1873010 193
1873020 193
1873030 192
1873040 192
1873050 192
1873060 191
1873070 191
1873080 191
1873090 191
1873100 190
1873110 190
1873120 190
1873130 190
1873140 190
1873150 190
1873160 189
1873170 189
1873180 189
1873190 189
1873200 189
1873210 189
1873220 188
1873230 188
1873240 188
1873250 187
1873260 187
1873270 187
1873280 186
1873290 186
1873300 186
1873310 185
1873320 185
1873330 184
1873340 184
1873350 184
1873360 183
1873370 183
1873380 182
1873390 181
1873400 181
1873410 179
1873420 179
1873430 179
1873440 179
1873450 179
1873460 179
1873470 179
1873480 179
1873490 179
1873500 178
1873510 178
1873520 178
1873530 178
1873540 178
1873550 178
1873560 178
1873570 179
1873580 179
1873590 179
1873600 179
1873610 179
1873620 182
1873630 186
1873640 186
1873650 187
1873660 189
1873670 189
1873680 192
1873690 195
1873700 195
1873710 195
1873720 198
1873730 198
1873740 201
1873750 202
1873760 202
1873770 202
1873780 206
1873790 206
1873800 207
1873810 207
1873820 207
1873830 208
1873840 208
1873850 208
1873860 207
1873870 207
1873880 207
1873890 207
1873900 207
1873910 207
1873920 207
1873930 206
1873940 206
1873950 206
1873960 205
1873970 205
1873980 205
1873990 204
1874000 204
1874010 204
1874020 204
1874030 203
1874040 203
1874050 203
1874060 202
1874070 202
1874080 202
1874090 201
1874100 201
1874110 201
1874120 201
1874130 200
1874140 200
1874150 200
1874160 199
1874170 199
1874180 199
1874190 199
1874200 199
1874210 198
1874220 198
1874230 198
1874240 197
1874250 196
1874260 196
1874270 195
1874280 195
1874290 195
1874300 195
1874310 194
1874320 194
1874330 194
1874340 194
1874350 194
1874360 194
1874370 193
1874380 193
1874390 193
1874400 193
1874410 193
1874420 193
1874430 193
1874440 193
1874450 192
1874460 192
1874470 192
1874480 192
1874490 192
1874500 192
1874510 191
1874520 191
1874530 191
1874540 190
1874550 190
1874560 190
1874570 190
1874580 190
1874590 190
1874600 190
1874610 189
1874620 189
1874630 189
1874640 189
1874650 189
1874660 189
1874670 189
1874680 189
1874690 189
1874700 189
1874710 189
1874720 189
1874730 189
1874740 189
1874750 188
1874760 188
1874770 189
1874780 189
1874790 189
1874800 189
1874810 190
1874820 190
1874830 190
1874840 190
1874850 190
1874860 190
1874870 190
1874880 190
1874890 190
1874900 191
1874910 191
1874920 191
1874930 190
1874940 190
1874950 190
1874960 190
1874970 190
1874980 189
1874990 189
1875000 189
1875010 189
1875020 189
1875030 189
1875040 189
1875050 189
1875060 189
1875070 188
1875080 188
1875090 188
1875100 188
1875110 188
1875120 188
1875130 189
1875140 189
1875150 189
1875160 189
1875170 189
1875180 189
1875190 189
1875200 189
1875210 189
1875220 189
1875230 189
1875240 189
1875250 189
1875260 189
1875270 189
1875280 189
1875290 189
1875300 188
1875310 188
1875320 188
1875330 188
1875340 188
1875350 188
1875360 188
1875370 188
1875380 188
1875390 188
1875400 188
1875410 188
1875420 188
1875430 188
1875440 188
1875450 188
1875460 188
1875470 188
1875480 188
1875490 188
1875500 188
1875510 188
1875520 188
1875530 188
1875540 188
1875550 188
1875560 188
1875570 188
1875580 188
1875590 188
1875600 188
1875610 188
1875620 188
1875630 188
1875640 188
1875650 188
1875660 188
1875670 188
1875680 188
1875690 188
1875700 188
1875710 188
1875720 188
1875730 188
1875740 188
1875750 189
1875760 189
1875770 189
1875780 189
1875790 190
1875800 190
1875810 190
1875820 190
1875830 190
1875840 190
1875850 190
1875860 190
1875870 190
1875880 190
1875890 190
1875900 190
1875910 190
1875920 190
1875930 190
1875940 190
1875950 190
1875960 190
1875970 190
1875980 190
1875990 190
1876000 190
1876010 191
1876020 191
1876030 191
1876040 191
1876050 191
1876060 191
1876070 191
1876080 191
1876090 191
1876100 191
1876110 191
1876120 191
1876130 191
1876140 191
1876150 191
1876160 191
1876170 191
1876180 191
1876190 191
1876200 191
1876210 191
1876220 191
1876230 191
1876240 191
1876250 191
1876260 191
1876270 191
1876280 191
1876290 191
1876300 191
1876310 191
1876320 191
1876330 191
1876340 191
1876350 191
1876360 191
1876370 191
1876380 191
1876390 191
1876400 191
1876410 191
1876420 191
1876430 191
1876440 191
1876450 191
1876460 191
1876470 191
1876480 191
1876490 191
1876500 191
1876510 191
1876520 191
1876530 191
1876540 191
1876550 191
1876560 191
1876570 192
1876580 192
1876590 192
1876600 192
1876610 192
1876620 192
1876630 191
1876640 191
1876650 191
1876660 191
1876670 191
1876680 191
1876690 191
1876700 191
1876710 191
1876720 191
1876730 191
1876740 191
1876750 191
1876760 191
1876770 191
1876780 191
1876790 191
1876800 191
1876810 191
1876820 190
1876830 190
1876840 190
1876850 190
1876860 190
1876870 190
1876880 190
1876890 190
1876900 190
1876910 190
1876920 190
1876930 190
1876940 190
1876950 190
1876960 189
1876970 189
1876980 189
1876990 189
1877000 189
1877010 189
1877020 189
1877030 189
1877040 189
1877050 189
1877060 189
1877070 189
1877080 188
1877090 188
1877100 188
1877110 188
1877120 188
1877130 188
1877140 188
1877150 188
1877160 188
1877170 188
1877180 187
1877190 187
1877200 187
1877210 187
1877220 187
1877230 187
1877240 187
1877250 187
1877260 187
1877270 187
1877280 187
1877290 186
1877300 186
1877310 186
1877320 186
1877330 186
1877340 186
1877350 186
1877360 186
1877370 186
1877380 185
1877390 185
1877400 185
1877410 185
1877420 185
1877430 185
1877440 185
1877450 185
1877460 184
1877470 184
1877480 184
1877490 184
1877500 184
1877510 184
1877520 184
1877530 184
1877540 184
1877550 184
1877560 183
1877570 183
1877580 183
1877590 183
1877600 183
1877610 183
1877620 183
1877630 183
1877640 182
1877650 182
1877660 182
1877670 182
1877680 182
1877690 182
1877700 182
1877710 182
1877720 182
1877730 181
1877740 181
1877750 181
1877760 181
1877770 181
1877780 181
1877790 181
1877800 180
1877810 180
1877820 180
1877830 180
1877840 180
1877850 180
1877860 180
1877870 180
1877880 180
1877890 180
1877900 179
1877910 179
1877920 179
1877930 179
1877940 179
1877950 179
1877960 179
1877970 179
1877980 179
1877990 178
1878000 178
1878010 178
1878020 178
1878030 178
1878040 178
1878050 178
1878060 178
1878070 178
1878080 178
1878090 178
1878100 178
1878110 178
1878120 177
1878130 177
1878140 177
1878150 177
1878160 177
1878170 177
1878180 177
1878190 177
1878200 177
1878210 177
1878220 177
1878230 177
1878240 176
1878250 176
1878260 176
1878270 176
1878280 176
1878290 176
1878300 176
1878310 176
1878320 176
1878330 176
1878340 176
1878350 176
1878360 176
1878370 176
1878380 176
1878390 175
1878400 175
1878410 175
1878420 175
1878430 175
1878440 175
1878450 175
1878460 175
1878470 175
1878480 175
1878490 175
1878500 175
1878510 175
1878520 175
1878530 175
1878540 175
1878550 175
1878560 175
1878570 175
1878580 175
1878590 175
1878600 175
1878610 175
1878620 175
1878630 175
1878640 175
1878650 175
1878660 175
1878670 175
1878680 175
1878690 175
1878700 175
1878710 175
1878720 175
1878730 175
1878740 176
1878750 176
1878760 176
1878770 176
1878780 176
1878790 176
1878800 176
1878810 176
1878820 176
1878830 176
1878840 176
1878850 176
1878860 176
1878870 176
1878880 176
1878890 176
1878900 176
1878910 176
1878920 176
1878930 176
1878940 176
1878950 176
1878960 176
1878970 176
1878980 176
1878990 176
1879000 175
1879010 175
1879020 175
1879030 175
1879040 175
1879050 175
1879060 174
1879070 174
1879080 174
1879090 174
1879100 174
1879110 174
1879120 173
1879130 173
1879140 173
1879150 173
1879160 173
1879170 173
1879180 173
1879190 173
1879200 173
1879210 173
1879220 173
1879230 173
1879240 173
1879250 173
1879260 173
1879270 173
1879280 173
1879290 173
1879300 173
1879310 173
1879320 173
1879330 173
1879340 173
1879350 173
1879360 173
1879370 173
1879380 174
1879390 174
1879400 174
1879410 174
1879420 174
1879430 174
1879440 174
1879450 175
1879460 175
1879470 175
1879480 175
1879490 175
1879500 175
1879510 175
1879520 175
1879530 175
1879540 175
1879550 175
1879560 175
1879570 175
1879580 175
1879590 175
1879600 174
1879610 174
1879620 174
1879630 174
1879640 174
1879650 174
1879660 174
1879670 174
1879680 174
1879690 174
1879700 174
1879710 174
1879720 174
1879730 174
1879740 175
1879750 175
1879760 175
1879770 175
1879780 175
1879790 175
1879800 175
1879810 175
1879820 175
1879830 175
1879840 175
1879850 175
1879860 175
1879870 175
1879880 174
1879890 174
1879900 174
1879910 174
1879920 174
1879930 174
1879940 174
1879950 174
1879960 174
1879970 173
1879980 173
1879990 173
