1860000 184
1860010 184
1860020 184
1860030 184
1860040 184
1860050 184
1860060 184
1860070 184
1860080 184
1860090 184
1860100 183
1860110 183
1860120 183
1860130 183
1860140 183
1860150 183
1860160 182
1860170 182
1860180 182
1860190 182
1860200 182
1860210 182
1860220 182
1860230 182
1860240 182
1860250 182
1860260 182
1860270 181
1860280 181
1860290 181
1860300 181
1860310 181
1860320 181
1860330 181
1860340 180
1860350 180
1860360 180
1860370 180
1860380 180
1860390 180
1860400 180
1860410 180
1860420 180
1860430 180
1860440 180
1860450 180
1860460 180
1860470 180
1860480 180
1860490 180
1860500 180
1860510 180
1860520 180
1860530 180
1860540 179
1860550 179
1860560 179
1860570 179
1860580 179
1860590 179
1860600 178
1860610 178
1860620 178
1860630 178
1860640 178
1860650 178
1860660 178
1860670 178
1860680 177
1860690 177
1860700 177
1860710 177
1860720 177
1860730 177
1860740 177
1860750 177
1860760 177
1860770 177
1860780 177
1860790 177
1860800 177
1860810 177
1860820 177
1860830 176
1860840 176
1860850 176
1860860 176
1860870 176
1860880 176
1860890 176
1860900 176
1860910 176
1860920 176
1860930 176
1860940 176
1860950 176
1860960 176
1860970 176
1860980 177
1860990 177
1861000 177
1861010 177
1861020 177
1861030 177
1861040 177
1861050 178
1861060 178
1861070 178
1861080 178
1861090 178
1861100 179
1861110 179
1861120 179
1861130 179
1861140 180
1861150 180
1861160 180
1861170 180
1861180 180
1861190 180
1861200 180
1861210 180
1861220 180
1861230 180
1861240 180
1861250 180
1861260 180
1861270 180
1861280 180
1861290 180
1861300 180
1861310 181
1861320 181
1861330 181
1861340 181
1861350 181
1861360 181
1861370 181
1861380 181
1861390 181
1861400 181
1861410 181
1861420 181
1861430 181
1861440 181
1861450 181
1861460 181
1861470 181
1861480 181
1861490 181
1861500 181
1861510 181
1861520 181
1861530 181
1861540 181
1861550 180
1861560 180
1861570 180
1861580 180
1861590 180
1861600 180
1861610 180
1861620 180
1861630 180
1861640 180
1861650 180
1861660 180
1861670 180
1861680 180
1861690 180
1861700 180
1861710 180
1861720 180
1861730 180
1861740 180
1861750 180
1861760 180
1861770 180
1861780 180
1861790 180
1861800 180
1861810 180
1861820 180
1861830 180
1861840 180
1861850 180
1861860 179
1861870 179
1861880 179
1861890 179
1861900 179
1861910 179
1861920 179
1861930 179
1861940 179
1861950 178
1861960 178
1861970 178
1861980 178
1861990 178
1862000 178
1862010 178
1862020 178
1862030 178
1862040 178
1862050 177
1862060 177
1862070 177
1862080 177
1862090 177
1862100 176
1862110 176
1862120 176
1862130 175
1862140 175
1862150 175
1862160 175
1862170 174
1862180 174
1862190 174
1862200 174
1862210 174
1862220 173
1862230 173
1862240 173
1862250 173
1862260 173
1862270 173
1862280 173
1862290 173
1862300 173
1862310 172
1862320 172
1862330 172
1862340 172
1862350 172
1862360 172
1862370 172
1862380 172
1862390 172
1862400 172
1862410 172
1862420 172
1862430 172
1862440 172
1862450 172
1862460 172
1862470 172
1862480 172
1862490 172
1862500 172
1862510 172
1862520 172
1862530 172
1862540 172
1862550 172
1862560 172
1862570 172
1862580 172
1862590 172
1862600 172
1862610 172
1862620 172
1862630 173
1862640 171
1862650 171
1862660 172
1862670 172
1862680 172
1862690 172
1862700 172
1862710 172
1862720 172
1862730 172
1862740 172
1862750 172
1862760 172
1862770 172
1862780 172
1862790 173
1862800 173
1862810 173
1862820 174
1862830 174
1862840 174
1862850 174
1862860 174
1862870 175
1862880 175
1862890 175
1862900 175
1862910 175
1862920 175
1862930 176
1862940 176
1862950 176
1862960 176
1862970 176
1862980 176
1862990 177
1863000 177
1863010 177
1863020 177
1863030 177
1863040 177
1863050 177
1863060 177
1863070 177
1863080 177
1863090 178
1863100 178
1863110 178
1863120 178
1863130 178
1863140 178
1863150 178
1863160 178
1863170 178
1863180 178
1863190 178
1863200 177
1863210 177
1863220 177
1863230 177
1863240 177
1863250 177
1863260 177
1863270 177
1863280 177
1863290 177
1863300 177
1863310 177
1863320 177
1863330 177
1863340 177
1863350 177
1863360 177
1863370 177
1863380 177
1863390 177
1863400 177
1863410 177
1863420 177
1863430 177
1863440 177
1863450 177
1863460 177
1863470 177
1863480 177
1863490 177
1863500 177
1863510 177
1863520 177
1863530 177
1863540 177
1863550 177
1863560 177
1863570 177
1863580 177
1863590 177
1863600 177
1863610 177
1863620 177
1863630 177
1863640 177
1863650 177
1863660 177
1863670 177
1863680 177
1863690 177
1863700 177
1863710 177
1863720 177
1863730 177
1863740 177
1863750 177
1863760 177
1863770 176
1863780 176
1863790 176
1863800 176
1863810 176
1863820 176
1863830 176
1863840 176
1863850 176
1863860 176
1863870 176
1863880 176
1863890 176
1863900 176
1863910 176
1863920 176
1863930 176
1863940 176
1863950 176
1863960 176
1863970 176
1863980 176
1863990 176
1864000 176
1864010 176
1864020 177
1864030 177
1864040 177
1864050 177
1864060 177
1864070 177
1864080 178
1864090 178
1864100 178
1864110 178
1864120 178
1864130 178
1864140 178
1864150 179
1864160 179
1864170 179
1864180 180
1864190 180
1864200 181
1864210 181
1864220 181
1864230 181
1864240 182
1864250 182
1864260 182
1864270 183
1864280 183
1864290 184
1864300 184
1864310 184
1864320 185
1864330 185
1864340 185
1864350 185
1864360 186
1864370 186
1864380 186
1864390 187
1864400 187
1864410 187
1864420 187
1864430 187
1864440 188
1864450 188
1864460 189
1864470 190
1864480 190
1864490 190
1864500 191
1864510 191
1864520 192
1864530 192
1864540 192
1864550 192
1864560 192
1864570 192
1864580 193
1864590 193
1864600 193
1864610 192
1864620 192
1864630 192
1864640 192
1864650 191
1864660 191
1864670 191
1864680 191
1864690 191
1864700 191
1864710 191
1864720 191
1864730 191
1864740 192
1864750 192
1864760 192
1864770 193
1864780 193
1864790 194
1864800 194
1864810 194
1864820 195
1864830 195
1864840 195
1864850 195
1864860 196
1864870 196
1864880 196
1864890 197
1864900 197
1864910 197
1864920 197
1864930 197
1864940 197
1864950 198
1864960 198
1864970 198
1864980 199
1864990 199
1865000 199
1865010 200
1865020 200
1865030 200
1865040 201
1865050 201
1865060 201
1865070 201
1865080 202
1865090 202
1865100 202
1865110 202
1865120 202
1865130 202
1865140 201
1865150 201
1865160 201
1865170 200
1865180 200
1865190 200
1865200 199
1865210 198
1865220 198
1865230 197
1865240 197
1865250 197
1865260 196
1865270 194
1865280 194
1865290 193
1865300 193
1865310 193
1865320 192
1865330 191
1865340 191
1865350 190
1865360 189
1865370 189
1865380 189
1865390 188
1865400 188
1865410 188
1865420 188
1865430 188
1865440 187
1865450 188
1865460 188
1865470 188
1865480 188
1865490 188
1865500 188
1865510 188
1865520 188
1865530 189
1865540 189
1865550 189
1865560 189
1865570 189
1865580 189
1865590 189
1865600 189
1865610 188
1865620 188
1865630 189
1865640 189
1865650 189
1865660 190
1865670 190
1865680 190
1865690 191
1865700 191
1865710 192
1865720 192
1865730 193
1865740 193
1865750 193
1865760 194
1865770 194
1865780 194
1865790 194
1865800 195
1865810 195
1865820 195
1865830 195
1865840 195
1865850 195
1865860 194
1865870 194
1865880 194
1865890 193
1865900 193
1865910 191
1865920 190
1865930 190
1865940 189
1865950 187
1865960 187
1865970 187
1865980 186
1865990 186
1866000 186
1866010 186
1866020 186
1866030 185
1866040 185
1866050 185
1866060 185
1866070 185
1866080 185
1866090 184
1866100 184
1866110 184
1866120 184
1866130 184
1866140 184
1866150 184
1866160 184
1866170 184
1866180 184
1866190 184
1866200 184
1866210 184
1866220 185
1866230 185
1866240 185
1866250 185
1866260 185
1866270 186
1866280 186
1866290 185
1866300 185
1866310 185
1866320 185
1866330 185
1866340 185
1866350 185
1866360 185
1866370 185
1866380 185
1866390 185
1866400 185
1866410 185
1866420 185
1866430 185
1866440 185
1866450 185
1866460 185
1866470 184
1866480 184
1866490 184
1866500 184
1866510 184
1866520 184
1866530 184
1866540 184
1866550 184
1866560 183
1866570 183
1866580 183
1866590 183
1866600 182
1866610 182
1866620 182
1866630 182
1866640 182
1866650 182
1866660 181
1866670 181
1866680 181
1866690 181
1866700 181
1866710 181
1866720 181
1866730 181
1866740 181
1866750 181
1866760 181
1866770 181
1866780 181
1866790 181
1866800 181
1866810 182
1866820 182
1866830 182
1866840 182
1866850 182
1866860 182
1866870 182
1866880 182
1866890 182
1866900 182
1866910 182
1866920 182
1866930 182
1866940 182
1866950 182
1866960 182
1866970 182
1866980 181
1866990 181
1867000 181
1867010 181
1867020 181
1867030 181
1867040 181
1867050 181
1867060 181
1867070 181
1867080 181
1867090 181
1867100 181
1867110 181
1867120 181
1867130 181
1867140 181
1867150 181
1867160 181
1867170 181
1867180 181
1867190 181
1867200 181
1867210 181
1867220 181
1867230 181
1867240 181
1867250 181
1867260 181
1867270 181
1867280 181
1867290 181
1867300 181
1867310 181
1867320 181
1867330 181
1867340 182
1867350 182
1867360 182
1867370 182
1867380 182
1867390 182
1867400 182
1867410 182
1867420 182
1867430 182
1867440 182
1867450 182
1867460 182
1867470 182
1867480 182
1867490 182
1867500 182
1867510 183
1867520 183
1867530 183
1867540 183
1867550 183
1867560 183
1867570 183
1867580 183
1867590 183
1867600 183
1867610 183
1867620 183
1867630 183
1867640 183
1867650 183
1867660 184
1867670 184
1867680 184
1867690 184
1867700 184
1867710 184
1867720 184
1867730 184
1867740 184
1867750 185
1867760 185
1867770 185
1867780 185
1867790 185
1867800 185
1867810 185
1867820 185
1867830 185
1867840 186
1867850 186
1867860 186
1867870 186
1867880 186
1867890 186
1867900 187
1867910 187
1867920 187
1867930 187
1867940 187
1867950 187
1867960 188
1867970 188
1867980 188
1867990 188
1868000 188
1868010 189
1868020 189
1868030 189
1868040 189
1868050 189
1868060 189
1868070 190
1868080 190
1868090 190
1868100 190
1868110 190
1868120 190
1868130 191
1868140 191
1868150 191
1868160 191
1868170 191
1868180 191
1868190 191
1868200 192
1868210 192
1868220 192
1868230 192
1868240 192
1868250 193
1868260 193
1868270 193
1868280 193
1868290 193
1868300 194
1868310 194
1868320 194
1868330 194
1868340 195
1868350 195
1868360 196
1868370 196
1868380 196
1868390 197
1868400 197
1868410 197
1868420 198
1868430 199
1868440 199
1868450 200
1868460 201
1868470 201
1868480 201
1868490 202
1868500 202
1868510 203
1868520 204
1868530 204
1868540 205
1868550 205
1868560 205
1868570 206
1868580 206
1868590 206
1868600 206
1868610 206
1868620 206
1868630 206
1868640 206
1868650 206
1868660 207
1868670 207
1868680 206
1868690 207
1868700 207
1868710 207
1868720 207
1868730 208
1868740 208
1868750 208
1868760 208
1868770 208
1868780 208
1868790 209
1868800 209
1868810 209
1868820 210
1868830 210
1868840 210
1868850 211
1868860 211
1868870 211
1868880 212
1868890 212
1868900 212
1868910 212
1868920 213
1868930 213
1868940 213
1868950 214
1868960 215
1868970 215
1868980 215
1868990 216
1869000 216
1869010 217
1869020 218
1869030 218
1869040 219
1869050 220
1869060 220
1869070 221
1869080 222
1869090 222
1869100 223
1869110 224
1869120 224
1869130 225
1869140 226
1869150 226
1869160 226
1869170 226
1869180 226
1869190 226
1869200 226
1869210 226
1869220 226
1869230 225
1869240 225
1869250 225
1869260 225
1869270 225
1869280 225
1869290 224
1869300 224
1869310 224
1869320 224
1869330 224
1869340 224
1869350 223
1869360 223
1869370 223
1869380 222
1869390 222
1869400 222
1869410 222
1869420 222
1869430 222
1869440 222
1869450 222
1869460 222
1869470 222
1869480 222
1869490 221
1869500 221
1869510 221
1869520 221
1869530 221
1869540 220
1869550 220
1869560 220
1869570 220
1869580 219
1869590 219
1869600 219
1869610 219
1869620 219
1869630 218
1869640 218
1869650 218
1869660 218
1869670 218
1869680 218
1869690 217
1869700 217
1869710 217
1869720 217
1869730 217
1869740 217
1869750 217
1869760 216
1869770 216
1869780 216
1869790 215
1869800 215
1869810 214
1869820 213
1869830 213
1869840 213
1869850 213
1869860 213
1869870 213
1869880 214
1869890 214
1869900 214
1869910 214
1869920 214
1869930 215
1869940 215
1869950 215
1869960 215
1869970 214
1869980 214
1869990 214
1870000 214
1870010 214
1870020 213
1870030 213
1870040 213
1870050 213
1870060 212
1870070 212
1870080 212
1870090 212
1870100 212
1870110 211
1870120 210
1870130 210
1870140 210
1870150 209
1870160 209
1870170 207
1870180 207
1870190 206
1870200 207
1870210 207
1870220 208
1870230 210
1870240 210
1870250 212
1870260 214
1870270 214
1870280 217
1870290 218
1870300 218
1870310 219
1870320 219
1870330 219
1870340 218
1870350 217
1870360 217
1870370 215
1870380 216
1870390 216
1870400 215
1870410 215
1870420 215
1870430 214
1870440 215
1870450 215
1870460 216
1870470 218
1870480 218
1870490 221
1870500 224
1870510 224
1870520 226
1870530 227
1870540 227
1870550 228
1870560 228
1870570 228
1870580 228
1870590 228
1870600 228
1870610 228
1870620 228
1870630 228
1870640 228
1870650 228
1870660 228
1870670 229
1870680 229
1870690 229
1870700 229
1870710 230
1870720 230
1870730 230
1870740 230
1870750 230
1870760 230
1870770 229
1870780 229
1870790 229
1870800 229
1870810 228
1870820 228
1870830 228
1870840 227
1870850 226
1870860 226
1870870 226
1870880 225
1870890 225
1870900 225
1870910 224
1870920 224
1870930 223
1870940 222
1870950 222
1870960 221
1870970 219
1870980 219
1870990 218
1871000 218
1871010 218
1871020 217
1871030 217
1871040 217
1871050 218
1871060 220
1871070 220
1871080 221
1871090 220
1871100 220
1871110 220
1871120 221
1871130 221
1871140 221
1871150 221
1871160 221
1871170 222
1871180 222
1871190 222
1871200 222
1871210 222
1871220 222
1871230 222
1871240 222
1871250 222
1871260 222
1871270 222
1871280 222
1871290 222
1871300 222
1871310 222
1871320 222
1871330 223
1871340 223
1871350 223
1871360 223
1871370 223
1871380 223
1871390 223
1871400 224
1871410 224
1871420 224
1871430 224
1871440 224
1871450 224
1871460 224
1871470 224
1871480 224
1871490 224
1871500 224
1871510 224
1871520 224
1871530 224
1871540 224
1871550 224
1871560 224
1871570 224
1871580 223
1871590 223
1871600 223
1871610 223
1871620 223
1871630 223
1871640 222
1871650 222
1871660 222
1871670 222
1871680 221
1871690 221
1871700 221
1871710 221
1871720 221
1871730 220
1871740 220
1871750 220
1871760 220
1871770 219
1871780 219
1871790 219
1871800 219
1871810 219
1871820 219
1871830 218
1871840 218
1871850 218
1871860 218
1871870 218
1871880 218
1871890 217
1871900 217
1871910 217
1871920 216
1871930 216
1871940 216
1871950 216
1871960 216
1871970 215
1871980 215
1871990 215
1872000 215
1872010 214
1872020 214
1872030 214
1872040 214
1872050 214
1872060 214
1872070 213
1872080 213
1872090 213
1872100 213
1872110 212
1872120 212
1872130 212
1872140 211
1872150 211
1872160 211
1872170 210
1872180 210
1872190 210
1872200 210
1872210 209
1872220 209
1872230 209
1872240 209
1872250 209
1872260 208
1872270 208
1872280 208
1872290 208
1872300 208
1872310 208
1872320 207
1872330 207
1872340 207
1872350 206
1872360 206
1872370 206
1872380 206
1872390 206
1872400 206
1872410 206
1872420 206
1872430 206
1872440 205
1872450 204
1872460 204
1872470 204
1872480 204
1872490 204
1872500 204
1872510 204
1872520 204
1872530 204
1872540 203
1872550 203
1872560 203
1872570 202
1872580 202
1872590 202
1872600 201
1872610 201
1872620 201
1872630 201
1872640 201
1872650 200
1872660 200
1872670 200
1872680 200
1872690 200
1872700 200
1872710 199
1872720 199
1872730 199
1872740 199
1872750 199
1872760 199
1872770 198
1872780 198
1872790 198
1872800 197
1872810 197
1872820 197
1872830 197
1872840 197
1872850 196
1872860 196
1872870 196
1872880 196
1872890 195
1872900 195
1872910 195
1872920 194
1872930 194
1872940 194
1872950 193
1872960 193
1872970 193
1872980 193
1872990 193
1873000 192
1873010 192
1873020 192
1873030 191
1873040 191
1873050 191
1873060 190
1873070 190
1873080 190
1873090 189
1873100 189
1873110 189
1873120 188
1873130 187
1873140 187
1873150 187
1873160 186
1873170 186
1873180 184
1873190 183
1873200 183
1873210 182
1873220 182
1873230 182
1873240 181
1873250 181
1873260 181
1873270 180
1873280 180
1873290 180
1873300 180
1873310 180
1873320 180
1873330 179
1873340 179
1873350 179
1873360 179
1873370 179
1873380 179
1873390 180
1873400 180
1873410 180
1873420 179
1873430 179
1873440 179
1873450 180
1873460 180
1873470 180
1873480 180
1873490 180
1873500 182
1873510 186
1873520 186
1873530 188
1873540 189
1873550 189
1873560 189
1873570 190
1873580 190
1873590 191
1873600 192
1873610 192
1873620 194
1873630 196
1873640 196
1873650 200
1873660 204
1873670 204
1873680 207
1873690 208
1873700 208
1873710 208
1873720 209
1873730 209
1873740 209
1873750 209
1873760 209
1873770 209
1873780 209
1873790 209
1873800 208
1873810 208
1873820 208
1873830 207
1873840 207
1873850 207
1873860 206
1873870 205
1873880 205
1873890 205
1873900 204
1873910 204
1873920 203
1873930 202
1873940 202
1873950 201
1873960 201
1873970 201
1873980 200
1873990 200
1874000 199
1874010 199
1874020 199
1874030 198
1874040 198
1874050 198
1874060 198
1874070 198
1874080 198
1874090 199
1874100 199
1874110 199
1874120 199
1874130 198
1874140 198
1874150 198
1874160 198
1874170 198
1874180 197
1874190 198
1874200 198
1874210 198
1874220 199
1874230 199
1874240 199
1874250 200
1874260 200
1874270 200
1874280 200
1874290 200
1874300 200
1874310 200
1874320 200
1874330 200
1874340 200
1874350 200
1874360 200
1874370 200
1874380 200
1874390 199
1874400 199
1874410 199
1874420 199
1874430 199
1874440 199
1874450 199
1874460 199
1874470 199
1874480 199
1874490 198
1874500 198
1874510 198
1874520 198
1874530 198
1874540 198
1874550 198
1874560 198
1874570 198
1874580 197
1874590 197
1874600 196
1874610 196
1874620 196
1874630 196
1874640 196
1874650 195
1874660 194
1874670 194
1874680 194
1874690 194
1874700 194
1874710 194
1874720 195
1874730 195
1874740 195
1874750 196
1874760 196
1874770 196
1874780 196
1874790 196
1874800 196
1874810 195
1874820 195
1874830 195
1874840 195
1874850 195
1874860 195
1874870 194
1874880 194
1874890 194
1874900 194
1874910 194
1874920 194
1874930 194
1874940 194
1874950 194
1874960 194
1874970 194
1874980 194
1874990 194
1875000 194
1875010 194
1875020 194
1875030 194
1875040 193
1875050 193
1875060 193
1875070 193
1875080 193
1875090 193
1875100 193
1875110 193
1875120 193
1875130 193
1875140 193
1875150 193
1875160 193
1875170 193
1875180 193
1875190 194
1875200 194
1875210 194
1875220 194
1875230 194
1875240 194
1875250 194
1875260 194
1875270 194
1875280 194
1875290 194
1875300 194
1875310 193
1875320 193
1875330 193
1875340 193
1875350 193
1875360 193
1875370 193
1875380 193
1875390 193
1875400 193
1875410 193
1875420 193
1875430 194
1875440 194
1875450 194
1875460 194
1875470 194
1875480 194
1875490 194
1875500 194
1875510 194
1875520 194
1875530 194
1875540 194
1875550 194
1875560 194
1875570 194
1875580 194
1875590 194
1875600 194
1875610 194
1875620 194
1875630 194
1875640 195
1875650 195
1875660 195
1875670 194
1875680 194
1875690 194
1875700 194
1875710 194
1875720 194
1875730 194
1875740 194
1875750 194
1875760 194
1875770 194
1875780 194
1875790 194
1875800 194
1875810 194
1875820 194
1875830 194
1875840 194
1875850 194
1875860 194
1875870 194
1875880 194
1875890 194
1875900 194
1875910 194
1875920 194
1875930 194
1875940 194
1875950 194
1875960 194
1875970 194
1875980 194
1875990 194
1876000 194
1876010 194
1876020 194
1876030 194
1876040 194
1876050 194
1876060 194
1876070 195
1876080 195
1876090 195
1876100 195
1876110 195
1876120 195
1876130 195
1876140 195
1876150 195
1876160 195
1876170 195
1876180 195
1876190 195
1876200 195
1876210 195
1876220 195
1876230 196
1876240 196
1876250 196
1876260 196
1876270 196
1876280 196
1876290 196
1876300 196
1876310 195
1876320 195
1876330 195
1876340 195
1876350 195
1876360 195
1876370 195
1876380 195
1876390 195
1876400 195
1876410 195
1876420 195
1876430 195
1876440 195
1876450 195
1876460 195
1876470 195
1876480 195
1876490 195
1876500 195
1876510 195
1876520 195
1876530 195
1876540 195
1876550 195
1876560 195
1876570 195
1876580 195
1876590 195
1876600 195
1876610 194
1876620 194
1876630 194
1876640 194
1876650 194
1876660 194
1876670 194
1876680 194
1876690 194
1876700 194
1876710 194
1876720 194
1876730 194
1876740 194
1876750 193
1876760 193
1876770 193
1876780 193
1876790 193
1876800 193
1876810 193
1876820 193
1876830 193
1876840 192
1876850 192
1876860 192
1876870 192
1876880 192
1876890 192
1876900 192
1876910 191
1876920 191
1876930 191
1876940 191
1876950 191
1876960 191
1876970 191
1876980 191
1876990 191
1877000 190
1877010 190
1877020 190
1877030 190
1877040 190
1877050 190
1877060 189
1877070 189
1877080 189
1877090 189
1877100 189
1877110 189
1877120 188
1877130 188
1877140 188
1877150 188
1877160 188
1877170 188
1877180 188
1877190 188
1877200 187
1877210 187
1877220 187
1877230 187
1877240 187
1877250 187
1877260 187
1877270 187
1877280 186
1877290 186
1877300 186
1877310 186
1877320 186
1877330 186
1877340 186
1877350 185
1877360 185
1877370 185
1877380 185
1877390 185
1877400 185
1877410 185
1877420 185
1877430 185
1877440 185
1877450 185
1877460 185
1877470 184
1877480 184
1877490 184
1877500 184
1877510 184
1877520 184
1877530 184
1877540 184
1877550 183
1877560 183
1877570 183
1877580 183
1877590 183
1877600 183
1877610 182
1877620 182
1877630 182
1877640 182
1877650 182
1877660 182
1877670 181
1877680 181
1877690 181
1877700 181
1877710 181
1877720 181
1877730 181
1877740 180
1877750 180
1877760 180
1877770 180
1877780 180
1877790 180
1877800 180
1877810 180
1877820 180
1877830 180
1877840 180
1877850 179
1877860 179
1877870 179
1877880 179
1877890 179
1877900 179
1877910 179
1877920 179
1877930 179
1877940 179
1877950 179
1877960 179
1877970 179
1877980 179
1877990 179
1878000 178
1878010 178
1878020 178
1878030 178
1878040 178
1878050 178
1878060 178
1878070 178
1878080 178
1878090 178
1878100 178
1878110 178
1878120 178
1878130 178
1878140 178
1878150 177
1878160 177
1878170 177
1878180 177
1878190 177
1878200 177
1878210 177
1878220 177
1878230 177
1878240 177
1878250 177
1878260 177
1878270 177
1878280 177
1878290 177
1878300 177
1878310 177
1878320 177
1878330 177
1878340 177
1878350 177
1878360 177
1878370 177
1878380 177
1878390 177
1878400 177
1878410 177
1878420 177
1878430 177
1878440 177
1878450 177
1878460 177
1878470 177
1878480 177
1878490 177
1878500 177
1878510 177
1878520 177
1878530 177
1878540 177
1878550 177
1878560 177
1878570 177
1878580 177
1878590 177
1878600 177
1878610 177
1878620 177
1878630 177
1878640 177
1878650 177
1878660 177
1878670 177
1878680 176
1878690 176
1878700 176
1878710 176
1878720 176
1878730 176
1878740 176
1878750 176
1878760 176
1878770 176
1878780 176
1878790 176
1878800 176
1878810 176
1878820 176
1878830 175
1878840 175
1878850 175
1878860 175
1878870 175
1878880 175
1878890 175
1878900 175
1878910 175
1878920 175
1878930 175
1878940 175
1878950 175
1878960 175
1878970 175
1878980 175
1878990 175
1879000 175
1879010 174
1879020 174
1879030 174
1879040 174
1879050 174
1879060 175
1879070 175
1879080 175
1879090 174
1879100 174
1879110 174
1879120 174
1879130 174
1879140 174
1879150 174
1879160 174
1879170 174
1879180 174
1879190 174
1879200 174
1879210 174
1879220 174
1879230 174
1879240 174
1879250 174
1879260 174
1879270 174
1879280 174
1879290 174
1879300 174
1879310 174
1879320 174
1879330 174
1879340 174
1879350 174
1879360 174
1879370 174
1879380 174
1879390 174
1879400 174
1879410 173
1879420 173
1879430 173
1879440 173
1879450 173
1879460 173
1879470 173
1879480 173
1879490 173
1879500 174
1879510 174
1879520 174
1879530 174
1879540 173
1879550 173
1879560 173
1879570 173
1879580 173
1879590 173
1879600 173
1879610 173
1879620 173
1879630 173
1879640 173
1879650 173
1879660 173
1879670 173
1879680 172
1879690 172
1879700 172
1879710 172
1879720 172
1879730 172
1879740 172
1879750 171
1879760 171
1879770 171
1879780 171
1879790 171
1879800 171
1879810 171
1879820 171
1879830 171
1879840 171
1879850 171
1879860 171
1879870 171
1879880 171
1879890 171
1879900 171
1879910 171
1879920 171
1879930 171
1879940 171
1879950 171
1879960 171
1879970 171
1879980 171
1879990 171
1860000 184
1860010 184
1860020 184
1860030 184
1860040 184
1860050 184
1860060 184
1860070 184
1860080 184
1860090 184
1860100 183
1860110 183
1860120 183
1860130 183
1860140 183
1860150 183
1860160 182
1860170 182
1860180 182
1860190 182
1860200 182
1860210 182
1860220 182
1860230 182
1860240 182
1860250 182
1860260 182
1860270 181
1860280 181
1860290 181
1860300 181
1860310 181
1860320 181
1860330 181
1860340 180
1860350 180
1860360 180
1860370 180
1860380 180
1860390 180
1860400 180
1860410 180
1860420 180
1860430 180
1860440 180
1860450 180
1860460 180
1860470 180
1860480 180
1860490 180
1860500 180
1860510 180
1860520 180
1860530 180
1860540 179
1860550 179
1860560 179
1860570 179
1860580 179
1860590 179
1860600 178
1860610 178
1860620 178
1860630 178
1860640 178
1860650 178
1860660 178
1860670 178
1860680 177
1860690 177
1860700 177
1860710 177
1860720 177
1860730 177
1860740 177
1860750 177
1860760 177
1860770 177
1860780 177
1860790 177
1860800 177
1860810 177
1860820 177
1860830 176
1860840 176
1860850 176
1860860 176
1860870 176
1860880 176
1860890 176
1860900 176
1860910 176
1860920 176
1860930 176
1860940 176
1860950 176
1860960 176
1860970 176
1860980 177
1860990 177
1861000 177
1861010 177
1861020 177
1861030 177
1861040 177
1861050 178
1861060 178
1861070 178
1861080 178
1861090 178
1861100 179
1861110 179
1861120 179
1861130 179
1861140 180
1861150 180
1861160 180
1861170 180
1861180 180
1861190 180
1861200 180
1861210 180
1861220 180
1861230 180
1861240 180
1861250 180
1861260 180
1861270 180
1861280 180
1861290 180
1861300 180
1861310 181
1861320 181
1861330 181
1861340 181
1861350 181
1861360 181
1861370 181
1861380 181
1861390 181
1861400 181
1861410 181
1861420 181
1861430 181
1861440 181
1861450 181
1861460 181
1861470 181
1861480 181
1861490 181
1861500 181
1861510 181
1861520 181
1861530 181
1861540 181
1861550 180
1861560 180
1861570 180
1861580 180
1861590 180
1861600 180
1861610 180
1861620 180
1861630 180
1861640 180
1861650 180
1861660 180
1861670 180
1861680 180
1861690 180
1861700 180
1861710 180
1861720 180
1861730 180
1861740 180
1861750 180
1861760 180
1861770 180
1861780 180
1861790 180
1861800 180
1861810 180
1861820 180
1861830 180
1861840 180
1861850 180
1861860 179
1861870 179
1861880 179
1861890 179
1861900 179
1861910 179
1861920 179
1861930 179
1861940 179
1861950 178
1861960 178
1861970 178
1861980 178
1861990 178
1862000 178
1862010 178
1862020 178
1862030 178
1862040 178
1862050 177
1862060 177
1862070 177
1862080 177
1862090 177
1862100 176
1862110 176
1862120 176
1862130 175
1862140 175
1862150 175
1862160 175
1862170 174
1862180 174
1862190 174
1862200 174
1862210 174
1862220 173
1862230 173
1862240 173
1862250 173
1862260 173
1862270 173
1862280 173
1862290 173
1862300 173
1862310 172
1862320 172
1862330 172
1862340 172
1862350 172
1862360 172
1862370 172
1862380 172
1862390 172
1862400 172
1862410 172
1862420 172
1862430 172
1862440 172
1862450 172
1862460 172
1862470 172
1862480 172
1862490 172
1862500 172
1862510 172
1862520 172
1862530 172
1862540 172
1862550 172
1862560 172
1862570 172
1862580 172
1862590 172
1862600 172
1862610 172
1862620 172
1862630 173
1862640 171
1862650 171
1862660 172
1862670 172
1862680 172
1862690 172
1862700 172
1862710 172
1862720 172
1862730 172
1862740 172
1862750 172
1862760 172
1862770 172
1862780 172
1862790 173
1862800 173
1862810 173
1862820 174
1862830 174
1862840 174
1862850 174
1862860 174
1862870 175
1862880 175
1862890 175
1862900 175
1862910 175
1862920 175
1862930 176
1862940 176
1862950 176
1862960 176
1862970 176
1862980 176
1862990 177
1863000 177
1863010 177
1863020 177
1863030 177
1863040 177
1863050 177
1863060 177
1863070 177
1863080 177
1863090 178
1863100 178
1863110 178
1863120 178
1863130 178
1863140 178
1863150 178
1863160 178
1863170 178
1863180 178
1863190 178
1863200 177
1863210 177
1863220 177
1863230 177
1863240 177
1863250 177
1863260 177
1863270 177
1863280 177
1863290 177
1863300 177
1863310 177
1863320 177
1863330 177
1863340 177
1863350 177
1863360 177
1863370 177
1863380 177
1863390 177
1863400 177
1863410 177
1863420 177
1863430 177
1863440 177
1863450 177
1863460 177
1863470 177
1863480 177
1863490 177
1863500 177
1863510 177
1863520 177
1863530 177
1863540 177
1863550 177
1863560 177
1863570 177
1863580 177
1863590 177
1863600 177
1863610 177
1863620 177
1863630 177
1863640 177
1863650 177
1863660 177
1863670 177
1863680 177
1863690 177
1863700 177
1863710 177
1863720 177
1863730 177
1863740 177
1863750 177
1863760 177
1863770 176
1863780 176
1863790 176
1863800 176
1863810 176
1863820 176
1863830 176
1863840 176
1863850 176
1863860 176
1863870 176
1863880 176
1863890 176
1863900 176
1863910 176
1863920 176
1863930 176
1863940 176
1863950 176
1863960 176
1863970 176
1863980 176
1863990 176
1864000 176
1864010 176
1864020 177
1864030 177
1864040 177
1864050 177
1864060 177
1864070 177
1864080 178
1864090 178
1864100 178
1864110 178
1864120 178
1864130 178
1864140 178
1864150 179
1864160 179
1864170 179
1864180 180
1864190 180
1864200 181
1864210 181
1864220 181
1864230 181
1864240 182
1864250 182
1864260 182
1864270 183
1864280 183
1864290 184
1864300 184
1864310 184
1864320 185
1864330 185
1864340 185
1864350 185
1864360 186
1864370 186
1864380 186
1864390 187
1864400 187
1864410 187
1864420 187
1864430 187
1864440 188
1864450 188
1864460 189
1864470 190
1864480 190
1864490 190
1864500 191
1864510 191
1864520 192
1864530 192
1864540 192
1864550 192
1864560 192
1864570 192
1864580 193
1864590 193
1864600 193
1864610 192
1864620 192
1864630 192
1864640 192
1864650 191
1864660 191
1864670 191
1864680 191
1864690 191
1864700 191
1864710 191
1864720 191
1864730 191
1864740 192
1864750 192
1864760 192
1864770 193
1864780 193
1864790 194
1864800 194
1864810 194
1864820 195
1864830 195
1864840 195
1864850 195
1864860 196
1864870 196
1864880 196
1864890 197
1864900 197
1864910 197
1864920 197
1864930 197
1864940 197
1864950 198
1864960 198
1864970 198
1864980 199
1864990 199
1865000 199
1865010 200
1865020 200
1865030 200
1865040 201
1865050 201
1865060 201
1865070 201
1865080 202
1865090 202
1865100 202
1865110 202
1865120 202
1865130 202
1865140 201
1865150 201
1865160 201
1865170 200
1865180 200
1865190 200
1865200 199
1865210 198
1865220 198
1865230 197
1865240 197
1865250 197
1865260 196
1865270 194
1865280 194
1865290 193
1865300 193
1865310 193
1865320 192
1865330 191
1865340 191
1865350 190
1865360 189
1865370 189
1865380 189
1865390 188
1865400 188
1865410 188
1865420 188
1865430 188
1865440 187
1865450 188
1865460 188
1865470 188
1865480 188
1865490 188
1865500 188
1865510 188
1865520 188
1865530 189
1865540 189
1865550 189
1865560 189
1865570 189
1865580 189
1865590 189
1865600 189
1865610 188
1865620 188
1865630 189
1865640 189
1865650 189
1865660 190
1865670 190
1865680 190
1865690 191
1865700 191
1865710 192
1865720 192
1865730 193
1865740 193
1865750 193
1865760 194
1865770 194
1865780 194
1865790 194
1865800 195
1865810 195
1865820 195
1865830 195
1865840 195
1865850 195
1865860 194
1865870 194
1865880 194
1865890 193
1865900 193
1865910 191
1865920 190
1865930 190
1865940 189
1865950 187
1865960 187
1865970 187
1865980 186
1865990 186
1866000 186
1866010 186
1866020 186
1866030 185
1866040 185
1866050 185
1866060 185
1866070 185
1866080 185
1866090 184
1866100 184
1866110 184
1866120 184
1866130 184
1866140 184
1866150 184
1866160 184
1866170 184
1866180 184
1866190 184
1866200 184
1866210 184
1866220 185
1866230 185
1866240 185
1866250 185
1866260 185
1866270 186
1866280 186
1866290 185
1866300 185
1866310 185
1866320 185
1866330 185
1866340 185
1866350 185
1866360 185
1866370 185
1866380 185
1866390 185
1866400 185
1866410 185
1866420 185
1866430 185
1866440 185
1866450 185
1866460 185
1866470 184
1866480 184
1866490 184
1866500 184
1866510 184
1866520 184
1866530 184
1866540 184
1866550 184
1866560 183
1866570 183
1866580 183
1866590 183
1866600 182
1866610 182
1866620 182
1866630 182
1866640 182
1866650 182
1866660 181
1866670 181
1866680 181
1866690 181
1866700 181
1866710 181
1866720 181
1866730 181
1866740 181
1866750 181
1866760 181
1866770 181
1866780 181
1866790 181
1866800 181
1866810 182
1866820 182
1866830 182
1866840 182
1866850 182
1866860 182
1866870 182
1866880 182
1866890 182
1866900 182
1866910 182
1866920 182
1866930 182
1866940 182
1866950 182
1866960 182
1866970 182
1866980 181
1866990 181
1867000 181
1867010 181
1867020 181
1867030 181
1867040 181
1867050 181
1867060 181
1867070 181
1867080 181
1867090 181
1867100 181
1867110 181
1867120 181
1867130 181
1867140 181
1867150 181
1867160 181
1867170 181
1867180 181
1867190 181
1867200 181
1867210 181
1867220 181
1867230 181
1867240 181
1867250 181
1867260 181
1867270 181
1867280 181
1867290 181
1867300 181
1867310 181
1867320 181
1867330 181
1867340 182
1867350 182
1867360 182
1867370 182
1867380 182
1867390 182
1867400 182
1867410 182
1867420 182
1867430 182
1867440 182
1867450 182
1867460 182
1867470 182
1867480 182
1867490 182
1867500 182
1867510 183
1867520 183
1867530 183
1867540 183
1867550 183
1867560 183
1867570 183
1867580 183
1867590 183
1867600 183
1867610 183
1867620 183
1867630 183
1867640 183
1867650 183
1867660 184
1867670 184
1867680 184
1867690 184
1867700 184
1867710 184
1867720 184
1867730 184
1867740 184
1867750 185
1867760 185
1867770 185
1867780 185
1867790 185
1867800 185
1867810 185
1867820 185
1867830 185
1867840 186
1867850 186
1867860 186
1867870 186
1867880 186
1867890 186
1867900 187
1867910 187
1867920 187
1867930 187
1867940 187
1867950 187
1867960 188
1867970 188
1867980 188
1867990 188
1868000 188
1868010 189
1868020 189
1868030 189
1868040 189
1868050 189
1868060 189
1868070 190
1868080 190
1868090 190
1868100 190
1868110 190
1868120 190
1868130 191
1868140 191
1868150 191
1868160 191
1868170 191
1868180 191
1868190 191
1868200 192
1868210 192
1868220 192
1868230 192
1868240 192
1868250 193
1868260 193
1868270 193
1868280 193
1868290 193
1868300 194
1868310 194
1868320 194
1868330 194
1868340 195
1868350 195
1868360 196
1868370 196
1868380 196
1868390 197
1868400 197
1868410 197
1868420 198
1868430 199
1868440 199
1868450 200
1868460 201
1868470 201
1868480 201
1868490 202
1868500 202
1868510 203
1868520 204
1868530 204
1868540 205
1868550 205
1868560 205
1868570 206
1868580 206
1868590 206
1868600 206
1868610 206
1868620 206
1868630 206
1868640 206
1868650 206
1868660 207
1868670 207
1868680 206
1868690 207
1868700 207
1868710 207
1868720 207
1868730 208
1868740 208
1868750 208
1868760 208
1868770 208
1868780 208
1868790 209
1868800 209
1868810 209
1868820 210
1868830 210
1868840 210
1868850 211
1868860 211
1868870 211
1868880 212
1868890 212
1868900 212
1868910 212
1868920 213
1868930 213
1868940 213
1868950 214
1868960 215
1868970 215
1868980 215
1868990 216
1869000 216
1869010 217
1869020 218
1869030 218
1869040 219
1869050 220
1869060 220
1869070 221
1869080 222
1869090 222
1869100 223
1869110 224
1869120 224
1869130 225
1869140 226
1869150 226
1869160 226
1869170 226
1869180 226
1869190 226
1869200 226
1869210 226
1869220 226
1869230 225
1869240 225
1869250 225
1869260 225
1869270 225
1869280 225
1869290 224
1869300 224
1869310 224
1869320 224
1869330 224
1869340 224
1869350 223
1869360 223
1869370 223
1869380 222
1869390 222
1869400 222
1869410 222
1869420 222
1869430 222
1869440 222
1869450 222
1869460 222
1869470 222
1869480 222
1869490 221
1869500 221
1869510 221
1869520 221
1869530 221
1869540 220
1869550 220
1869560 220
1869570 220
1869580 219
1869590 219
1869600 219
1869610 219
1869620 219
1869630 218
1869640 218
1869650 218
1869660 218
1869670 218
1869680 218
1869690 217
1869700 217
1869710 217
1869720 217
1869730 217
1869740 217
1869750 217
1869760 216
1869770 216
1869780 216
1869790 215
1869800 215
1869810 214
1869820 213
1869830 213
1869840 213
1869850 213
1869860 213
1869870 213
1869880 214
1869890 214
1869900 214
1869910 214
1869920 214
1869930 215
1869940 215
1869950 215
1869960 215
1869970 214
1869980 214
1869990 214
1870000 214
1870010 214
1870020 213
1870030 213
1870040 213
1870050 213
1870060 212
1870070 212
1870080 212
1870090 212
1870100 212
1870110 211
1870120 210
1870130 210
1870140 210
1870150 209
1870160 209
1870170 207
1870180 207
1870190 206
1870200 207
1870210 207
1870220 208
1870230 210
1870240 210
1870250 212
1870260 214
1870270 214
1870280 217
1870290 218
1870300 218
1870310 219
1870320 219
1870330 219
1870340 218
1870350 217
1870360 217
1870370 215
1870380 216
1870390 216
1870400 215
1870410 215
1870420 215
1870430 214
1870440 215
1870450 215
1870460 216
1870470 218
1870480 218
1870490 221
1870500 224
1870510 224
1870520 226
1870530 227
1870540 227
1870550 228
1870560 228
1870570 228
1870580 228
1870590 228
1870600 228
1870610 228
1870620 228
1870630 228
1870640 228
1870650 228
1870660 228
1870670 229
1870680 229
1870690 229
1870700 229
1870710 230
1870720 230
1870730 230
1870740 230
1870750 230
1870760 230
1870770 229
1870780 229
1870790 229
1870800 229
1870810 228
1870820 228
1870830 228
1870840 227
1870850 226
1870860 226
1870870 226
1870880 225
1870890 225
1870900 225
1870910 224
1870920 224
1870930 223
1870940 222
1870950 222
1870960 221
1870970 219
1870980 219
1870990 218
1871000 218
1871010 218
1871020 217
1871030 217
1871040 217
1871050 218
1871060 220
1871070 220
1871080 221
1871090 220
1871100 220
1871110 220
1871120 221
1871130 221
1871140 221
1871150 221
1871160 221
1871170 222
1871180 222
1871190 222
1871200 222
1871210 222
1871220 222
1871230 222
1871240 222
1871250 222
1871260 222
1871270 222
1871280 222
1871290 222
1871300 222
1871310 222
1871320 222
1871330 223
1871340 223
1871350 223
1871360 223
1871370 223
1871380 223
1871390 223
1871400 224
1871410 224
1871420 224
1871430 224
1871440 224
1871450 224
1871460 224
1871470 224
1871480 224
1871490 224
1871500 224
1871510 224
1871520 224
1871530 224
1871540 224
1871550 224
1871560 224
1871570 224
1871580 223
1871590 223
1871600 223
1871610 223
1871620 223
1871630 223
1871640 222
1871650 222
1871660 222
1871670 222
1871680 221
1871690 221
1871700 221
1871710 221
1871720 221
1871730 220
1871740 220
1871750 220
1871760 220
1871770 219
1871780 219
1871790 219
1871800 219
1871810 219
1871820 219
1871830 218
1871840 218
1871850 218
1871860 218
1871870 218
1871880 218
1871890 217
1871900 217
1871910 217
1871920 216
1871930 216
1871940 216
1871950 216
1871960 216
1871970 215
1871980 215
1871990 215
1872000 215
1872010 214
1872020 214
1872030 214
1872040 214
1872050 214
1872060 214
1872070 213
1872080 213
1872090 213
1872100 213
1872110 212
1872120 212
1872130 212
1872140 211
1872150 211
1872160 211
1872170 210
1872180 210
1872190 210
1872200 210
1872210 209
1872220 209
1872230 209
1872240 209
1872250 209
1872260 208
1872270 208
1872280 208
1872290 208
1872300 208
1872310 208
1872320 207
1872330 207
1872340 207
1872350 206
1872360 206
1872370 206
1872380 206
1872390 206
1872400 206
1872410 206
1872420 206
1872430 206
1872440 205
1872450 204
1872460 204
1872470 204
1872480 204
1872490 204
1872500 204
1872510 204
1872520 204
1872530 204
1872540 203
1872550 203
1872560 203
1872570 202
1872580 202
1872590 202
1872600 201
1872610 201
1872620 201
1872630 201
1872640 201
1872650 200
1872660 200
1872670 200
1872680 200
1872690 200
1872700 200
1872710 199
1872720 199
1872730 199
1872740 199
1872750 199
1872760 199
1872770 198
1872780 198
1872790 198
1872800 197
1872810 197
1872820 197
1872830 197
1872840 197
1872850 196
1872860 196
1872870 196
1872880 196
1872890 195
1872900 195
1872910 195
1872920 194
1872930 194
1872940 194
1872950 193
1872960 193
1872970 193
1872980 193
1872990 193
1873000 192
1873010 192
1873020 192
1873030 191
1873040 191
1873050 191
1873060 190
1873070 190
1873080 190
1873090 189
1873100 189
1873110 189
1873120 188
1873130 187
1873140 187
1873150 187
1873160 186
1873170 186
1873180 184
1873190 183
1873200 183
1873210 182
1873220 182
1873230 182
1873240 181
1873250 181
1873260 181
1873270 180
1873280 180
1873290 180
1873300 180
1873310 180
1873320 180
1873330 179
1873340 179
1873350 179
1873360 179
1873370 179
1873380 179
1873390 180
1873400 180
1873410 180
1873420 179
1873430 179
1873440 179
1873450 180
1873460 180
1873470 180
1873480 180
1873490 180
1873500 182
1873510 186
1873520 186
1873530 188
1873540 189
1873550 189
1873560 189
1873570 190
1873580 190
1873590 191
1873600 192
1873610 192
1873620 194
1873630 196
1873640 196
1873650 200
1873660 204
1873670 204
1873680 207
1873690 208
1873700 208
1873710 208
1873720 209
1873730 209
1873740 209
1873750 209
1873760 209
1873770 209
1873780 209
1873790 209
1873800 208
1873810 208
1873820 208
1873830 207
1873840 207
1873850 207
1873860 206
1873870 205
1873880 205
1873890 205
1873900 204
1873910 204
1873920 203
1873930 202
1873940 202
1873950 201
1873960 201
1873970 201
1873980 200
1873990 200
1874000 199
1874010 199
1874020 199
1874030 198
1874040 198
1874050 198
1874060 198
1874070 198
1874080 198
1874090 199
1874100 199
1874110 199
1874120 199
1874130 198
1874140 198
1874150 198
1874160 198
1874170 198
1874180 197
1874190 198
1874200 198
1874210 198
1874220 199
1874230 199
1874240 199
1874250 200
1874260 200
1874270 200
1874280 200
1874290 200
1874300 200
1874310 200
1874320 200
1874330 200
1874340 200
1874350 200
1874360 200
1874370 200
1874380 200
1874390 199
1874400 199
1874410 199
1874420 199
1874430 199
1874440 199
1874450 199
1874460 199
1874470 199
1874480 199
1874490 198
1874500 198
1874510 198
1874520 198
1874530 198
1874540 198
1874550 198
1874560 198
1874570 198
1874580 197
1874590 197
1874600 196
1874610 196
1874620 196
1874630 196
1874640 196
1874650 195
1874660 194
1874670 194
1874680 194
1874690 194
1874700 194
1874710 194
1874720 195
1874730 195
1874740 195
1874750 196
1874760 196
1874770 196
1874780 196
1874790 196
1874800 196
1874810 195
1874820 195
1874830 195
1874840 195
1874850 195
1874860 195
1874870 194
1874880 194
1874890 194
1874900 194
1874910 194
1874920 194
1874930 194
1874940 194
1874950 194
1874960 194
1874970 194
1874980 194
1874990 194
1875000 194
1875010 194
1875020 194
1875030 194
1875040 193
1875050 193
1875060 193
1875070 193
1875080 193
1875090 193
1875100 193
1875110 193
1875120 193
1875130 193
1875140 193
1875150 193
1875160 193
1875170 193
1875180 193
1875190 194
1875200 194
1875210 194
1875220 194
1875230 194
1875240 194
1875250 194
1875260 194
1875270 194
1875280 194
1875290 194
1875300 194
1875310 193
1875320 193
1875330 193
1875340 193
1875350 193
1875360 193
1875370 193
1875380 193
1875390 193
1875400 193
1875410 193
1875420 193
1875430 194
1875440 194
1875450 194
1875460 194
1875470 194
1875480 194
1875490 194
1875500 194
1875510 194
1875520 194
1875530 194
1875540 194
1875550 194
1875560 194
1875570 194
1875580 194
1875590 194
1875600 194
1875610 194
1875620 194
1875630 194
1875640 195
1875650 195
1875660 195
1875670 194
1875680 194
1875690 194
1875700 194
1875710 194
1875720 194
1875730 194
1875740 194
1875750 194
1875760 194
1875770 194
1875780 194
1875790 194
1875800 194
1875810 194
1875820 194
1875830 194
1875840 194
1875850 194
1875860 194
1875870 194
1875880 194
1875890 194
1875900 194
1875910 194
1875920 194
1875930 194
1875940 194
1875950 194
1875960 194
1875970 194
1875980 194
1875990 194
1876000 194
1876010 194
1876020 194
1876030 194
1876040 194
1876050 194
1876060 194
1876070 195
1876080 195
1876090 195
1876100 195
1876110 195
1876120 195
1876130 195
1876140 195
1876150 195
1876160 195
1876170 195
1876180 195
1876190 195
1876200 195
1876210 195
1876220 195
1876230 196
1876240 196
1876250 196
1876260 196
1876270 196
1876280 196
1876290 196
1876300 196
1876310 195
1876320 195
1876330 195
1876340 195
1876350 195
1876360 195
1876370 195
1876380 195
1876390 195
1876400 195
1876410 195
1876420 195
1876430 195
1876440 195
1876450 195
1876460 195
1876470 195
1876480 195
1876490 195
1876500 195
1876510 195
1876520 195
1876530 195
1876540 195
1876550 195
1876560 195
1876570 195
1876580 195
1876590 195
1876600 195
1876610 194
1876620 194
1876630 194
1876640 194
1876650 194
1876660 194
1876670 194
1876680 194
1876690 194
1876700 194
1876710 194
1876720 194
1876730 194
1876740 194
1876750 193
1876760 193
1876770 193
1876780 193
1876790 193
1876800 193
1876810 193
1876820 193
1876830 193
1876840 192
1876850 192
1876860 192
1876870 192
1876880 192
1876890 192
1876900 192
1876910 191
1876920 191
1876930 191
1876940 191
1876950 191
1876960 191
1876970 191
1876980 191
1876990 191
1877000 190
1877010 190
1877020 190
1877030 190
1877040 190
1877050 190
1877060 189
1877070 189
1877080 189
1877090 189
1877100 189
1877110 189
1877120 188
1877130 188
1877140 188
1877150 188
1877160 188
1877170 188
1877180 188
1877190 188
1877200 187
1877210 187
1877220 187
1877230 187
1877240 187
1877250 187
1877260 187
1877270 187
1877280 186
1877290 186
1877300 186
1877310 186
1877320 186
1877330 186
1877340 186
1877350 185
1877360 185
1877370 185
1877380 185
1877390 185
1877400 185
1877410 185
1877420 185
1877430 185
1877440 185
1877450 185
1877460 185
1877470 184
1877480 184
1877490 184
1877500 184
1877510 184
1877520 184
1877530 184
1877540 184
1877550 183
1877560 183
1877570 183
1877580 183
1877590 183
1877600 183
1877610 182
1877620 182
1877630 182
1877640 182
1877650 182
1877660 182
1877670 181
1877680 181
1877690 181
1877700 181
1877710 181
1877720 181
1877730 181
1877740 180
1877750 180
1877760 180
1877770 180
1877780 180
1877790 180
1877800 180
1877810 180
1877820 180
1877830 180
1877840 180
1877850 179
1877860 179
1877870 179
1877880 179
1877890 179
1877900 179
1877910 179
1877920 179
1877930 179
1877940 179
1877950 179
1877960 179
1877970 179
1877980 179
1877990 179
1878000 178
1878010 178
1878020 178
1878030 178
1878040 178
1878050 178
1878060 178
1878070 178
1878080 178
1878090 178
1878100 178
1878110 178
1878120 178
1878130 178
1878140 178
1878150 177
1878160 177
1878170 177
1878180 177
1878190 177
1878200 177
1878210 177
1878220 177
1878230 177
1878240 177
1878250 177
1878260 177
1878270 177
1878280 177
1878290 177
1878300 177
1878310 177
1878320 177
1878330 177
1878340 177
1878350 177
1878360 177
1878370 177
1878380 177
1878390 177
1878400 177
1878410 177
1878420 177
1878430 177
1878440 177
1878450 177
1878460 177
1878470 177
1878480 177
1878490 177
1878500 177
1878510 177
1878520 177
1878530 177
1878540 177
1878550 177
1878560 177
1878570 177
1878580 177
1878590 177
1878600 177
1878610 177
1878620 177
1878630 177
1878640 177
1878650 177
1878660 177
1878670 177
1878680 176
1878690 176
1878700 176
1878710 176
1878720 176
1878730 176
1878740 176
1878750 176
1878760 176
1878770 176
1878780 176
1878790 176
1878800 176
1878810 176
1878820 176
1878830 175
1878840 175
1878850 175
1878860 175
1878870 175
1878880 175
1878890 175
1878900 175
1878910 175
1878920 175
1878930 175
1878940 175
1878950 175
1878960 175
1878970 175
1878980 175
1878990 175
1879000 175
1879010 174
1879020 174
1879030 174
1879040 174
1879050 174
1879060 175
1879070 175
1879080 175
1879090 174
1879100 174
1879110 174
1879120 174
1879130 174
1879140 174
1879150 174
1879160 174
1879170 174
1879180 174
1879190 174
1879200 174
1879210 174
1879220 174
1879230 174
1879240 174
1879250 174
1879260 174
1879270 174
1879280 174
1879290 174
1879300 174
1879310 174
1879320 174
1879330 174
1879340 174
1879350 174
1879360 174
1879370 174
1879380 174
1879390 174
1879400 174
1879410 173
1879420 173
1879430 173
1879440 173
1879450 173
1879460 173
1879470 173
1879480 173
1879490 173
1879500 174
1879510 174
1879520 174
1879530 174
1879540 173
1879550 173
1879560 173
1879570 173
1879580 173
1879590 173
1879600 173
1879610 173
1879620 173
1879630 173
1879640 173
1879650 173
1879660 173
1879670 173
1879680 172
1879690 172
1879700 172
1879710 172
1879720 172
1879730 172
1879740 172
1879750 171
1879760 171
1879770 171
1879780 171
1879790 171
1879800 171
1879810 171
1879820 171
1879830 171
1879840 171
1879850 171
1879860 171
1879870 171
1879880 171
1879890 171
1879900 171
1879910 171
1879920 171
1879930 171
1879940 171
1879950 171
1879960 171
1879970 171
1879980 171
1879990 171
