1860000 182
1860010 182
1860020 182
1860030 182
1860040 182
1860050 182
1860060 182
1860070 183
1860080 183
1860090 183
1860100 183
1860110 183
1860120 183
1860130 183
1860140 183
1860150 183
1860160 184
1860170 184
1860180 184
1860190 184
1860200 184
1860210 184
1860220 184
1860230 184
1860240 184
1860250 183
1860260 183
1860270 183
1860280 183
1860290 183
1860300 183
1860310 183
1860320 183
1860330 182
1860340 182
1860350 182
1860360 182
1860370 182
1860380 182
1860390 181
1860400 181
1860410 181
1860420 181
1860430 181
1860440 181
1860450 181
1860460 181
1860470 181
1860480 181
1860490 180
1860500 180
1860510 180
1860520 180
1860530 180
1860540 180
1860550 181
1860560 181
1860570 181
1860580 180
1860590 180
1860600 180
1860610 180
1860620 180
1860630 180
1860640 180
1860650 180
1860660 180
1860670 180
1860680 180
1860690 180
1860700 180
1860710 180
1860720 180
1860730 180
1860740 180
1860750 180
1860760 180
1860770 180
1860780 180
1860790 180
1860800 180
1860810 180
1860820 180
1860830 180
1860840 180
1860850 180
1860860 180
1860870 180
1860880 180
1860890 179
1860900 179
1860910 179
1860920 179
1860930 179
1860940 179
1860950 179
1860960 178
1860970 178
1860980 178
1860990 178
1861000 178
1861010 177
1861020 177
1861030 177
1861040 177
1861050 177
1861060 177
1861070 176
1861080 176
1861090 176
1861100 176
1861110 176
1861120 176
1861130 175
1861140 175
1861150 175
1861160 175
1861170 175
1861180 175
1861190 175
1861200 175
1861210 175
1861220 175
1861230 175
1861240 175
1861250 175
1861260 175
1861270 175
1861280 175
1861290 175
1861300 175
1861310 175
1861320 175
1861330 175
1861340 175
1861350 175
1861360 175
1861370 174
1861380 174
1861390 174
1861400 175
1861410 175
1861420 175
1861430 174
1861440 174
1861450 174
1861460 174
1861470 174
1861480 175
1861490 175
1861500 175
1861510 174
1861520 174
1861530 174
1861540 174
1861550 174
1861560 174
1861570 174
1861580 174
1861590 174
1861600 174
1861610 174
1861620 174
1861630 174
1861640 174
1861650 174
1861660 174
1861670 174
1861680 174
1861690 174
1861700 174
1861710 174
1861720 174
1861730 174
1861740 174
1861750 174
1861760 174
1861770 174
1861780 174
1861790 174
1861800 174
1861810 174
1861820 174
1861830 174
1861840 174
1861850 174
1861860 174
1861870 174
1861880 173
1861890 173
1861900 173
1861910 173
1861920 173
1861930 173
1861940 173
1861950 173
1861960 173
1861970 173
1861980 173
1861990 173
1862000 173
1862010 173
1862020 173
1862030 173
1862040 173
1862050 173
1862060 173
1862070 173
1862080 174
1862090 174
1862100 175
1862110 173
1862120 173
1862130 173
1862140 174
1862150 174
1862160 174
1862170 173
1862180 173
1862190 173
1862200 173
1862210 173
1862220 173
1862230 173
1862240 173
1862250 173
1862260 173
1862270 173
1862280 173
1862290 173
1862300 173
1862310 173
1862320 173
1862330 173
1862340 173
1862350 173
1862360 173
1862370 173
1862380 173
1862390 173
1862400 173
1862410 173
1862420 173
1862430 173
1862440 173
1862450 173
1862460 173
1862470 173
1862480 173
1862490 173
1862500 173
1862510 173
1862520 173
1862530 173
1862540 173
1862550 173
1862560 173
1862570 173
1862580 173
1862590 173
1862600 173
1862610 173
1862620 173
1862630 173
1862640 173
1862650 173
1862660 173
1862670 173
1862680 173
1862690 173
1862700 173
1862710 173
1862720 173
1862730 173
1862740 173
1862750 173
1862760 173
1862770 173
1862780 173
1862790 173
1862800 173
1862810 173
1862820 173
1862830 173
1862840 173
1862850 173
1862860 173
1862870 173
1862880 173
1862890 173
1862900 173
1862910 173
1862920 173
1862930 173
1862940 173
1862950 173
1862960 172
1862970 173
1862980 173
1862990 173
1863000 172
1863010 172
1863020 172
1863030 172
1863040 172
1863050 172
1863060 172
1863070 172
1863080 172
1863090 172
1863100 172
1863110 172
1863120 172
1863130 172
1863140 172
1863150 172
1863160 172
1863170 172
1863180 172
1863190 172
1863200 172
1863210 172
1863220 172
1863230 172
1863240 172
1863250 172
1863260 172
1863270 172
1863280 172
1863290 172
1863300 172
1863310 172
1863320 172
1863330 172
1863340 173
1863350 173
1863360 173
1863370 173
1863380 173
1863390 173
1863400 173
1863410 173
1863420 173
1863430 173
1863440 173
1863450 173
1863460 173
1863470 173
1863480 173
1863490 173
1863500 173
1863510 173
1863520 173
1863530 172
1863540 172
1863550 173
1863560 173
1863570 173
1863580 173
1863590 173
1863600 173
1863610 173
1863620 174
1863630 174
1863640 174
1863650 175
1863660 175
1863670 175
1863680 175
1863690 175
1863700 175
1863710 175
1863720 175
1863730 175
1863740 176
1863750 176
1863760 176
1863770 176
1863780 176
1863790 175
1863800 176
1863810 176
1863820 176
1863830 176
1863840 176
1863850 177
1863860 177
1863870 177
1863880 177
1863890 177
1863900 177
1863910 177
1863920 177
1863930 179
1863940 180
1863950 180
1863960 181
1863970 181
1863980 181
1863990 181
1864000 184
1864010 184
1864020 184
1864030 185
1864040 185
1864050 186
1864060 187
1864070 187
1864080 190
1864090 192
1864100 192
1864110 193
1864120 191
1864130 191
1864140 189
1864150 188
1864160 188
1864170 188
1864180 188
1864190 188
1864200 190
1864210 190
1864220 190
1864230 189
1864240 189
1864250 189
1864260 188
1864270 188
1864280 188
1864290 187
1864300 187
1864310 187
1864320 187
1864330 186
1864340 186
1864350 186
1864360 186
1864370 186
1864380 186
1864390 186
1864400 186
1864410 186
1864420 186
1864430 186
1864440 186
1864450 186
1864460 186
1864470 186
1864480 187
1864490 187
1864500 187
1864510 187
1864520 187
1864530 187
1864540 187
1864550 187
1864560 187
1864570 187
1864580 187
1864590 187
1864600 187
1864610 187
1864620 187
1864630 187
1864640 187
1864650 187
1864660 187
1864670 187
1864680 187
1864690 187
1864700 187
1864710 187
1864720 187
1864730 187
1864740 187
1864750 187
1864760 187
1864770 187
1864780 187
1864790 187
1864800 187
1864810 187
1864820 187
1864830 188
1864840 188
1864850 188
1864860 188
1864870 188
1864880 188
1864890 188
1864900 188
1864910 188
1864920 188
1864930 188
1864940 188
1864950 187
1864960 187
1864970 187
1864980 187
1864990 187
1865000 186
1865010 186
1865020 186
1865030 186
1865040 186
1865050 186
1865060 186
1865070 186
1865080 186
1865090 186
1865100 186
1865110 186
1865120 186
1865130 185
1865140 185
1865150 185
1865160 185
1865170 185
1865180 184
1865190 184
1865200 183
1865210 183
1865220 183
1865230 182
1865240 181
1865250 181
1865260 181
1865270 181
1865280 181
1865290 182
1865300 181
1865310 181
1865320 181
1865330 180
1865340 180
1865350 180
1865360 179
1865370 179
1865380 179
1865390 178
1865400 178
1865410 177
1865420 177
1865430 177
1865440 177
1865450 176
1865460 176
1865470 176
1865480 176
1865490 176
1865500 176
1865510 176
1865520 176
1865530 176
1865540 176
1865550 176
1865560 176
1865570 176
1865580 176
1865590 176
1865600 176
1865610 176
1865620 176
1865630 176
1865640 176
1865650 176
1865660 176
1865670 176
1865680 176
1865690 176
1865700 176
1865710 176
1865720 177
1865730 177
1865740 177
1865750 177
1865760 177
1865770 177
1865780 177
1865790 177
1865800 177
1865810 177
1865820 177
1865830 178
1865840 178
1865850 178
1865860 178
1865870 178
1865880 178
1865890 178
1865900 178
1865910 178
1865920 178
1865930 178
1865940 178
1865950 178
1865960 178
1865970 178
1865980 178
1865990 178
1866000 178
1866010 178
1866020 178
1866030 178
1866040 178
1866050 178
1866060 178
1866070 178
1866080 178
1866090 178
1866100 178
1866110 178
1866120 178
1866130 178
1866140 178
1866150 178
1866160 178
1866170 178
1866180 179
1866190 179
1866200 179
1866210 179
1866220 179
1866230 179
1866240 179
1866250 179
1866260 179
1866270 179
1866280 179
1866290 179
1866300 179
1866310 178
1866320 178
1866330 178
1866340 178
1866350 178
1866360 178
1866370 178
1866380 178
1866390 178
1866400 178
1866410 178
1866420 178
1866430 178
1866440 178
1866450 178
1866460 178
1866470 178
1866480 178
1866490 178
1866500 178
1866510 179
1866520 179
1866530 179
1866540 179
1866550 179
1866560 179
1866570 179
1866580 179
1866590 179
1866600 179
1866610 179
1866620 179
1866630 180
1866640 180
1866650 180
1866660 180
1866670 180
1866680 180
1866690 180
1866700 180
1866710 180
1866720 181
1866730 181
1866740 181
1866750 181
1866760 181
1866770 181
1866780 181
1866790 181
1866800 181
1866810 181
1866820 181
1866830 181
1866840 181
1866850 181
1866860 181
1866870 181
1866880 181
1866890 182
1866900 182
1866910 182
1866920 182
1866930 182
1866940 182
1866950 182
1866960 182
1866970 182
1866980 183
1866990 183
1867000 183
1867010 183
1867020 184
1867030 184
1867040 184
1867050 184
1867060 184
1867070 184
1867080 184
1867090 185
1867100 185
1867110 185
1867120 185
1867130 185
1867140 185
1867150 185
1867160 186
1867170 186
1867180 186
1867190 186
1867200 186
1867210 187
1867220 187
1867230 187
1867240 187
1867250 188
1867260 188
1867270 188
1867280 189
1867290 189
1867300 189
1867310 190
1867320 190
1867330 190
1867340 191
1867350 191
1867360 191
1867370 192
1867380 192
1867390 192
1867400 193
1867410 193
1867420 193
1867430 195
1867440 195
1867450 195
1867460 196
1867470 196
1867480 196
1867490 197
1867500 197
1867510 198
1867520 198
1867530 198
1867540 199
1867550 199
1867560 199
1867570 200
1867580 201
1867590 201
1867600 201
1867610 202
1867620 202
1867630 203
1867640 205
1867650 205
1867660 206
1867670 206
1867680 206
1867690 207
1867700 207
1867710 208
1867720 209
1867730 209
1867740 210
1867750 211
1867760 211
1867770 214
1867780 214
1867790 214
1867800 215
1867810 215
1867820 215
1867830 214
1867840 214
1867850 214
1867860 214
1867870 214
1867880 214
1867890 214
1867900 214
1867910 214
1867920 214
1867930 214
1867940 214
1867950 214
1867960 214
1867970 214
1867980 215
1867990 215
1868000 215
1868010 215
1868020 215
1868030 215
1868040 215
1868050 215
1868060 215
1868070 215
1868080 215
1868090 215
1868100 215
1868110 216
1868120 216
1868130 216
1868140 216
1868150 216
1868160 216
1868170 216
1868180 216
1868190 216
1868200 216
1868210 216
1868220 216
1868230 216
1868240 216
1868250 216
1868260 216
1868270 216
1868280 216
1868290 216
1868300 216
1868310 216
1868320 216
1868330 216
1868340 216
1868350 216
1868360 216
1868370 216
1868380 216
1868390 215
1868400 215
1868410 215
1868420 215
1868430 215
1868440 215
1868450 216
1868460 216
1868470 216
1868480 216
1868490 216
1868500 216
1868510 216
1868520 217
1868530 217
1868540 217
1868550 217
1868560 217
1868570 217
1868580 217
1868590 217
1868600 217
1868610 218
1868620 218
1868630 217
1868640 217
1868650 217
1868660 217
1868670 217
1868680 217
1868690 218
1868700 218
1868710 218
1868720 218
1868730 218
1868740 218
1868750 218
1868760 218
1868770 218
1868780 218
1868790 218
1868800 218
1868810 218
1868820 218
1868830 218
1868840 218
1868850 218
1868860 218
1868870 218
1868880 218
1868890 218
1868900 218
1868910 218
1868920 219
1868930 219
1868940 219
1868950 219
1868960 219
1868970 219
1868980 219
1868990 220
1869000 220
1869010 220
1869020 220
1869030 220
1869040 220
1869050 221
1869060 221
1869070 221
1869080 222
1869090 222
1869100 222
1869110 222
1869120 222
1869130 223
1869140 223
1869150 223
1869160 223
1869170 224
1869180 224
1869190 224
1869200 225
1869210 225
1869220 225
1869230 226
1869240 226
1869250 226
1869260 227
1869270 227
1869280 228
1869290 229
1869300 229
1869310 230
1869320 230
1869330 230
1869340 231
1869350 232
1869360 232
1869370 232
1869380 233
1869390 233
1869400 233
1869410 234
1869420 234
1869430 234
1869440 234
1869450 234
1869460 234
1869470 234
1869480 234
1869490 234
1869500 234
1869510 234
1869520 234
1869530 234
1869540 234
1869550 234
1869560 234
1869570 234
1869580 234
1869590 234
1869600 234
1869610 233
1869620 233
1869630 233
1869640 233
1869650 233
1869660 233
1869670 232
1869680 232
1869690 232
1869700 232
1869710 232
1869720 232
1869730 231
1869740 231
1869750 231
1869760 231
1869770 231
1869780 231
1869790 230
1869800 230
1869810 230
1869820 230
1869830 230
1869840 230
1869850 230
1869860 230
1869870 230
1869880 230
1869890 230
1869900 230
1869910 230
1869920 230
1869930 231
1869940 231
1869950 231
1869960 231
1869970 231
1869980 231
1869990 232
1870000 232
1870010 232
1870020 233
1870030 233
1870040 233
1870050 233
1870060 234
1870070 234
1870080 234
1870090 235
1870100 235
1870110 235
1870120 235
1870130 235
1870140 235
1870150 236
1870160 236
1870170 236
1870180 236
1870190 236
1870200 236
1870210 236
1870220 236
1870230 236
1870240 236
1870250 236
1870260 236
1870270 236
1870280 236
1870290 236
1870300 236
1870310 236
1870320 236
1870330 236
1870340 236
1870350 236
1870360 236
1870370 236
1870380 236
1870390 236
1870400 236
1870410 236
1870420 236
1870430 236
1870440 236
1870450 236
1870460 236
1870470 235
1870480 235
1870490 235
1870500 235
1870510 235
1870520 234
1870530 234
1870540 234
1870550 233
1870560 233
1870570 233
1870580 233
1870590 233
1870600 233
1870610 232
1870620 232
1870630 232
1870640 232
1870650 231
1870660 231
1870670 231
1870680 230
1870690 230
1870700 230
1870710 229
1870720 229
1870730 229
1870740 228
1870750 228
1870760 228
1870770 227
1870780 227
1870790 227
1870800 227
1870810 226
1870820 226
1870830 225
1870840 225
1870850 224
1870860 224
1870870 224
1870880 223
1870890 223
1870900 222
1870910 221
1870920 221
1870930 221
1870940 220
1870950 220
1870960 220
1870970 219
1870980 219
1870990 218
1871000 218
1871010 218
1871020 217
1871030 216
1871040 216
1871050 216
1871060 216
1871070 216
1871080 215
1871090 215
1871100 215
1871110 215
1871120 214
1871130 214
1871140 214
1871150 214
1871160 213
1871170 213
1871180 213
1871190 213
1871200 212
1871210 212
1871220 212
1871230 212
1871240 211
1871250 211
1871260 211
1871270 211
1871280 211
1871290 210
1871300 210
1871310 210
1871320 210
1871330 209
1871340 209
1871350 208
1871360 208
1871370 208
1871380 208
1871390 208
1871400 208
1871410 207
1871420 207
1871430 207
1871440 206
1871450 206
1871460 206
1871470 206
1871480 206
1871490 205
1871500 205
1871510 205
1871520 205
1871530 204
1871540 204
1871550 204
1871560 204
1871570 204
1871580 203
1871590 203
1871600 203
1871610 202
1871620 201
1871630 201
1871640 200
1871650 200
1871660 200
1871670 199
1871680 198
1871690 198
1871700 197
1871710 197
1871720 197
1871730 196
1871740 195
1871750 195
1871760 195
1871770 195
1871780 195
1871790 194
1871800 194
1871810 194
1871820 194
1871830 194
1871840 194
1871850 195
1871860 197
1871870 197
1871880 197
1871890 197
1871900 197
1871910 197
1871920 197
1871930 197
1871940 198
1871950 198
1871960 198
1871970 199
1871980 201
1871990 201
1872000 202
1872010 203
1872020 203
1872030 205
1872040 205
1872050 205
1872060 206
1872070 206
1872080 207
1872090 208
1872100 208
1872110 208
1872120 209
1872130 209
1872140 209
1872150 209
1872160 209
1872170 209
1872180 210
1872190 210
1872200 209
1872210 209
1872220 209
1872230 208
1872240 207
1872250 207
1872260 206
1872270 205
1872280 205
1872290 204
1872300 204
1872310 204
1872320 204
1872330 206
1872340 206
1872350 207
1872360 210
1872370 210
1872380 212
1872390 213
1872400 213
1872410 213
1872420 214
1872430 214
1872440 214
1872450 214
1872460 214
1872470 214
1872480 214
1872490 214
1872500 213
1872510 213
1872520 213
1872530 213
1872540 213
1872550 213
1872560 214
1872570 215
1872580 215
1872590 216
1872600 218
1872610 218
1872620 219
1872630 220
1872640 220
1872650 220
1872660 220
1872670 220
1872680 220
1872690 220
1872700 221
1872710 221
1872720 221
1872730 222
1872740 223
1872750 223
1872760 224
1872770 225
1872780 225
1872790 226
1872800 227
1872810 227
1872820 228
1872830 228
1872840 228
1872850 229
1872860 229
1872870 229
1872880 229
1872890 230
1872900 230
1872910 231
1872920 231
1872930 231
1872940 231
1872950 231
1872960 231
1872970 231
1872980 231
1872990 231
1873000 231
1873010 231
1873020 231
1873030 230
1873040 230
1873050 230
1873060 230
1873070 229
1873080 229
1873090 229
1873100 229
1873110 229
1873120 228
1873130 228
1873140 228
1873150 228
1873160 228
1873170 228
1873180 228
1873190 228
1873200 228
1873210 228
1873220 227
1873230 227
1873240 227
1873250 227
1873260 227
1873270 227
1873280 227
1873290 227
1873300 227
1873310 227
1873320 228
1873330 228
1873340 228
1873350 227
1873360 227
1873370 227
1873380 227
1873390 227
1873400 227
1873410 227
1873420 227
1873430 227
1873440 226
1873450 226
1873460 226
1873470 226
1873480 226
1873490 226
1873500 226
1873510 226
1873520 226
1873530 226
1873540 226
1873550 226
1873560 226
1873570 225
1873580 225
1873590 226
1873600 226
1873610 226
1873620 226
1873630 225
1873640 225
1873650 225
1873660 225
1873670 225
1873680 225
1873690 224
1873700 224
1873710 224
1873720 224
1873730 224
1873740 224
1873750 223
1873760 223
1873770 223
1873780 223
1873790 223
1873800 223
1873810 223
1873820 223
1873830 223
1873840 223
1873850 223
1873860 222
1873870 222
1873880 222
1873890 222
1873900 222
1873910 222
1873920 222
1873930 222
1873940 222
1873950 222
1873960 222
1873970 222
1873980 222
1873990 222
1874000 222
1874010 222
1874020 222
1874030 221
1874040 221
1874050 221
1874060 221
1874070 221
1874080 221
1874090 221
1874100 221
1874110 221
1874120 221
1874130 221
1874140 221
1874150 221
1874160 221
1874170 221
1874180 221
1874190 221
1874200 221
1874210 221
1874220 221
1874230 221
1874240 220
1874250 219
1874260 219
1874270 218
1874280 217
1874290 217
1874300 216
1874310 214
1874320 214
1874330 212
1874340 211
1874350 211
1874360 210
1874370 210
1874380 210
1874390 209
1874400 209
1874410 209
1874420 208
1874430 208
1874440 208
1874450 207
1874460 207
1874470 207
1874480 206
1874490 206
1874500 206
1874510 207
1874520 208
1874530 206
1874540 207
1874550 207
1874560 208
1874570 210
1874580 210
1874590 210
1874600 211
1874610 211
1874620 211
1874630 211
1874640 211
1874650 212
1874660 212
1874670 212
1874680 211
1874690 210
1874700 210
1874710 209
1874720 208
1874730 208
1874740 208
1874750 208
1874760 208
1874770 208
1874780 208
1874790 208
1874800 209
1874810 209
1874820 209
1874830 208
1874840 208
1874850 208
1874860 208
1874870 207
1874880 207
1874890 207
1874900 207
1874910 207
1874920 207
1874930 207
1874940 207
1874950 207
1874960 207
1874970 207
1874980 206
1874990 206
1875000 206
1875010 206
1875020 205
1875030 205
1875040 205
1875050 204
1875060 204
1875070 204
1875080 204
1875090 204
1875100 203
1875110 203
1875120 203
1875130 202
1875140 202
1875150 202
1875160 202
1875170 202
1875180 201
1875190 201
1875200 201
1875210 201
1875220 201
1875230 201
1875240 200
1875250 200
1875260 200
1875270 200
1875280 199
1875290 199
1875300 199
1875310 199
1875320 199
1875330 198
1875340 198
1875350 198
1875360 198
1875370 198
1875380 198
1875390 197
1875400 196
1875410 196
1875420 195
1875430 194
1875440 194
1875450 193
1875460 192
1875470 192
1875480 192
1875490 193
1875500 193
1875510 194
1875520 194
1875530 194
1875540 193
1875550 193
1875560 193
1875570 193
1875580 192
1875590 192
1875600 192
1875610 192
1875620 192
1875630 191
1875640 191
1875650 191
1875660 190
1875670 189
1875680 189
1875690 189
1875700 188
1875710 188
1875720 188
1875730 187
1875740 187
1875750 186
1875760 186
1875770 186
1875780 186
1875790 186
1875800 187
1875810 187
1875820 187
1875830 188
1875840 188
1875850 188
1875860 188
1875870 187
1875880 187
1875890 187
1875900 187
1875910 187
1875920 187
1875930 187
1875940 187
1875950 187
1875960 186
1875970 186
1875980 186
1875990 186
1876000 186
1876010 185
1876020 185
1876030 185
1876040 185
1876050 184
1876060 184
1876070 184
1876080 184
1876090 184
1876100 184
1876110 184
1876120 184
1876130 184
1876140 184
1876150 184
1876160 183
1876170 182
1876180 182
1876190 182
1876200 179
1876210 179
1876220 178
1876230 178
1876240 178
1876250 177
1876260 177
1876270 177
1876280 178
1876290 178
1876300 178
1876310 180
1876320 181
1876330 181
1876340 182
1876350 182
1876360 182
1876370 182
1876380 182
1876390 182
1876400 182
1876410 182
1876420 181
1876430 181
1876440 181
1876450 181
1876460 181
1876470 181
1876480 181
1876490 180
1876500 180
1876510 180
1876520 179
1876530 179
1876540 179
1876550 178
1876560 178
1876570 177
1876580 177
1876590 177
1876600 178
1876610 178
1876620 178
1876630 178
1876640 177
1876650 177
1876660 175
1876670 175
1876680 175
1876690 175
1876700 175
1876710 175
1876720 176
1876730 177
1876740 177
1876750 178
1876760 179
1876770 179
1876780 179
1876790 179
1876800 179
1876810 179
1876820 179
1876830 179
1876840 179
1876850 179
1876860 179
1876870 177
1876880 176
1876890 176
1876900 175
1876910 175
1876920 175
1876930 175
1876940 174
1876950 174
1876960 174
1876970 174
1876980 174
1876990 174
1877000 173
1877010 173
1877020 172
1877030 172
1877040 172
1877050 172
1877060 172
1877070 171
1877080 172
1877090 172
1877100 172
1877110 172
1877120 172
1877130 173
1877140 174
1877150 174
1877160 176
1877170 177
1877180 177
1877190 178
1877200 178
1877210 178
1877220 179
1877230 180
1877240 180
1877250 180
1877260 180
1877270 180
1877280 181
1877290 181
1877300 181
1877310 181
1877320 181
1877330 181
1877340 181
1877350 180
1877360 180
1877370 180
1877380 180
1877390 180
1877400 180
1877410 179
1877420 179
1877430 179
1877440 179
1877450 179
1877460 179
1877470 179
1877480 179
1877490 179
1877500 178
1877510 178
1877520 178
1877530 178
1877540 178
1877550 178
1877560 178
1877570 178
1877580 178
1877590 177
1877600 177
1877610 177
1877620 177
1877630 177
1877640 178
1877650 178
1877660 178
1877670 178
1877680 178
1877690 178
1877700 178
1877710 178
1877720 178
1877730 178
1877740 178
1877750 178
1877760 178
1877770 178
1877780 178
1877790 178
1877800 178
1877810 178
1877820 178
1877830 178
1877840 178
1877850 178
1877860 178
1877870 178
1877880 178
1877890 178
1877900 178
1877910 178
1877920 178
1877930 178
1877940 178
1877950 178
1877960 178
1877970 178
1877980 178
1877990 178
1878000 177
1878010 177
1878020 177
1878030 177
1878040 177
1878050 177
1878060 177
1878070 177
1878080 176
1878090 176
1878100 176
1878110 176
1878120 176
1878130 176
1878140 176
1878150 176
1878160 176
1878170 176
1878180 175
1878190 175
1878200 175
1878210 175
1878220 175
1878230 175
1878240 174
1878250 174
1878260 174
1878270 174
1878280 174
1878290 174
1878300 174
1878310 173
1878320 173
1878330 173
1878340 173
1878350 173
1878360 173
1878370 173
1878380 173
1878390 173
1878400 172
1878410 172
1878420 172
1878430 172
1878440 172
1878450 172
1878460 172
1878470 172
1878480 172
1878490 171
1878500 171
1878510 171
1878520 171
1878530 171
1878540 171
1878550 171
1878560 170
1878570 170
1878580 170
1878590 170
1878600 170
1878610 170
1878620 170
1878630 170
1878640 170
1878650 169
1878660 169
1878670 169
1878680 169
1878690 169
1878700 169
1878710 169
1878720 169
1878730 169
1878740 169
1878750 169
1878760 169
1878770 169
1878780 169
1878790 169
1878800 168
1878810 168
1878820 168
1878830 168
1878840 168
1878850 168
1878860 168
1878870 168
1878880 168
1878890 168
1878900 168
1878910 168
1878920 168
1878930 168
1878940 168
1878950 168
1878960 168
1878970 168
1878980 168
1878990 168
1879000 168
1879010 168
1879020 168
1879030 168
1879040 168
1879050 167
1879060 167
1879070 167
1879080 167
1879090 167
1879100 167
1879110 167
1879120 167
1879130 167
1879140 167
1879150 167
1879160 167
1879170 167
1879180 167
1879190 167
1879200 167
1879210 167
1879220 167
1879230 167
1879240 167
1879250 167
1879260 166
1879270 166
1879280 166
1879290 166
1879300 166
1879310 166
1879320 166
1879330 165
1879340 165
1879350 165
1879360 165
1879370 165
1879380 165
1879390 165
1879400 165
1879410 165
1879420 165
1879430 165
1879440 165
1879450 165
1879460 165
1879470 165
1879480 165
1879490 165
1879500 165
1879510 165
1879520 165
1879530 165
1879540 165
1879550 165
1879560 165
1879570 165
1879580 165
1879590 165
1879600 165
1879610 165
1879620 165
1879630 165
1879640 165
1879650 165
1879660 165
1879670 165
1879680 165
1879690 165
1879700 164
1879710 165
1879720 165
1879730 164
1879740 164
1879750 164
1879760 164
1879770 165
1879780 165
1879790 165
1879800 165
1879810 165
1879820 165
1879830 165
1879840 165
1879850 165
1879860 164
1879870 164
1879880 164
1879890 164
1879900 164
1879910 164
1879920 164
1879930 164
1879940 164
1879950 163
1879960 163
1879970 163
1879980 163
1879990 163
1860000 182
1860010 182
1860020 182
1860030 182
1860040 182
1860050 182
1860060 182
1860070 183
1860080 183
1860090 183
1860100 183
1860110 183
1860120 183
1860130 183
1860140 183
1860150 183
1860160 184
1860170 184
1860180 184
1860190 184
1860200 184
1860210 184
1860220 184
1860230 184
1860240 184
1860250 183
1860260 183
1860270 183
1860280 183
1860290 183
1860300 183
1860310 183
1860320 183
1860330 182
1860340 182
1860350 182
1860360 182
1860370 182
1860380 182
1860390 181
1860400 181
1860410 181
1860420 181
1860430 181
1860440 181
1860450 181
1860460 181
1860470 181
1860480 181
1860490 180
1860500 180
1860510 180
1860520 180
1860530 180
1860540 180
1860550 181
1860560 181
1860570 181
1860580 180
1860590 180
1860600 180
1860610 180
1860620 180
1860630 180
1860640 180
1860650 180
1860660 180
1860670 180
1860680 180
1860690 180
1860700 180
1860710 180
1860720 180
1860730 180
1860740 180
1860750 180
1860760 180
1860770 180
1860780 180
1860790 180
1860800 180
1860810 180
1860820 180
1860830 180
1860840 180
1860850 180
1860860 180
1860870 180
1860880 180
1860890 179
1860900 179
1860910 179
1860920 179
1860930 179
1860940 179
1860950 179
1860960 178
1860970 178
1860980 178
1860990 178
1861000 178
1861010 177
1861020 177
1861030 177
1861040 177
1861050 177
1861060 177
1861070 176
1861080 176
1861090 176
1861100 176
1861110 176
1861120 176
1861130 175
1861140 175
1861150 175
1861160 175
1861170 175
1861180 175
1861190 175
1861200 175
1861210 175
1861220 175
1861230 175
1861240 175
1861250 175
1861260 175
1861270 175
1861280 175
1861290 175
1861300 175
1861310 175
1861320 175
1861330 175
1861340 175
1861350 175
1861360 175
1861370 174
1861380 174
1861390 174
1861400 175
1861410 175
1861420 175
1861430 174
1861440 174
1861450 174
1861460 174
1861470 174
1861480 175
1861490 175
1861500 175
1861510 174
1861520 174
1861530 174
1861540 174
1861550 174
1861560 174
1861570 174
1861580 174
1861590 174
1861600 174
1861610 174
1861620 174
1861630 174
1861640 174
1861650 174
1861660 174
1861670 174
1861680 174
1861690 174
1861700 174
1861710 174
1861720 174
1861730 174
1861740 174
1861750 174
1861760 174
1861770 174
1861780 174
1861790 174
1861800 174
1861810 174
1861820 174
1861830 174
1861840 174
1861850 174
1861860 174
1861870 174
1861880 173
1861890 173
1861900 173
1861910 173
1861920 173
1861930 173
1861940 173
1861950 173
1861960 173
1861970 173
1861980 173
1861990 173
1862000 173
1862010 173
1862020 173
1862030 173
1862040 173
1862050 173
1862060 173
1862070 173
1862080 174
1862090 174
1862100 175
1862110 173
1862120 173
1862130 173
1862140 174
1862150 174
1862160 174
1862170 173
1862180 173
1862190 173
1862200 173
1862210 173
1862220 173
1862230 173
1862240 173
1862250 173
1862260 173
1862270 173
1862280 173
1862290 173
1862300 173
1862310 173
1862320 173
1862330 173
1862340 173
1862350 173
1862360 173
1862370 173
1862380 173
1862390 173
1862400 173
1862410 173
1862420 173
1862430 173
1862440 173
1862450 173
1862460 173
1862470 173
1862480 173
1862490 173
1862500 173
1862510 173
1862520 173
1862530 173
1862540 173
1862550 173
1862560 173
1862570 173
1862580 173
1862590 173
1862600 173
1862610 173
1862620 173
1862630 173
1862640 173
1862650 173
1862660 173
1862670 173
1862680 173
1862690 173
1862700 173
1862710 173
1862720 173
1862730 173
1862740 173
1862750 173
1862760 173
1862770 173
1862780 173
1862790 173
1862800 173
1862810 173
1862820 173
1862830 173
1862840 173
1862850 173
1862860 173
1862870 173
1862880 173
1862890 173
1862900 173
1862910 173
1862920 173
1862930 173
1862940 173
1862950 173
1862960 172
1862970 173
1862980 173
1862990 173
1863000 172
1863010 172
1863020 172
1863030 172
1863040 172
1863050 172
1863060 172
1863070 172
1863080 172
1863090 172
1863100 172
1863110 172
1863120 172
1863130 172
1863140 172
1863150 172
1863160 172
1863170 172
1863180 172
1863190 172
1863200 172
1863210 172
1863220 172
1863230 172
1863240 172
1863250 172
1863260 172
1863270 172
1863280 172
1863290 172
1863300 172
1863310 172
1863320 172
1863330 172
1863340 173
1863350 173
1863360 173
1863370 173
1863380 173
1863390 173
1863400 173
1863410 173
1863420 173
1863430 173
1863440 173
1863450 173
1863460 173
1863470 173
1863480 173
1863490 173
1863500 173
1863510 173
1863520 173
1863530 172
1863540 172
1863550 173
1863560 173
1863570 173
1863580 173
1863590 173
1863600 173
1863610 173
1863620 174
1863630 174
1863640 174
1863650 175
1863660 175
1863670 175
1863680 175
1863690 175
1863700 175
1863710 175
1863720 175
1863730 175
1863740 176
1863750 176
1863760 176
1863770 176
1863780 176
1863790 175
1863800 176
1863810 176
1863820 176
1863830 176
1863840 176
1863850 177
1863860 177
1863870 177
1863880 177
1863890 177
1863900 177
1863910 177
1863920 177
1863930 179
1863940 180
1863950 180
1863960 181
1863970 181
1863980 181
1863990 181
1864000 184
1864010 184
1864020 184
1864030 185
1864040 185
1864050 186
1864060 187
1864070 187
1864080 190
1864090 192
1864100 192
1864110 193
1864120 191
1864130 191
1864140 189
1864150 188
1864160 188
1864170 188
1864180 188
1864190 188
1864200 190
1864210 190
1864220 190
1864230 189
1864240 189
1864250 189
1864260 188
1864270 188
1864280 188
1864290 187
1864300 187
1864310 187
1864320 187
1864330 186
1864340 186
1864350 186
1864360 186
1864370 186
1864380 186
1864390 186
1864400 186
1864410 186
1864420 186
1864430 186
1864440 186
1864450 186
1864460 186
1864470 186
1864480 187
1864490 187
1864500 187
1864510 187
1864520 187
1864530 187
1864540 187
1864550 187
1864560 187
1864570 187
1864580 187
1864590 187
1864600 187
1864610 187
1864620 187
1864630 187
1864640 187
1864650 187
1864660 187
1864670 187
1864680 187
1864690 187
1864700 187
1864710 187
1864720 187
1864730 187
1864740 187
1864750 187
1864760 187
1864770 187
1864780 187
1864790 187
1864800 187
1864810 187
1864820 187
1864830 188
1864840 188
1864850 188
1864860 188
1864870 188
1864880 188
1864890 188
1864900 188
1864910 188
1864920 188
1864930 188
1864940 188
1864950 187
1864960 187
1864970 187
1864980 187
1864990 187
1865000 186
1865010 186
1865020 186
1865030 186
1865040 186
1865050 186
1865060 186
1865070 186
1865080 186
1865090 186
1865100 186
1865110 186
1865120 186
1865130 185
1865140 185
1865150 185
1865160 185
1865170 185
1865180 184
1865190 184
1865200 183
1865210 183
1865220 183
1865230 182
1865240 181
1865250 181
1865260 181
1865270 181
1865280 181
1865290 182
1865300 181
1865310 181
1865320 181
1865330 180
1865340 180
1865350 180
1865360 179
1865370 179
1865380 179
1865390 178
1865400 178
1865410 177
1865420 177
1865430 177
1865440 177
1865450 176
1865460 176
1865470 176
1865480 176
1865490 176
1865500 176
1865510 176
1865520 176
1865530 176
1865540 176
1865550 176
1865560 176
1865570 176
1865580 176
1865590 176
1865600 176
1865610 176
1865620 176
1865630 176
1865640 176
1865650 176
1865660 176
1865670 176
1865680 176
1865690 176
1865700 176
1865710 176
1865720 177
1865730 177
1865740 177
1865750 177
1865760 177
1865770 177
1865780 177
1865790 177
1865800 177
1865810 177
1865820 177
1865830 178
1865840 178
1865850 178
1865860 178
1865870 178
1865880 178
1865890 178
1865900 178
1865910 178
1865920 178
1865930 178
1865940 178
1865950 178
1865960 178
1865970 178
1865980 178
1865990 178
1866000 178
1866010 178
1866020 178
1866030 178
1866040 178
1866050 178
1866060 178
1866070 178
1866080 178
1866090 178
1866100 178
1866110 178
1866120 178
1866130 178
1866140 178
1866150 178
1866160 178
1866170 178
1866180 179
1866190 179
1866200 179
1866210 179
1866220 179
1866230 179
1866240 179
1866250 179
1866260 179
1866270 179
1866280 179
1866290 179
1866300 179
1866310 178
1866320 178
1866330 178
1866340 178
1866350 178
1866360 178
1866370 178
1866380 178
1866390 178
1866400 178
1866410 178
1866420 178
1866430 178
1866440 178
1866450 178
1866460 178
1866470 178
1866480 178
1866490 178
1866500 178
1866510 179
1866520 179
1866530 179
1866540 179
1866550 179
1866560 179
1866570 179
1866580 179
1866590 179
1866600 179
1866610 179
1866620 179
1866630 180
1866640 180
1866650 180
1866660 180
1866670 180
1866680 180
1866690 180
1866700 180
1866710 180
1866720 181
1866730 181
1866740 181
1866750 181
1866760 181
1866770 181
1866780 181
1866790 181
1866800 181
1866810 181
1866820 181
1866830 181
1866840 181
1866850 181
1866860 181
1866870 181
1866880 181
1866890 182
1866900 182
1866910 182
1866920 182
1866930 182
1866940 182
1866950 182
1866960 182
1866970 182
1866980 183
1866990 183
1867000 183
1867010 183
1867020 184
1867030 184
1867040 184
1867050 184
1867060 184
1867070 184
1867080 184
1867090 185
1867100 185
1867110 185
1867120 185
1867130 185
1867140 185
1867150 185
1867160 186
1867170 186
1867180 186
1867190 186
1867200 186
1867210 187
1867220 187
1867230 187
1867240 187
1867250 188
1867260 188
1867270 188
1867280 189
1867290 189
1867300 189
1867310 190
1867320 190
1867330 190
1867340 191
1867350 191
1867360 191
1867370 192
1867380 192
1867390 192
1867400 193
1867410 193
1867420 193
1867430 195
1867440 195
1867450 195
1867460 196
1867470 196
1867480 196
1867490 197
1867500 197
1867510 198
1867520 198
1867530 198
1867540 199
1867550 199
1867560 199
1867570 200
1867580 201
1867590 201
1867600 201
1867610 202
1867620 202
1867630 203
1867640 205
1867650 205
1867660 206
1867670 206
1867680 206
1867690 207
1867700 207
1867710 208
1867720 209
1867730 209
1867740 210
1867750 211
1867760 211
1867770 214
1867780 214
1867790 214
1867800 215
1867810 215
1867820 215
1867830 214
1867840 214
1867850 214
1867860 214
1867870 214
1867880 214
1867890 214
1867900 214
1867910 214
1867920 214
1867930 214
1867940 214
1867950 214
1867960 214
1867970 214
1867980 215
1867990 215
1868000 215
1868010 215
1868020 215
1868030 215
1868040 215
1868050 215
1868060 215
1868070 215
1868080 215
1868090 215
1868100 215
1868110 216
1868120 216
1868130 216
1868140 216
1868150 216
1868160 216
1868170 216
1868180 216
1868190 216
1868200 216
1868210 216
1868220 216
1868230 216
1868240 216
1868250 216
1868260 216
1868270 216
1868280 216
1868290 216
1868300 216
1868310 216
1868320 216
1868330 216
1868340 216
1868350 216
1868360 216
1868370 216
1868380 216
1868390 215
1868400 215
1868410 215
1868420 215
1868430 215
1868440 215
1868450 216
1868460 216
1868470 216
1868480 216
1868490 216
1868500 216
1868510 216
1868520 217
1868530 217
1868540 217
1868550 217
1868560 217
1868570 217
1868580 217
1868590 217
1868600 217
1868610 218
1868620 218
1868630 217
1868640 217
1868650 217
1868660 217
1868670 217
1868680 217
1868690 218
1868700 218
1868710 218
1868720 218
1868730 218
1868740 218
1868750 218
1868760 218
1868770 218
1868780 218
1868790 218
1868800 218
1868810 218
1868820 218
1868830 218
1868840 218
1868850 218
1868860 218
1868870 218
1868880 218
1868890 218
1868900 218
1868910 218
1868920 219
1868930 219
1868940 219
1868950 219
1868960 219
1868970 219
1868980 219
1868990 220
1869000 220
1869010 220
1869020 220
1869030 220
1869040 220
1869050 221
1869060 221
1869070 221
1869080 222
1869090 222
1869100 222
1869110 222
1869120 222
1869130 223
1869140 223
1869150 223
1869160 223
1869170 224
1869180 224
1869190 224
1869200 225
1869210 225
1869220 225
1869230 226
1869240 226
1869250 226
1869260 227
1869270 227
1869280 228
1869290 229
1869300 229
1869310 230
1869320 230
1869330 230
1869340 231
1869350 232
1869360 232
1869370 232
1869380 233
1869390 233
1869400 233
1869410 234
1869420 234
1869430 234
1869440 234
1869450 234
1869460 234
1869470 234
1869480 234
1869490 234
1869500 234
1869510 234
1869520 234
1869530 234
1869540 234
1869550 234
1869560 234
1869570 234
1869580 234
1869590 234
1869600 234
1869610 233
1869620 233
1869630 233
1869640 233
1869650 233
1869660 233
1869670 232
1869680 232
1869690 232
1869700 232
1869710 232
1869720 232
1869730 231
1869740 231
1869750 231
1869760 231
1869770 231
1869780 231
1869790 230
1869800 230
1869810 230
1869820 230
1869830 230
1869840 230
1869850 230
1869860 230
1869870 230
1869880 230
1869890 230
1869900 230
1869910 230
1869920 230
1869930 231
1869940 231
1869950 231
1869960 231
1869970 231
1869980 231
1869990 232
1870000 232
1870010 232
1870020 233
1870030 233
1870040 233
1870050 233
1870060 234
1870070 234
1870080 234
1870090 235
1870100 235
1870110 235
1870120 235
1870130 235
1870140 235
1870150 236
1870160 236
1870170 236
1870180 236
1870190 236
1870200 236
1870210 236
1870220 236
1870230 236
1870240 236
1870250 236
1870260 236
1870270 236
1870280 236
1870290 236
1870300 236
1870310 236
1870320 236
1870330 236
1870340 236
1870350 236
1870360 236
1870370 236
1870380 236
1870390 236
1870400 236
1870410 236
1870420 236
1870430 236
1870440 236
1870450 236
1870460 236
1870470 235
1870480 235
1870490 235
1870500 235
1870510 235
1870520 234
1870530 234
1870540 234
1870550 233
1870560 233
1870570 233
1870580 233
1870590 233
1870600 233
1870610 232
1870620 232
1870630 232
1870640 232
1870650 231
1870660 231
1870670 231
1870680 230
1870690 230
1870700 230
1870710 229
1870720 229
1870730 229
1870740 228
1870750 228
1870760 228
1870770 227
1870780 227
1870790 227
1870800 227
1870810 226
1870820 226
1870830 225
1870840 225
1870850 224
1870860 224
1870870 224
1870880 223
1870890 223
1870900 222
1870910 221
1870920 221
1870930 221
1870940 220
1870950 220
1870960 220
1870970 219
1870980 219
1870990 218
1871000 218
1871010 218
1871020 217
1871030 216
1871040 216
1871050 216
1871060 216
1871070 216
1871080 215
1871090 215
1871100 215
1871110 215
1871120 214
1871130 214
1871140 214
1871150 214
1871160 213
1871170 213
1871180 213
1871190 213
1871200 212
1871210 212
1871220 212
1871230 212
1871240 211
1871250 211
1871260 211
1871270 211
1871280 211
1871290 210
1871300 210
1871310 210
1871320 210
1871330 209
1871340 209
1871350 208
1871360 208
1871370 208
1871380 208
1871390 208
1871400 208
1871410 207
1871420 207
1871430 207
1871440 206
1871450 206
1871460 206
1871470 206
1871480 206
1871490 205
1871500 205
1871510 205
1871520 205
1871530 204
1871540 204
1871550 204
1871560 204
1871570 204
1871580 203
1871590 203
1871600 203
1871610 202
1871620 201
1871630 201
1871640 200
1871650 200
1871660 200
1871670 199
1871680 198
1871690 198
1871700 197
1871710 197
1871720 197
1871730 196
1871740 195
1871750 195
1871760 195
1871770 195
1871780 195
1871790 194
1871800 194
1871810 194
1871820 194
1871830 194
1871840 194
1871850 195
1871860 197
1871870 197
1871880 197
1871890 197
1871900 197
1871910 197
1871920 197
1871930 197
1871940 198
1871950 198
1871960 198
1871970 199
1871980 201
1871990 201
1872000 202
1872010 203
1872020 203
1872030 205
1872040 205
1872050 205
1872060 206
1872070 206
1872080 207
1872090 208
1872100 208
1872110 208
1872120 209
1872130 209
1872140 209
1872150 209
1872160 209
1872170 209
1872180 210
1872190 210
1872200 209
1872210 209
1872220 209
1872230 208
1872240 207
1872250 207
1872260 206
1872270 205
1872280 205
1872290 204
1872300 204
1872310 204
1872320 204
1872330 206
1872340 206
1872350 207
1872360 210
1872370 210
1872380 212
1872390 213
1872400 213
1872410 213
1872420 214
1872430 214
1872440 214
1872450 214
1872460 214
1872470 214
1872480 214
1872490 214
1872500 213
1872510 213
1872520 213
1872530 213
1872540 213
1872550 213
1872560 214
1872570 215
1872580 215
1872590 216
1872600 218
1872610 218
1872620 219
1872630 220
1872640 220
1872650 220
1872660 220
1872670 220
1872680 220
1872690 220
1872700 221
1872710 221
1872720 221
1872730 222
1872740 223
1872750 223
1872760 224
1872770 225
1872780 225
1872790 226
1872800 227
1872810 227
1872820 228
1872830 228
1872840 228
1872850 229
1872860 229
1872870 229
1872880 229
1872890 230
1872900 230
1872910 231
1872920 231
1872930 231
1872940 231
1872950 231
1872960 231
1872970 231
1872980 231
1872990 231
1873000 231
1873010 231
1873020 231
1873030 230
1873040 230
1873050 230
1873060 230
1873070 229
1873080 229
1873090 229
1873100 229
1873110 229
1873120 228
1873130 228
1873140 228
1873150 228
1873160 228
1873170 228
1873180 228
1873190 228
1873200 228
1873210 228
1873220 227
1873230 227
1873240 227
1873250 227
1873260 227
1873270 227
1873280 227
1873290 227
1873300 227
1873310 227
1873320 228
1873330 228
1873340 228
1873350 227
1873360 227
1873370 227
1873380 227
1873390 227
1873400 227
1873410 227
1873420 227
1873430 227
1873440 226
1873450 226
1873460 226
1873470 226
1873480 226
1873490 226
1873500 226
1873510 226
1873520 226
1873530 226
1873540 226
1873550 226
1873560 226
1873570 225
1873580 225
1873590 226
1873600 226
1873610 226
1873620 226
1873630 225
1873640 225
1873650 225
1873660 225
1873670 225
1873680 225
1873690 224
1873700 224
1873710 224
1873720 224
1873730 224
1873740 224
1873750 223
1873760 223
1873770 223
1873780 223
1873790 223
1873800 223
1873810 223
1873820 223
1873830 223
1873840 223
1873850 223
1873860 222
1873870 222
1873880 222
1873890 222
1873900 222
1873910 222
1873920 222
1873930 222
1873940 222
1873950 222
1873960 222
1873970 222
1873980 222
1873990 222
1874000 222
1874010 222
1874020 222
1874030 221
1874040 221
1874050 221
1874060 221
1874070 221
1874080 221
1874090 221
1874100 221
1874110 221
1874120 221
1874130 221
1874140 221
1874150 221
1874160 221
1874170 221
1874180 221
1874190 221
1874200 221
1874210 221
1874220 221
1874230 221
1874240 220
1874250 219
1874260 219
1874270 218
1874280 217
1874290 217
1874300 216
1874310 214
1874320 214
1874330 212
1874340 211
1874350 211
1874360 210
1874370 210
1874380 210
1874390 209
1874400 209
1874410 209
1874420 208
1874430 208
1874440 208
1874450 207
1874460 207
1874470 207
1874480 206
1874490 206
1874500 206
1874510 207
1874520 208
1874530 206
1874540 207
1874550 207
1874560 208
1874570 210
1874580 210
1874590 210
1874600 211
1874610 211
1874620 211
1874630 211
1874640 211
1874650 212
1874660 212
1874670 212
1874680 211
1874690 210
1874700 210
1874710 209
1874720 208
1874730 208
1874740 208
1874750 208
1874760 208
1874770 208
1874780 208
1874790 208
1874800 209
1874810 209
1874820 209
1874830 208
1874840 208
1874850 208
1874860 208
1874870 207
1874880 207
1874890 207
1874900 207
1874910 207
1874920 207
1874930 207
1874940 207
1874950 207
1874960 207
1874970 207
1874980 206
1874990 206
1875000 206
1875010 206
1875020 205
1875030 205
1875040 205
1875050 204
1875060 204
1875070 204
1875080 204
1875090 204
1875100 203
1875110 203
1875120 203
1875130 202
1875140 202
1875150 202
1875160 202
1875170 202
1875180 201
1875190 201
1875200 201
1875210 201
1875220 201
1875230 201
1875240 200
1875250 200
1875260 200
1875270 200
1875280 199
1875290 199
1875300 199
1875310 199
1875320 199
1875330 198
1875340 198
1875350 198
1875360 198
1875370 198
1875380 198
1875390 197
1875400 196
1875410 196
1875420 195
1875430 194
1875440 194
1875450 193
1875460 192
1875470 192
1875480 192
1875490 193
1875500 193
1875510 194
1875520 194
1875530 194
1875540 193
1875550 193
1875560 193
1875570 193
1875580 192
1875590 192
1875600 192
1875610 192
1875620 192
1875630 191
1875640 191
1875650 191
1875660 190
1875670 189
1875680 189
1875690 189
1875700 188
1875710 188
1875720 188
1875730 187
1875740 187
1875750 186
1875760 186
1875770 186
1875780 186
1875790 186
1875800 187
1875810 187
1875820 187
1875830 188
1875840 188
1875850 188
1875860 188
1875870 187
1875880 187
1875890 187
1875900 187
1875910 187
1875920 187
1875930 187
1875940 187
1875950 187
1875960 186
1875970 186
1875980 186
1875990 186
1876000 186
1876010 185
1876020 185
1876030 185
1876040 185
1876050 184
1876060 184
1876070 184
1876080 184
1876090 184
1876100 184
1876110 184
1876120 184
1876130 184
1876140 184
1876150 184
1876160 183
1876170 182
1876180 182
1876190 182
1876200 179
1876210 179
1876220 178
1876230 178
1876240 178
1876250 177
1876260 177
1876270 177
1876280 178
1876290 178
1876300 178
1876310 180
1876320 181
1876330 181
1876340 182
1876350 182
1876360 182
1876370 182
1876380 182
1876390 182
1876400 182
1876410 182
1876420 181
1876430 181
1876440 181
1876450 181
1876460 181
1876470 181
1876480 181
1876490 180
1876500 180
1876510 180
1876520 179
1876530 179
1876540 179
1876550 178
1876560 178
1876570 177
1876580 177
1876590 177
1876600 178
1876610 178
1876620 178
1876630 178
1876640 177
1876650 177
1876660 175
1876670 175
1876680 175
1876690 175
1876700 175
1876710 175
1876720 176
1876730 177
1876740 177
1876750 178
1876760 179
1876770 179
1876780 179
1876790 179
1876800 179
1876810 179
1876820 179
1876830 179
1876840 179
1876850 179
1876860 179
1876870 177
1876880 176
1876890 176
1876900 175
1876910 175
1876920 175
1876930 175
1876940 174
1876950 174
1876960 174
1876970 174
1876980 174
1876990 174
1877000 173
1877010 173
1877020 172
1877030 172
1877040 172
1877050 172
1877060 172
1877070 171
1877080 172
1877090 172
1877100 172
1877110 172
1877120 172
1877130 173
1877140 174
1877150 174
1877160 176
1877170 177
1877180 177
1877190 178
1877200 178
1877210 178
1877220 179
1877230 180
1877240 180
1877250 180
1877260 180
1877270 180
1877280 181
1877290 181
1877300 181
1877310 181
1877320 181
1877330 181
1877340 181
1877350 180
1877360 180
1877370 180
1877380 180
1877390 180
1877400 180
1877410 179
1877420 179
1877430 179
1877440 179
1877450 179
1877460 179
1877470 179
1877480 179
1877490 179
1877500 178
1877510 178
1877520 178
1877530 178
1877540 178
1877550 178
1877560 178
1877570 178
1877580 178
1877590 177
1877600 177
1877610 177
1877620 177
1877630 177
1877640 178
1877650 178
1877660 178
1877670 178
1877680 178
1877690 178
1877700 178
1877710 178
1877720 178
1877730 178
1877740 178
1877750 178
1877760 178
1877770 178
1877780 178
1877790 178
1877800 178
1877810 178
1877820 178
1877830 178
1877840 178
1877850 178
1877860 178
1877870 178
1877880 178
1877890 178
1877900 178
1877910 178
1877920 178
1877930 178
1877940 178
1877950 178
1877960 178
1877970 178
1877980 178
1877990 178
1878000 177
1878010 177
1878020 177
1878030 177
1878040 177
1878050 177
1878060 177
1878070 177
1878080 176
1878090 176
1878100 176
1878110 176
1878120 176
1878130 176
1878140 176
1878150 176
1878160 176
1878170 176
1878180 175
1878190 175
1878200 175
1878210 175
1878220 175
1878230 175
1878240 174
1878250 174
1878260 174
1878270 174
1878280 174
1878290 174
1878300 174
1878310 173
1878320 173
1878330 173
1878340 173
1878350 173
1878360 173
1878370 173
1878380 173
1878390 173
1878400 172
1878410 172
1878420 172
1878430 172
1878440 172
1878450 172
1878460 172
1878470 172
1878480 172
1878490 171
1878500 171
1878510 171
1878520 171
1878530 171
1878540 171
1878550 171
1878560 170
1878570 170
1878580 170
1878590 170
1878600 170
1878610 170
1878620 170
1878630 170
1878640 170
1878650 169
1878660 169
1878670 169
1878680 169
1878690 169
1878700 169
1878710 169
1878720 169
1878730 169
1878740 169
1878750 169
1878760 169
1878770 169
1878780 169
1878790 169
1878800 168
1878810 168
1878820 168
1878830 168
1878840 168
1878850 168
1878860 168
1878870 168
1878880 168
1878890 168
1878900 168
1878910 168
1878920 168
1878930 168
1878940 168
1878950 168
1878960 168
1878970 168
1878980 168
1878990 168
1879000 168
1879010 168
1879020 168
1879030 168
1879040 168
1879050 167
1879060 167
1879070 167
1879080 167
1879090 167
1879100 167
1879110 167
1879120 167
1879130 167
1879140 167
1879150 167
1879160 167
1879170 167
1879180 167
1879190 167
1879200 167
1879210 167
1879220 167
1879230 167
1879240 167
1879250 167
1879260 166
1879270 166
1879280 166
1879290 166
1879300 166
1879310 166
1879320 166
1879330 165
1879340 165
1879350 165
1879360 165
1879370 165
1879380 165
1879390 165
1879400 165
1879410 165
1879420 165
1879430 165
1879440 165
1879450 165
1879460 165
1879470 165
1879480 165
1879490 165
1879500 165
1879510 165
1879520 165
1879530 165
1879540 165
1879550 165
1879560 165
1879570 165
1879580 165
1879590 165
1879600 165
1879610 165
1879620 165
1879630 165
1879640 165
1879650 165
1879660 165
1879670 165
1879680 165
1879690 165
1879700 164
1879710 165
1879720 165
1879730 164
1879740 164
1879750 164
1879760 164
1879770 165
1879780 165
1879790 165
1879800 165
1879810 165
1879820 165
1879830 165
1879840 165
1879850 165
1879860 164
1879870 164
1879880 164
1879890 164
1879900 164
1879910 164
1879920 164
1879930 164
1879940 164
1879950 163
1879960 163
1879970 163
1879980 163
1879990 163
