1860000 183
1860010 183
1860020 183
1860030 183
1860040 183
1860050 183
1860060 183
1860070 183
1860080 183
1860090 183
1860100 182
1860110 182
1860120 182
1860130 182
1860140 182
1860150 182
1860160 182
1860170 182
1860180 182
1860190 182
1860200 182
1860210 182
1860220 182
1860230 182
1860240 182
1860250 182
1860260 182
1860270 182
1860280 182
1860290 182
1860300 182
1860310 182
1860320 182
1860330 182
1860340 181
1860350 181
1860360 181
1860370 181
1860380 181
1860390 181
1860400 181
1860410 181
1860420 182
1860430 182
1860440 182
1860450 181
1860460 181
1860470 181
1860480 181
1860490 181
1860500 181
1860510 181
1860520 181
1860530 181
1860540 181
1860550 182
1860560 182
1860570 182
1860580 182
1860590 182
1860600 182
1860610 182
1860620 182
1860630 182
1860640 182
1860650 181
1860660 181
1860670 181
1860680 180
1860690 180
1860700 180
1860710 180
1860720 180
1860730 180
1860740 180
1860750 180
1860760 180
1860770 180
1860780 180
1860790 180
1860800 180
1860810 180
1860820 180
1860830 179
1860840 178
1860850 178
1860860 178
1860870 178
1860880 178
1860890 177
1860900 177
1860910 177
1860920 177
1860930 176
1860940 176
1860950 176
1860960 176
1860970 176
1860980 175
1860990 175
1861000 175
1861010 175
1861020 175
1861030 175
1861040 175
1861050 175
1861060 175
1861070 174
1861080 174
1861090 174
1861100 175
1861110 174
1861120 174
1861130 175
1861140 175
1861150 175
1861160 174
1861170 174
1861180 174
1861190 174
1861200 174
1861210 175
1861220 175
1861230 175
1861240 175
1861250 175
1861260 175
1861270 175
1861280 175
1861290 175
1861300 175
1861310 175
1861320 175
1861330 175
1861340 175
1861350 175
1861360 175
1861370 175
1861380 175
1861390 175
1861400 175
1861410 175
1861420 175
1861430 175
1861440 175
1861450 175
1861460 175
1861470 175
1861480 175
1861490 175
1861500 175
1861510 175
1861520 175
1861530 175
1861540 174
1861550 174
1861560 175
1861570 175
1861580 174
1861590 174
1861600 174
1861610 175
1861620 175
1861630 175
1861640 174
1861650 174
1861660 174
1861670 174
1861680 174
1861690 174
1861700 174
1861710 174
1861720 174
1861730 174
1861740 174
1861750 174
1861760 174
1861770 174
1861780 174
1861790 174
1861800 174
1861810 174
1861820 174
1861830 174
1861840 174
1861850 174
1861860 174
1861870 174
1861880 174
1861890 174
1861900 174
1861910 174
1861920 174
1861930 174
1861940 174
1861950 174
1861960 174
1861970 174
1861980 174
1861990 174
1862000 174
1862010 174
1862020 174
1862030 174
1862040 174
1862050 174
1862060 174
1862070 174
1862080 174
1862090 174
1862100 174
1862110 174
1862120 174
1862130 174
1862140 174
1862150 174
1862160 174
1862170 174
1862180 174
1862190 174
1862200 174
1862210 174
1862220 174
1862230 174
1862240 174
1862250 174
1862260 173
1862270 173
1862280 173
1862290 173
1862300 173
1862310 173
1862320 173
1862330 173
1862340 173
1862350 173
1862360 173
1862370 173
1862380 173
1862390 173
1862400 173
1862410 173
1862420 173
1862430 173
1862440 173
1862450 173
1862460 173
1862470 173
1862480 173
1862490 173
1862500 173
1862510 173
1862520 174
1862530 174
1862540 174
1862550 174
1862560 174
1862570 174
1862580 174
1862590 174
1862600 174
1862610 174
1862620 174
1862630 174
1862640 174
1862650 174
1862660 174
1862670 173
1862680 173
1862690 173
1862700 173
1862710 173
1862720 174
1862730 173
1862740 173
1862750 173
1862760 173
1862770 173
1862780 174
1862790 174
1862800 174
1862810 174
1862820 174
1862830 174
1862840 174
1862850 173
1862860 173
1862870 173
1862880 173
1862890 173
1862900 173
1862910 173
1862920 173
1862930 173
1862940 173
1862950 173
1862960 173
1862970 173
1862980 173
1862990 173
1863000 174
1863010 174
1863020 173
1863030 173
1863040 173
1863050 174
1863060 174
1863070 174
1863080 174
1863090 174
1863100 174
1863110 174
1863120 174
1863130 174
1863140 175
1863150 175
1863160 175
1863170 175
1863180 175
1863190 175
1863200 176
1863210 176
1863220 176
1863230 176
1863240 176
1863250 175
1863260 175
1863270 175
1863280 175
1863290 175
1863300 175
1863310 175
1863320 175
1863330 175
1863340 176
1863350 175
1863360 175
1863370 175
1863380 175
1863390 175
1863400 176
1863410 176
1863420 176
1863430 176
1863440 176
1863450 176
1863460 176
1863470 176
1863480 176
1863490 176
1863500 176
1863510 176
1863520 176
1863530 176
1863540 176
1863550 176
1863560 176
1863570 176
1863580 176
1863590 176
1863600 176
1863610 176
1863620 176
1863630 176
1863640 176
1863650 177
1863660 177
1863670 176
1863680 176
1863690 176
1863700 176
1863710 176
1863720 176
1863730 176
1863740 176
1863750 176
1863760 176
1863770 176
1863780 176
1863790 176
1863800 176
1863810 176
1863820 176
1863830 176
1863840 176
1863850 176
1863860 176
1863870 176
1863880 176
1863890 176
1863900 176
1863910 176
1863920 176
1863930 176
1863940 176
1863950 176
1863960 177
1863970 177
1863980 177
1863990 177
1864000 177
1864010 177
1864020 177
1864030 177
1864040 177
1864050 177
1864060 177
1864070 177
1864080 178
1864090 178
1864100 178
1864110 178
1864120 178
1864130 178
1864140 178
1864150 178
1864160 178
1864170 178
1864180 178
1864190 178
1864200 178
1864210 179
1864220 179
1864230 179
1864240 179
1864250 179
1864260 179
1864270 179
1864280 179
1864290 179
1864300 179
1864310 179
1864320 179
1864330 179
1864340 179
1864350 179
1864360 179
1864370 179
1864380 179
1864390 179
1864400 179
1864410 179
1864420 179
1864430 180
1864440 180
1864450 180
1864460 180
1864470 180
1864480 180
1864490 180
1864500 181
1864510 181
1864520 181
1864530 181
1864540 181
1864550 182
1864560 182
1864570 182
1864580 182
1864590 182
1864600 182
1864610 182
1864620 183
1864630 183
1864640 183
1864650 183
1864660 183
1864670 183
1864680 183
1864690 183
1864700 183
1864710 184
1864720 184
1864730 184
1864740 184
1864750 184
1864760 184
1864770 184
1864780 184
1864790 184
1864800 184
1864810 184
1864820 184
1864830 184
1864840 184
1864850 184
1864860 184
1864870 184
1864880 184
1864890 183
1864900 183
1864910 183
1864920 183
1864930 183
1864940 183
1864950 182
1864960 182
1864970 182
1864980 182
1864990 182
1865000 181
1865010 181
1865020 181
1865030 181
1865040 181
1865050 181
1865060 180
1865070 180
1865080 180
1865090 180
1865100 180
1865110 180
1865120 180
1865130 180
1865140 179
1865150 179
1865160 179
1865170 179
1865180 179
1865190 179
1865200 179
1865210 179
1865220 179
1865230 179
1865240 179
1865250 179
1865260 179
1865270 179
1865280 179
1865290 179
1865300 179
1865310 179
1865320 178
1865330 178
1865340 178
1865350 178
1865360 178
1865370 178
1865380 178
1865390 178
1865400 178
1865410 178
1865420 178
1865430 178
1865440 179
1865450 179
1865460 179
1865470 179
1865480 179
1865490 179
1865500 179
1865510 179
1865520 179
1865530 180
1865540 180
1865550 180
1865560 180
1865570 180
1865580 180
1865590 180
1865600 180
1865610 180
1865620 180
1865630 180
1865640 180
1865650 180
1865660 180
1865670 180
1865680 180
1865690 180
1865700 181
1865710 181
1865720 181
1865730 181
1865740 181
1865750 181
1865760 181
1865770 182
1865780 182
1865790 182
1865800 182
1865810 182
1865820 182
1865830 182
1865840 182
1865850 182
1865860 182
1865870 182
1865880 182
1865890 182
1865900 182
1865910 182
1865920 182
1865930 182
1865940 182
1865950 181
1865960 181
1865970 181
1865980 181
1865990 181
1866000 181
1866010 181
1866020 181
1866030 181
1866040 181
1866050 181
1866060 181
1866070 181
1866080 181
1866090 181
1866100 181
1866110 181
1866120 181
1866130 181
1866140 181
1866150 181
1866160 181
1866170 181
1866180 181
1866190 181
1866200 181
1866210 181
1866220 181
1866230 181
1866240 181
1866250 181
1866260 181
1866270 181
1866280 181
1866290 181
1866300 181
1866310 181
1866320 181
1866330 181
1866340 181
1866350 181
1866360 181
1866370 181
1866380 182
1866390 182
1866400 182
1866410 182
1866420 183
1866430 183
1866440 183
1866450 184
1866460 184
1866470 184
1866480 185
1866490 185
1866500 185
1866510 185
1866520 185
1866530 186
1866540 186
1866550 186
1866560 186
1866570 186
1866580 186
1866590 186
1866600 186
1866610 186
1866620 186
1866630 185
1866640 185
1866650 185
1866660 185
1866670 185
1866680 185
1866690 185
1866700 185
1866710 185
1866720 186
1866730 186
1866740 186
1866750 186
1866760 186
1866770 186
1866780 186
1866790 186
1866800 186
1866810 186
1866820 186
1866830 187
1866840 187
1866850 187
1866860 187
1866870 187
1866880 187
1866890 188
1866900 188
1866910 188
1866920 188
1866930 188
1866940 189
1866950 189
1866960 189
1866970 190
1866980 190
1866990 190
1867000 190
1867010 191
1867020 191
1867030 191
1867040 191
1867050 191
1867060 192
1867070 192
1867080 192
1867090 193
1867100 193
1867110 193
1867120 194
1867130 194
1867140 194
1867150 195
1867160 195
1867170 195
1867180 196
1867190 196
1867200 196
1867210 197
1867220 197
1867230 197
1867240 197
1867250 198
1867260 198
1867270 198
1867280 198
1867290 198
1867300 199
1867310 199
1867320 199
1867330 200
1867340 200
1867350 200
1867360 200
1867370 201
1867380 201
1867390 201
1867400 202
1867410 202
1867420 202
1867430 203
1867440 203
1867450 203
1867460 203
1867470 204
1867480 204
1867490 204
1867500 205
1867510 205
1867520 205
1867530 206
1867540 206
1867550 206
1867560 206
1867570 207
1867580 207
1867590 207
1867600 207
1867610 207
1867620 208
1867630 208
1867640 208
1867650 208
1867660 209
1867670 209
1867680 209
1867690 210
1867700 210
1867710 210
1867720 211
1867730 211
1867740 211
1867750 212
1867760 212
1867770 212
1867780 212
1867790 212
1867800 212
1867810 212
1867820 212
1867830 213
1867840 213
1867850 213
1867860 213
1867870 213
1867880 213
1867890 213
1867900 214
1867910 214
1867920 214
1867930 214
1867940 214
1867950 214
1867960 215
1867970 215
1867980 215
1867990 215
1868000 215
1868010 215
1868020 215
1868030 215
1868040 215
1868050 215
1868060 215
1868070 215
1868080 215
1868090 215
1868100 215
1868110 215
1868120 215
1868130 216
1868140 216
1868150 216
1868160 216
1868170 216
1868180 216
1868190 216
1868200 216
1868210 216
1868220 215
1868230 215
1868240 215
1868250 215
1868260 215
1868270 215
1868280 214
1868290 214
1868300 214
1868310 214
1868320 214
1868330 214
1868340 213
1868350 213
1868360 213
1868370 213
1868380 213
1868390 213
1868400 213
1868410 213
1868420 213
1868430 212
1868440 212
1868450 212
1868460 212
1868470 212
1868480 212
1868490 212
1868500 212
1868510 212
1868520 212
1868530 212
1868540 212
1868550 212
1868560 212
1868570 212
1868580 212
1868590 212
1868600 212
1868610 212
1868620 212
1868630 212
1868640 212
1868650 212
1868660 212
1868670 212
1868680 212
1868690 212
1868700 212
1868710 212
1868720 212
1868730 212
1868740 212
1868750 212
1868760 212
1868770 212
1868780 212
1868790 212
1868800 212
1868810 212
1868820 212
1868830 213
1868840 213
1868850 213
1868860 213
1868870 213
1868880 213
1868890 213
1868900 214
1868910 214
1868920 214
1868930 214
1868940 214
1868950 215
1868960 215
1868970 215
1868980 215
1868990 215
1869000 215
1869010 215
1869020 216
1869030 216
1869040 216
1869050 216
1869060 216
1869070 216
1869080 217
1869090 217
1869100 217
1869110 217
1869120 217
1869130 217
1869140 217
1869150 217
1869160 218
1869170 218
1869180 218
1869190 219
1869200 219
1869210 219
1869220 219
1869230 220
1869240 220
1869250 221
1869260 221
1869270 221
1869280 222
1869290 222
1869300 222
1869310 223
1869320 223
1869330 224
1869340 225
1869350 225
1869360 226
1869370 227
1869380 227
1869390 228
1869400 229
1869410 229
1869420 230
1869430 230
1869440 230
1869450 231
1869460 232
1869470 232
1869480 233
1869490 234
1869500 234
1869510 234
1869520 235
1869530 235
1869540 235
1869550 236
1869560 236
1869570 236
1869580 236
1869590 236
1869600 237
1869610 237
1869620 237
1869630 237
1869640 238
1869650 238
1869660 238
1869670 238
1869680 238
1869690 238
1869700 239
1869710 239
1869720 239
1869730 239
1869740 239
1869750 239
1869760 239
1869770 239
1869780 239
1869790 240
1869800 240
1869810 240
1869820 240
1869830 240
1869840 240
1869850 240
1869860 240
1869870 240
1869880 240
1869890 240
1869900 240
1869910 240
1869920 240
1869930 240
1869940 240
1869950 240
1869960 240
1869970 240
1869980 240
1869990 240
1870000 240
1870010 240
1870020 240
1870030 240
1870040 240
1870050 240
1870060 240
1870070 239
1870080 239
1870090 239
1870100 239
1870110 239
1870120 239
1870130 238
1870140 238
1870150 238
1870160 238
1870170 238
1870180 238
1870190 237
1870200 237
1870210 237
1870220 237
1870230 237
1870240 237
1870250 237
1870260 236
1870270 236
1870280 236
1870290 235
1870300 235
1870310 235
1870320 234
1870330 234
1870340 234
1870350 234
1870360 234
1870370 233
1870380 233
1870390 233
1870400 233
1870410 233
1870420 233
1870430 232
1870440 232
1870450 232
1870460 232
1870470 232
1870480 232
1870490 232
1870500 231
1870510 231
1870520 231
1870530 231
1870540 231
1870550 231
1870560 230
1870570 230
1870580 230
1870590 230
1870600 229
1870610 229
1870620 229
1870630 228
1870640 228
1870650 228
1870660 227
1870670 227
1870680 227
1870690 226
1870700 226
1870710 226
1870720 225
1870730 225
1870740 225
1870750 225
1870760 224
1870770 224
1870780 224
1870790 224
1870800 224
1870810 223
1870820 223
1870830 223
1870840 223
1870850 222
1870860 222
1870870 222
1870880 221
1870890 221
1870900 221
1870910 220
1870920 220
1870930 220
1870940 219
1870950 219
1870960 219
1870970 218
1870980 218
1870990 218
1871000 217
1871010 217
1871020 217
1871030 216
1871040 216
1871050 216
1871060 215
1871070 215
1871080 215
1871090 214
1871100 214
1871110 214
1871120 213
1871130 213
1871140 213
1871150 212
1871160 212
1871170 211
1871180 211
1871190 211
1871200 210
1871210 210
1871220 210
1871230 209
1871240 209
1871250 209
1871260 209
1871270 209
1871280 208
1871290 208
1871300 208
1871310 208
1871320 207
1871330 207
1871340 207
1871350 206
1871360 206
1871370 206
1871380 206
1871390 206
1871400 205
1871410 205
1871420 205
1871430 204
1871440 204
1871450 204
1871460 203
1871470 202
1871480 201
1871490 201
1871500 200
1871510 200
1871520 199
1871530 199
1871540 199
1871550 198
1871560 198
1871570 198
1871580 198
1871590 198
1871600 198
1871610 199
1871620 202
1871630 202
1871640 202
1871650 202
1871660 202
1871670 202
1871680 202
1871690 202
1871700 202
1871710 203
1871720 203
1871730 204
1871740 205
1871750 205
1871760 205
1871770 206
1871780 206
1871790 207
1871800 208
1871810 208
1871820 210
1871830 210
1871840 211
1871850 212
1871860 212
1871870 212
1871880 213
1871890 213
1871900 214
1871910 215
1871920 215
1871930 215
1871940 216
1871950 216
1871960 216
1871970 217
1871980 217
1871990 218
1872000 218
1872010 218
1872020 219
1872030 220
1872040 220
1872050 224
1872060 227
1872070 227
1872080 227
1872090 227
1872100 227
1872110 227
1872120 228
1872130 228
1872140 228
1872150 229
1872160 230
1872170 230
1872180 230
1872190 230
1872200 231
1872210 231
1872220 231
1872230 231
1872240 231
1872250 231
1872260 231
1872270 231
1872280 231
1872290 230
1872300 229
1872310 229
1872320 228
1872330 227
1872340 227
1872350 226
1872360 226
1872370 226
1872380 226
1872390 226
1872400 226
1872410 227
1872420 228
1872430 228
1872440 229
1872450 229
1872460 231
1872470 233
1872480 233
1872490 234
1872500 235
1872510 235
1872520 236
1872530 236
1872540 236
1872550 236
1872560 236
1872570 236
1872580 237
1872590 237
1872600 237
1872610 237
1872620 237
1872630 237
1872640 237
1872650 237
1872660 237
1872670 237
1872680 237
1872690 237
1872700 237
1872710 237
1872720 237
1872730 236
1872740 236
1872750 236
1872760 236
1872770 236
1872780 236
1872790 236
1872800 235
1872810 235
1872820 235
1872830 235
1872840 235
1872850 235
1872860 234
1872870 234
1872880 234
1872890 234
1872900 234
1872910 234
1872920 234
1872930 234
1872940 233
1872950 233
1872960 233
1872970 233
1872980 233
1872990 233
1873000 233
1873010 233
1873020 233
1873030 232
1873040 232
1873050 232
1873060 232
1873070 232
1873080 232
1873090 232
1873100 232
1873110 232
1873120 231
1873130 231
1873140 231
1873150 231
1873160 231
1873170 231
1873180 231
1873190 231
1873200 231
1873210 230
1873220 230
1873230 230
1873240 230
1873250 230
1873260 230
1873270 229
1873280 229
1873290 229
1873300 229
1873310 229
1873320 229
1873330 228
1873340 228
1873350 228
1873360 228
1873370 228
1873380 228
1873390 228
1873400 228
1873410 227
1873420 227
1873430 227
1873440 227
1873450 227
1873460 227
1873470 226
1873480 226
1873490 226
1873500 226
1873510 226
1873520 226
1873530 225
1873540 225
1873550 225
1873560 224
1873570 224
1873580 224
1873590 223
1873600 222
1873610 222
1873620 221
1873630 221
1873640 221
1873650 221
1873660 220
1873670 220
1873680 219
1873690 219
1873700 217
1873710 219
1873720 219
1873730 220
1873740 222
1873750 222
1873760 223
1873770 223
1873780 223
1873790 223
1873800 223
1873810 223
1873820 223
1873830 223
1873840 223
1873850 223
1873860 223
1873870 223
1873880 222
1873890 222
1873900 222
1873910 221
1873920 221
1873930 221
1873940 221
1873950 221
1873960 221
1873970 221
1873980 221
1873990 221
1874000 220
1874010 220
1874020 220
1874030 220
1874040 219
1874050 219
1874060 219
1874070 219
1874080 219
1874090 219
1874100 219
1874110 219
1874120 219
1874130 218
1874140 218
1874150 218
1874160 218
1874170 218
1874180 217
1874190 217
1874200 217
1874210 217
1874220 217
1874230 217
1874240 216
1874250 216
1874260 216
1874270 216
1874280 216
1874290 216
1874300 215
1874310 215
1874320 215
1874330 215
1874340 215
1874350 214
1874360 214
1874370 214
1874380 214
1874390 214
1874400 214
1874410 214
1874420 213
1874430 213
1874440 213
1874450 213
1874460 213
1874470 213
1874480 212
1874490 212
1874500 212
1874510 212
1874520 212
1874530 211
1874540 211
1874550 211
1874560 211
1874570 210
1874580 210
1874590 210
1874600 210
1874610 210
1874620 209
1874630 208
1874640 208
1874650 208
1874660 207
1874670 207
1874680 207
1874690 206
1874700 206
1874710 206
1874720 205
1874730 205
1874740 205
1874750 205
1874760 205
1874770 204
1874780 204
1874790 204
1874800 204
1874810 203
1874820 203
1874830 203
1874840 202
1874850 202
1874860 201
1874870 201
1874880 201
1874890 201
1874900 201
1874910 201
1874920 200
1874930 200
1874940 200
1874950 199
1874960 199
1874970 199
1874980 198
1874990 198
1875000 197
1875010 196
1875020 196
1875030 195
1875040 193
1875050 193
1875060 191
1875070 189
1875080 189
1875090 188
1875100 186
1875110 186
1875120 185
1875130 184
1875140 184
1875150 184
1875160 184
1875170 184
1875180 184
1875190 185
1875200 185
1875210 185
1875220 185
1875230 185
1875240 184
1875250 184
1875260 184
1875270 183
1875280 183
1875290 183
1875300 182
1875310 182
1875320 182
1875330 182
1875340 181
1875350 181
1875360 181
1875370 181
1875380 181
1875390 181
1875400 181
1875410 181
1875420 181
1875430 181
1875440 181
1875450 181
1875460 181
1875470 181
1875480 182
1875490 182
1875500 182
1875510 184
1875520 186
1875530 186
1875540 187
1875550 187
1875560 187
1875570 187
1875580 187
1875590 187
1875600 187
1875610 187
1875620 188
1875630 188
1875640 188
1875650 188
1875660 188
1875670 188
1875680 188
1875690 186
1875700 186
1875710 185
1875720 188
1875730 188
1875740 188
1875750 188
1875760 188
1875770 188
1875780 188
1875790 188
1875800 188
1875810 188
1875820 188
1875830 188
1875840 188
1875850 188
1875860 188
1875870 188
1875880 188
1875890 187
1875900 187
1875910 187
1875920 187
1875930 187
1875940 187
1875950 187
1875960 187
1875970 187
1875980 187
1875990 186
1876000 186
1876010 186
1876020 186
1876030 186
1876040 186
1876050 186
1876060 186
1876070 185
1876080 185
1876090 185
1876100 185
1876110 185
1876120 185
1876130 185
1876140 185
1876150 185
1876160 185
1876170 185
1876180 185
1876190 184
1876200 184
1876210 184
1876220 184
1876230 184
1876240 184
1876250 184
1876260 184
1876270 184
1876280 184
1876290 184
1876300 183
1876310 183
1876320 183
1876330 183
1876340 183
1876350 183
1876360 183
1876370 184
1876380 184
1876390 184
1876400 184
1876410 184
1876420 184
1876430 184
1876440 184
1876450 183
1876460 184
1876470 184
1876480 184
1876490 184
1876500 184
1876510 184
1876520 184
1876530 184
1876540 184
1876550 184
1876560 184
1876570 183
1876580 183
1876590 183
1876600 183
1876610 183
1876620 183
1876630 182
1876640 182
1876650 182
1876660 182
1876670 182
1876680 182
1876690 181
1876700 181
1876710 181
1876720 180
1876730 180
1876740 180
1876750 180
1876760 180
1876770 180
1876780 180
1876790 180
1876800 180
1876810 180
1876820 180
1876830 180
1876840 180
1876850 179
1876860 179
1876870 179
1876880 179
1876890 179
1876900 179
1876910 179
1876920 179
1876930 179
1876940 179
1876950 179
1876960 179
1876970 179
1876980 178
1876990 178
1877000 178
1877010 178
1877020 178
1877030 178
1877040 178
1877050 178
1877060 178
1877070 178
1877080 178
1877090 178
1877100 178
1877110 177
1877120 177
1877130 177
1877140 176
1877150 176
1877160 176
1877170 175
1877180 175
1877190 175
1877200 174
1877210 174
1877220 173
1877230 173
1877240 173
1877250 172
1877260 171
1877270 171
1877280 170
1877290 169
1877300 169
1877310 169
1877320 169
1877330 169
1877340 169
1877350 168
1877360 168
1877370 168
1877380 169
1877390 169
1877400 169
1877410 169
1877420 170
1877430 170
1877440 170
1877450 171
1877460 172
1877470 172
1877480 173
1877490 173
1877500 173
1877510 174
1877520 174
1877530 174
1877540 174
1877550 174
1877560 174
1877570 174
1877580 174
1877590 174
1877600 173
1877610 173
1877620 173
1877630 172
1877640 172
1877650 172
1877660 172
1877670 172
1877680 172
1877690 173
1877700 173
1877710 173
1877720 173
1877730 174
1877740 174
1877750 174
1877760 174
1877770 174
1877780 174
1877790 174
1877800 174
1877810 173
1877820 173
1877830 173
1877840 173
1877850 173
1877860 173
1877870 173
1877880 173
1877890 173
1877900 172
1877910 172
1877920 172
1877930 172
1877940 172
1877950 172
1877960 172
1877970 172
1877980 172
1877990 172
1878000 172
1878010 172
1878020 171
1878030 171
1878040 171
1878050 171
1878060 171
1878070 171
1878080 171
1878090 171
1878100 170
1878110 170
1878120 170
1878130 170
1878140 170
1878150 170
1878160 170
1878170 170
1878180 170
1878190 170
1878200 170
1878210 170
1878220 170
1878230 170
1878240 170
1878250 169
1878260 169
1878270 169
1878280 169
1878290 169
1878300 169
1878310 168
1878320 169
1878330 169
1878340 168
1878350 168
1878360 168
1878370 167
1878380 167
1878390 167
1878400 166
1878410 167
1878420 167
1878430 167
1878440 167
1878450 167
1878460 167
1878470 166
1878480 166
1878490 166
1878500 166
1878510 166
1878520 165
1878530 165
1878540 165
1878550 165
1878560 165
1878570 165
1878580 165
1878590 165
1878600 165
1878610 165
1878620 165
1878630 165
1878640 165
1878650 165
1878660 164
1878670 164
1878680 164
1878690 164
1878700 163
1878710 163
1878720 163
1878730 163
1878740 163
1878750 163
1878760 163
1878770 163
1878780 163
1878790 163
1878800 163
1878810 163
1878820 162
1878830 162
1878840 163
1878850 163
1878860 163
1878870 163
1878880 163
1878890 163
1878900 163
1878910 163
1878920 163
1878930 163
1878940 163
1878950 163
1878960 163
1878970 164
1878980 164
1878990 164
1879000 164
1879010 164
1879020 164
1879030 164
1879040 164
1879050 164
1879060 164
1879070 164
1879080 163
1879090 163
1879100 163
1879110 163
1879120 163
1879130 163
1879140 162
1879150 162
1879160 162
1879170 162
1879180 162
1879190 162
1879200 162
1879210 162
1879220 162
1879230 162
1879240 162
1879250 162
1879260 162
1879270 162
1879280 162
1879290 162
1879300 162
1879310 162
1879320 162
1879330 162
1879340 162
1879350 161
1879360 161
1879370 161
1879380 161
1879390 161
1879400 161
1879410 161
1879420 161
1879430 161
1879440 161
1879450 161
1879460 161
1879470 161
1879480 161
1879490 161
1879500 161
1879510 162
1879520 162
1879530 162
1879540 162
1879550 162
1879560 162
1879570 162
1879580 162
1879590 162
1879600 162
1879610 162
1879620 162
1879630 162
1879640 162
1879650 162
1879660 162
1879670 162
1879680 162
1879690 162
1879700 162
1879710 162
1879720 162
1879730 162
1879740 162
1879750 162
1879760 162
1879770 163
1879780 163
1879790 163
1879800 163
1879810 163
1879820 163
1879830 163
1879840 163
1879850 163
1879860 163
1879870 163
1879880 163
1879890 163
1879900 163
1879910 163
1879920 163
1879930 163
1879940 162
1879950 162
1879960 162
1879970 162
1879980 162
1879990 162
1860000 183
1860010 183
1860020 183
1860030 183
1860040 183
1860050 183
1860060 183
1860070 183
1860080 183
1860090 183
1860100 182
1860110 182
1860120 182
1860130 182
1860140 182
1860150 182
1860160 182
1860170 182
1860180 182
1860190 182
1860200 182
1860210 182
1860220 182
1860230 182
1860240 182
1860250 182
1860260 182
1860270 182
1860280 182
1860290 182
1860300 182
1860310 182
1860320 182
1860330 182
1860340 181
1860350 181
1860360 181
1860370 181
1860380 181
1860390 181
1860400 181
1860410 181
1860420 182
1860430 182
1860440 182
1860450 181
1860460 181
1860470 181
1860480 181
1860490 181
1860500 181
1860510 181
1860520 181
1860530 181
1860540 181
1860550 182
1860560 182
1860570 182
1860580 182
1860590 182
1860600 182
1860610 182
1860620 182
1860630 182
1860640 182
1860650 181
1860660 181
1860670 181
1860680 180
1860690 180
1860700 180
1860710 180
1860720 180
1860730 180
1860740 180
1860750 180
1860760 180
1860770 180
1860780 180
1860790 180
1860800 180
1860810 180
1860820 180
1860830 179
1860840 178
1860850 178
1860860 178
1860870 178
1860880 178
1860890 177
1860900 177
1860910 177
1860920 177
1860930 176
1860940 176
1860950 176
1860960 176
1860970 176
1860980 175
1860990 175
1861000 175
1861010 175
1861020 175
1861030 175
1861040 175
1861050 175
1861060 175
1861070 174
1861080 174
1861090 174
1861100 175
1861110 174
1861120 174
1861130 175
1861140 175
1861150 175
1861160 174
1861170 174
1861180 174
1861190 174
1861200 174
1861210 175
1861220 175
1861230 175
1861240 175
1861250 175
1861260 175
1861270 175
1861280 175
1861290 175
1861300 175
1861310 175
1861320 175
1861330 175
1861340 175
1861350 175
1861360 175
1861370 175
1861380 175
1861390 175
1861400 175
1861410 175
1861420 175
1861430 175
1861440 175
1861450 175
1861460 175
1861470 175
1861480 175
1861490 175
1861500 175
1861510 175
1861520 175
1861530 175
1861540 174
1861550 174
1861560 175
1861570 175
1861580 174
1861590 174
1861600 174
1861610 175
1861620 175
1861630 175
1861640 174
1861650 174
1861660 174
1861670 174
1861680 174
1861690 174
1861700 174
1861710 174
1861720 174
1861730 174
1861740 174
1861750 174
1861760 174
1861770 174
1861780 174
1861790 174
1861800 174
1861810 174
1861820 174
1861830 174
1861840 174
1861850 174
1861860 174
1861870 174
1861880 174
1861890 174
1861900 174
1861910 174
1861920 174
1861930 174
1861940 174
1861950 174
1861960 174
1861970 174
1861980 174
1861990 174
1862000 174
1862010 174
1862020 174
1862030 174
1862040 174
1862050 174
1862060 174
1862070 174
1862080 174
1862090 174
1862100 174
1862110 174
1862120 174
1862130 174
1862140 174
1862150 174
1862160 174
1862170 174
1862180 174
1862190 174
1862200 174
1862210 174
1862220 174
1862230 174
1862240 174
1862250 174
1862260 173
1862270 173
1862280 173
1862290 173
1862300 173
1862310 173
1862320 173
1862330 173
1862340 173
1862350 173
1862360 173
1862370 173
1862380 173
1862390 173
1862400 173
1862410 173
1862420 173
1862430 173
1862440 173
1862450 173
1862460 173
1862470 173
1862480 173
1862490 173
1862500 173
1862510 173
1862520 174
1862530 174
1862540 174
1862550 174
1862560 174
1862570 174
1862580 174
1862590 174
1862600 174
1862610 174
1862620 174
1862630 174
1862640 174
1862650 174
1862660 174
1862670 173
1862680 173
1862690 173
1862700 173
1862710 173
1862720 174
1862730 173
1862740 173
1862750 173
1862760 173
1862770 173
1862780 174
1862790 174
1862800 174
1862810 174
1862820 174
1862830 174
1862840 174
1862850 173
1862860 173
1862870 173
1862880 173
1862890 173
1862900 173
1862910 173
1862920 173
1862930 173
1862940 173
1862950 173
1862960 173
1862970 173
1862980 173
1862990 173
1863000 174
1863010 174
1863020 173
1863030 173
1863040 173
1863050 174
1863060 174
1863070 174
1863080 174
1863090 174
1863100 174
1863110 174
1863120 174
1863130 174
1863140 175
1863150 175
1863160 175
1863170 175
1863180 175
1863190 175
1863200 176
1863210 176
1863220 176
1863230 176
1863240 176
1863250 175
1863260 175
1863270 175
1863280 175
1863290 175
1863300 175
1863310 175
1863320 175
1863330 175
1863340 176
1863350 175
1863360 175
1863370 175
1863380 175
1863390 175
1863400 176
1863410 176
1863420 176
1863430 176
1863440 176
1863450 176
1863460 176
1863470 176
1863480 176
1863490 176
1863500 176
1863510 176
1863520 176
1863530 176
1863540 176
1863550 176
1863560 176
1863570 176
1863580 176
1863590 176
1863600 176
1863610 176
1863620 176
1863630 176
1863640 176
1863650 177
1863660 177
1863670 176
1863680 176
1863690 176
1863700 176
1863710 176
1863720 176
1863730 176
1863740 176
1863750 176
1863760 176
1863770 176
1863780 176
1863790 176
1863800 176
1863810 176
1863820 176
1863830 176
1863840 176
1863850 176
1863860 176
1863870 176
1863880 176
1863890 176
1863900 176
1863910 176
1863920 176
1863930 176
1863940 176
1863950 176
1863960 177
1863970 177
1863980 177
1863990 177
1864000 177
1864010 177
1864020 177
1864030 177
1864040 177
1864050 177
1864060 177
1864070 177
1864080 178
1864090 178
1864100 178
1864110 178
1864120 178
1864130 178
1864140 178
1864150 178
1864160 178
1864170 178
1864180 178
1864190 178
1864200 178
1864210 179
1864220 179
1864230 179
1864240 179
1864250 179
1864260 179
1864270 179
1864280 179
1864290 179
1864300 179
1864310 179
1864320 179
1864330 179
1864340 179
1864350 179
1864360 179
1864370 179
1864380 179
1864390 179
1864400 179
1864410 179
1864420 179
1864430 180
1864440 180
1864450 180
1864460 180
1864470 180
1864480 180
1864490 180
1864500 181
1864510 181
1864520 181
1864530 181
1864540 181
1864550 182
1864560 182
1864570 182
1864580 182
1864590 182
1864600 182
1864610 182
1864620 183
1864630 183
1864640 183
1864650 183
1864660 183
1864670 183
1864680 183
1864690 183
1864700 183
1864710 184
1864720 184
1864730 184
1864740 184
1864750 184
1864760 184
1864770 184
1864780 184
1864790 184
1864800 184
1864810 184
1864820 184
1864830 184
1864840 184
1864850 184
1864860 184
1864870 184
1864880 184
1864890 183
1864900 183
1864910 183
1864920 183
1864930 183
1864940 183
1864950 182
1864960 182
1864970 182
1864980 182
1864990 182
1865000 181
1865010 181
1865020 181
1865030 181
1865040 181
1865050 181
1865060 180
1865070 180
1865080 180
1865090 180
1865100 180
1865110 180
1865120 180
1865130 180
1865140 179
1865150 179
1865160 179
1865170 179
1865180 179
1865190 179
1865200 179
1865210 179
1865220 179
1865230 179
1865240 179
1865250 179
1865260 179
1865270 179
1865280 179
1865290 179
1865300 179
1865310 179
1865320 178
1865330 178
1865340 178
1865350 178
1865360 178
1865370 178
1865380 178
1865390 178
1865400 178
1865410 178
1865420 178
1865430 178
1865440 179
1865450 179
1865460 179
1865470 179
1865480 179
1865490 179
1865500 179
1865510 179
1865520 179
1865530 180
1865540 180
1865550 180
1865560 180
1865570 180
1865580 180
1865590 180
1865600 180
1865610 180
1865620 180
1865630 180
1865640 180
1865650 180
1865660 180
1865670 180
1865680 180
1865690 180
1865700 181
1865710 181
1865720 181
1865730 181
1865740 181
1865750 181
1865760 181
1865770 182
1865780 182
1865790 182
1865800 182
1865810 182
1865820 182
1865830 182
1865840 182
1865850 182
1865860 182
1865870 182
1865880 182
1865890 182
1865900 182
1865910 182
1865920 182
1865930 182
1865940 182
1865950 181
1865960 181
1865970 181
1865980 181
1865990 181
1866000 181
1866010 181
1866020 181
1866030 181
1866040 181
1866050 181
1866060 181
1866070 181
1866080 181
1866090 181
1866100 181
1866110 181
1866120 181
1866130 181
1866140 181
1866150 181
1866160 181
1866170 181
1866180 181
1866190 181
1866200 181
1866210 181
1866220 181
1866230 181
1866240 181
1866250 181
1866260 181
1866270 181
1866280 181
1866290 181
1866300 181
1866310 181
1866320 181
1866330 181
1866340 181
1866350 181
1866360 181
1866370 181
1866380 182
1866390 182
1866400 182
1866410 182
1866420 183
1866430 183
1866440 183
1866450 184
1866460 184
1866470 184
1866480 185
1866490 185
1866500 185
1866510 185
1866520 185
1866530 186
1866540 186
1866550 186
1866560 186
1866570 186
1866580 186
1866590 186
1866600 186
1866610 186
1866620 186
1866630 185
1866640 185
1866650 185
1866660 185
1866670 185
1866680 185
1866690 185
1866700 185
1866710 185
1866720 186
1866730 186
1866740 186
1866750 186
1866760 186
1866770 186
1866780 186
1866790 186
1866800 186
1866810 186
1866820 186
1866830 187
1866840 187
1866850 187
1866860 187
1866870 187
1866880 187
1866890 188
1866900 188
1866910 188
1866920 188
1866930 188
1866940 189
1866950 189
1866960 189
1866970 190
1866980 190
1866990 190
1867000 190
1867010 191
1867020 191
1867030 191
1867040 191
1867050 191
1867060 192
1867070 192
1867080 192
1867090 193
1867100 193
1867110 193
1867120 194
1867130 194
1867140 194
1867150 195
1867160 195
1867170 195
1867180 196
1867190 196
1867200 196
1867210 197
1867220 197
1867230 197
1867240 197
1867250 198
1867260 198
1867270 198
1867280 198
1867290 198
1867300 199
1867310 199
1867320 199
1867330 200
1867340 200
1867350 200
1867360 200
1867370 201
1867380 201
1867390 201
1867400 202
1867410 202
1867420 202
1867430 203
1867440 203
1867450 203
1867460 203
1867470 204
1867480 204
1867490 204
1867500 205
1867510 205
1867520 205
1867530 206
1867540 206
1867550 206
1867560 206
1867570 207
1867580 207
1867590 207
1867600 207
1867610 207
1867620 208
1867630 208
1867640 208
1867650 208
1867660 209
1867670 209
1867680 209
1867690 210
1867700 210
1867710 210
1867720 211
1867730 211
1867740 211
1867750 212
1867760 212
1867770 212
1867780 212
1867790 212
1867800 212
1867810 212
1867820 212
1867830 213
1867840 213
1867850 213
1867860 213
1867870 213
1867880 213
1867890 213
1867900 214
1867910 214
1867920 214
1867930 214
1867940 214
1867950 214
1867960 215
1867970 215
1867980 215
1867990 215
1868000 215
1868010 215
1868020 215
1868030 215
1868040 215
1868050 215
1868060 215
1868070 215
1868080 215
1868090 215
1868100 215
1868110 215
1868120 215
1868130 216
1868140 216
1868150 216
1868160 216
1868170 216
1868180 216
1868190 216
1868200 216
1868210 216
1868220 215
1868230 215
1868240 215
1868250 215
1868260 215
1868270 215
1868280 214
1868290 214
1868300 214
1868310 214
1868320 214
1868330 214
1868340 213
1868350 213
1868360 213
1868370 213
1868380 213
1868390 213
1868400 213
1868410 213
1868420 213
1868430 212
1868440 212
1868450 212
1868460 212
1868470 212
1868480 212
1868490 212
1868500 212
1868510 212
1868520 212
1868530 212
1868540 212
1868550 212
1868560 212
1868570 212
1868580 212
1868590 212
1868600 212
1868610 212
1868620 212
1868630 212
1868640 212
1868650 212
1868660 212
1868670 212
1868680 212
1868690 212
1868700 212
1868710 212
1868720 212
1868730 212
1868740 212
1868750 212
1868760 212
1868770 212
1868780 212
1868790 212
1868800 212
1868810 212
1868820 212
1868830 213
1868840 213
1868850 213
1868860 213
1868870 213
1868880 213
1868890 213
1868900 214
1868910 214
1868920 214
1868930 214
1868940 214
1868950 215
1868960 215
1868970 215
1868980 215
1868990 215
1869000 215
1869010 215
1869020 216
1869030 216
1869040 216
1869050 216
1869060 216
1869070 216
1869080 217
1869090 217
1869100 217
1869110 217
1869120 217
1869130 217
1869140 217
1869150 217
1869160 218
1869170 218
1869180 218
1869190 219
1869200 219
1869210 219
1869220 219
1869230 220
1869240 220
1869250 221
1869260 221
1869270 221
1869280 222
1869290 222
1869300 222
1869310 223
1869320 223
1869330 224
1869340 225
1869350 225
1869360 226
1869370 227
1869380 227
1869390 228
1869400 229
1869410 229
1869420 230
1869430 230
1869440 230
1869450 231
1869460 232
1869470 232
1869480 233
1869490 234
1869500 234
1869510 234
1869520 235
1869530 235
1869540 235
1869550 236
1869560 236
1869570 236
1869580 236
1869590 236
1869600 237
1869610 237
1869620 237
1869630 237
1869640 238
1869650 238
1869660 238
1869670 238
1869680 238
1869690 238
1869700 239
1869710 239
1869720 239
1869730 239
1869740 239
1869750 239
1869760 239
1869770 239
1869780 239
1869790 240
1869800 240
1869810 240
1869820 240
1869830 240
1869840 240
1869850 240
1869860 240
1869870 240
1869880 240
1869890 240
1869900 240
1869910 240
1869920 240
1869930 240
1869940 240
1869950 240
1869960 240
1869970 240
1869980 240
1869990 240
1870000 240
1870010 240
1870020 240
1870030 240
1870040 240
1870050 240
1870060 240
1870070 239
1870080 239
1870090 239
1870100 239
1870110 239
1870120 239
1870130 238
1870140 238
1870150 238
1870160 238
1870170 238
1870180 238
1870190 237
1870200 237
1870210 237
1870220 237
1870230 237
1870240 237
1870250 237
1870260 236
1870270 236
1870280 236
1870290 235
1870300 235
1870310 235
1870320 234
1870330 234
1870340 234
1870350 234
1870360 234
1870370 233
1870380 233
1870390 233
1870400 233
1870410 233
1870420 233
1870430 232
1870440 232
1870450 232
1870460 232
1870470 232
1870480 232
1870490 232
1870500 231
1870510 231
1870520 231
1870530 231
1870540 231
1870550 231
1870560 230
1870570 230
1870580 230
1870590 230
1870600 229
1870610 229
1870620 229
1870630 228
1870640 228
1870650 228
1870660 227
1870670 227
1870680 227
1870690 226
1870700 226
1870710 226
1870720 225
1870730 225
1870740 225
1870750 225
1870760 224
1870770 224
1870780 224
1870790 224
1870800 224
1870810 223
1870820 223
1870830 223
1870840 223
1870850 222
1870860 222
1870870 222
1870880 221
1870890 221
1870900 221
1870910 220
1870920 220
1870930 220
1870940 219
1870950 219
1870960 219
1870970 218
1870980 218
1870990 218
1871000 217
1871010 217
1871020 217
1871030 216
1871040 216
1871050 216
1871060 215
1871070 215
1871080 215
1871090 214
1871100 214
1871110 214
1871120 213
1871130 213
1871140 213
1871150 212
1871160 212
1871170 211
1871180 211
1871190 211
1871200 210
1871210 210
1871220 210
1871230 209
1871240 209
1871250 209
1871260 209
1871270 209
1871280 208
1871290 208
1871300 208
1871310 208
1871320 207
1871330 207
1871340 207
1871350 206
1871360 206
1871370 206
1871380 206
1871390 206
1871400 205
1871410 205
1871420 205
1871430 204
1871440 204
1871450 204
1871460 203
1871470 202
1871480 201
1871490 201
1871500 200
1871510 200
1871520 199
1871530 199
1871540 199
1871550 198
1871560 198
1871570 198
1871580 198
1871590 198
1871600 198
1871610 199
1871620 202
1871630 202
1871640 202
1871650 202
1871660 202
1871670 202
1871680 202
1871690 202
1871700 202
1871710 203
1871720 203
1871730 204
1871740 205
1871750 205
1871760 205
1871770 206
1871780 206
1871790 207
1871800 208
1871810 208
1871820 210
1871830 210
1871840 211
1871850 212
1871860 212
1871870 212
1871880 213
1871890 213
1871900 214
1871910 215
1871920 215
1871930 215
1871940 216
1871950 216
1871960 216
1871970 217
1871980 217
1871990 218
1872000 218
1872010 218
1872020 219
1872030 220
1872040 220
1872050 224
1872060 227
1872070 227
1872080 227
1872090 227
1872100 227
1872110 227
1872120 228
1872130 228
1872140 228
1872150 229
1872160 230
1872170 230
1872180 230
1872190 230
1872200 231
1872210 231
1872220 231
1872230 231
1872240 231
1872250 231
1872260 231
1872270 231
1872280 231
1872290 230
1872300 229
1872310 229
1872320 228
1872330 227
1872340 227
1872350 226
1872360 226
1872370 226
1872380 226
1872390 226
1872400 226
1872410 227
1872420 228
1872430 228
1872440 229
1872450 229
1872460 231
1872470 233
1872480 233
1872490 234
1872500 235
1872510 235
1872520 236
1872530 236
1872540 236
1872550 236
1872560 236
1872570 236
1872580 237
1872590 237
1872600 237
1872610 237
1872620 237
1872630 237
1872640 237
1872650 237
1872660 237
1872670 237
1872680 237
1872690 237
1872700 237
1872710 237
1872720 237
1872730 236
1872740 236
1872750 236
1872760 236
1872770 236
1872780 236
1872790 236
1872800 235
1872810 235
1872820 235
1872830 235
1872840 235
1872850 235
1872860 234
1872870 234
1872880 234
1872890 234
1872900 234
1872910 234
1872920 234
1872930 234
1872940 233
1872950 233
1872960 233
1872970 233
1872980 233
1872990 233
1873000 233
1873010 233
1873020 233
1873030 232
1873040 232
1873050 232
1873060 232
1873070 232
1873080 232
1873090 232
1873100 232
1873110 232
1873120 231
1873130 231
1873140 231
1873150 231
1873160 231
1873170 231
1873180 231
1873190 231
1873200 231
1873210 230
1873220 230
1873230 230
1873240 230
1873250 230
1873260 230
1873270 229
1873280 229
1873290 229
1873300 229
1873310 229
1873320 229
1873330 228
1873340 228
1873350 228
1873360 228
1873370 228
1873380 228
1873390 228
1873400 228
1873410 227
1873420 227
1873430 227
1873440 227
1873450 227
1873460 227
1873470 226
1873480 226
1873490 226
1873500 226
1873510 226
1873520 226
1873530 225
1873540 225
1873550 225
1873560 224
1873570 224
1873580 224
1873590 223
1873600 222
1873610 222
1873620 221
1873630 221
1873640 221
1873650 221
1873660 220
1873670 220
1873680 219
1873690 219
1873700 217
1873710 219
1873720 219
1873730 220
1873740 222
1873750 222
1873760 223
1873770 223
1873780 223
1873790 223
1873800 223
1873810 223
1873820 223
1873830 223
1873840 223
1873850 223
1873860 223
1873870 223
1873880 222
1873890 222
1873900 222
1873910 221
1873920 221
1873930 221
1873940 221
1873950 221
1873960 221
1873970 221
1873980 221
1873990 221
1874000 220
1874010 220
1874020 220
1874030 220
1874040 219
1874050 219
1874060 219
1874070 219
1874080 219
1874090 219
1874100 219
1874110 219
1874120 219
1874130 218
1874140 218
1874150 218
1874160 218
1874170 218
1874180 217
1874190 217
1874200 217
1874210 217
1874220 217
1874230 217
1874240 216
1874250 216
1874260 216
1874270 216
1874280 216
1874290 216
1874300 215
1874310 215
1874320 215
1874330 215
1874340 215
1874350 214
1874360 214
1874370 214
1874380 214
1874390 214
1874400 214
1874410 214
1874420 213
1874430 213
1874440 213
1874450 213
1874460 213
1874470 213
1874480 212
1874490 212
1874500 212
1874510 212
1874520 212
1874530 211
1874540 211
1874550 211
1874560 211
1874570 210
1874580 210
1874590 210
1874600 210
1874610 210
1874620 209
1874630 208
1874640 208
1874650 208
1874660 207
1874670 207
1874680 207
1874690 206
1874700 206
1874710 206
1874720 205
1874730 205
1874740 205
1874750 205
1874760 205
1874770 204
1874780 204
1874790 204
1874800 204
1874810 203
1874820 203
1874830 203
1874840 202
1874850 202
1874860 201
1874870 201
1874880 201
1874890 201
1874900 201
1874910 201
1874920 200
1874930 200
1874940 200
1874950 199
1874960 199
1874970 199
1874980 198
1874990 198
1875000 197
1875010 196
1875020 196
1875030 195
1875040 193
1875050 193
1875060 191
1875070 189
1875080 189
1875090 188
1875100 186
1875110 186
1875120 185
1875130 184
1875140 184
1875150 184
1875160 184
1875170 184
1875180 184
1875190 185
1875200 185
1875210 185
1875220 185
1875230 185
1875240 184
1875250 184
1875260 184
1875270 183
1875280 183
1875290 183
1875300 182
1875310 182
1875320 182
1875330 182
1875340 181
1875350 181
1875360 181
1875370 181
1875380 181
1875390 181
1875400 181
1875410 181
1875420 181
1875430 181
1875440 181
1875450 181
1875460 181
1875470 181
1875480 182
1875490 182
1875500 182
1875510 184
1875520 186
1875530 186
1875540 187
1875550 187
1875560 187
1875570 187
1875580 187
1875590 187
1875600 187
1875610 187
1875620 188
1875630 188
1875640 188
1875650 188
1875660 188
1875670 188
1875680 188
1875690 186
1875700 186
1875710 185
1875720 188
1875730 188
1875740 188
1875750 188
1875760 188
1875770 188
1875780 188
1875790 188
1875800 188
1875810 188
1875820 188
1875830 188
1875840 188
1875850 188
1875860 188
1875870 188
1875880 188
1875890 187
1875900 187
1875910 187
1875920 187
1875930 187
1875940 187
1875950 187
1875960 187
1875970 187
1875980 187
1875990 186
1876000 186
1876010 186
1876020 186
1876030 186
1876040 186
1876050 186
1876060 186
1876070 185
1876080 185
1876090 185
1876100 185
1876110 185
1876120 185
1876130 185
1876140 185
1876150 185
1876160 185
1876170 185
1876180 185
1876190 184
1876200 184
1876210 184
1876220 184
1876230 184
1876240 184
1876250 184
1876260 184
1876270 184
1876280 184
1876290 184
1876300 183
1876310 183
1876320 183
1876330 183
1876340 183
1876350 183
1876360 183
1876370 184
1876380 184
1876390 184
1876400 184
1876410 184
1876420 184
1876430 184
1876440 184
1876450 183
1876460 184
1876470 184
1876480 184
1876490 184
1876500 184
1876510 184
1876520 184
1876530 184
1876540 184
1876550 184
1876560 184
1876570 183
1876580 183
1876590 183
1876600 183
1876610 183
1876620 183
1876630 182
1876640 182
1876650 182
1876660 182
1876670 182
1876680 182
1876690 181
1876700 181
1876710 181
1876720 180
1876730 180
1876740 180
1876750 180
1876760 180
1876770 180
1876780 180
1876790 180
1876800 180
1876810 180
1876820 180
1876830 180
1876840 180
1876850 179
1876860 179
1876870 179
1876880 179
1876890 179
1876900 179
1876910 179
1876920 179
1876930 179
1876940 179
1876950 179
1876960 179
1876970 179
1876980 178
1876990 178
1877000 178
1877010 178
1877020 178
1877030 178
1877040 178
1877050 178
1877060 178
1877070 178
1877080 178
1877090 178
1877100 178
1877110 177
1877120 177
1877130 177
1877140 176
1877150 176
1877160 176
1877170 175
1877180 175
1877190 175
1877200 174
1877210 174
1877220 173
1877230 173
1877240 173
1877250 172
1877260 171
1877270 171
1877280 170
1877290 169
1877300 169
1877310 169
1877320 169
1877330 169
1877340 169
1877350 168
1877360 168
1877370 168
1877380 169
1877390 169
1877400 169
1877410 169
1877420 170
1877430 170
1877440 170
1877450 171
1877460 172
1877470 172
1877480 173
1877490 173
1877500 173
1877510 174
1877520 174
1877530 174
1877540 174
1877550 174
1877560 174
1877570 174
1877580 174
1877590 174
1877600 173
1877610 173
1877620 173
1877630 172
1877640 172
1877650 172
1877660 172
1877670 172
1877680 172
1877690 173
1877700 173
1877710 173
1877720 173
1877730 174
1877740 174
1877750 174
1877760 174
1877770 174
1877780 174
1877790 174
1877800 174
1877810 173
1877820 173
1877830 173
1877840 173
1877850 173
1877860 173
1877870 173
1877880 173
1877890 173
1877900 172
1877910 172
1877920 172
1877930 172
1877940 172
1877950 172
1877960 172
1877970 172
1877980 172
1877990 172
1878000 172
1878010 172
1878020 171
1878030 171
1878040 171
1878050 171
1878060 171
1878070 171
1878080 171
1878090 171
1878100 170
1878110 170
1878120 170
1878130 170
1878140 170
1878150 170
1878160 170
1878170 170
1878180 170
1878190 170
1878200 170
1878210 170
1878220 170
1878230 170
1878240 170
1878250 169
1878260 169
1878270 169
1878280 169
1878290 169
1878300 169
1878310 168
1878320 169
1878330 169
1878340 168
1878350 168
1878360 168
1878370 167
1878380 167
1878390 167
1878400 166
1878410 167
1878420 167
1878430 167
1878440 167
1878450 167
1878460 167
1878470 166
1878480 166
1878490 166
1878500 166
1878510 166
1878520 165
1878530 165
1878540 165
1878550 165
1878560 165
1878570 165
1878580 165
1878590 165
1878600 165
1878610 165
1878620 165
1878630 165
1878640 165
1878650 165
1878660 164
1878670 164
1878680 164
1878690 164
1878700 163
1878710 163
1878720 163
1878730 163
1878740 163
1878750 163
1878760 163
1878770 163
1878780 163
1878790 163
1878800 163
1878810 163
1878820 162
1878830 162
1878840 163
1878850 163
1878860 163
1878870 163
1878880 163
1878890 163
1878900 163
1878910 163
1878920 163
1878930 163
1878940 163
1878950 163
1878960 163
1878970 164
1878980 164
1878990 164
1879000 164
1879010 164
1879020 164
1879030 164
1879040 164
1879050 164
1879060 164
1879070 164
1879080 163
1879090 163
1879100 163
1879110 163
1879120 163
1879130 163
1879140 162
1879150 162
1879160 162
1879170 162
1879180 162
1879190 162
1879200 162
1879210 162
1879220 162
1879230 162
1879240 162
1879250 162
1879260 162
1879270 162
1879280 162
1879290 162
1879300 162
1879310 162
1879320 162
1879330 162
1879340 162
1879350 161
1879360 161
1879370 161
1879380 161
1879390 161
1879400 161
1879410 161
1879420 161
1879430 161
1879440 161
1879450 161
1879460 161
1879470 161
1879480 161
1879490 161
1879500 161
1879510 162
1879520 162
1879530 162
1879540 162
1879550 162
1879560 162
1879570 162
1879580 162
1879590 162
1879600 162
1879610 162
1879620 162
1879630 162
1879640 162
1879650 162
1879660 162
1879670 162
1879680 162
1879690 162
1879700 162
1879710 162
1879720 162
1879730 162
1879740 162
1879750 162
1879760 162
1879770 163
1879780 163
1879790 163
1879800 163
1879810 163
1879820 163
1879830 163
1879840 163
1879850 163
1879860 163
1879870 163
1879880 163
1879890 163
1879900 163
1879910 163
1879920 163
1879930 163
1879940 162
1879950 162
1879960 162
1879970 162
1879980 162
1879990 162
