1860000 182
1860010 182
1860020 182
1860030 182
1860040 182
1860050 182
1860060 182
1860070 182
1860080 182
1860090 182
1860100 182
1860110 182
1860120 182
1860130 182
1860140 182
1860150 182
1860160 182
1860170 182
1860180 182
1860190 182
1860200 182
1860210 182
1860220 182
1860230 182
1860240 182
1860250 182
1860260 182
1860270 182
1860280 182
1860290 181
1860300 181
1860310 181
1860320 181
1860330 181
1860340 181
1860350 181
1860360 181
1860370 181
1860380 181
1860390 181
1860400 181
1860410 181
1860420 181
1860430 181
1860440 180
1860450 180
1860460 180
1860470 180
1860480 180
1860490 180
1860500 180
1860510 180
1860520 180
1860530 180
1860540 180
1860550 179
1860560 179
1860570 179
1860580 179
1860590 179
1860600 179
1860610 179
1860620 179
1860630 179
1860640 179
1860650 179
1860660 178
1860670 178
1860680 178
1860690 178
1860700 178
1860710 178
1860720 178
1860730 178
1860740 178
1860750 178
1860760 178
1860770 178
1860780 177
1860790 177
1860800 177
1860810 177
1860820 177
1860830 177
1860840 177
1860850 176
1860860 176
1860870 176
1860880 176
1860890 176
1860900 176
1860910 176
1860920 176
1860930 176
1860940 176
1860950 176
1860960 176
1860970 176
1860980 176
1860990 176
1861000 177
1861010 177
1861020 177
1861030 176
1861040 176
1861050 175
1861060 176
1861070 176
1861080 176
1861090 175
1861100 175
1861110 175
1861120 175
1861130 175
1861140 175
1861150 175
1861160 175
1861170 175
1861180 175
1861190 175
1861200 175
1861210 175
1861220 175
1861230 175
1861240 175
1861250 175
1861260 176
1861270 176
1861280 176
1861290 175
1861300 175
1861310 174
1861320 174
1861330 174
1861340 175
1861350 175
1861360 175
1861370 175
1861380 175
1861390 175
1861400 175
1861410 175
1861420 175
1861430 175
1861440 175
1861450 175
1861460 175
1861470 175
1861480 175
1861490 175
1861500 175
1861510 175
1861520 175
1861530 175
1861540 175
1861550 175
1861560 175
1861570 175
1861580 175
1861590 175
1861600 175
1861610 174
1861620 175
1861630 175
1861640 174
1861650 174
1861660 174
1861670 174
1861680 174
1861690 174
1861700 174
1861710 175
1861720 175
1861730 175
1861740 175
1861750 175
1861760 175
1861770 175
1861780 175
1861790 175
1861800 174
1861810 174
1861820 174
1861830 174
1861840 174
1861850 174
1861860 174
1861870 174
1861880 174
1861890 174
1861900 174
1861910 174
1861920 174
1861930 174
1861940 174
1861950 174
1861960 174
1861970 174
1861980 174
1861990 174
1862000 174
1862010 174
1862020 174
1862030 174
1862040 174
1862050 174
1862060 174
1862070 174
1862080 174
1862090 174
1862100 174
1862110 174
1862120 174
1862130 174
1862140 174
1862150 174
1862160 174
1862170 174
1862180 174
1862190 174
1862200 174
1862210 174
1862220 174
1862230 174
1862240 174
1862250 174
1862260 174
1862270 174
1862280 174
1862290 174
1862300 174
1862310 174
1862320 174
1862330 174
1862340 174
1862350 174
1862360 174
1862370 174
1862380 174
1862390 174
1862400 174
1862410 174
1862420 174
1862430 174
1862440 174
1862450 174
1862460 174
1862470 174
1862480 174
1862490 174
1862500 174
1862510 174
1862520 174
1862530 174
1862540 174
1862550 174
1862560 174
1862570 174
1862580 174
1862590 174
1862600 174
1862610 174
1862620 174
1862630 174
1862640 174
1862650 174
1862660 174
1862670 174
1862680 174
1862690 174
1862700 174
1862710 174
1862720 174
1862730 174
1862740 174
1862750 174
1862760 174
1862770 174
1862780 174
1862790 174
1862800 174
1862810 174
1862820 175
1862830 174
1862840 174
1862850 174
1862860 174
1862870 174
1862880 174
1862890 174
1862900 174
1862910 174
1862920 174
1862930 174
1862940 174
1862950 174
1862960 174
1862970 174
1862980 174
1862990 174
1863000 174
1863010 174
1863020 174
1863030 174
1863040 174
1863050 174
1863060 173
1863070 173
1863080 173
1863090 173
1863100 173
1863110 173
1863120 173
1863130 173
1863140 173
1863150 173
1863160 173
1863170 173
1863180 173
1863190 173
1863200 173
1863210 173
1863220 173
1863230 173
1863240 173
1863250 173
1863260 173
1863270 173
1863280 173
1863290 173
1863300 173
1863310 173
1863320 173
1863330 173
1863340 173
1863350 173
1863360 173
1863370 173
1863380 173
1863390 174
1863400 174
1863410 174
1863420 174
1863430 174
1863440 174
1863450 174
1863460 174
1863470 174
1863480 174
1863490 174
1863500 175
1863510 175
1863520 175
1863530 175
1863540 175
1863550 175
1863560 176
1863570 176
1863580 176
1863590 176
1863600 176
1863610 176
1863620 176
1863630 176
1863640 176
1863650 176
1863660 176
1863670 176
1863680 176
1863690 175
1863700 175
1863710 175
1863720 175
1863730 175
1863740 175
1863750 175
1863760 176
1863770 176
1863780 176
1863790 176
1863800 176
1863810 176
1863820 176
1863830 176
1863840 176
1863850 176
1863860 176
1863870 176
1863880 176
1863890 176
1863900 176
1863910 176
1863920 176
1863930 176
1863940 176
1863950 176
1863960 176
1863970 176
1863980 176
1863990 176
1864000 177
1864010 177
1864020 177
1864030 177
1864040 177
1864050 177
1864060 177
1864070 177
1864080 177
1864090 177
1864100 177
1864110 177
1864120 177
1864130 177
1864140 177
1864150 177
1864160 177
1864170 177
1864180 177
1864190 178
1864200 178
1864210 178
1864220 178
1864230 178
1864240 178
1864250 178
1864260 178
1864270 178
1864280 178
1864290 178
1864300 178
1864310 178
1864320 178
1864330 178
1864340 178
1864350 179
1864360 179
1864370 179
1864380 179
1864390 179
1864400 179
1864410 179
1864420 179
1864430 179
1864440 179
1864450 180
1864460 180
1864470 181
1864480 181
1864490 181
1864500 182
1864510 183
1864520 183
1864530 183
1864540 184
1864550 184
1864560 185
1864570 186
1864580 186
1864590 187
1864600 188
1864610 188
1864620 189
1864630 190
1864640 190
1864650 191
1864660 191
1864670 191
1864680 191
1864690 190
1864700 190
1864710 190
1864720 189
1864730 189
1864740 189
1864750 189
1864760 189
1864770 189
1864780 190
1864790 190
1864800 190
1864810 190
1864820 190
1864830 190
1864840 190
1864850 190
1864860 189
1864870 188
1864880 188
1864890 187
1864900 186
1864910 186
1864920 185
1864930 185
1864940 185
1864950 184
1864960 184
1864970 184
1864980 183
1864990 183
1865000 183
1865010 183
1865020 183
1865030 183
1865040 182
1865050 182
1865060 182
1865070 182
1865080 182
1865090 182
1865100 182
1865110 182
1865120 181
1865130 181
1865140 181
1865150 181
1865160 181
1865170 181
1865180 181
1865190 181
1865200 181
1865210 181
1865220 181
1865230 181
1865240 181
1865250 181
1865260 181
1865270 181
1865280 181
1865290 181
1865300 181
1865310 181
1865320 181
1865330 181
1865340 181
1865350 181
1865360 181
1865370 181
1865380 181
1865390 181
1865400 181
1865410 181
1865420 181
1865430 181
1865440 181
1865450 181
1865460 182
1865470 182
1865480 182
1865490 182
1865500 182
1865510 182
1865520 182
1865530 182
1865540 182
1865550 183
1865560 183
1865570 183
1865580 183
1865590 183
1865600 183
1865610 183
1865620 183
1865630 184
1865640 184
1865650 184
1865660 184
1865670 184
1865680 185
1865690 185
1865700 185
1865710 185
1865720 185
1865730 185
1865740 185
1865750 185
1865760 185
1865770 185
1865780 185
1865790 185
1865800 185
1865810 185
1865820 185
1865830 184
1865840 184
1865850 184
1865860 184
1865870 184
1865880 184
1865890 184
1865900 184
1865910 184
1865920 184
1865930 184
1865940 184
1865950 184
1865960 184
1865970 184
1865980 185
1865990 185
1866000 185
1866010 185
1866020 185
1866030 185
1866040 185
1866050 185
1866060 185
1866070 185
1866080 184
1866090 184
1866100 184
1866110 184
1866120 184
1866130 184
1866140 184
1866150 184
1866160 184
1866170 184
1866180 184
1866190 184
1866200 184
1866210 184
1866220 184
1866230 184
1866240 184
1866250 184
1866260 184
1866270 184
1866280 184
1866290 184
1866300 184
1866310 184
1866320 184
1866330 185
1866340 185
1866350 185
1866360 185
1866370 185
1866380 185
1866390 185
1866400 186
1866410 186
1866420 186
1866430 187
1866440 187
1866450 187
1866460 188
1866470 188
1866480 188
1866490 188
1866500 188
1866510 189
1866520 189
1866530 189
1866540 190
1866550 190
1866560 190
1866570 190
1866580 190
1866590 190
1866600 190
1866610 190
1866620 190
1866630 190
1866640 191
1866650 191
1866660 191
1866670 191
1866680 191
1866690 192
1866700 192
1866710 192
1866720 192
1866730 192
1866740 192
1866750 192
1866760 192
1866770 192
1866780 193
1866790 193
1866800 193
1866810 193
1866820 193
1866830 193
1866840 194
1866850 194
1866860 194
1866870 194
1866880 194
1866890 195
1866900 195
1866910 195
1866920 195
1866930 196
1866940 196
1866950 196
1866960 197
1866970 197
1866980 197
1866990 197
1867000 197
1867010 198
1867020 199
1867030 199
1867040 199
1867050 200
1867060 200
1867070 200
1867080 201
1867090 201
1867100 201
1867110 202
1867120 202
1867130 202
1867140 203
1867150 203
1867160 203
1867170 204
1867180 204
1867190 204
1867200 205
1867210 205
1867220 205
1867230 206
1867240 206
1867250 206
1867260 206
1867270 206
1867280 207
1867290 207
1867300 207
1867310 207
1867320 207
1867330 207
1867340 207
1867350 208
1867360 208
1867370 208
1867380 208
1867390 208
1867400 208
1867410 208
1867420 208
1867430 209
1867440 209
1867450 209
1867460 209
1867470 209
1867480 209
1867490 209
1867500 209
1867510 209
1867520 210
1867530 210
1867540 210
1867550 210
1867560 210
1867570 211
1867580 211
1867590 211
1867600 211
1867610 211
1867620 211
1867630 211
1867640 211
1867650 211
1867660 212
1867670 212
1867680 212
1867690 212
1867700 212
1867710 212
1867720 212
1867730 213
1867740 213
1867750 213
1867760 213
1867770 213
1867780 213
1867790 214
1867800 214
1867810 214
1867820 214
1867830 214
1867840 214
1867850 214
1867860 214
1867870 214
1867880 214
1867890 214
1867900 214
1867910 214
1867920 214
1867930 214
1867940 214
1867950 214
1867960 214
1867970 214
1867980 214
1867990 214
1868000 213
1868010 213
1868020 213
1868030 212
1868040 212
1868050 212
1868060 212
1868070 212
1868080 212
1868090 212
1868100 212
1868110 211
1868120 211
1868130 211
1868140 211
1868150 211
1868160 211
1868170 211
1868180 211
1868190 211
1868200 210
1868210 210
1868220 210
1868230 210
1868240 210
1868250 210
1868260 210
1868270 210
1868280 210
1868290 210
1868300 210
1868310 210
1868320 210
1868330 210
1868340 210
1868350 210
1868360 210
1868370 209
1868380 209
1868390 209
1868400 209
1868410 209
1868420 209
1868430 209
1868440 209
1868450 209
1868460 209
1868470 210
1868480 210
1868490 210
1868500 210
1868510 210
1868520 210
1868530 210
1868540 210
1868550 210
1868560 210
1868570 210
1868580 210
1868590 210
1868600 210
1868610 211
1868620 211
1868630 211
1868640 211
1868650 211
1868660 211
1868670 211
1868680 211
1868690 211
1868700 211
1868710 211
1868720 211
1868730 211
1868740 211
1868750 211
1868760 211
1868770 211
1868780 211
1868790 212
1868800 212
1868810 212
1868820 212
1868830 212
1868840 212
1868850 212
1868860 212
1868870 212
1868880 212
1868890 212
1868900 213
1868910 213
1868920 213
1868930 213
1868940 213
1868950 213
1868960 214
1868970 214
1868980 214
1868990 214
1869000 215
1869010 215
1869020 215
1869030 216
1869040 216
1869050 216
1869060 216
1869070 216
1869080 216
1869090 216
1869100 216
1869110 217
1869120 217
1869130 217
1869140 217
1869150 218
1869160 218
1869170 218
1869180 219
1869190 219
1869200 220
1869210 220
1869220 220
1869230 221
1869240 222
1869250 222
1869260 223
1869270 224
1869280 224
1869290 224
1869300 225
1869310 225
1869320 226
1869330 226
1869340 227
1869350 228
1869360 228
1869370 229
1869380 230
1869390 230
1869400 230
1869410 231
1869420 231
1869430 231
1869440 232
1869450 232
1869460 233
1869470 234
1869480 234
1869490 234
1869500 235
1869510 235
1869520 236
1869530 236
1869540 236
1869550 237
1869560 237
1869570 237
1869580 238
1869590 238
1869600 238
1869610 238
1869620 239
1869630 239
1869640 239
1869650 239
1869660 239
1869670 239
1869680 239
1869690 239
1869700 239
1869710 239
1869720 239
1869730 239
1869740 239
1869750 239
1869760 239
1869770 239
1869780 239
1869790 239
1869800 238
1869810 238
1869820 238
1869830 238
1869840 238
1869850 238
1869860 238
1869870 238
1869880 238
1869890 238
1869900 238
1869910 238
1869920 238
1869930 238
1869940 238
1869950 238
1869960 237
1869970 237
1869980 237
1869990 238
1870000 237
1870010 237
1870020 237
1870030 237
1870040 237
1870050 237
1870060 237
1870070 237
1870080 237
1870090 237
1870100 237
1870110 237
1870120 236
1870130 236
1870140 236
1870150 236
1870160 236
1870170 235
1870180 235
1870190 235
1870200 235
1870210 234
1870220 234
1870230 234
1870240 233
1870250 233
1870260 233
1870270 232
1870280 232
1870290 232
1870300 231
1870310 231
1870320 231
1870330 230
1870340 230
1870350 229
1870360 228
1870370 228
1870380 227
1870390 227
1870400 227
1870410 226
1870420 226
1870430 226
1870440 225
1870450 225
1870460 225
1870470 225
1870480 225
1870490 225
1870500 225
1870510 225
1870520 225
1870530 225
1870540 225
1870550 225
1870560 225
1870570 225
1870580 225
1870590 225
1870600 225
1870610 224
1870620 224
1870630 224
1870640 223
1870650 223
1870660 223
1870670 222
1870680 222
1870690 222
1870700 222
1870710 221
1870720 221
1870730 221
1870740 221
1870750 220
1870760 220
1870770 219
1870780 219
1870790 219
1870800 218
1870810 218
1870820 218
1870830 218
1870840 218
1870850 217
1870860 217
1870870 217
1870880 217
1870890 216
1870900 216
1870910 215
1870920 215
1870930 215
1870940 214
1870950 214
1870960 214
1870970 214
1870980 213
1870990 213
1871000 213
1871010 212
1871020 212
1871030 212
1871040 211
1871050 211
1871060 211
1871070 210
1871080 210
1871090 210
1871100 209
1871110 209
1871120 209
1871130 209
1871140 209
1871150 208
1871160 208
1871170 208
1871180 207
1871190 207
1871200 207
1871210 206
1871220 206
1871230 206
1871240 205
1871250 205
1871260 205
1871270 204
1871280 204
1871290 204
1871300 203
1871310 203
1871320 202
1871330 202
1871340 202
1871350 201
1871360 201
1871370 201
1871380 201
1871390 200
1871400 200
1871410 200
1871420 200
1871430 200
1871440 200
1871450 201
1871460 201
1871470 202
1871480 202
1871490 202
1871500 202
1871510 203
1871520 203
1871530 203
1871540 204
1871550 204
1871560 204
1871570 205
1871580 205
1871590 205
1871600 206
1871610 206
1871620 207
1871630 207
1871640 207
1871650 209
1871660 210
1871670 210
1871680 212
1871690 214
1871700 214
1871710 215
1871720 216
1871730 216
1871740 218
1871750 219
1871760 219
1871770 221
1871780 222
1871790 222
1871800 223
1871810 223
1871820 224
1871830 225
1871840 225
1871850 226
1871860 227
1871870 227
1871880 228
1871890 231
1871900 231
1871910 232
1871920 232
1871930 232
1871940 232
1871950 232
1871960 232
1871970 233
1871980 233
1871990 233
1872000 234
1872010 234
1872020 234
1872030 235
1872040 236
1872050 236
1872060 236
1872070 237
1872080 237
1872090 238
1872100 239
1872110 239
1872120 239
1872130 240
1872140 240
1872150 240
1872160 240
1872170 240
1872180 240
1872190 241
1872200 241
1872210 241
1872220 241
1872230 241
1872240 241
1872250 241
1872260 241
1872270 241
1872280 241
1872290 241
1872300 241
1872310 240
1872320 240
1872330 240
1872340 240
1872350 240
1872360 240
1872370 240
1872380 240
1872390 240
1872400 240
1872410 240
1872420 240
1872430 240
1872440 240
1872450 240
1872460 240
1872470 240
1872480 240
1872490 240
1872500 240
1872510 240
1872520 240
1872530 239
1872540 239
1872550 239
1872560 239
1872570 239
1872580 239
1872590 239
1872600 239
1872610 239
1872620 239
1872630 238
1872640 238
1872650 238
1872660 238
1872670 238
1872680 238
1872690 237
1872700 237
1872710 237
1872720 237
1872730 237
1872740 237
1872750 236
1872760 236
1872770 236
1872780 236
1872790 236
1872800 236
1872810 236
1872820 236
1872830 236
1872840 235
1872850 235
1872860 235
1872870 234
1872880 234
1872890 234
1872900 234
1872910 234
1872920 234
1872930 234
1872940 234
1872950 233
1872960 233
1872970 233
1872980 233
1872990 233
1873000 233
1873010 232
1873020 232
1873030 232
1873040 232
1873050 232
1873060 232
1873070 231
1873080 231
1873090 231
1873100 231
1873110 231
1873120 231
1873130 231
1873140 231
1873150 230
1873160 230
1873170 230
1873180 230
1873190 230
1873200 230
1873210 230
1873220 230
1873230 230
1873240 230
1873250 230
1873260 230
1873270 230
1873280 230
1873290 230
1873300 229
1873310 229
1873320 229
1873330 229
1873340 229
1873350 229
1873360 229
1873370 229
1873380 229
1873390 228
1873400 228
1873410 228
1873420 228
1873430 227
1873440 227
1873450 226
1873460 225
1873470 225
1873480 224
1873490 224
1873500 224
1873510 223
1873520 223
1873530 223
1873540 222
1873550 222
1873560 222
1873570 221
1873580 221
1873590 221
1873600 221
1873610 221
1873620 221
1873630 221
1873640 221
1873650 221
1873660 220
1873670 220
1873680 217
1873690 216
1873700 216
1873710 215
1873720 214
1873730 214
1873740 213
1873750 211
1873760 211
1873770 209
1873780 209
1873790 208
1873800 208
1873810 208
1873820 208
1873830 210
1873840 213
1873850 213
1873860 216
1873870 216
1873880 216
1873890 216
1873900 216
1873910 216
1873920 217
1873930 217
1873940 217
1873950 217
1873960 217
1873970 217
1873980 217
1873990 217
1874000 217
1874010 216
1874020 216
1874030 216
1874040 215
1874050 214
1874060 214
1874070 213
1874080 213
1874090 213
1874100 213
1874110 212
1874120 211
1874130 211
1874140 211
1874150 211
1874160 212
1874170 212
1874180 212
1874190 212
1874200 212
1874210 212
1874220 212
1874230 212
1874240 212
1874250 211
1874260 211
1874270 211
1874280 211
1874290 211
1874300 210
1874310 210
1874320 210
1874330 209
1874340 209
1874350 209
1874360 208
1874370 207
1874380 207
1874390 206
1874400 206
1874410 206
1874420 206
1874430 206
1874440 206
1874450 205
1874460 204
1874470 204
1874480 204
1874490 203
1874500 203
1874510 202
1874520 202
1874530 202
1874540 201
1874550 201
1874560 201
1874570 202
1874580 202
1874590 202
1874600 202
1874610 202
1874620 202
1874630 201
1874640 201
1874650 201
1874660 201
1874670 200
1874680 200
1874690 199
1874700 198
1874710 198
1874720 197
1874730 196
1874740 196
1874750 194
1874760 193
1874770 193
1874780 191
1874790 190
1874800 190
1874810 190
1874820 190
1874830 190
1874840 189
1874850 188
1874860 188
1874870 187
1874880 186
1874890 186
1874900 186
1874910 186
1874920 185
1874930 185
1874940 185
1874950 184
1874960 183
1874970 183
1874980 183
1874990 183
1875000 183
1875010 183
1875020 183
1875030 183
1875040 183
1875050 183
1875060 183
1875070 183
1875080 183
1875090 183
1875100 183
1875110 183
1875120 183
1875130 184
1875140 185
1875150 185
1875160 186
1875170 187
1875180 187
1875190 188
1875200 190
1875210 190
1875220 191
1875230 193
1875240 193
1875250 194
1875260 195
1875270 195
1875280 195
1875290 195
1875300 195
1875310 195
1875320 195
1875330 195
1875340 195
1875350 195
1875360 195
1875370 195
1875380 194
1875390 194
1875400 194
1875410 194
1875420 194
1875430 194
1875440 194
1875450 194
1875460 193
1875470 193
1875480 193
1875490 193
1875500 193
1875510 193
1875520 193
1875530 193
1875540 193
1875550 193
1875560 193
1875570 193
1875580 193
1875590 193
1875600 193
1875610 193
1875620 193
1875630 192
1875640 192
1875650 192
1875660 192
1875670 191
1875680 191
1875690 191
1875700 191
1875710 191
1875720 191
1875730 190
1875740 190
1875750 190
1875760 190
1875770 190
1875780 189
1875790 189
1875800 189
1875810 189
1875820 188
1875830 188
1875840 188
1875850 188
1875860 188
1875870 188
1875880 188
1875890 188
1875900 187
1875910 187
1875920 187
1875930 187
1875940 187
1875950 187
1875960 186
1875970 186
1875980 186
1875990 186
1876000 186
1876010 186
1876020 186
1876030 186
1876040 186
1876050 186
1876060 186
1876070 186
1876080 186
1876090 186
1876100 186
1876110 186
1876120 186
1876130 186
1876140 186
1876150 186
1876160 185
1876170 185
1876180 185
1876190 185
1876200 185
1876210 185
1876220 185
1876230 184
1876240 184
1876250 184
1876260 184
1876270 184
1876280 184
1876290 184
1876300 184
1876310 184
1876320 184
1876330 184
1876340 184
1876350 184
1876360 184
1876370 184
1876380 183
1876390 183
1876400 183
1876410 183
1876420 183
1876430 182
1876440 182
1876450 182
1876460 182
1876470 181
1876480 181
1876490 181
1876500 181
1876510 181
1876520 181
1876530 180
1876540 180
1876550 180
1876560 180
1876570 180
1876580 180
1876590 179
1876600 179
1876610 179
1876620 179
1876630 179
1876640 179
1876650 179
1876660 179
1876670 178
1876680 178
1876690 178
1876700 178
1876710 178
1876720 178
1876730 178
1876740 178
1876750 178
1876760 178
1876770 178
1876780 177
1876790 177
1876800 177
1876810 177
1876820 177
1876830 177
1876840 177
1876850 177
1876860 177
1876870 177
1876880 177
1876890 177
1876900 176
1876910 176
1876920 176
1876930 176
1876940 176
1876950 176
1876960 176
1876970 176
1876980 176
1876990 176
1877000 176
1877010 176
1877020 176
1877030 176
1877040 176
1877050 176
1877060 177
1877070 177
1877080 176
1877090 176
1877100 176
1877110 176
1877120 176
1877130 176
1877140 175
1877150 175
1877160 175
1877170 175
1877180 175
1877190 175
1877200 175
1877210 174
1877220 174
1877230 174
1877240 174
1877250 174
1877260 174
1877270 174
1877280 174
1877290 174
1877300 174
1877310 174
1877320 174
1877330 173
1877340 173
1877350 173
1877360 173
1877370 173
1877380 173
1877390 173
1877400 172
1877410 172
1877420 172
1877430 171
1877440 171
1877450 171
1877460 170
1877470 170
1877480 170
1877490 169
1877500 168
1877510 168
1877520 168
1877530 168
1877540 168
1877550 168
1877560 168
1877570 168
1877580 167
1877590 167
1877600 167
1877610 167
1877620 167
1877630 167
1877640 168
1877650 168
1877660 168
1877670 169
1877680 169
1877690 169
1877700 169
1877710 169
1877720 169
1877730 168
1877740 168
1877750 168
1877760 168
1877770 168
1877780 168
1877790 168
1877800 167
1877810 167
1877820 167
1877830 168
1877840 168
1877850 168
1877860 168
1877870 168
1877880 168
1877890 168
1877900 168
1877910 167
1877920 167
1877930 167
1877940 166
1877950 166
1877960 166
1877970 166
1877980 166
1877990 166
1878000 165
1878010 165
1878020 165
1878030 165
1878040 165
1878050 165
1878060 165
1878070 165
1878080 165
1878090 165
1878100 165
1878110 165
1878120 165
1878130 166
1878140 167
1878150 167
1878160 167
1878170 167
1878180 168
1878190 168
1878200 168
1878210 168
1878220 168
1878230 169
1878240 169
1878250 169
1878260 169
1878270 169
1878280 169
1878290 169
1878300 169
1878310 169
1878320 169
1878330 169
1878340 169
1878350 169
1878360 169
1878370 169
1878380 169
1878390 169
1878400 169
1878410 168
1878420 168
1878430 168
1878440 168
1878450 168
1878460 168
1878470 168
1878480 168
1878490 168
1878500 168
1878510 168
1878520 168
1878530 168
1878540 168
1878550 168
1878560 168
1878570 168
1878580 168
1878590 168
1878600 168
1878610 168
1878620 168
1878630 168
1878640 168
1878650 168
1878660 168
1878670 168
1878680 168
1878690 168
1878700 168
1878710 168
1878720 168
1878730 168
1878740 167
1878750 167
1878760 167
1878770 167
1878780 167
1878790 167
1878800 167
1878810 167
1878820 167
1878830 167
1878840 167
1878850 167
1878860 167
1878870 167
1878880 167
1878890 167
1878900 167
1878910 167
1878920 166
1878930 166
1878940 166
1878950 166
1878960 166
1878970 166
1878980 166
1878990 166
1879000 166
1879010 166
1879020 166
1879030 166
1879040 166
1879050 166
1879060 165
1879070 165
1879080 165
1879090 165
1879100 165
1879110 165
1879120 165
1879130 165
1879140 165
1879150 164
1879160 164
1879170 164
1879180 164
1879190 164
1879200 164
1879210 164
1879220 164
1879230 164
1879240 164
1879250 164
1879260 164
1879270 164
1879280 164
1879290 163
1879300 164
1879310 164
1879320 164
1879330 163
1879340 163
1879350 163
1879360 163
1879370 163
1879380 163
1879390 163
1879400 163
1879410 163
1879420 163
1879430 163
1879440 163
1879450 163
1879460 163
1879470 163
1879480 163
1879490 163
1879500 163
1879510 163
1879520 163
1879530 162
1879540 162
1879550 162
1879560 162
1879570 162
1879580 162
1879590 162
1879600 162
1879610 162
1879620 162
1879630 162
1879640 162
1879650 162
1879660 162
1879670 162
1879680 162
1879690 162
1879700 162
1879710 163
1879720 163
1879730 163
1879740 163
1879750 163
1879760 163
1879770 163
1879780 163
1879790 162
1879800 162
1879810 162
1879820 162
1879830 162
1879840 162
1879850 162
1879860 162
1879870 162
1879880 162
1879890 161
1879900 161
1879910 161
1879920 161
1879930 161
1879940 161
1879950 161
1879960 161
1879970 161
1879980 161
1879990 161
1860000 182
1860010 182
1860020 182
1860030 182
1860040 182
1860050 182
1860060 182
1860070 182
1860080 182
1860090 182
1860100 182
1860110 182
1860120 182
1860130 182
1860140 182
1860150 182
1860160 182
1860170 182
1860180 182
1860190 182
1860200 182
1860210 182
1860220 182
1860230 182
1860240 182
1860250 182
1860260 182
1860270 182
1860280 182
1860290 181
1860300 181
1860310 181
1860320 181
1860330 181
1860340 181
1860350 181
1860360 181
1860370 181
1860380 181
1860390 181
1860400 181
1860410 181
1860420 181
1860430 181
1860440 180
1860450 180
1860460 180
1860470 180
1860480 180
1860490 180
1860500 180
1860510 180
1860520 180
1860530 180
1860540 180
1860550 179
1860560 179
1860570 179
1860580 179
1860590 179
1860600 179
1860610 179
1860620 179
1860630 179
1860640 179
1860650 179
1860660 178
1860670 178
1860680 178
1860690 178
1860700 178
1860710 178
1860720 178
1860730 178
1860740 178
1860750 178
1860760 178
1860770 178
1860780 177
1860790 177
1860800 177
1860810 177
1860820 177
1860830 177
1860840 177
1860850 176
1860860 176
1860870 176
1860880 176
1860890 176
1860900 176
1860910 176
1860920 176
1860930 176
1860940 176
1860950 176
1860960 176
1860970 176
1860980 176
1860990 176
1861000 177
1861010 177
1861020 177
1861030 176
1861040 176
1861050 175
1861060 176
1861070 176
1861080 176
1861090 175
1861100 175
1861110 175
1861120 175
1861130 175
1861140 175
1861150 175
1861160 175
1861170 175
1861180 175
1861190 175
1861200 175
1861210 175
1861220 175
1861230 175
1861240 175
1861250 175
1861260 176
1861270 176
1861280 176
1861290 175
1861300 175
1861310 174
1861320 174
1861330 174
1861340 175
1861350 175
1861360 175
1861370 175
1861380 175
1861390 175
1861400 175
1861410 175
1861420 175
1861430 175
1861440 175
1861450 175
1861460 175
1861470 175
1861480 175
1861490 175
1861500 175
1861510 175
1861520 175
1861530 175
1861540 175
1861550 175
1861560 175
1861570 175
1861580 175
1861590 175
1861600 175
1861610 174
1861620 175
1861630 175
1861640 174
1861650 174
1861660 174
1861670 174
1861680 174
1861690 174
1861700 174
1861710 175
1861720 175
1861730 175
1861740 175
1861750 175
1861760 175
1861770 175
1861780 175
1861790 175
1861800 174
1861810 174
1861820 174
1861830 174
1861840 174
1861850 174
1861860 174
1861870 174
1861880 174
1861890 174
1861900 174
1861910 174
1861920 174
1861930 174
1861940 174
1861950 174
1861960 174
1861970 174
1861980 174
1861990 174
1862000 174
1862010 174
1862020 174
1862030 174
1862040 174
1862050 174
1862060 174
1862070 174
1862080 174
1862090 174
1862100 174
1862110 174
1862120 174
1862130 174
1862140 174
1862150 174
1862160 174
1862170 174
1862180 174
1862190 174
1862200 174
1862210 174
1862220 174
1862230 174
1862240 174
1862250 174
1862260 174
1862270 174
1862280 174
1862290 174
1862300 174
1862310 174
1862320 174
1862330 174
1862340 174
1862350 174
1862360 174
1862370 174
1862380 174
1862390 174
1862400 174
1862410 174
1862420 174
1862430 174
1862440 174
1862450 174
1862460 174
1862470 174
1862480 174
1862490 174
1862500 174
1862510 174
1862520 174
1862530 174
1862540 174
1862550 174
1862560 174
1862570 174
1862580 174
1862590 174
1862600 174
1862610 174
1862620 174
1862630 174
1862640 174
1862650 174
1862660 174
1862670 174
1862680 174
1862690 174
1862700 174
1862710 174
1862720 174
1862730 174
1862740 174
1862750 174
1862760 174
1862770 174
1862780 174
1862790 174
1862800 174
1862810 174
1862820 175
1862830 174
1862840 174
1862850 174
1862860 174
1862870 174
1862880 174
1862890 174
1862900 174
1862910 174
1862920 174
1862930 174
1862940 174
1862950 174
1862960 174
1862970 174
1862980 174
1862990 174
1863000 174
1863010 174
1863020 174
1863030 174
1863040 174
1863050 174
1863060 173
1863070 173
1863080 173
1863090 173
1863100 173
1863110 173
1863120 173
1863130 173
1863140 173
1863150 173
1863160 173
1863170 173
1863180 173
1863190 173
1863200 173
1863210 173
1863220 173
1863230 173
1863240 173
1863250 173
1863260 173
1863270 173
1863280 173
1863290 173
1863300 173
1863310 173
1863320 173
1863330 173
1863340 173
1863350 173
1863360 173
1863370 173
1863380 173
1863390 174
1863400 174
1863410 174
1863420 174
1863430 174
1863440 174
1863450 174
1863460 174
1863470 174
1863480 174
1863490 174
1863500 175
1863510 175
1863520 175
1863530 175
1863540 175
1863550 175
1863560 176
1863570 176
1863580 176
1863590 176
1863600 176
1863610 176
1863620 176
1863630 176
1863640 176
1863650 176
1863660 176
1863670 176
1863680 176
1863690 175
1863700 175
1863710 175
1863720 175
1863730 175
1863740 175
1863750 175
1863760 176
1863770 176
1863780 176
1863790 176
1863800 176
1863810 176
1863820 176
1863830 176
1863840 176
1863850 176
1863860 176
1863870 176
1863880 176
1863890 176
1863900 176
1863910 176
1863920 176
1863930 176
1863940 176
1863950 176
1863960 176
1863970 176
1863980 176
1863990 176
1864000 177
1864010 177
1864020 177
1864030 177
1864040 177
1864050 177
1864060 177
1864070 177
1864080 177
1864090 177
1864100 177
1864110 177
1864120 177
1864130 177
1864140 177
1864150 177
1864160 177
1864170 177
1864180 177
1864190 178
1864200 178
1864210 178
1864220 178
1864230 178
1864240 178
1864250 178
1864260 178
1864270 178
1864280 178
1864290 178
1864300 178
1864310 178
1864320 178
1864330 178
1864340 178
1864350 179
1864360 179
1864370 179
1864380 179
1864390 179
1864400 179
1864410 179
1864420 179
1864430 179
1864440 179
1864450 180
1864460 180
1864470 181
1864480 181
1864490 181
1864500 182
1864510 183
1864520 183
1864530 183
1864540 184
1864550 184
1864560 185
1864570 186
1864580 186
1864590 187
1864600 188
1864610 188
1864620 189
1864630 190
1864640 190
1864650 191
1864660 191
1864670 191
1864680 191
1864690 190
1864700 190
1864710 190
1864720 189
1864730 189
1864740 189
1864750 189
1864760 189
1864770 189
1864780 190
1864790 190
1864800 190
1864810 190
1864820 190
1864830 190
1864840 190
1864850 190
1864860 189
1864870 188
1864880 188
1864890 187
1864900 186
1864910 186
1864920 185
1864930 185
1864940 185
1864950 184
1864960 184
1864970 184
1864980 183
1864990 183
1865000 183
1865010 183
1865020 183
1865030 183
1865040 182
1865050 182
1865060 182
1865070 182
1865080 182
1865090 182
1865100 182
1865110 182
1865120 181
1865130 181
1865140 181
1865150 181
1865160 181
1865170 181
1865180 181
1865190 181
1865200 181
1865210 181
1865220 181
1865230 181
1865240 181
1865250 181
1865260 181
1865270 181
1865280 181
1865290 181
1865300 181
1865310 181
1865320 181
1865330 181
1865340 181
1865350 181
1865360 181
1865370 181
1865380 181
1865390 181
1865400 181
1865410 181
1865420 181
1865430 181
1865440 181
1865450 181
1865460 182
1865470 182
1865480 182
1865490 182
1865500 182
1865510 182
1865520 182
1865530 182
1865540 182
1865550 183
1865560 183
1865570 183
1865580 183
1865590 183
1865600 183
1865610 183
1865620 183
1865630 184
1865640 184
1865650 184
1865660 184
1865670 184
1865680 185
1865690 185
1865700 185
1865710 185
1865720 185
1865730 185
1865740 185
1865750 185
1865760 185
1865770 185
1865780 185
1865790 185
1865800 185
1865810 185
1865820 185
1865830 184
1865840 184
1865850 184
1865860 184
1865870 184
1865880 184
1865890 184
1865900 184
1865910 184
1865920 184
1865930 184
1865940 184
1865950 184
1865960 184
1865970 184
1865980 185
1865990 185
1866000 185
1866010 185
1866020 185
1866030 185
1866040 185
1866050 185
1866060 185
1866070 185
1866080 184
1866090 184
1866100 184
1866110 184
1866120 184
1866130 184
1866140 184
1866150 184
1866160 184
1866170 184
1866180 184
1866190 184
1866200 184
1866210 184
1866220 184
1866230 184
1866240 184
1866250 184
1866260 184
1866270 184
1866280 184
1866290 184
1866300 184
1866310 184
1866320 184
1866330 185
1866340 185
1866350 185
1866360 185
1866370 185
1866380 185
1866390 185
1866400 186
1866410 186
1866420 186
1866430 187
1866440 187
1866450 187
1866460 188
1866470 188
1866480 188
1866490 188
1866500 188
1866510 189
1866520 189
1866530 189
1866540 190
1866550 190
1866560 190
1866570 190
1866580 190
1866590 190
1866600 190
1866610 190
1866620 190
1866630 190
1866640 191
1866650 191
1866660 191
1866670 191
1866680 191
1866690 192
1866700 192
1866710 192
1866720 192
1866730 192
1866740 192
1866750 192
1866760 192
1866770 192
1866780 193
1866790 193
1866800 193
1866810 193
1866820 193
1866830 193
1866840 194
1866850 194
1866860 194
1866870 194
1866880 194
1866890 195
1866900 195
1866910 195
1866920 195
1866930 196
1866940 196
1866950 196
1866960 197
1866970 197
1866980 197
1866990 197
1867000 197
1867010 198
1867020 199
1867030 199
1867040 199
1867050 200
1867060 200
1867070 200
1867080 201
1867090 201
1867100 201
1867110 202
1867120 202
1867130 202
1867140 203
1867150 203
1867160 203
1867170 204
1867180 204
1867190 204
1867200 205
1867210 205
1867220 205
1867230 206
1867240 206
1867250 206
1867260 206
1867270 206
1867280 207
1867290 207
1867300 207
1867310 207
1867320 207
1867330 207
1867340 207
1867350 208
1867360 208
1867370 208
1867380 208
1867390 208
1867400 208
1867410 208
1867420 208
1867430 209
1867440 209
1867450 209
1867460 209
1867470 209
1867480 209
1867490 209
1867500 209
1867510 209
1867520 210
1867530 210
1867540 210
1867550 210
1867560 210
1867570 211
1867580 211
1867590 211
1867600 211
1867610 211
1867620 211
1867630 211
1867640 211
1867650 211
1867660 212
1867670 212
1867680 212
1867690 212
1867700 212
1867710 212
1867720 212
1867730 213
1867740 213
1867750 213
1867760 213
1867770 213
1867780 213
1867790 214
1867800 214
1867810 214
1867820 214
1867830 214
1867840 214
1867850 214
1867860 214
1867870 214
1867880 214
1867890 214
1867900 214
1867910 214
1867920 214
1867930 214
1867940 214
1867950 214
1867960 214
1867970 214
1867980 214
1867990 214
1868000 213
1868010 213
1868020 213
1868030 212
1868040 212
1868050 212
1868060 212
1868070 212
1868080 212
1868090 212
1868100 212
1868110 211
1868120 211
1868130 211
1868140 211
1868150 211
1868160 211
1868170 211
1868180 211
1868190 211
1868200 210
1868210 210
1868220 210
1868230 210
1868240 210
1868250 210
1868260 210
1868270 210
1868280 210
1868290 210
1868300 210
1868310 210
1868320 210
1868330 210
1868340 210
1868350 210
1868360 210
1868370 209
1868380 209
1868390 209
1868400 209
1868410 209
1868420 209
1868430 209
1868440 209
1868450 209
1868460 209
1868470 210
1868480 210
1868490 210
1868500 210
1868510 210
1868520 210
1868530 210
1868540 210
1868550 210
1868560 210
1868570 210
1868580 210
1868590 210
1868600 210
1868610 211
1868620 211
1868630 211
1868640 211
1868650 211
1868660 211
1868670 211
1868680 211
1868690 211
1868700 211
1868710 211
1868720 211
1868730 211
1868740 211
1868750 211
1868760 211
1868770 211
1868780 211
1868790 212
1868800 212
1868810 212
1868820 212
1868830 212
1868840 212
1868850 212
1868860 212
1868870 212
1868880 212
1868890 212
1868900 213
1868910 213
1868920 213
1868930 213
1868940 213
1868950 213
1868960 214
1868970 214
1868980 214
1868990 214
1869000 215
1869010 215
1869020 215
1869030 216
1869040 216
1869050 216
1869060 216
1869070 216
1869080 216
1869090 216
1869100 216
1869110 217
1869120 217
1869130 217
1869140 217
1869150 218
1869160 218
1869170 218
1869180 219
1869190 219
1869200 220
1869210 220
1869220 220
1869230 221
1869240 222
1869250 222
1869260 223
1869270 224
1869280 224
1869290 224
1869300 225
1869310 225
1869320 226
1869330 226
1869340 227
1869350 228
1869360 228
1869370 229
1869380 230
1869390 230
1869400 230
1869410 231
1869420 231
1869430 231
1869440 232
1869450 232
1869460 233
1869470 234
1869480 234
1869490 234
1869500 235
1869510 235
1869520 236
1869530 236
1869540 236
1869550 237
1869560 237
1869570 237
1869580 238
1869590 238
1869600 238
1869610 238
1869620 239
1869630 239
1869640 239
1869650 239
1869660 239
1869670 239
1869680 239
1869690 239
1869700 239
1869710 239
1869720 239
1869730 239
1869740 239
1869750 239
1869760 239
1869770 239
1869780 239
1869790 239
1869800 238
1869810 238
1869820 238
1869830 238
1869840 238
1869850 238
1869860 238
1869870 238
1869880 238
1869890 238
1869900 238
1869910 238
1869920 238
1869930 238
1869940 238
1869950 238
1869960 237
1869970 237
1869980 237
1869990 238
1870000 237
1870010 237
1870020 237
1870030 237
1870040 237
1870050 237
1870060 237
1870070 237
1870080 237
1870090 237
1870100 237
1870110 237
1870120 236
1870130 236
1870140 236
1870150 236
1870160 236
1870170 235
1870180 235
1870190 235
1870200 235
1870210 234
1870220 234
1870230 234
1870240 233
1870250 233
1870260 233
1870270 232
1870280 232
1870290 232
1870300 231
1870310 231
1870320 231
1870330 230
1870340 230
1870350 229
1870360 228
1870370 228
1870380 227
1870390 227
1870400 227
1870410 226
1870420 226
1870430 226
1870440 225
1870450 225
1870460 225
1870470 225
1870480 225
1870490 225
1870500 225
1870510 225
1870520 225
1870530 225
1870540 225
1870550 225
1870560 225
1870570 225
1870580 225
1870590 225
1870600 225
1870610 224
1870620 224
1870630 224
1870640 223
1870650 223
1870660 223
1870670 222
1870680 222
1870690 222
1870700 222
1870710 221
1870720 221
1870730 221
1870740 221
1870750 220
1870760 220
1870770 219
1870780 219
1870790 219
1870800 218
1870810 218
1870820 218
1870830 218
1870840 218
1870850 217
1870860 217
1870870 217
1870880 217
1870890 216
1870900 216
1870910 215
1870920 215
1870930 215
1870940 214
1870950 214
1870960 214
1870970 214
1870980 213
1870990 213
1871000 213
1871010 212
1871020 212
1871030 212
1871040 211
1871050 211
1871060 211
1871070 210
1871080 210
1871090 210
1871100 209
1871110 209
1871120 209
1871130 209
1871140 209
1871150 208
1871160 208
1871170 208
1871180 207
1871190 207
1871200 207
1871210 206
1871220 206
1871230 206
1871240 205
1871250 205
1871260 205
1871270 204
1871280 204
1871290 204
1871300 203
1871310 203
1871320 202
1871330 202
1871340 202
1871350 201
1871360 201
1871370 201
1871380 201
1871390 200
1871400 200
1871410 200
1871420 200
1871430 200
1871440 200
1871450 201
1871460 201
1871470 202
1871480 202
1871490 202
1871500 202
1871510 203
1871520 203
1871530 203
1871540 204
1871550 204
1871560 204
1871570 205
1871580 205
1871590 205
1871600 206
1871610 206
1871620 207
1871630 207
1871640 207
1871650 209
1871660 210
1871670 210
1871680 212
1871690 214
1871700 214
1871710 215
1871720 216
1871730 216
1871740 218
1871750 219
1871760 219
1871770 221
1871780 222
1871790 222
1871800 223
1871810 223
1871820 224
1871830 225
1871840 225
1871850 226
1871860 227
1871870 227
1871880 228
1871890 231
1871900 231
1871910 232
1871920 232
1871930 232
1871940 232
1871950 232
1871960 232
1871970 233
1871980 233
1871990 233
1872000 234
1872010 234
1872020 234
1872030 235
1872040 236
1872050 236
1872060 236
1872070 237
1872080 237
1872090 238
1872100 239
1872110 239
1872120 239
1872130 240
1872140 240
1872150 240
1872160 240
1872170 240
1872180 240
1872190 241
1872200 241
1872210 241
1872220 241
1872230 241
1872240 241
1872250 241
1872260 241
1872270 241
1872280 241
1872290 241
1872300 241
1872310 240
1872320 240
1872330 240
1872340 240
1872350 240
1872360 240
1872370 240
1872380 240
1872390 240
1872400 240
1872410 240
1872420 240
1872430 240
1872440 240
1872450 240
1872460 240
1872470 240
1872480 240
1872490 240
1872500 240
1872510 240
1872520 240
1872530 239
1872540 239
1872550 239
1872560 239
1872570 239
1872580 239
1872590 239
1872600 239
1872610 239
1872620 239
1872630 238
1872640 238
1872650 238
1872660 238
1872670 238
1872680 238
1872690 237
1872700 237
1872710 237
1872720 237
1872730 237
1872740 237
1872750 236
1872760 236
1872770 236
1872780 236
1872790 236
1872800 236
1872810 236
1872820 236
1872830 236
1872840 235
1872850 235
1872860 235
1872870 234
1872880 234
1872890 234
1872900 234
1872910 234
1872920 234
1872930 234
1872940 234
1872950 233
1872960 233
1872970 233
1872980 233
1872990 233
1873000 233
1873010 232
1873020 232
1873030 232
1873040 232
1873050 232
1873060 232
1873070 231
1873080 231
1873090 231
1873100 231
1873110 231
1873120 231
1873130 231
1873140 231
1873150 230
1873160 230
1873170 230
1873180 230
1873190 230
1873200 230
1873210 230
1873220 230
1873230 230
1873240 230
1873250 230
1873260 230
1873270 230
1873280 230
1873290 230
1873300 229
1873310 229
1873320 229
1873330 229
1873340 229
1873350 229
1873360 229
1873370 229
1873380 229
1873390 228
1873400 228
1873410 228
1873420 228
1873430 227
1873440 227
1873450 226
1873460 225
1873470 225
1873480 224
1873490 224
1873500 224
1873510 223
1873520 223
1873530 223
1873540 222
1873550 222
1873560 222
1873570 221
1873580 221
1873590 221
1873600 221
1873610 221
1873620 221
1873630 221
1873640 221
1873650 221
1873660 220
1873670 220
1873680 217
1873690 216
1873700 216
1873710 215
1873720 214
1873730 214
1873740 213
1873750 211
1873760 211
1873770 209
1873780 209
1873790 208
1873800 208
1873810 208
1873820 208
1873830 210
1873840 213
1873850 213
1873860 216
1873870 216
1873880 216
1873890 216
1873900 216
1873910 216
1873920 217
1873930 217
1873940 217
1873950 217
1873960 217
1873970 217
1873980 217
1873990 217
1874000 217
1874010 216
1874020 216
1874030 216
1874040 215
1874050 214
1874060 214
1874070 213
1874080 213
1874090 213
1874100 213
1874110 212
1874120 211
1874130 211
1874140 211
1874150 211
1874160 212
1874170 212
1874180 212
1874190 212
1874200 212
1874210 212
1874220 212
1874230 212
1874240 212
1874250 211
1874260 211
1874270 211
1874280 211
1874290 211
1874300 210
1874310 210
1874320 210
1874330 209
1874340 209
1874350 209
1874360 208
1874370 207
1874380 207
1874390 206
1874400 206
1874410 206
1874420 206
1874430 206
1874440 206
1874450 205
1874460 204
1874470 204
1874480 204
1874490 203
1874500 203
1874510 202
1874520 202
1874530 202
1874540 201
1874550 201
1874560 201
1874570 202
1874580 202
1874590 202
1874600 202
1874610 202
1874620 202
1874630 201
1874640 201
1874650 201
1874660 201
1874670 200
1874680 200
1874690 199
1874700 198
1874710 198
1874720 197
1874730 196
1874740 196
1874750 194
1874760 193
1874770 193
1874780 191
1874790 190
1874800 190
1874810 190
1874820 190
1874830 190
1874840 189
1874850 188
1874860 188
1874870 187
1874880 186
1874890 186
1874900 186
1874910 186
1874920 185
1874930 185
1874940 185
1874950 184
1874960 183
1874970 183
1874980 183
1874990 183
1875000 183
1875010 183
1875020 183
1875030 183
1875040 183
1875050 183
1875060 183
1875070 183
1875080 183
1875090 183
1875100 183
1875110 183
1875120 183
1875130 184
1875140 185
1875150 185
1875160 186
1875170 187
1875180 187
1875190 188
1875200 190
1875210 190
1875220 191
1875230 193
1875240 193
1875250 194
1875260 195
1875270 195
1875280 195
1875290 195
1875300 195
1875310 195
1875320 195
1875330 195
1875340 195
1875350 195
1875360 195
1875370 195
1875380 194
1875390 194
1875400 194
1875410 194
1875420 194
1875430 194
1875440 194
1875450 194
1875460 193
1875470 193
1875480 193
1875490 193
1875500 193
1875510 193
1875520 193
1875530 193
1875540 193
1875550 193
1875560 193
1875570 193
1875580 193
1875590 193
1875600 193
1875610 193
1875620 193
1875630 192
1875640 192
1875650 192
1875660 192
1875670 191
1875680 191
1875690 191
1875700 191
1875710 191
1875720 191
1875730 190
1875740 190
1875750 190
1875760 190
1875770 190
1875780 189
1875790 189
1875800 189
1875810 189
1875820 188
1875830 188
1875840 188
1875850 188
1875860 188
1875870 188
1875880 188
1875890 188
1875900 187
1875910 187
1875920 187
1875930 187
1875940 187
1875950 187
1875960 186
1875970 186
1875980 186
1875990 186
1876000 186
1876010 186
1876020 186
1876030 186
1876040 186
1876050 186
1876060 186
1876070 186
1876080 186
1876090 186
1876100 186
1876110 186
1876120 186
1876130 186
1876140 186
1876150 186
1876160 185
1876170 185
1876180 185
1876190 185
1876200 185
1876210 185
1876220 185
1876230 184
1876240 184
1876250 184
1876260 184
1876270 184
1876280 184
1876290 184
1876300 184
1876310 184
1876320 184
1876330 184
1876340 184
1876350 184
1876360 184
1876370 184
1876380 183
1876390 183
1876400 183
1876410 183
1876420 183
1876430 182
1876440 182
1876450 182
1876460 182
1876470 181
1876480 181
1876490 181
1876500 181
1876510 181
1876520 181
1876530 180
1876540 180
1876550 180
1876560 180
1876570 180
1876580 180
1876590 179
1876600 179
1876610 179
1876620 179
1876630 179
1876640 179
1876650 179
1876660 179
1876670 178
1876680 178
1876690 178
1876700 178
1876710 178
1876720 178
1876730 178
1876740 178
1876750 178
1876760 178
1876770 178
1876780 177
1876790 177
1876800 177
1876810 177
1876820 177
1876830 177
1876840 177
1876850 177
1876860 177
1876870 177
1876880 177
1876890 177
1876900 176
1876910 176
1876920 176
1876930 176
1876940 176
1876950 176
1876960 176
1876970 176
1876980 176
1876990 176
1877000 176
1877010 176
1877020 176
1877030 176
1877040 176
1877050 176
1877060 177
1877070 177
1877080 176
1877090 176
1877100 176
1877110 176
1877120 176
1877130 176
1877140 175
1877150 175
1877160 175
1877170 175
1877180 175
1877190 175
1877200 175
1877210 174
1877220 174
1877230 174
1877240 174
1877250 174
1877260 174
1877270 174
1877280 174
1877290 174
1877300 174
1877310 174
1877320 174
1877330 173
1877340 173
1877350 173
1877360 173
1877370 173
1877380 173
1877390 173
1877400 172
1877410 172
1877420 172
1877430 171
1877440 171
1877450 171
1877460 170
1877470 170
1877480 170
1877490 169
1877500 168
1877510 168
1877520 168
1877530 168
1877540 168
1877550 168
1877560 168
1877570 168
1877580 167
1877590 167
1877600 167
1877610 167
1877620 167
1877630 167
1877640 168
1877650 168
1877660 168
1877670 169
1877680 169
1877690 169
1877700 169
1877710 169
1877720 169
1877730 168
1877740 168
1877750 168
1877760 168
1877770 168
1877780 168
1877790 168
1877800 167
1877810 167
1877820 167
1877830 168
1877840 168
1877850 168
1877860 168
1877870 168
1877880 168
1877890 168
1877900 168
1877910 167
1877920 167
1877930 167
1877940 166
1877950 166
1877960 166
1877970 166
1877980 166
1877990 166
1878000 165
1878010 165
1878020 165
1878030 165
1878040 165
1878050 165
1878060 165
1878070 165
1878080 165
1878090 165
1878100 165
1878110 165
1878120 165
1878130 166
1878140 167
1878150 167
1878160 167
1878170 167
1878180 168
1878190 168
1878200 168
1878210 168
1878220 168
1878230 169
1878240 169
1878250 169
1878260 169
1878270 169
1878280 169
1878290 169
1878300 169
1878310 169
1878320 169
1878330 169
1878340 169
1878350 169
1878360 169
1878370 169
1878380 169
1878390 169
1878400 169
1878410 168
1878420 168
1878430 168
1878440 168
1878450 168
1878460 168
1878470 168
1878480 168
1878490 168
1878500 168
1878510 168
1878520 168
1878530 168
1878540 168
1878550 168
1878560 168
1878570 168
1878580 168
1878590 168
1878600 168
1878610 168
1878620 168
1878630 168
1878640 168
1878650 168
1878660 168
1878670 168
1878680 168
1878690 168
1878700 168
1878710 168
1878720 168
1878730 168
1878740 167
1878750 167
1878760 167
1878770 167
1878780 167
1878790 167
1878800 167
1878810 167
1878820 167
1878830 167
1878840 167
1878850 167
1878860 167
1878870 167
1878880 167
1878890 167
1878900 167
1878910 167
1878920 166
1878930 166
1878940 166
1878950 166
1878960 166
1878970 166
1878980 166
1878990 166
1879000 166
1879010 166
1879020 166
1879030 166
1879040 166
1879050 166
1879060 165
1879070 165
1879080 165
1879090 165
1879100 165
1879110 165
1879120 165
1879130 165
1879140 165
1879150 164
1879160 164
1879170 164
1879180 164
1879190 164
1879200 164
1879210 164
1879220 164
1879230 164
1879240 164
1879250 164
1879260 164
1879270 164
1879280 164
1879290 163
1879300 164
1879310 164
1879320 164
1879330 163
1879340 163
1879350 163
1879360 163
1879370 163
1879380 163
1879390 163
1879400 163
1879410 163
1879420 163
1879430 163
1879440 163
1879450 163
1879460 163
1879470 163
1879480 163
1879490 163
1879500 163
1879510 163
1879520 163
1879530 162
1879540 162
1879550 162
1879560 162
1879570 162
1879580 162
1879590 162
1879600 162
1879610 162
1879620 162
1879630 162
1879640 162
1879650 162
1879660 162
1879670 162
1879680 162
1879690 162
1879700 162
1879710 163
1879720 163
1879730 163
1879740 163
1879750 163
1879760 163
1879770 163
1879780 163
1879790 162
1879800 162
1879810 162
1879820 162
1879830 162
1879840 162
1879850 162
1879860 162
1879870 162
1879880 162
1879890 161
1879900 161
1879910 161
1879920 161
1879930 161
1879940 161
1879950 161
1879960 161
1879970 161
1879980 161
1879990 161
