1860000 183
1860010 183
1860020 183
1860030 183
1860040 183
1860050 183
1860060 183
1860070 183
1860080 183
1860090 183
1860100 183
1860110 183
1860120 183
1860130 183
1860140 183
1860150 183
1860160 183
1860170 183
1860180 183
1860190 182
1860200 182
1860210 183
1860220 183
1860230 183
1860240 183
1860250 183
1860260 183
1860270 182
1860280 182
1860290 182
1860300 182
1860310 182
1860320 182
1860330 182
1860340 182
1860350 182
1860360 181
1860370 181
1860380 181
1860390 181
1860400 181
1860410 181
1860420 181
1860430 182
1860440 182
1860450 181
1860460 181
1860470 181
1860480 181
1860490 181
1860500 181
1860510 180
1860520 180
1860530 180
1860540 180
1860550 180
1860560 180
1860570 181
1860580 181
1860590 181
1860600 181
1860610 181
1860620 181
1860630 181
1860640 181
1860650 182
1860660 182
1860670 182
1860680 182
1860690 182
1860700 182
1860710 183
1860720 183
1860730 183
1860740 183
1860750 183
1860760 183
1860770 183
1860780 182
1860790 182
1860800 182
1860810 182
1860820 182
1860830 182
1860840 182
1860850 182
1860860 182
1860870 182
1860880 182
1860890 182
1860900 182
1860910 182
1860920 181
1860930 181
1860940 181
1860950 181
1860960 181
1860970 181
1860980 181
1860990 181
1861000 181
1861010 181
1861020 180
1861030 180
1861040 180
1861050 180
1861060 180
1861070 180
1861080 180
1861090 180
1861100 180
1861110 180
1861120 180
1861130 180
1861140 180
1861150 180
1861160 179
1861170 179
1861180 179
1861190 178
1861200 178
1861210 178
1861220 177
1861230 177
1861240 177
1861250 177
1861260 177
1861270 176
1861280 176
1861290 176
1861300 176
1861310 176
1861320 176
1861330 176
1861340 175
1861350 175
1861360 175
1861370 175
1861380 175
1861390 176
1861400 176
1861410 176
1861420 175
1861430 174
1861440 174
1861450 174
1861460 174
1861470 174
1861480 174
1861490 174
1861500 174
1861510 174
1861520 174
1861530 174
1861540 174
1861550 174
1861560 174
1861570 174
1861580 174
1861590 174
1861600 174
1861610 174
1861620 174
1861630 174
1861640 174
1861650 174
1861660 174
1861670 174
1861680 174
1861690 174
1861700 174
1861710 174
1861720 174
1861730 174
1861740 174
1861750 174
1861760 174
1861770 174
1861780 174
1861790 174
1861800 174
1861810 174
1861820 174
1861830 174
1861840 174
1861850 174
1861860 174
1861870 174
1861880 174
1861890 174
1861900 174
1861910 174
1861920 174
1861930 173
1861940 173
1861950 173
1861960 173
1861970 173
1861980 173
1861990 173
1862000 173
1862010 173
1862020 173
1862030 173
1862040 173
1862050 173
1862060 173
1862070 173
1862080 173
1862090 173
1862100 173
1862110 173
1862120 173
1862130 173
1862140 173
1862150 173
1862160 173
1862170 173
1862180 173
1862190 173
1862200 173
1862210 173
1862220 173
1862230 173
1862240 173
1862250 173
1862260 173
1862270 173
1862280 173
1862290 173
1862300 173
1862310 173
1862320 173
1862330 173
1862340 173
1862350 173
1862360 173
1862370 173
1862380 173
1862390 173
1862400 173
1862410 173
1862420 173
1862430 173
1862440 173
1862450 173
1862460 173
1862470 173
1862480 173
1862490 173
1862500 173
1862510 173
1862520 172
1862530 172
1862540 173
1862550 174
1862560 174
1862570 173
1862580 173
1862590 173
1862600 173
1862610 173
1862620 173
1862630 172
1862640 173
1862650 173
1862660 173
1862670 173
1862680 173
1862690 173
1862700 173
1862710 173
1862720 173
1862730 173
1862740 173
1862750 173
1862760 172
1862770 172
1862780 172
1862790 172
1862800 172
1862810 172
1862820 172
1862830 172
1862840 173
1862850 173
1862860 173
1862870 173
1862880 173
1862890 173
1862900 173
1862910 174
1862920 174
1862930 174
1862940 175
1862950 175
1862960 175
1862970 175
1862980 175
1862990 176
1863000 176
1863010 176
1863020 177
1863030 177
1863040 177
1863050 178
1863060 178
1863070 178
1863080 178
1863090 178
1863100 178
1863110 178
1863120 178
1863130 178
1863140 178
1863150 178
1863160 178
1863170 178
1863180 178
1863190 178
1863200 178
1863210 178
1863220 179
1863230 179
1863240 179
1863250 179
1863260 179
1863270 179
1863280 179
1863290 179
1863300 179
1863310 179
1863320 179
1863330 179
1863340 179
1863350 179
1863360 179
1863370 178
1863380 178
1863390 178
1863400 178
1863410 178
1863420 178
1863430 178
1863440 178
1863450 178
1863460 177
1863470 177
1863480 177
1863490 176
1863500 176
1863510 176
1863520 176
1863530 176
1863540 176
1863550 175
1863560 175
1863570 175
1863580 175
1863590 175
1863600 175
1863610 175
1863620 175
1863630 174
1863640 174
1863650 174
1863660 174
1863670 174
1863680 174
1863690 174
1863700 174
1863710 174
1863720 174
1863730 174
1863740 174
1863750 174
1863760 174
1863770 174
1863780 174
1863790 174
1863800 174
1863810 174
1863820 174
1863830 174
1863840 174
1863850 174
1863860 174
1863870 174
1863880 174
1863890 174
1863900 174
1863910 174
1863920 174
1863930 174
1863940 174
1863950 174
1863960 174
1863970 174
1863980 174
1863990 174
1864000 173
1864010 173
1864020 174
1864030 174
1864040 174
1864050 175
1864060 175
1864070 175
1864080 175
1864090 175
1864100 175
1864110 176
1864120 176
1864130 176
1864140 176
1864150 177
1864160 177
1864170 177
1864180 178
1864190 178
1864200 178
1864210 179
1864220 179
1864230 179
1864240 179
1864250 179
1864260 180
1864270 180
1864280 180
1864290 180
1864300 180
1864310 180
1864320 180
1864330 180
1864340 180
1864350 180
1864360 180
1864370 180
1864380 180
1864390 180
1864400 180
1864410 180
1864420 180
1864430 179
1864440 179
1864450 179
1864460 179
1864470 179
1864480 179
1864490 178
1864500 178
1864510 178
1864520 178
1864530 178
1864540 178
1864550 178
1864560 178
1864570 178
1864580 178
1864590 178
1864600 178
1864610 178
1864620 177
1864630 177
1864640 178
1864650 177
1864660 177
1864670 178
1864680 178
1864690 178
1864700 178
1864710 178
1864720 178
1864730 178
1864740 178
1864750 178
1864760 178
1864770 178
1864780 178
1864790 178
1864800 178
1864810 178
1864820 178
1864830 178
1864840 178
1864850 178
1864860 178
1864870 178
1864880 177
1864890 177
1864900 177
1864910 177
1864920 177
1864930 177
1864940 177
1864950 177
1864960 177
1864970 177
1864980 177
1864990 177
1865000 177
1865010 177
1865020 177
1865030 177
1865040 177
1865050 177
1865060 177
1865070 177
1865080 177
1865090 177
1865100 177
1865110 177
1865120 177
1865130 177
1865140 176
1865150 176
1865160 176
1865170 176
1865180 176
1865190 176
1865200 176
1865210 176
1865220 176
1865230 176
1865240 176
1865250 176
1865260 176
1865270 176
1865280 176
1865290 176
1865300 176
1865310 176
1865320 175
1865330 175
1865340 175
1865350 175
1865360 175
1865370 175
1865380 175
1865390 175
1865400 175
1865410 175
1865420 175
1865430 175
1865440 175
1865450 175
1865460 175
1865470 175
1865480 175
1865490 175
1865500 175
1865510 175
1865520 175
1865530 175
1865540 175
1865550 175
1865560 175
1865570 175
1865580 175
1865590 175
1865600 175
1865610 176
1865620 176
1865630 176
1865640 176
1865650 175
1865660 175
1865670 175
1865680 175
1865690 175
1865700 175
1865710 175
1865720 175
1865730 176
1865740 176
1865750 176
1865760 176
1865770 176
1865780 176
1865790 176
1865800 175
1865810 175
1865820 175
1865830 176
1865840 176
1865850 176
1865860 176
1865870 176
1865880 176
1865890 176
1865900 176
1865910 176
1865920 176
1865930 176
1865940 176
1865950 176
1865960 176
1865970 176
1865980 176
1865990 176
1866000 176
1866010 176
1866020 176
1866030 176
1866040 176
1866050 176
1866060 176
1866070 176
1866080 176
1866090 176
1866100 176
1866110 176
1866120 176
1866130 176
1866140 176
1866150 176
1866160 176
1866170 177
1866180 177
1866190 177
1866200 177
1866210 177
1866220 177
1866230 177
1866240 177
1866250 177
1866260 177
1866270 177
1866280 177
1866290 177
1866300 177
1866310 177
1866320 177
1866330 177
1866340 177
1866350 177
1866360 177
1866370 177
1866380 177
1866390 177
1866400 177
1866410 177
1866420 177
1866430 177
1866440 177
1866450 177
1866460 177
1866470 177
1866480 177
1866490 177
1866500 177
1866510 177
1866520 177
1866530 177
1866540 177
1866550 177
1866560 178
1866570 178
1866580 178
1866590 178
1866600 178
1866610 178
1866620 178
1866630 178
1866640 178
1866650 179
1866660 179
1866670 179
1866680 179
1866690 179
1866700 179
1866710 179
1866720 179
1866730 179
1866740 179
1866750 179
1866760 179
1866770 179
1866780 179
1866790 179
1866800 179
1866810 179
1866820 179
1866830 179
1866840 179
1866850 179
1866860 179
1866870 179
1866880 179
1866890 179
1866900 179
1866910 179
1866920 179
1866930 179
1866940 179
1866950 180
1866960 180
1866970 180
1866980 180
1866990 180
1867000 180
1867010 180
1867020 180
1867030 180
1867040 180
1867050 180
1867060 180
1867070 181
1867080 181
1867090 181
1867100 181
1867110 181
1867120 181
1867130 182
1867140 182
1867150 182
1867160 182
1867170 182
1867180 182
1867190 182
1867200 182
1867210 183
1867220 183
1867230 183
1867240 184
1867250 184
1867260 184
1867270 184
1867280 184
1867290 184
1867300 185
1867310 185
1867320 185
1867330 185
1867340 186
1867350 186
1867360 186
1867370 186
1867380 186
1867390 186
1867400 186
1867410 187
1867420 187
1867430 187
1867440 187
1867450 188
1867460 188
1867470 188
1867480 188
1867490 188
1867500 189
1867510 189
1867520 189
1867530 189
1867540 190
1867550 190
1867560 190
1867570 190
1867580 190
1867590 190
1867600 191
1867610 191
1867620 191
1867630 191
1867640 191
1867650 192
1867660 192
1867670 192
1867680 193
1867690 193
1867700 193
1867710 194
1867720 194
1867730 194
1867740 195
1867750 195
1867760 195
1867770 195
1867780 196
1867790 196
1867800 197
1867810 198
1867820 198
1867830 198
1867840 199
1867850 199
1867860 200
1867870 200
1867880 200
1867890 201
1867900 202
1867910 202
1867920 202
1867930 203
1867940 203
1867950 204
1867960 205
1867970 205
1867980 205
1867990 205
1868000 205
1868010 206
1868020 206
1868030 206
1868040 207
1868050 207
1868060 207
1868070 207
1868080 207
1868090 207
1868100 207
1868110 207
1868120 207
1868130 207
1868140 207
1868150 208
1868160 208
1868170 208
1868180 208
1868190 209
1868200 209
1868210 210
1868220 211
1868230 211
1868240 212
1868250 213
1868260 213
1868270 214
1868280 214
1868290 214
1868300 214
1868310 214
1868320 214
1868330 214
1868340 214
1868350 214
1868360 214
1868370 214
1868380 214
1868390 214
1868400 214
1868410 214
1868420 215
1868430 215
1868440 215
1868450 215
1868460 215
1868470 215
1868480 215
1868490 215
1868500 215
1868510 215
1868520 215
1868530 215
1868540 215
1868550 215
1868560 215
1868570 215
1868580 215
1868590 215
1868600 215
1868610 215
1868620 215
1868630 215
1868640 215
1868650 215
1868660 215
1868670 215
1868680 215
1868690 215
1868700 215
1868710 215
1868720 215
1868730 215
1868740 216
1868750 215
1868760 215
1868770 216
1868780 216
1868790 216
1868800 216
1868810 216
1868820 216
1868830 216
1868840 216
1868850 216
1868860 216
1868870 217
1868880 217
1868890 217
1868900 217
1868910 217
1868920 217
1868930 217
1868940 217
1868950 217
1868960 218
1868970 218
1868980 218
1868990 218
1869000 218
1869010 218
1869020 219
1869030 219
1869040 219
1869050 219
1869060 219
1869070 219
1869080 220
1869090 220
1869100 220
1869110 220
1869120 220
1869130 221
1869140 221
1869150 221
1869160 222
1869170 222
1869180 222
1869190 223
1869200 223
1869210 223
1869220 224
1869230 224
1869240 224
1869250 225
1869260 225
1869270 225
1869280 226
1869290 226
1869300 227
1869310 227
1869320 227
1869330 228
1869340 228
1869350 228
1869360 229
1869370 229
1869380 229
1869390 229
1869400 230
1869410 230
1869420 230
1869430 231
1869440 231
1869450 231
1869460 232
1869470 232
1869480 232
1869490 233
1869500 233
1869510 233
1869520 234
1869530 234
1869540 234
1869550 234
1869560 234
1869570 234
1869580 234
1869590 234
1869600 234
1869610 234
1869620 234
1869630 234
1869640 234
1869650 234
1869660 234
1869670 234
1869680 234
1869690 234
1869700 233
1869710 233
1869720 233
1869730 233
1869740 233
1869750 232
1869760 232
1869770 232
1869780 231
1869790 231
1869800 231
1869810 231
1869820 230
1869830 230
1869840 230
1869850 229
1869860 229
1869870 229
1869880 228
1869890 228
1869900 228
1869910 228
1869920 228
1869930 227
1869940 227
1869950 227
1869960 226
1869970 226
1869980 226
1869990 226
1870000 226
1870010 225
1870020 224
1870030 224
1870040 223
1870050 223
1870060 223
1870070 222
1870080 222
1870090 222
1870100 221
1870110 221
1870120 221
1870130 220
1870140 220
1870150 220
1870160 220
1870170 220
1870180 220
1870190 220
1870200 221
1870210 221
1870220 221
1870230 222
1870240 222
1870250 223
1870260 224
1870270 224
1870280 225
1870290 226
1870300 226
1870310 227
1870320 228
1870330 228
1870340 228
1870350 228
1870360 228
1870370 227
1870380 227
1870390 227
1870400 226
1870410 226
1870420 226
1870430 226
1870440 226
1870450 226
1870460 227
1870470 227
1870480 227
1870490 227
1870500 227
1870510 227
1870520 228
1870530 228
1870540 229
1870550 229
1870560 229
1870570 229
1870580 228
1870590 228
1870600 229
1870610 229
1870620 229
1870630 229
1870640 229
1870650 229
1870660 229
1870670 229
1870680 229
1870690 229
1870700 229
1870710 229
1870720 229
1870730 229
1870740 229
1870750 229
1870760 229
1870770 229
1870780 229
1870790 229
1870800 229
1870810 229
1870820 229
1870830 229
1870840 228
1870850 228
1870860 228
1870870 228
1870880 227
1870890 227
1870900 227
1870910 226
1870920 226
1870930 226
1870940 226
1870950 226
1870960 225
1870970 225
1870980 225
1870990 225
1871000 224
1871010 224
1871020 224
1871030 223
1871040 223
1871050 223
1871060 222
1871070 222
1871080 222
1871090 221
1871100 221
1871110 221
1871120 220
1871130 220
1871140 220
1871150 220
1871160 219
1871170 219
1871180 219
1871190 219
1871200 219
1871210 219
1871220 219
1871230 219
1871240 219
1871250 218
1871260 218
1871270 218
1871280 218
1871290 217
1871300 217
1871310 217
1871320 216
1871330 216
1871340 216
1871350 215
1871360 215
1871370 215
1871380 214
1871390 214
1871400 214
1871410 214
1871420 214
1871430 214
1871440 213
1871450 213
1871460 213
1871470 213
1871480 213
1871490 212
1871500 212
1871510 212
1871520 211
1871530 211
1871540 210
1871550 210
1871560 209
1871570 209
1871580 209
1871590 208
1871600 208
1871610 208
1871620 207
1871630 207
1871640 207
1871650 206
1871660 206
1871670 206
1871680 205
1871690 205
1871700 205
1871710 205
1871720 205
1871730 204
1871740 204
1871750 204
1871760 203
1871770 203
1871780 203
1871790 202
1871800 202
1871810 202
1871820 201
1871830 201
1871840 200
1871850 199
1871860 199
1871870 198
1871880 196
1871890 196
1871900 195
1871910 193
1871920 193
1871930 193
1871940 192
1871950 192
1871960 192
1871970 192
1871980 192
1871990 191
1872000 191
1872010 191
1872020 191
1872030 191
1872040 191
1872050 192
1872060 192
1872070 192
1872080 192
1872090 192
1872100 192
1872110 193
1872120 193
1872130 193
1872140 193
1872150 193
1872160 193
1872170 193
1872180 194
1872190 194
1872200 193
1872210 193
1872220 193
1872230 193
1872240 194
1872250 194
1872260 195
1872270 195
1872280 195
1872290 195
1872300 195
1872310 195
1872320 194
1872330 195
1872340 195
1872350 195
1872360 195
1872370 195
1872380 195
1872390 196
1872400 196
1872410 197
1872420 197
1872430 198
1872440 199
1872450 199
1872460 200
1872470 201
1872480 201
1872490 202
1872500 202
1872510 202
1872520 203
1872530 204
1872540 204
1872550 205
1872560 207
1872570 207
1872580 208
1872590 209
1872600 209
1872610 210
1872620 211
1872630 211
1872640 212
1872650 212
1872660 212
1872670 213
1872680 213
1872690 213
1872700 213
1872710 213
1872720 213
1872730 213
1872740 212
1872750 212
1872760 212
1872770 211
1872780 211
1872790 209
1872800 208
1872810 208
1872820 208
1872830 209
1872840 209
1872850 210
1872860 212
1872870 212
1872880 214
1872890 216
1872900 216
1872910 217
1872920 218
1872930 218
1872940 218
1872950 219
1872960 219
1872970 219
1872980 221
1872990 221
1873000 221
1873010 221
1873020 221
1873030 221
1873040 221
1873050 221
1873060 222
1873070 222
1873080 222
1873090 222
1873100 222
1873110 222
1873120 223
1873130 223
1873140 223
1873150 223
1873160 223
1873170 223
1873180 223
1873190 223
1873200 223
1873210 223
1873220 223
1873230 223
1873240 223
1873250 223
1873260 223
1873270 223
1873280 223
1873290 223
1873300 222
1873310 222
1873320 222
1873330 222
1873340 222
1873350 222
1873360 222
1873370 222
1873380 222
1873390 222
1873400 222
1873410 222
1873420 221
1873430 221
1873440 221
1873450 222
1873460 222
1873470 222
1873480 222
1873490 222
1873500 222
1873510 222
1873520 222
1873530 222
1873540 222
1873550 222
1873560 222
1873570 223
1873580 223
1873590 223
1873600 223
1873610 223
1873620 223
1873630 223
1873640 223
1873650 223
1873660 223
1873670 223
1873680 223
1873690 223
1873700 223
1873710 223
1873720 223
1873730 223
1873740 223
1873750 223
1873760 222
1873770 222
1873780 222
1873790 221
1873800 221
1873810 221
1873820 221
1873830 221
1873840 221
1873850 220
1873860 220
1873870 220
1873880 220
1873890 220
1873900 220
1873910 220
1873920 220
1873930 220
1873940 220
1873950 219
1873960 219
1873970 219
1873980 219
1873990 219
1874000 219
1874010 219
1874020 219
1874030 219
1874040 219
1874050 219
1874060 219
1874070 219
1874080 219
1874090 219
1874100 219
1874110 219
1874120 219
1874130 219
1874140 219
1874150 218
1874160 218
1874170 218
1874180 218
1874190 218
1874200 218
1874210 218
1874220 218
1874230 218
1874240 218
1874250 217
1874260 217
1874270 217
1874280 217
1874290 217
1874300 217
1874310 217
1874320 217
1874330 217
1874340 217
1874350 217
1874360 217
1874370 217
1874380 217
1874390 216
1874400 216
1874410 216
1874420 217
1874430 217
1874440 216
1874450 216
1874460 216
1874470 216
1874480 216
1874490 216
1874500 216
1874510 216
1874520 216
1874530 216
1874540 216
1874550 216
1874560 215
1874570 215
1874580 215
1874590 215
1874600 214
1874610 214
1874620 214
1874630 214
1874640 214
1874650 214
1874660 214
1874670 214
1874680 213
1874690 213
1874700 213
1874710 213
1874720 213
1874730 213
1874740 213
1874750 212
1874760 212
1874770 212
1874780 212
1874790 212
1874800 211
1874810 211
1874820 211
1874830 211
1874840 210
1874850 210
1874860 210
1874870 210
1874880 210
1874890 209
1874900 209
1874910 209
1874920 209
1874930 209
1874940 209
1874950 208
1874960 208
1874970 208
1874980 208
1874990 208
1875000 208
1875010 208
1875020 208
1875030 207
1875040 207
1875050 207
1875060 207
1875070 207
1875080 207
1875090 206
1875100 206
1875110 206
1875120 206
1875130 205
1875140 205
1875150 205
1875160 204
1875170 204
1875180 204
1875190 204
1875200 204
1875210 204
1875220 203
1875230 203
1875240 203
1875250 203
1875260 203
1875270 203
1875280 202
1875290 202
1875300 202
1875310 201
1875320 201
1875330 201
1875340 201
1875350 201
1875360 200
1875370 200
1875380 200
1875390 200
1875400 199
1875410 199
1875420 199
1875430 198
1875440 198
1875450 198
1875460 198
1875470 198
1875480 197
1875490 197
1875500 197
1875510 197
1875520 197
1875530 197
1875540 197
1875550 197
1875560 196
1875570 196
1875580 195
1875590 195
1875600 195
1875610 195
1875620 195
1875630 195
1875640 195
1875650 195
1875660 195
1875670 195
1875680 195
1875690 194
1875700 194
1875710 194
1875720 194
1875730 194
1875740 194
1875750 193
1875760 193
1875770 193
1875780 193
1875790 193
1875800 192
1875810 192
1875820 192
1875830 192
1875840 192
1875850 192
1875860 191
1875870 191
1875880 191
1875890 191
1875900 190
1875910 191
1875920 190
1875930 189
1875940 189
1875950 189
1875960 188
1875970 188
1875980 187
1875990 186
1876000 186
1876010 185
1876020 183
1876030 183
1876040 184
1876050 185
1876060 185
1876070 185
1876080 186
1876090 186
1876100 186
1876110 187
1876120 187
1876130 187
1876140 187
1876150 187
1876160 187
1876170 187
1876180 187
1876190 186
1876200 186
1876210 186
1876220 186
1876230 186
1876240 186
1876250 185
1876260 185
1876270 185
1876280 185
1876290 185
1876300 184
1876310 184
1876320 184
1876330 184
1876340 183
1876350 183
1876360 183
1876370 182
1876380 182
1876390 182
1876400 182
1876410 182
1876420 182
1876430 182
1876440 182
1876450 182
1876460 182
1876470 182
1876480 183
1876490 183
1876500 183
1876510 183
1876520 183
1876530 183
1876540 184
1876550 184
1876560 184
1876570 184
1876580 183
1876590 183
1876600 183
1876610 183
1876620 183
1876630 183
1876640 183
1876650 183
1876660 183
1876670 183
1876680 183
1876690 183
1876700 183
1876710 183
1876720 183
1876730 183
1876740 183
1876750 183
1876760 183
1876770 183
1876780 183
1876790 183
1876800 183
1876810 182
1876820 182
1876830 182
1876840 182
1876850 182
1876860 182
1876870 181
1876880 181
1876890 181
1876900 181
1876910 181
1876920 181
1876930 181
1876940 181
1876950 180
1876960 180
1876970 180
1876980 179
1876990 178
1877000 178
1877010 178
1877020 178
1877030 178
1877040 178
1877050 179
1877060 179
1877070 179
1877080 179
1877090 179
1877100 179
1877110 179
1877120 179
1877130 179
1877140 180
1877150 180
1877160 180
1877170 181
1877180 181
1877190 181
1877200 181
1877210 181
1877220 181
1877230 181
1877240 181
1877250 181
1877260 181
1877270 181
1877280 181
1877290 181
1877300 181
1877310 181
1877320 181
1877330 181
1877340 181
1877350 181
1877360 181
1877370 181
1877380 181
1877390 181
1877400 181
1877410 181
1877420 181
1877430 180
1877440 180
1877450 180
1877460 180
1877470 180
1877480 180
1877490 179
1877500 179
1877510 179
1877520 179
1877530 179
1877540 179
1877550 179
1877560 179
1877570 179
1877580 179
1877590 179
1877600 179
1877610 179
1877620 179
1877630 179
1877640 179
1877650 179
1877660 179
1877670 179
1877680 179
1877690 179
1877700 179
1877710 179
1877720 179
1877730 178
1877740 178
1877750 178
1877760 178
1877770 178
1877780 178
1877790 178
1877800 178
1877810 178
1877820 178
1877830 178
1877840 178
1877850 178
1877860 178
1877870 178
1877880 178
1877890 178
1877900 178
1877910 178
1877920 178
1877930 178
1877940 178
1877950 178
1877960 178
1877970 178
1877980 178
1877990 177
1878000 177
1878010 177
1878020 177
1878030 177
1878040 177
1878050 177
1878060 177
1878070 177
1878080 177
1878090 177
1878100 177
1878110 177
1878120 177
1878130 177
1878140 177
1878150 177
1878160 177
1878170 177
1878180 177
1878190 177
1878200 177
1878210 177
1878220 177
1878230 177
1878240 177
1878250 177
1878260 177
1878270 177
1878280 177
1878290 177
1878300 177
1878310 177
1878320 177
1878330 177
1878340 176
1878350 176
1878360 176
1878370 176
1878380 176
1878390 176
1878400 176
1878410 176
1878420 176
1878430 175
1878440 175
1878450 175
1878460 175
1878470 175
1878480 175
1878490 175
1878500 175
1878510 175
1878520 175
1878530 174
1878540 174
1878550 174
1878560 174
1878570 174
1878580 173
1878590 173
1878600 173
1878610 173
1878620 173
1878630 173
1878640 173
1878650 173
1878660 173
1878670 172
1878680 172
1878690 172
1878700 172
1878710 172
1878720 172
1878730 172
1878740 172
1878750 172
1878760 171
1878770 171
1878780 171
1878790 171
1878800 171
1878810 171
1878820 171
1878830 171
1878840 171
1878850 170
1878860 170
1878870 170
1878880 170
1878890 170
1878900 170
1878910 170
1878920 170
1878930 170
1878940 170
1878950 170
1878960 170
1878970 170
1878980 170
1878990 170
1879000 170
1879010 170
1879020 169
1879030 169
1879040 169
1879050 169
1879060 169
1879070 169
1879080 169
1879090 169
1879100 169
1879110 169
1879120 169
1879130 169
1879140 169
1879150 169
1879160 169
1879170 168
1879180 168
1879190 168
1879200 168
1879210 168
1879220 168
1879230 168
1879240 168
1879250 168
1879260 167
1879270 167
1879280 167
1879290 167
1879300 167
1879310 167
1879320 167
1879330 167
1879340 167
1879350 167
1879360 167
1879370 166
1879380 166
1879390 166
1879400 166
1879410 166
1879420 166
1879430 166
1879440 166
1879450 166
1879460 166
1879470 165
1879480 165
1879490 165
1879500 165
1879510 165
1879520 165
1879530 165
1879540 165
1879550 165
1879560 165
1879570 165
1879580 165
1879590 164
1879600 164
1879610 164
1879620 164
1879630 164
1879640 164
1879650 164
1879660 164
1879670 163
1879680 163
1879690 163
1879700 163
1879710 163
1879720 163
1879730 163
1879740 163
1879750 163
1879760 163
1879770 164
1879780 164
1879790 164
1879800 164
1879810 164
1879820 164
1879830 164
1879840 164
1879850 164
1879860 164
1879870 164
1879880 164
1879890 164
1879900 164
1879910 163
1879920 163
1879930 163
1879940 163
1879950 163
1879960 163
1879970 163
1879980 163
1879990 163
1860000 183
1860010 183
1860020 183
1860030 183
1860040 183
1860050 183
1860060 183
1860070 183
1860080 183
1860090 183
1860100 183
1860110 183
1860120 183
1860130 183
1860140 183
1860150 183
1860160 183
1860170 183
1860180 183
1860190 182
1860200 182
1860210 183
1860220 183
1860230 183
1860240 183
1860250 183
1860260 183
1860270 182
1860280 182
1860290 182
1860300 182
1860310 182
1860320 182
1860330 182
1860340 182
1860350 182
1860360 181
1860370 181
1860380 181
1860390 181
1860400 181
1860410 181
1860420 181
1860430 182
1860440 182
1860450 181
1860460 181
1860470 181
1860480 181
1860490 181
1860500 181
1860510 180
1860520 180
1860530 180
1860540 180
1860550 180
1860560 180
1860570 181
1860580 181
1860590 181
1860600 181
1860610 181
1860620 181
1860630 181
1860640 181
1860650 182
1860660 182
1860670 182
1860680 182
1860690 182
1860700 182
1860710 183
1860720 183
1860730 183
1860740 183
1860750 183
1860760 183
1860770 183
1860780 182
1860790 182
1860800 182
1860810 182
1860820 182
1860830 182
1860840 182
1860850 182
1860860 182
1860870 182
1860880 182
1860890 182
1860900 182
1860910 182
1860920 181
1860930 181
1860940 181
1860950 181
1860960 181
1860970 181
1860980 181
1860990 181
1861000 181
1861010 181
1861020 180
1861030 180
1861040 180
1861050 180
1861060 180
1861070 180
1861080 180
1861090 180
1861100 180
1861110 180
1861120 180
1861130 180
1861140 180
1861150 180
1861160 179
1861170 179
1861180 179
1861190 178
1861200 178
1861210 178
1861220 177
1861230 177
1861240 177
1861250 177
1861260 177
1861270 176
1861280 176
1861290 176
1861300 176
1861310 176
1861320 176
1861330 176
1861340 175
1861350 175
1861360 175
1861370 175
1861380 175
1861390 176
1861400 176
1861410 176
1861420 175
1861430 174
1861440 174
1861450 174
1861460 174
1861470 174
1861480 174
1861490 174
1861500 174
1861510 174
1861520 174
1861530 174
1861540 174
1861550 174
1861560 174
1861570 174
1861580 174
1861590 174
1861600 174
1861610 174
1861620 174
1861630 174
1861640 174
1861650 174
1861660 174
1861670 174
1861680 174
1861690 174
1861700 174
1861710 174
1861720 174
1861730 174
1861740 174
1861750 174
1861760 174
1861770 174
1861780 174
1861790 174
1861800 174
1861810 174
1861820 174
1861830 174
1861840 174
1861850 174
1861860 174
1861870 174
1861880 174
1861890 174
1861900 174
1861910 174
1861920 174
1861930 173
1861940 173
1861950 173
1861960 173
1861970 173
1861980 173
1861990 173
1862000 173
1862010 173
1862020 173
1862030 173
1862040 173
1862050 173
1862060 173
1862070 173
1862080 173
1862090 173
1862100 173
1862110 173
1862120 173
1862130 173
1862140 173
1862150 173
1862160 173
1862170 173
1862180 173
1862190 173
1862200 173
1862210 173
1862220 173
1862230 173
1862240 173
1862250 173
1862260 173
1862270 173
1862280 173
1862290 173
1862300 173
1862310 173
1862320 173
1862330 173
1862340 173
1862350 173
1862360 173
1862370 173
1862380 173
1862390 173
1862400 173
1862410 173
1862420 173
1862430 173
1862440 173
1862450 173
1862460 173
1862470 173
1862480 173
1862490 173
1862500 173
1862510 173
1862520 172
1862530 172
1862540 173
1862550 174
1862560 174
1862570 173
1862580 173
1862590 173
1862600 173
1862610 173
1862620 173
1862630 172
1862640 173
1862650 173
1862660 173
1862670 173
1862680 173
1862690 173
1862700 173
1862710 173
1862720 173
1862730 173
1862740 173
1862750 173
1862760 172
1862770 172
1862780 172
1862790 172
1862800 172
1862810 172
1862820 172
1862830 172
1862840 173
1862850 173
1862860 173
1862870 173
1862880 173
1862890 173
1862900 173
1862910 174
1862920 174
1862930 174
1862940 175
1862950 175
1862960 175
1862970 175
1862980 175
1862990 176
1863000 176
1863010 176
1863020 177
1863030 177
1863040 177
1863050 178
1863060 178
1863070 178
1863080 178
1863090 178
1863100 178
1863110 178
1863120 178
1863130 178
1863140 178
1863150 178
1863160 178
1863170 178
1863180 178
1863190 178
1863200 178
1863210 178
1863220 179
1863230 179
1863240 179
1863250 179
1863260 179
1863270 179
1863280 179
1863290 179
1863300 179
1863310 179
1863320 179
1863330 179
1863340 179
1863350 179
1863360 179
1863370 178
1863380 178
1863390 178
1863400 178
1863410 178
1863420 178
1863430 178
1863440 178
1863450 178
1863460 177
1863470 177
1863480 177
1863490 176
1863500 176
1863510 176
1863520 176
1863530 176
1863540 176
1863550 175
1863560 175
1863570 175
1863580 175
1863590 175
1863600 175
1863610 175
1863620 175
1863630 174
1863640 174
1863650 174
1863660 174
1863670 174
1863680 174
1863690 174
1863700 174
1863710 174
1863720 174
1863730 174
1863740 174
1863750 174
1863760 174
1863770 174
1863780 174
1863790 174
1863800 174
1863810 174
1863820 174
1863830 174
1863840 174
1863850 174
1863860 174
1863870 174
1863880 174
1863890 174
1863900 174
1863910 174
1863920 174
1863930 174
1863940 174
1863950 174
1863960 174
1863970 174
1863980 174
1863990 174
1864000 173
1864010 173
1864020 174
1864030 174
1864040 174
1864050 175
1864060 175
1864070 175
1864080 175
1864090 175
1864100 175
1864110 176
1864120 176
1864130 176
1864140 176
1864150 177
1864160 177
1864170 177
1864180 178
1864190 178
1864200 178
1864210 179
1864220 179
1864230 179
1864240 179
1864250 179
1864260 180
1864270 180
1864280 180
1864290 180
1864300 180
1864310 180
1864320 180
1864330 180
1864340 180
1864350 180
1864360 180
1864370 180
1864380 180
1864390 180
1864400 180
1864410 180
1864420 180
1864430 179
1864440 179
1864450 179
1864460 179
1864470 179
1864480 179
1864490 178
1864500 178
1864510 178
1864520 178
1864530 178
1864540 178
1864550 178
1864560 178
1864570 178
1864580 178
1864590 178
1864600 178
1864610 178
1864620 177
1864630 177
1864640 178
1864650 177
1864660 177
1864670 178
1864680 178
1864690 178
1864700 178
1864710 178
1864720 178
1864730 178
1864740 178
1864750 178
1864760 178
1864770 178
1864780 178
1864790 178
1864800 178
1864810 178
1864820 178
1864830 178
1864840 178
1864850 178
1864860 178
1864870 178
1864880 177
1864890 177
1864900 177
1864910 177
1864920 177
1864930 177
1864940 177
1864950 177
1864960 177
1864970 177
1864980 177
1864990 177
1865000 177
1865010 177
1865020 177
1865030 177
1865040 177
1865050 177
1865060 177
1865070 177
1865080 177
1865090 177
1865100 177
1865110 177
1865120 177
1865130 177
1865140 176
1865150 176
1865160 176
1865170 176
1865180 176
1865190 176
1865200 176
1865210 176
1865220 176
1865230 176
1865240 176
1865250 176
1865260 176
1865270 176
1865280 176
1865290 176
1865300 176
1865310 176
1865320 175
1865330 175
1865340 175
1865350 175
1865360 175
1865370 175
1865380 175
1865390 175
1865400 175
1865410 175
1865420 175
1865430 175
1865440 175
1865450 175
1865460 175
1865470 175
1865480 175
1865490 175
1865500 175
1865510 175
1865520 175
1865530 175
1865540 175
1865550 175
1865560 175
1865570 175
1865580 175
1865590 175
1865600 175
1865610 176
1865620 176
1865630 176
1865640 176
1865650 175
1865660 175
1865670 175
1865680 175
1865690 175
1865700 175
1865710 175
1865720 175
1865730 176
1865740 176
1865750 176
1865760 176
1865770 176
1865780 176
1865790 176
1865800 175
1865810 175
1865820 175
1865830 176
1865840 176
1865850 176
1865860 176
1865870 176
1865880 176
1865890 176
1865900 176
1865910 176
1865920 176
1865930 176
1865940 176
1865950 176
1865960 176
1865970 176
1865980 176
1865990 176
1866000 176
1866010 176
1866020 176
1866030 176
1866040 176
1866050 176
1866060 176
1866070 176
1866080 176
1866090 176
1866100 176
1866110 176
1866120 176
1866130 176
1866140 176
1866150 176
1866160 176
1866170 177
1866180 177
1866190 177
1866200 177
1866210 177
1866220 177
1866230 177
1866240 177
1866250 177
1866260 177
1866270 177
1866280 177
1866290 177
1866300 177
1866310 177
1866320 177
1866330 177
1866340 177
1866350 177
1866360 177
1866370 177
1866380 177
1866390 177
1866400 177
1866410 177
1866420 177
1866430 177
1866440 177
1866450 177
1866460 177
1866470 177
1866480 177
1866490 177
1866500 177
1866510 177
1866520 177
1866530 177
1866540 177
1866550 177
1866560 178
1866570 178
1866580 178
1866590 178
1866600 178
1866610 178
1866620 178
1866630 178
1866640 178
1866650 179
1866660 179
1866670 179
1866680 179
1866690 179
1866700 179
1866710 179
1866720 179
1866730 179
1866740 179
1866750 179
1866760 179
1866770 179
1866780 179
1866790 179
1866800 179
1866810 179
1866820 179
1866830 179
1866840 179
1866850 179
1866860 179
1866870 179
1866880 179
1866890 179
1866900 179
1866910 179
1866920 179
1866930 179
1866940 179
1866950 180
1866960 180
1866970 180
1866980 180
1866990 180
1867000 180
1867010 180
1867020 180
1867030 180
1867040 180
1867050 180
1867060 180
1867070 181
1867080 181
1867090 181
1867100 181
1867110 181
1867120 181
1867130 182
1867140 182
1867150 182
1867160 182
1867170 182
1867180 182
1867190 182
1867200 182
1867210 183
1867220 183
1867230 183
1867240 184
1867250 184
1867260 184
1867270 184
1867280 184
1867290 184
1867300 185
1867310 185
1867320 185
1867330 185
1867340 186
1867350 186
1867360 186
1867370 186
1867380 186
1867390 186
1867400 186
1867410 187
1867420 187
1867430 187
1867440 187
1867450 188
1867460 188
1867470 188
1867480 188
1867490 188
1867500 189
1867510 189
1867520 189
1867530 189
1867540 190
1867550 190
1867560 190
1867570 190
1867580 190
1867590 190
1867600 191
1867610 191
1867620 191
1867630 191
1867640 191
1867650 192
1867660 192
1867670 192
1867680 193
1867690 193
1867700 193
1867710 194
1867720 194
1867730 194
1867740 195
1867750 195
1867760 195
1867770 195
1867780 196
1867790 196
1867800 197
1867810 198
1867820 198
1867830 198
1867840 199
1867850 199
1867860 200
1867870 200
1867880 200
1867890 201
1867900 202
1867910 202
1867920 202
1867930 203
1867940 203
1867950 204
1867960 205
1867970 205
1867980 205
1867990 205
1868000 205
1868010 206
1868020 206
1868030 206
1868040 207
1868050 207
1868060 207
1868070 207
1868080 207
1868090 207
1868100 207
1868110 207
1868120 207
1868130 207
1868140 207
1868150 208
1868160 208
1868170 208
1868180 208
1868190 209
1868200 209
1868210 210
1868220 211
1868230 211
1868240 212
1868250 213
1868260 213
1868270 214
1868280 214
1868290 214
1868300 214
1868310 214
1868320 214
1868330 214
1868340 214
1868350 214
1868360 214
1868370 214
1868380 214
1868390 214
1868400 214
1868410 214
1868420 215
1868430 215
1868440 215
1868450 215
1868460 215
1868470 215
1868480 215
1868490 215
1868500 215
1868510 215
1868520 215
1868530 215
1868540 215
1868550 215
1868560 215
1868570 215
1868580 215
1868590 215
1868600 215
1868610 215
1868620 215
1868630 215
1868640 215
1868650 215
1868660 215
1868670 215
1868680 215
1868690 215
1868700 215
1868710 215
1868720 215
1868730 215
1868740 216
1868750 215
1868760 215
1868770 216
1868780 216
1868790 216
1868800 216
1868810 216
1868820 216
1868830 216
1868840 216
1868850 216
1868860 216
1868870 217
1868880 217
1868890 217
1868900 217
1868910 217
1868920 217
1868930 217
1868940 217
1868950 217
1868960 218
1868970 218
1868980 218
1868990 218
1869000 218
1869010 218
1869020 219
1869030 219
1869040 219
1869050 219
1869060 219
1869070 219
1869080 220
1869090 220
1869100 220
1869110 220
1869120 220
1869130 221
1869140 221
1869150 221
1869160 222
1869170 222
1869180 222
1869190 223
1869200 223
1869210 223
1869220 224
1869230 224
1869240 224
1869250 225
1869260 225
1869270 225
1869280 226
1869290 226
1869300 227
1869310 227
1869320 227
1869330 228
1869340 228
1869350 228
1869360 229
1869370 229
1869380 229
1869390 229
1869400 230
1869410 230
1869420 230
1869430 231
1869440 231
1869450 231
1869460 232
1869470 232
1869480 232
1869490 233
1869500 233
1869510 233
1869520 234
1869530 234
1869540 234
1869550 234
1869560 234
1869570 234
1869580 234
1869590 234
1869600 234
1869610 234
1869620 234
1869630 234
1869640 234
1869650 234
1869660 234
1869670 234
1869680 234
1869690 234
1869700 233
1869710 233
1869720 233
1869730 233
1869740 233
1869750 232
1869760 232
1869770 232
1869780 231
1869790 231
1869800 231
1869810 231
1869820 230
1869830 230
1869840 230
1869850 229
1869860 229
1869870 229
1869880 228
1869890 228
1869900 228
1869910 228
1869920 228
1869930 227
1869940 227
1869950 227
1869960 226
1869970 226
1869980 226
1869990 226
1870000 226
1870010 225
1870020 224
1870030 224
1870040 223
1870050 223
1870060 223
1870070 222
1870080 222
1870090 222
1870100 221
1870110 221
1870120 221
1870130 220
1870140 220
1870150 220
1870160 220
1870170 220
1870180 220
1870190 220
1870200 221
1870210 221
1870220 221
1870230 222
1870240 222
1870250 223
1870260 224
1870270 224
1870280 225
1870290 226
1870300 226
1870310 227
1870320 228
1870330 228
1870340 228
1870350 228
1870360 228
1870370 227
1870380 227
1870390 227
1870400 226
1870410 226
1870420 226
1870430 226
1870440 226
1870450 226
1870460 227
1870470 227
1870480 227
1870490 227
1870500 227
1870510 227
1870520 228
1870530 228
1870540 229
1870550 229
1870560 229
1870570 229
1870580 228
1870590 228
1870600 229
1870610 229
1870620 229
1870630 229
1870640 229
1870650 229
1870660 229
1870670 229
1870680 229
1870690 229
1870700 229
1870710 229
1870720 229
1870730 229
1870740 229
1870750 229
1870760 229
1870770 229
1870780 229
1870790 229
1870800 229
1870810 229
1870820 229
1870830 229
1870840 228
1870850 228
1870860 228
1870870 228
1870880 227
1870890 227
1870900 227
1870910 226
1870920 226
1870930 226
1870940 226
1870950 226
1870960 225
1870970 225
1870980 225
1870990 225
1871000 224
1871010 224
1871020 224
1871030 223
1871040 223
1871050 223
1871060 222
1871070 222
1871080 222
1871090 221
1871100 221
1871110 221
1871120 220
1871130 220
1871140 220
1871150 220
1871160 219
1871170 219
1871180 219
1871190 219
1871200 219
1871210 219
1871220 219
1871230 219
1871240 219
1871250 218
1871260 218
1871270 218
1871280 218
1871290 217
1871300 217
1871310 217
1871320 216
1871330 216
1871340 216
1871350 215
1871360 215
1871370 215
1871380 214
1871390 214
1871400 214
1871410 214
1871420 214
1871430 214
1871440 213
1871450 213
1871460 213
1871470 213
1871480 213
1871490 212
1871500 212
1871510 212
1871520 211
1871530 211
1871540 210
1871550 210
1871560 209
1871570 209
1871580 209
1871590 208
1871600 208
1871610 208
1871620 207
1871630 207
1871640 207
1871650 206
1871660 206
1871670 206
1871680 205
1871690 205
1871700 205
1871710 205
1871720 205
1871730 204
1871740 204
1871750 204
1871760 203
1871770 203
1871780 203
1871790 202
1871800 202
1871810 202
1871820 201
1871830 201
1871840 200
1871850 199
1871860 199
1871870 198
1871880 196
1871890 196
1871900 195
1871910 193
1871920 193
1871930 193
1871940 192
1871950 192
1871960 192
1871970 192
1871980 192
1871990 191
1872000 191
1872010 191
1872020 191
1872030 191
1872040 191
1872050 192
1872060 192
1872070 192
1872080 192
1872090 192
1872100 192
1872110 193
1872120 193
1872130 193
1872140 193
1872150 193
1872160 193
1872170 193
1872180 194
1872190 194
1872200 193
1872210 193
1872220 193
1872230 193
1872240 194
1872250 194
1872260 195
1872270 195
1872280 195
1872290 195
1872300 195
1872310 195
1872320 194
1872330 195
1872340 195
1872350 195
1872360 195
1872370 195
1872380 195
1872390 196
1872400 196
1872410 197
1872420 197
1872430 198
1872440 199
1872450 199
1872460 200
1872470 201
1872480 201
1872490 202
1872500 202
1872510 202
1872520 203
1872530 204
1872540 204
1872550 205
1872560 207
1872570 207
1872580 208
1872590 209
1872600 209
1872610 210
1872620 211
1872630 211
1872640 212
1872650 212
1872660 212
1872670 213
1872680 213
1872690 213
1872700 213
1872710 213
1872720 213
1872730 213
1872740 212
1872750 212
1872760 212
1872770 211
1872780 211
1872790 209
1872800 208
1872810 208
1872820 208
1872830 209
1872840 209
1872850 210
1872860 212
1872870 212
1872880 214
1872890 216
1872900 216
1872910 217
1872920 218
1872930 218
1872940 218
1872950 219
1872960 219
1872970 219
1872980 221
1872990 221
1873000 221
1873010 221
1873020 221
1873030 221
1873040 221
1873050 221
1873060 222
1873070 222
1873080 222
1873090 222
1873100 222
1873110 222
1873120 223
1873130 223
1873140 223
1873150 223
1873160 223
1873170 223
1873180 223
1873190 223
1873200 223
1873210 223
1873220 223
1873230 223
1873240 223
1873250 223
1873260 223
1873270 223
1873280 223
1873290 223
1873300 222
1873310 222
1873320 222
1873330 222
1873340 222
1873350 222
1873360 222
1873370 222
1873380 222
1873390 222
1873400 222
1873410 222
1873420 221
1873430 221
1873440 221
1873450 222
1873460 222
1873470 222
1873480 222
1873490 222
1873500 222
1873510 222
1873520 222
1873530 222
1873540 222
1873550 222
1873560 222
1873570 223
1873580 223
1873590 223
1873600 223
1873610 223
1873620 223
1873630 223
1873640 223
1873650 223
1873660 223
1873670 223
1873680 223
1873690 223
1873700 223
1873710 223
1873720 223
1873730 223
1873740 223
1873750 223
1873760 222
1873770 222
1873780 222
1873790 221
1873800 221
1873810 221
1873820 221
1873830 221
1873840 221
1873850 220
1873860 220
1873870 220
1873880 220
1873890 220
1873900 220
1873910 220
1873920 220
1873930 220
1873940 220
1873950 219
1873960 219
1873970 219
1873980 219
1873990 219
1874000 219
1874010 219
1874020 219
1874030 219
1874040 219
1874050 219
1874060 219
1874070 219
1874080 219
1874090 219
1874100 219
1874110 219
1874120 219
1874130 219
1874140 219
1874150 218
1874160 218
1874170 218
1874180 218
1874190 218
1874200 218
1874210 218
1874220 218
1874230 218
1874240 218
1874250 217
1874260 217
1874270 217
1874280 217
1874290 217
1874300 217
1874310 217
1874320 217
1874330 217
1874340 217
1874350 217
1874360 217
1874370 217
1874380 217
1874390 216
1874400 216
1874410 216
1874420 217
1874430 217
1874440 216
1874450 216
1874460 216
1874470 216
1874480 216
1874490 216
1874500 216
1874510 216
1874520 216
1874530 216
1874540 216
1874550 216
1874560 215
1874570 215
1874580 215
1874590 215
1874600 214
1874610 214
1874620 214
1874630 214
1874640 214
1874650 214
1874660 214
1874670 214
1874680 213
1874690 213
1874700 213
1874710 213
1874720 213
1874730 213
1874740 213
1874750 212
1874760 212
1874770 212
1874780 212
1874790 212
1874800 211
1874810 211
1874820 211
1874830 211
1874840 210
1874850 210
1874860 210
1874870 210
1874880 210
1874890 209
1874900 209
1874910 209
1874920 209
1874930 209
1874940 209
1874950 208
1874960 208
1874970 208
1874980 208
1874990 208
1875000 208
1875010 208
1875020 208
1875030 207
1875040 207
1875050 207
1875060 207
1875070 207
1875080 207
1875090 206
1875100 206
1875110 206
1875120 206
1875130 205
1875140 205
1875150 205
1875160 204
1875170 204
1875180 204
1875190 204
1875200 204
1875210 204
1875220 203
1875230 203
1875240 203
1875250 203
1875260 203
1875270 203
1875280 202
1875290 202
1875300 202
1875310 201
1875320 201
1875330 201
1875340 201
1875350 201
1875360 200
1875370 200
1875380 200
1875390 200
1875400 199
1875410 199
1875420 199
1875430 198
1875440 198
1875450 198
1875460 198
1875470 198
1875480 197
1875490 197
1875500 197
1875510 197
1875520 197
1875530 197
1875540 197
1875550 197
1875560 196
1875570 196
1875580 195
1875590 195
1875600 195
1875610 195
1875620 195
1875630 195
1875640 195
1875650 195
1875660 195
1875670 195
1875680 195
1875690 194
1875700 194
1875710 194
1875720 194
1875730 194
1875740 194
1875750 193
1875760 193
1875770 193
1875780 193
1875790 193
1875800 192
1875810 192
1875820 192
1875830 192
1875840 192
1875850 192
1875860 191
1875870 191
1875880 191
1875890 191
1875900 190
1875910 191
1875920 190
1875930 189
1875940 189
1875950 189
1875960 188
1875970 188
1875980 187
1875990 186
1876000 186
1876010 185
1876020 183
1876030 183
1876040 184
1876050 185
1876060 185
1876070 185
1876080 186
1876090 186
1876100 186
1876110 187
1876120 187
1876130 187
1876140 187
1876150 187
1876160 187
1876170 187
1876180 187
1876190 186
1876200 186
1876210 186
1876220 186
1876230 186
1876240 186
1876250 185
1876260 185
1876270 185
1876280 185
1876290 185
1876300 184
1876310 184
1876320 184
1876330 184
1876340 183
1876350 183
1876360 183
1876370 182
1876380 182
1876390 182
1876400 182
1876410 182
1876420 182
1876430 182
1876440 182
1876450 182
1876460 182
1876470 182
1876480 183
1876490 183
1876500 183
1876510 183
1876520 183
1876530 183
1876540 184
1876550 184
1876560 184
1876570 184
1876580 183
1876590 183
1876600 183
1876610 183
1876620 183
1876630 183
1876640 183
1876650 183
1876660 183
1876670 183
1876680 183
1876690 183
1876700 183
1876710 183
1876720 183
1876730 183
1876740 183
1876750 183
1876760 183
1876770 183
1876780 183
1876790 183
1876800 183
1876810 182
1876820 182
1876830 182
1876840 182
1876850 182
1876860 182
1876870 181
1876880 181
1876890 181
1876900 181
1876910 181
1876920 181
1876930 181
1876940 181
1876950 180
1876960 180
1876970 180
1876980 179
1876990 178
1877000 178
1877010 178
1877020 178
1877030 178
1877040 178
1877050 179
1877060 179
1877070 179
1877080 179
1877090 179
1877100 179
1877110 179
1877120 179
1877130 179
1877140 180
1877150 180
1877160 180
1877170 181
1877180 181
1877190 181
1877200 181
1877210 181
1877220 181
1877230 181
1877240 181
1877250 181
1877260 181
1877270 181
1877280 181
1877290 181
1877300 181
1877310 181
1877320 181
1877330 181
1877340 181
1877350 181
1877360 181
1877370 181
1877380 181
1877390 181
1877400 181
1877410 181
1877420 181
1877430 180
1877440 180
1877450 180
1877460 180
1877470 180
1877480 180
1877490 179
1877500 179
1877510 179
1877520 179
1877530 179
1877540 179
1877550 179
1877560 179
1877570 179
1877580 179
1877590 179
1877600 179
1877610 179
1877620 179
1877630 179
1877640 179
1877650 179
1877660 179
1877670 179
1877680 179
1877690 179
1877700 179
1877710 179
1877720 179
1877730 178
1877740 178
1877750 178
1877760 178
1877770 178
1877780 178
1877790 178
1877800 178
1877810 178
1877820 178
1877830 178
1877840 178
1877850 178
1877860 178
1877870 178
1877880 178
1877890 178
1877900 178
1877910 178
1877920 178
1877930 178
1877940 178
1877950 178
1877960 178
1877970 178
1877980 178
1877990 177
1878000 177
1878010 177
1878020 177
1878030 177
1878040 177
1878050 177
1878060 177
1878070 177
1878080 177
1878090 177
1878100 177
1878110 177
1878120 177
1878130 177
1878140 177
1878150 177
1878160 177
1878170 177
1878180 177
1878190 177
1878200 177
1878210 177
1878220 177
1878230 177
1878240 177
1878250 177
1878260 177
1878270 177
1878280 177
1878290 177
1878300 177
1878310 177
1878320 177
1878330 177
1878340 176
1878350 176
1878360 176
1878370 176
1878380 176
1878390 176
1878400 176
1878410 176
1878420 176
1878430 175
1878440 175
1878450 175
1878460 175
1878470 175
1878480 175
1878490 175
1878500 175
1878510 175
1878520 175
1878530 174
1878540 174
1878550 174
1878560 174
1878570 174
1878580 173
1878590 173
1878600 173
1878610 173
1878620 173
1878630 173
1878640 173
1878650 173
1878660 173
1878670 172
1878680 172
1878690 172
1878700 172
1878710 172
1878720 172
1878730 172
1878740 172
1878750 172
1878760 171
1878770 171
1878780 171
1878790 171
1878800 171
1878810 171
1878820 171
1878830 171
1878840 171
1878850 170
1878860 170
1878870 170
1878880 170
1878890 170
1878900 170
1878910 170
1878920 170
1878930 170
1878940 170
1878950 170
1878960 170
1878970 170
1878980 170
1878990 170
1879000 170
1879010 170
1879020 169
1879030 169
1879040 169
1879050 169
1879060 169
1879070 169
1879080 169
1879090 169
1879100 169
1879110 169
1879120 169
1879130 169
1879140 169
1879150 169
1879160 169
1879170 168
1879180 168
1879190 168
1879200 168
1879210 168
1879220 168
1879230 168
1879240 168
1879250 168
1879260 167
1879270 167
1879280 167
1879290 167
1879300 167
1879310 167
1879320 167
1879330 167
1879340 167
1879350 167
1879360 167
1879370 166
1879380 166
1879390 166
1879400 166
1879410 166
1879420 166
1879430 166
1879440 166
1879450 166
1879460 166
1879470 165
1879480 165
1879490 165
1879500 165
1879510 165
1879520 165
1879530 165
1879540 165
1879550 165
1879560 165
1879570 165
1879580 165
1879590 164
1879600 164
1879610 164
1879620 164
1879630 164
1879640 164
1879650 164
1879660 164
1879670 163
1879680 163
1879690 163
1879700 163
1879710 163
1879720 163
1879730 163
1879740 163
1879750 163
1879760 163
1879770 164
1879780 164
1879790 164
1879800 164
1879810 164
1879820 164
1879830 164
1879840 164
1879850 164
1879860 164
1879870 164
1879880 164
1879890 164
1879900 164
1879910 163
1879920 163
1879930 163
1879940 163
1879950 163
1879960 163
1879970 163
1879980 163
1879990 163
