1860000 182
1860010 182
1860020 182
1860030 182
1860040 182
1860050 183
1860060 183
1860070 183
1860080 183
1860090 183
1860100 183
1860110 184
1860120 184
1860130 184
1860140 185
1860150 185
1860160 185
1860170 186
1860180 186
1860190 186
1860200 186
1860210 186
1860220 186
1860230 187
1860240 187
1860250 187
1860260 187
1860270 188
1860280 188
1860290 188
1860300 188
1860310 188
1860320 188
1860330 188
1860340 188
1860350 189
1860360 189
1860370 189
1860380 189
1860390 189
1860400 189
1860410 190
1860420 190
1860430 190
1860440 189
1860450 189
1860460 189
1860470 187
1860480 188
1860490 188
1860500 188
1860510 188
1860520 188
1860530 187
1860540 187
1860550 187
1860560 189
1860570 189
1860580 189
1860590 189
1860600 190
1860610 190
1860620 191
1860630 191
1860640 191
1860650 191
1860660 191
1860670 190
1860680 188
1860690 188
1860700 187
1860710 187
1860720 187
1860730 189
1860740 193
1860750 193
1860760 193
1860770 193
1860780 193
1860790 193
1860800 193
1860810 193
1860820 194
1860830 194
1860840 194
1860850 194
1860860 194
1860870 194
1860880 194
1860890 194
1860900 194
1860910 193
1860920 193
1860930 193
1860940 193
1860950 192
1860960 192
1860970 192
1860980 191
1860990 191
1861000 190
1861010 189
1861020 189
1861030 189
1861040 189
1861050 189
1861060 189
1861070 190
1861080 190
1861090 190
1861100 190
1861110 190
1861120 190
1861130 190
1861140 190
1861150 190
1861160 190
1861170 190
1861180 190
1861190 191
1861200 191
1861210 191
1861220 191
1861230 191
1861240 191
1861250 191
1861260 191
1861270 191
1861280 191
1861290 191
1861300 191
1861310 191
1861320 191
1861330 191
1861340 191
1861350 191
1861360 190
1861370 190
1861380 190
1861390 190
1861400 190
1861410 190
1861420 190
1861430 190
1861440 190
1861450 190
1861460 190
1861470 190
1861480 190
1861490 190
1861500 190
1861510 190
1861520 190
1861530 190
1861540 190
1861550 190
1861560 190
1861570 190
1861580 190
1861590 190
1861600 190
1861610 190
1861620 190
1861630 190
1861640 190
1861650 190
1861660 190
1861670 190
1861680 190
1861690 190
1861700 190
1861710 190
1861720 190
1861730 190
1861740 190
1861750 190
1861760 190
1861770 190
1861780 190
1861790 190
1861800 190
1861810 190
1861820 190
1861830 190
1861840 190
1861850 190
1861860 190
1861870 190
1861880 190
1861890 190
1861900 190
1861910 190
1861920 190
1861930 190
1861940 191
1861950 190
1861960 190
1861970 190
1861980 190
1861990 190
1862000 190
1862010 190
1862020 190
1862030 189
1862040 189
1862050 189
1862060 189
1862070 188
1862080 188
1862090 188
1862100 187
1862110 187
1862120 188
1862130 188
1862140 188
1862150 188
1862160 189
1862170 189
1862180 189
1862190 189
1862200 189
1862210 189
1862220 189
1862230 189
1862240 189
1862250 189
1862260 189
1862270 190
1862280 189
1862290 189
1862300 190
1862310 189
1862320 189
1862330 189
1862340 189
1862350 189
1862360 189
1862370 189
1862380 189
1862390 189
1862400 189
1862410 189
1862420 189
1862430 189
1862440 189
1862450 189
1862460 189
1862470 189
1862480 189
1862490 189
1862500 189
1862510 189
1862520 189
1862530 188
1862540 188
1862550 188
1862560 188
1862570 188
1862580 188
1862590 188
1862600 188
1862610 188
1862620 188
1862630 188
1862640 188
1862650 188
1862660 188
1862670 188
1862680 188
1862690 188
1862700 188
1862710 188
1862720 187
1862730 187
1862740 187
1862750 186
1862760 186
1862770 186
1862780 188
1862790 188
1862800 188
1862810 188
1862820 188
1862830 189
1862840 189
1862850 189
1862860 189
1862870 189
1862880 189
1862890 189
1862900 189
1862910 189
1862920 189
1862930 189
1862940 189
1862950 190
1862960 190
1862970 190
1862980 189
1862990 189
1863000 189
1863010 189
1863020 189
1863030 189
1863040 189
1863050 189
1863060 189
1863070 188
1863080 188
1863090 188
1863100 187
1863110 187
1863120 187
1863130 186
1863140 186
1863150 185
1863160 185
1863170 185
1863180 184
1863190 184
1863200 184
1863210 184
1863220 184
1863230 184
1863240 185
1863250 187
1863260 187
1863270 188
1863280 189
1863290 189
1863300 192
1863310 193
1863320 193
1863330 194
1863340 195
1863350 195
1863360 195
1863370 196
1863380 196
1863390 196
1863400 197
1863410 197
1863420 197
1863430 197
1863440 197
1863450 198
1863460 198
1863470 198
1863480 198
1863490 198
1863500 198
1863510 198
1863520 199
1863530 199
1863540 199
1863550 199
1863560 199
1863570 199
1863580 199
1863590 199
1863600 199
1863610 199
1863620 199
1863630 199
1863640 201
1863650 201
1863660 201
1863670 201
1863680 201
1863690 201
1863700 201
1863710 201
1863720 201
1863730 201
1863740 201
1863750 201
1863760 201
1863770 201
1863780 201
1863790 201
1863800 201
1863810 201
1863820 201
1863830 202
1863840 202
1863850 202
1863860 202
1863870 203
1863880 203
1863890 203
1863900 203
1863910 203
1863920 203
1863930 204
1863940 204
1863950 204
1863960 204
1863970 204
1863980 204
1863990 205
1864000 205
1864010 205
1864020 205
1864030 205
1864040 206
1864050 206
1864060 206
1864070 206
1864080 206
1864090 206
1864100 206
1864110 206
1864120 206
1864130 207
1864140 207
1864150 207
1864160 207
1864170 207
1864180 207
1864190 207
1864200 207
1864210 207
1864220 207
1864230 208
1864240 208
1864250 208
1864260 208
1864270 208
1864280 208
1864290 208
1864300 209
1864310 209
1864320 209
1864330 209
1864340 210
1864350 210
1864360 210
1864370 210
1864380 210
1864390 211
1864400 211
1864410 211
1864420 211
1864430 211
1864440 211
1864450 212
1864460 212
1864470 212
1864480 212
1864490 212
1864500 212
1864510 212
1864520 212
1864530 212
1864540 212
1864550 212
1864560 212
1864570 212
1864580 213
1864590 213
1864600 213
1864610 213
1864620 213
1864630 213
1864640 213
1864650 213
1864660 213
1864670 213
1864680 213
1864690 213
1864700 213
1864710 213
1864720 213
1864730 213
1864740 213
1864750 213
1864760 214
1864770 214
1864780 214
1864790 214
1864800 214
1864810 214
1864820 214
1864830 214
1864840 214
1864850 214
1864860 214
1864870 214
1864880 214
1864890 214
1864900 214
1864910 214
1864920 214
1864930 213
1864940 213
1864950 214
1864960 214
1864970 214
1864980 214
1864990 214
1865000 214
1865010 214
1865020 213
1865030 213
1865040 213
1865050 213
1865060 213
1865070 213
1865080 213
1865090 213
1865100 213
1865110 212
1865120 212
1865130 212
1865140 212
1865150 212
1865160 212
1865170 212
1865180 212
1865190 212
1865200 212
1865210 212
1865220 211
1865230 211
1865240 211
1865250 211
1865260 210
1865270 210
1865280 210
1865290 210
1865300 210
1865310 209
1865320 209
1865330 209
1865340 209
1865350 208
1865360 208
1865370 207
1865380 207
1865390 207
1865400 207
1865410 206
1865420 206
1865430 206
1865440 205
1865450 205
1865460 205
1865470 204
1865480 204
1865490 204
1865500 204
1865510 204
1865520 203
1865530 203
1865540 203
1865550 203
1865560 203
1865570 203
1865580 203
1865590 203
1865600 202
1865610 202
1865620 202
1865630 202
1865640 202
1865650 202
1865660 201
1865670 201
1865680 201
1865690 201
1865700 200
1865710 200
1865720 199
1865730 198
1865740 198
1865750 197
1865760 196
1865770 196
1865780 196
1865790 195
1865800 195
1865810 195
1865820 195
1865830 195
1865840 194
1865850 194
1865860 194
1865870 193
1865880 193
1865890 193
1865900 193
1865910 193
1865920 193
1865930 192
1865940 192
1865950 192
1865960 192
1865970 192
1865980 192
1865990 192
1866000 193
1866010 193
1866020 193
1866030 193
1866040 193
1866050 193
1866060 193
1866070 193
1866080 193
1866090 193
1866100 193
1866110 194
1866120 194
1866130 194
1866140 195
1866150 195
1866160 195
1866170 196
1866180 196
1866190 197
1866200 198
1866210 198
1866220 200
1866230 201
1866240 201
1866250 203
1866260 204
1866270 204
1866280 205
1866290 206
1866300 206
1866310 207
1866320 207
1866330 207
1866340 208
1866350 208
1866360 208
1866370 209
1866380 209
1866390 211
1866400 211
1866410 212
1866420 212
1866430 213
1866440 214
1866450 214
1866460 214
1866470 215
1866480 215
1866490 216
1866500 217
1866510 217
1866520 219
1866530 220
1866540 220
1866550 221
1866560 221
1866570 221
1866580 222
1866590 222
1866600 222
1866610 222
1866620 222
1866630 222
1866640 222
1866650 222
1866660 222
1866670 222
1866680 222
1866690 222
1866700 222
1866710 221
1866720 221
1866730 221
1866740 221
1866750 221
1866760 221
1866770 221
1866780 221
1866790 221
1866800 221
1866810 221
1866820 220
1866830 220
1866840 220
1866850 219
1866860 219
1866870 219
1866880 219
1866890 219
1866900 219
1866910 218
1866920 218
1866930 218
1866940 218
1866950 218
1866960 219
1866970 219
1866980 219
1866990 219
1867000 220
1867010 220
1867020 220
1867030 221
1867040 221
1867050 222
1867060 223
1867070 223
1867080 224
1867090 225
1867100 225
1867110 225
1867120 225
1867130 225
1867140 226
1867150 226
1867160 226
1867170 226
1867180 225
1867190 225
1867200 225
1867210 225
1867220 225
1867230 225
1867240 225
1867250 225
1867260 225
1867270 225
1867280 225
1867290 225
1867300 225
1867310 225
1867320 225
1867330 225
1867340 225
1867350 225
1867360 225
1867370 225
1867380 226
1867390 226
1867400 226
1867410 226
1867420 227
1867430 227
1867440 228
1867450 228
1867460 228
1867470 229
1867480 229
1867490 229
1867500 230
1867510 230
1867520 230
1867530 231
1867540 231
1867550 231
1867560 231
1867570 231
1867580 232
1867590 232
1867600 232
1867610 232
1867620 232
1867630 232
1867640 232
1867650 232
1867660 232
1867670 232
1867680 232
1867690 232
1867700 232
1867710 231
1867720 231
1867730 231
1867740 231
1867750 231
1867760 230
1867770 230
1867780 230
1867790 229
1867800 229
1867810 229
1867820 228
1867830 228
1867840 228
1867850 227
1867860 226
1867870 226
1867880 225
1867890 225
1867900 225
1867910 224
1867920 223
1867930 223
1867940 222
1867950 222
1867960 222
1867970 221
1867980 221
1867990 221
1868000 221
1868010 221
1868020 221
1868030 221
1868040 221
1868050 221
1868060 221
1868070 221
1868080 220
1868090 220
1868100 220
1868110 220
1868120 220
1868130 220
1868140 220
1868150 219
1868160 219
1868170 219
1868180 219
1868190 219
1868200 219
1868210 218
1868220 218
1868230 217
1868240 216
1868250 216
1868260 215
1868270 213
1868280 213
1868290 211
1868300 210
1868310 210
1868320 208
1868330 207
1868340 207
1868350 205
1868360 204
1868370 204
1868380 203
1868390 202
1868400 202
1868410 202
1868420 202
1868430 202
1868440 201
1868450 201
1868460 201
1868470 201
1868480 201
1868490 201
1868500 201
1868510 202
1868520 202
1868530 202
1868540 202
1868550 202
1868560 202
1868570 202
1868580 203
1868590 203
1868600 203
1868610 203
1868620 204
1868630 204
1868640 204
1868650 204
1868660 204
1868670 205
1868680 205
1868690 205
1868700 205
1868710 206
1868720 206
1868730 206
1868740 207
1868750 207
1868760 207
1868770 208
1868780 209
1868790 209
1868800 210
1868810 210
1868820 211
1868830 211
1868840 211
1868850 212
1868860 213
1868870 213
1868880 214
1868890 215
1868900 215
1868910 216
1868920 217
1868930 217
1868940 218
1868950 219
1868960 219
1868970 220
1868980 221
1868990 221
1869000 222
1869010 222
1869020 222
1869030 223
1869040 223
1869050 223
1869060 223
1869070 222
1869080 222
1869090 223
1869100 224
1869110 224
1869120 226
1869130 228
1869140 228
1869150 230
1869160 230
1869170 232
1869180 233
1869190 233
1869200 234
1869210 235
1869220 235
1869230 234
1869240 232
1869250 232
1869260 231
1869270 229
1869280 229
1869290 228
1869300 227
1869310 227
1869320 227
1869330 228
1869340 228
1869350 229
1869360 229
1869370 229
1869380 230
1869390 232
1869400 232
1869410 233
1869420 234
1869430 234
1869440 236
1869450 238
1869460 238
1869470 240
1869480 242
1869490 242
1869500 245
1869510 247
1869520 247
1869530 248
1869540 248
1869550 248
1869560 249
1869570 250
1869580 250
1869590 250
1869600 250
1869610 250
1869620 250
1869630 251
1869640 251
1869650 253
1869660 254
1869670 254
1869680 254
1869690 255
1869700 255
1869710 256
1869720 257
1869730 257
1869740 257
1869750 257
1869760 257
1869770 258
1869780 258
1869790 258
1869800 260
1869810 260
1869820 260
1869830 259
1869840 259
1869850 259
1869860 259
1869870 259
1869880 257
1869890 258
1869900 258
1869910 257
1869920 257
1869930 257
1869940 257
1869950 257
1869960 257
1869970 257
1869980 257
1869990 257
1870000 256
1870010 255
1870020 255
1870030 254
1870040 254
1870050 254
1870060 253
1870070 252
1870080 252
1870090 251
1870100 251
1870110 251
1870120 250
1870130 249
1870140 249
1870150 249
1870160 248
1870170 248
1870180 248
1870190 248
1870200 248
1870210 249
1870220 248
1870230 248
1870240 247
1870250 247
1870260 247
1870270 247
1870280 247
1870290 247
1870300 247
1870310 248
1870320 248
1870330 248
1870340 248
1870350 248
1870360 248
1870370 248
1870380 248
1870390 248
1870400 248
1870410 248
1870420 249
1870430 249
1870440 249
1870450 250
1870460 250
1870470 250
1870480 252
1870490 252
1870500 253
1870510 253
1870520 253
1870530 254
1870540 254
1870550 254
1870560 255
1870570 256
1870580 256
1870590 258
1870600 259
1870610 259
1870620 259
1870630 259
1870640 259
1870650 259
1870660 260
1870670 260
1870680 261
1870690 261
1870700 261
1870710 262
1870720 262
1870730 262
1870740 262
1870750 263
1870760 263
1870770 263
1870780 263
1870790 263
1870800 263
1870810 263
1870820 263
1870830 263
1870840 263
1870850 263
1870860 263
1870870 263
1870880 263
1870890 263
1870900 263
1870910 263
1870920 263
1870930 263
1870940 263
1870950 263
1870960 263
1870970 263
1870980 263
1870990 263
1871000 263
1871010 263
1871020 263
1871030 263
1871040 262
1871050 262
1871060 262
1871070 262
1871080 262
1871090 262
1871100 262
1871110 262
1871120 261
1871130 261
1871140 261
1871150 261
1871160 260
1871170 260
1871180 260
1871190 260
1871200 260
1871210 259
1871220 259
1871230 259
1871240 259
1871250 258
1871260 258
1871270 258
1871280 258
1871290 258
1871300 257
1871310 257
1871320 257
1871330 257
1871340 257
1871350 257
1871360 257
1871370 256
1871380 256
1871390 256
1871400 255
1871410 255
1871420 255
1871430 254
1871440 254
1871450 253
1871460 253
1871470 253
1871480 253
1871490 252
1871500 252
1871510 251
1871520 251
1871530 251
1871540 250
1871550 250
1871560 250
1871570 249
1871580 249
1871590 249
1871600 248
1871610 248
1871620 248
1871630 248
1871640 248
1871650 247
1871660 246
1871670 246
1871680 246
1871690 245
1871700 245
1871710 244
1871720 244
1871730 244
1871740 243
1871750 243
1871760 243
1871770 242
1871780 242
1871790 242
1871800 242
1871810 241
1871820 241
1871830 241
1871840 240
1871850 240
1871860 240
1871870 239
1871880 239
1871890 239
1871900 238
1871910 238
1871920 238
1871930 237
1871940 237
1871950 236
1871960 236
1871970 236
1871980 235
1871990 235
1872000 235
1872010 234
1872020 234
1872030 234
1872040 233
1872050 233
1872060 233
1872070 233
1872080 232
1872090 232
1872100 232
1872110 231
1872120 231
1872130 231
1872140 230
1872150 230
1872160 230
1872170 229
1872180 229
1872190 229
1872200 229
1872210 229
1872220 228
1872230 228
1872240 228
1872250 228
1872260 228
1872270 227
1872280 227
1872290 227
1872300 227
1872310 227
1872320 227
1872330 226
1872340 226
1872350 226
1872360 226
1872370 225
1872380 225
1872390 225
1872400 225
1872410 225
1872420 225
1872430 225
1872440 225
1872450 224
1872460 224
1872470 224
1872480 224
1872490 224
1872500 224
1872510 224
1872520 224
1872530 224
1872540 224
1872550 223
1872560 223
1872570 223
1872580 223
1872590 223
1872600 223
1872610 222
1872620 222
1872630 222
1872640 222
1872650 222
1872660 222
1872670 222
1872680 222
1872690 222
1872700 221
1872710 221
1872720 221
1872730 221
1872740 221
1872750 221
1872760 221
1872770 221
1872780 221
1872790 221
1872800 220
1872810 220
1872820 220
1872830 220
1872840 220
1872850 220
1872860 219
1872870 219
1872880 219
1872890 219
1872900 219
1872910 219
1872920 218
1872930 218
1872940 218
1872950 218
1872960 218
1872970 218
1872980 217
1872990 217
1873000 217
1873010 217
1873020 217
1873030 217
1873040 217
1873050 217
1873060 217
1873070 217
1873080 217
1873090 217
1873100 216
1873110 216
1873120 216
1873130 216
1873140 216
1873150 216
1873160 215
1873170 215
1873180 215
1873190 215
1873200 214
1873210 214
1873220 214
1873230 214
1873240 214
1873250 214
1873260 213
1873270 213
1873280 213
1873290 213
1873300 213
1873310 213
1873320 212
1873330 212
1873340 212
1873350 212
1873360 212
1873370 212
1873380 211
1873390 211
1873400 211
1873410 211
1873420 211
1873430 211
1873440 211
1873450 210
1873460 210
1873470 210
1873480 210
1873490 210
1873500 210
1873510 209
1873520 209
1873530 209
1873540 209
1873550 209
1873560 209
1873570 208
1873580 208
1873590 208
1873600 208
1873610 208
1873620 208
1873630 208
1873640 207
1873650 207
1873660 207
1873670 207
1873680 207
1873690 207
1873700 207
1873710 207
1873720 207
1873730 206
1873740 206
1873750 206
1873760 206
1873770 206
1873780 206
1873790 206
1873800 206
1873810 205
1873820 205
1873830 205
1873840 205
1873850 205
1873860 205
1873870 204
1873880 204
1873890 204
1873900 204
1873910 204
1873920 204
1873930 203
1873940 203
1873950 203
1873960 203
1873970 203
1873980 203
1873990 203
1874000 203
1874010 203
1874020 203
1874030 203
1874040 202
1874050 202
1874060 202
1874070 202
1874080 202
1874090 202
1874100 202
1874110 202
1874120 202
1874130 201
1874140 201
1874150 201
1874160 201
1874170 201
1874180 201
1874190 201
1874200 201
1874210 201
1874220 201
1874230 200
1874240 200
1874250 200
1874260 200
1874270 200
1874280 200
1874290 200
1874300 200
1874310 200
1874320 199
1874330 199
1874340 199
1874350 199
1874360 199
1874370 199
1874380 199
1874390 199
1874400 198
1874410 198
1874420 198
1874430 198
1874440 198
1874450 198
1874460 198
1874470 198
1874480 198
1874490 198
1874500 197
1874510 197
1874520 197
1874530 197
1874540 197
1874550 197
1874560 197
1874570 197
1874580 197
1874590 196
1874600 196
1874610 196
1874620 196
1874630 196
1874640 196
1874650 196
1874660 195
1874670 195
1874680 195
1874690 195
1874700 195
1874710 195
1874720 194
1874730 194
1874740 194
1874750 194
1874760 194
1874770 194
1874780 194
1874790 193
1874800 193
1874810 193
1874820 193
1874830 193
1874840 193
1874850 192
1874860 192
1874870 192
1874880 192
1874890 192
1874900 192
1874910 191
1874920 191
1874930 191
1874940 190
1874950 190
1874960 190
1874970 190
1874980 190
1874990 189
1875000 189
1875010 189
1875020 189
1875030 189
1875040 189
1875050 189
1875060 189
1875070 189
1875080 189
1875090 189
1875100 189
1875110 189
1875120 189
1875130 189
1875140 189
1875150 189
1875160 189
1875170 188
1875180 188
1875190 188
1875200 188
1875210 188
1875220 188
1875230 188
1875240 188
1875250 188
1875260 188
1875270 188
1875280 187
1875290 187
1875300 187
1875310 187
1875320 186
1875330 186
1875340 186
1875350 185
1875360 185
1875370 185
1875380 185
1875390 185
1875400 184
1875410 184
1875420 184
1875430 184
1875440 184
1875450 184
1875460 184
1875470 184
1875480 184
1875490 183
1875500 183
1875510 183
1875520 183
1875530 182
1875540 182
1875550 182
1875560 182
1875570 182
1875580 181
1875590 181
1875600 181
1875610 181
1875620 181
1875630 181
1875640 180
1875650 180
1875660 180
1875670 180
1875680 179
1875690 179
1875700 179
1875710 179
1875720 179
1875730 179
1875740 179
1875750 179
1875760 179
1875770 179
1875780 179
1875790 179
1875800 179
1875810 179
1875820 178
1875830 178
1875840 178
1875850 178
1875860 178
1875870 178
1875880 177
1875890 177
1875900 177
1875910 177
1875920 177
1875930 177
1875940 176
1875950 176
1875960 176
1875970 176
1875980 176
1875990 176
1876000 175
1876010 175
1876020 175
1876030 175
1876040 175
1876050 175
1876060 174
1876070 174
1876080 174
1876090 174
1876100 174
1876110 174
1876120 174
1876130 174
1876140 173
1876150 173
1876160 173
1876170 173
1876180 173
1876190 173
1876200 173
1876210 173
1876220 173
1876230 173
1876240 173
1876250 173
1876260 172
1876270 172
1876280 172
1876290 172
1876300 172
1876310 172
1876320 172
1876330 172
1876340 172
1876350 172
1876360 172
1876370 172
1876380 172
1876390 172
1876400 172
1876410 172
1876420 172
1876430 172
1876440 171
1876450 171
1876460 171
1876470 171
1876480 171
1876490 171
1876500 171
1876510 171
1876520 171
1876530 171
1876540 171
1876550 171
1876560 171
1876570 171
1876580 171
1876590 171
1876600 171
1876610 171
1876620 170
1876630 170
1876640 170
1876650 170
1876660 170
1876670 170
1876680 170
1876690 170
1876700 170
1876710 170
1876720 170
1876730 170
1876740 170
1876750 170
1876760 170
1876770 170
1876780 170
1876790 169
1876800 169
1876810 169
1876820 169
1876830 169
1876840 169
1876850 169
1876860 169
1876870 169
1876880 169
1876890 168
1876900 168
1876910 168
1876920 168
1876930 168
1876940 169
1876950 169
1876960 169
1876970 169
1876980 169
1876990 169
1877000 169
1877010 169
1877020 169
1877030 169
1877040 169
1877050 169
1877060 169
1877070 169
1877080 168
1877090 168
1877100 168
1877110 168
1877120 168
1877130 168
1877140 168
1877150 168
1877160 168
1877170 168
1877180 168
1877190 168
1877200 168
1877210 168
1877220 168
1877230 168
1877240 168
1877250 168
1877260 168
1877270 168
1877280 168
1877290 168
1877300 168
1877310 168
1877320 168
1877330 168
1877340 168
1877350 168
1877360 168
1877370 168
1877380 168
1877390 168
1877400 168
1877410 167
1877420 167
1877430 167
1877440 167
1877450 167
1877460 167
1877470 167
1877480 166
1877490 166
1877500 166
1877510 166
1877520 166
1877530 165
1877540 165
1877550 165
1877560 165
1877570 164
1877580 164
1877590 164
1877600 164
1877610 164
1877620 164
1877630 164
1877640 164
1877650 164
1877660 164
1877670 164
1877680 163
1877690 163
1877700 163
1877710 163
1877720 163
1877730 163
1877740 163
1877750 163
1877760 163
1877770 163
1877780 163
1877790 163
1877800 163
1877810 163
1877820 163
1877830 163
1877840 163
1877850 163
1877860 163
1877870 163
1877880 163
1877890 163
1877900 163
1877910 163
1877920 163
1877930 163
1877940 163
1877950 163
1877960 163
1877970 163
1877980 163
1877990 163
1878000 163
1878010 163
1878020 163
1878030 163
1878040 163
1878050 163
1878060 163
1878070 163
1878080 163
1878090 163
1878100 163
1878110 163
1878120 163
1878130 163
1878140 163
1878150 163
1878160 163
1878170 163
1878180 162
1878190 162
1878200 162
1878210 162
1878220 162
1878230 162
1878240 162
1878250 162
1878260 162
1878270 162
1878280 162
1878290 162
1878300 163
1878310 163
1878320 163
1878330 163
1878340 163
1878350 163
1878360 163
1878370 163
1878380 163
1878390 163
1878400 163
1878410 163
1878420 163
1878430 163
1878440 163
1878450 163
1878460 163
1878470 163
1878480 163
1878490 163
1878500 162
1878510 163
1878520 163
1878530 163
1878540 163
1878550 163
1878560 163
1878570 163
1878580 163
1878590 162
1878600 162
1878610 162
1878620 162
1878630 162
1878640 162
1878650 162
1878660 162
1878670 162
1878680 162
1878690 162
1878700 162
1878710 162
1878720 162
1878730 162
1878740 162
1878750 162
1878760 162
1878770 162
1878780 162
1878790 162
1878800 161
1878810 161
1878820 161
1878830 161
1878840 161
1878850 161
1878860 161
1878870 161
1878880 161
1878890 161
1878900 161
1878910 161
1878920 161
1878930 161
1878940 160
1878950 160
1878960 160
1878970 160
1878980 161
1878990 161
1879000 161
1879010 161
1879020 161
1879030 161
1879040 161
1879050 161
1879060 161
1879070 161
1879080 161
1879090 161
1879100 162
1879110 162
1879120 161
1879130 161
1879140 161
1879150 162
1879160 162
1879170 162
1879180 162
1879190 162
1879200 162
1879210 162
1879220 162
1879230 162
1879240 161
1879250 161
1879260 161
1879270 161
1879280 161
1879290 161
1879300 161
1879310 161
1879320 161
1879330 162
1879340 162
1879350 162
1879360 162
1879370 162
1879380 162
1879390 162
1879400 162
1879410 162
1879420 162
1879430 162
1879440 162
1879450 162
1879460 162
1879470 161
1879480 161
1879490 161
1879500 161
1879510 161
1879520 161
1879530 161
1879540 161
1879550 161
1879560 161
1879570 161
1879580 161
1879590 161
1879600 161
1879610 161
1879620 161
1879630 161
1879640 161
1879650 161
1879660 161
1879670 161
1879680 161
1879690 161
1879700 161
1879710 161
1879720 161
1879730 161
1879740 161
1879750 161
1879760 161
1879770 161
1879780 161
1879790 161
1879800 161
1879810 160
1879820 160
1879830 160
1879840 160
1879850 160
1879860 160
1879870 160
1879880 160
1879890 160
1879900 161
1879910 161
1879920 161
1879930 161
1879940 161
1879950 161
1879960 161
1879970 161
1879980 161
1879990 161
1860000 182
1860010 182
1860020 182
1860030 182
1860040 182
1860050 183
1860060 183
1860070 183
1860080 183
1860090 183
1860100 183
1860110 184
1860120 184
1860130 184
1860140 185
1860150 185
1860160 185
1860170 186
1860180 186
1860190 186
1860200 186
1860210 186
1860220 186
1860230 187
1860240 187
1860250 187
1860260 187
1860270 188
1860280 188
1860290 188
1860300 188
1860310 188
1860320 188
1860330 188
1860340 188
1860350 189
1860360 189
1860370 189
1860380 189
1860390 189
1860400 189
1860410 190
1860420 190
1860430 190
1860440 189
1860450 189
1860460 189
1860470 187
1860480 188
1860490 188
1860500 188
1860510 188
1860520 188
1860530 187
1860540 187
1860550 187
1860560 189
1860570 189
1860580 189
1860590 189
1860600 190
1860610 190
1860620 191
1860630 191
1860640 191
1860650 191
1860660 191
1860670 190
1860680 188
1860690 188
1860700 187
1860710 187
1860720 187
1860730 189
1860740 193
1860750 193
1860760 193
1860770 193
1860780 193
1860790 193
1860800 193
1860810 193
1860820 194
1860830 194
1860840 194
1860850 194
1860860 194
1860870 194
1860880 194
1860890 194
1860900 194
1860910 193
1860920 193
1860930 193
1860940 193
1860950 192
1860960 192
1860970 192
1860980 191
1860990 191
1861000 190
1861010 189
1861020 189
1861030 189
1861040 189
1861050 189
1861060 189
1861070 190
1861080 190
1861090 190
1861100 190
1861110 190
1861120 190
1861130 190
1861140 190
1861150 190
1861160 190
1861170 190
1861180 190
1861190 191
1861200 191
1861210 191
1861220 191
1861230 191
1861240 191
1861250 191
1861260 191
1861270 191
1861280 191
1861290 191
1861300 191
1861310 191
1861320 191
1861330 191
1861340 191
1861350 191
1861360 190
1861370 190
1861380 190
1861390 190
1861400 190
1861410 190
1861420 190
1861430 190
1861440 190
1861450 190
1861460 190
1861470 190
1861480 190
1861490 190
1861500 190
1861510 190
1861520 190
1861530 190
1861540 190
1861550 190
1861560 190
1861570 190
1861580 190
1861590 190
1861600 190
1861610 190
1861620 190
1861630 190
1861640 190
1861650 190
1861660 190
1861670 190
1861680 190
1861690 190
1861700 190
1861710 190
1861720 190
1861730 190
1861740 190
1861750 190
1861760 190
1861770 190
1861780 190
1861790 190
1861800 190
1861810 190
1861820 190
1861830 190
1861840 190
1861850 190
1861860 190
1861870 190
1861880 190
1861890 190
1861900 190
1861910 190
1861920 190
1861930 190
1861940 191
1861950 190
1861960 190
1861970 190
1861980 190
1861990 190
1862000 190
1862010 190
1862020 190
1862030 189
1862040 189
1862050 189
1862060 189
1862070 188
1862080 188
1862090 188
1862100 187
1862110 187
1862120 188
1862130 188
1862140 188
1862150 188
1862160 189
1862170 189
1862180 189
1862190 189
1862200 189
1862210 189
1862220 189
1862230 189
1862240 189
1862250 189
1862260 189
1862270 190
1862280 189
1862290 189
1862300 190
1862310 189
1862320 189
1862330 189
1862340 189
1862350 189
1862360 189
1862370 189
1862380 189
1862390 189
1862400 189
1862410 189
1862420 189
1862430 189
1862440 189
1862450 189
1862460 189
1862470 189
1862480 189
1862490 189
1862500 189
1862510 189
1862520 189
1862530 188
1862540 188
1862550 188
1862560 188
1862570 188
1862580 188
1862590 188
1862600 188
1862610 188
1862620 188
1862630 188
1862640 188
1862650 188
1862660 188
1862670 188
1862680 188
1862690 188
1862700 188
1862710 188
1862720 187
1862730 187
1862740 187
1862750 186
1862760 186
1862770 186
1862780 188
1862790 188
1862800 188
1862810 188
1862820 188
1862830 189
1862840 189
1862850 189
1862860 189
1862870 189
1862880 189
1862890 189
1862900 189
1862910 189
1862920 189
1862930 189
1862940 189
1862950 190
1862960 190
1862970 190
1862980 189
1862990 189
1863000 189
1863010 189
1863020 189
1863030 189
1863040 189
1863050 189
1863060 189
1863070 188
1863080 188
1863090 188
1863100 187
1863110 187
1863120 187
1863130 186
1863140 186
1863150 185
1863160 185
1863170 185
1863180 184
1863190 184
1863200 184
1863210 184
1863220 184
1863230 184
1863240 185
1863250 187
1863260 187
1863270 188
1863280 189
1863290 189
1863300 192
1863310 193
1863320 193
1863330 194
1863340 195
1863350 195
1863360 195
1863370 196
1863380 196
1863390 196
1863400 197
1863410 197
1863420 197
1863430 197
1863440 197
1863450 198
1863460 198
1863470 198
1863480 198
1863490 198
1863500 198
1863510 198
1863520 199
1863530 199
1863540 199
1863550 199
1863560 199
1863570 199
1863580 199
1863590 199
1863600 199
1863610 199
1863620 199
1863630 199
1863640 201
1863650 201
1863660 201
1863670 201
1863680 201
1863690 201
1863700 201
1863710 201
1863720 201
1863730 201
1863740 201
1863750 201
1863760 201
1863770 201
1863780 201
1863790 201
1863800 201
1863810 201
1863820 201
1863830 202
1863840 202
1863850 202
1863860 202
1863870 203
1863880 203
1863890 203
1863900 203
1863910 203
1863920 203
1863930 204
1863940 204
1863950 204
1863960 204
1863970 204
1863980 204
1863990 205
1864000 205
1864010 205
1864020 205
1864030 205
1864040 206
1864050 206
1864060 206
1864070 206
1864080 206
1864090 206
1864100 206
1864110 206
1864120 206
1864130 207
1864140 207
1864150 207
1864160 207
1864170 207
1864180 207
1864190 207
1864200 207
1864210 207
1864220 207
1864230 208
1864240 208
1864250 208
1864260 208
1864270 208
1864280 208
1864290 208
1864300 209
1864310 209
1864320 209
1864330 209
1864340 210
1864350 210
1864360 210
1864370 210
1864380 210
1864390 211
1864400 211
1864410 211
1864420 211
1864430 211
1864440 211
1864450 212
1864460 212
1864470 212
1864480 212
1864490 212
1864500 212
1864510 212
1864520 212
1864530 212
1864540 212
1864550 212
1864560 212
1864570 212
1864580 213
1864590 213
1864600 213
1864610 213
1864620 213
1864630 213
1864640 213
1864650 213
1864660 213
1864670 213
1864680 213
1864690 213
1864700 213
1864710 213
1864720 213
1864730 213
1864740 213
1864750 213
1864760 214
1864770 214
1864780 214
1864790 214
1864800 214
1864810 214
1864820 214
1864830 214
1864840 214
1864850 214
1864860 214
1864870 214
1864880 214
1864890 214
1864900 214
1864910 214
1864920 214
1864930 213
1864940 213
1864950 214
1864960 214
1864970 214
1864980 214
1864990 214
1865000 214
1865010 214
1865020 213
1865030 213
1865040 213
1865050 213
1865060 213
1865070 213
1865080 213
1865090 213
1865100 213
1865110 212
1865120 212
1865130 212
1865140 212
1865150 212
1865160 212
1865170 212
1865180 212
1865190 212
1865200 212
1865210 212
1865220 211
1865230 211
1865240 211
1865250 211
1865260 210
1865270 210
1865280 210
1865290 210
1865300 210
1865310 209
1865320 209
1865330 209
1865340 209
1865350 208
1865360 208
1865370 207
1865380 207
1865390 207
1865400 207
1865410 206
1865420 206
1865430 206
1865440 205
1865450 205
1865460 205
1865470 204
1865480 204
1865490 204
1865500 204
1865510 204
1865520 203
1865530 203
1865540 203
1865550 203
1865560 203
1865570 203
1865580 203
1865590 203
1865600 202
1865610 202
1865620 202
1865630 202
1865640 202
1865650 202
1865660 201
1865670 201
1865680 201
1865690 201
1865700 200
1865710 200
1865720 199
1865730 198
1865740 198
1865750 197
1865760 196
1865770 196
1865780 196
1865790 195
1865800 195
1865810 195
1865820 195
1865830 195
1865840 194
1865850 194
1865860 194
1865870 193
1865880 193
1865890 193
1865900 193
1865910 193
1865920 193
1865930 192
1865940 192
1865950 192
1865960 192
1865970 192
1865980 192
1865990 192
1866000 193
1866010 193
1866020 193
1866030 193
1866040 193
1866050 193
1866060 193
1866070 193
1866080 193
1866090 193
1866100 193
1866110 194
1866120 194
1866130 194
1866140 195
1866150 195
1866160 195
1866170 196
1866180 196
1866190 197
1866200 198
1866210 198
1866220 200
1866230 201
1866240 201
1866250 203
1866260 204
1866270 204
1866280 205
1866290 206
1866300 206
1866310 207
1866320 207
1866330 207
1866340 208
1866350 208
1866360 208
1866370 209
1866380 209
1866390 211
1866400 211
1866410 212
1866420 212
1866430 213
1866440 214
1866450 214
1866460 214
1866470 215
1866480 215
1866490 216
1866500 217
1866510 217
1866520 219
1866530 220
1866540 220
1866550 221
1866560 221
1866570 221
1866580 222
1866590 222
1866600 222
1866610 222
1866620 222
1866630 222
1866640 222
1866650 222
1866660 222
1866670 222
1866680 222
1866690 222
1866700 222
1866710 221
1866720 221
1866730 221
1866740 221
1866750 221
1866760 221
1866770 221
1866780 221
1866790 221
1866800 221
1866810 221
1866820 220
1866830 220
1866840 220
1866850 219
1866860 219
1866870 219
1866880 219
1866890 219
1866900 219
1866910 218
1866920 218
1866930 218
1866940 218
1866950 218
1866960 219
1866970 219
1866980 219
1866990 219
1867000 220
1867010 220
1867020 220
1867030 221
1867040 221
1867050 222
1867060 223
1867070 223
1867080 224
1867090 225
1867100 225
1867110 225
1867120 225
1867130 225
1867140 226
1867150 226
1867160 226
1867170 226
1867180 225
1867190 225
1867200 225
1867210 225
1867220 225
1867230 225
1867240 225
1867250 225
1867260 225
1867270 225
1867280 225
1867290 225
1867300 225
1867310 225
1867320 225
1867330 225
1867340 225
1867350 225
1867360 225
1867370 225
1867380 226
1867390 226
1867400 226
1867410 226
1867420 227
1867430 227
1867440 228
1867450 228
1867460 228
1867470 229
1867480 229
1867490 229
1867500 230
1867510 230
1867520 230
1867530 231
1867540 231
1867550 231
1867560 231
1867570 231
1867580 232
1867590 232
1867600 232
1867610 232
1867620 232
1867630 232
1867640 232
1867650 232
1867660 232
1867670 232
1867680 232
1867690 232
1867700 232
1867710 231
1867720 231
1867730 231
1867740 231
1867750 231
1867760 230
1867770 230
1867780 230
1867790 229
1867800 229
1867810 229
1867820 228
1867830 228
1867840 228
1867850 227
1867860 226
1867870 226
1867880 225
1867890 225
1867900 225
1867910 224
1867920 223
1867930 223
1867940 222
1867950 222
1867960 222
1867970 221
1867980 221
1867990 221
1868000 221
1868010 221
1868020 221
1868030 221
1868040 221
1868050 221
1868060 221
1868070 221
1868080 220
1868090 220
1868100 220
1868110 220
1868120 220
1868130 220
1868140 220
1868150 219
1868160 219
1868170 219
1868180 219
1868190 219
1868200 219
1868210 218
1868220 218
1868230 217
1868240 216
1868250 216
1868260 215
1868270 213
1868280 213
1868290 211
1868300 210
1868310 210
1868320 208
1868330 207
1868340 207
1868350 205
1868360 204
1868370 204
1868380 203
1868390 202
1868400 202
1868410 202
1868420 202
1868430 202
1868440 201
1868450 201
1868460 201
1868470 201
1868480 201
1868490 201
1868500 201
1868510 202
1868520 202
1868530 202
1868540 202
1868550 202
1868560 202
1868570 202
1868580 203
1868590 203
1868600 203
1868610 203
1868620 204
1868630 204
1868640 204
1868650 204
1868660 204
1868670 205
1868680 205
1868690 205
1868700 205
1868710 206
1868720 206
1868730 206
1868740 207
1868750 207
1868760 207
1868770 208
1868780 209
1868790 209
1868800 210
1868810 210
1868820 211
1868830 211
1868840 211
1868850 212
1868860 213
1868870 213
1868880 214
1868890 215
1868900 215
1868910 216
1868920 217
1868930 217
1868940 218
1868950 219
1868960 219
1868970 220
1868980 221
1868990 221
1869000 222
1869010 222
1869020 222
1869030 223
1869040 223
1869050 223
1869060 223
1869070 222
1869080 222
1869090 223
1869100 224
1869110 224
1869120 226
1869130 228
1869140 228
1869150 230
1869160 230
1869170 232
1869180 233
1869190 233
1869200 234
1869210 235
1869220 235
1869230 234
1869240 232
1869250 232
1869260 231
1869270 229
1869280 229
1869290 228
1869300 227
1869310 227
1869320 227
1869330 228
1869340 228
1869350 229
1869360 229
1869370 229
1869380 230
1869390 232
1869400 232
1869410 233
1869420 234
1869430 234
1869440 236
1869450 238
1869460 238
1869470 240
1869480 242
1869490 242
1869500 245
1869510 247
1869520 247
1869530 248
1869540 248
1869550 248
1869560 249
1869570 250
1869580 250
1869590 250
1869600 250
1869610 250
1869620 250
1869630 251
1869640 251
1869650 253
1869660 254
1869670 254
1869680 254
1869690 255
1869700 255
1869710 256
1869720 257
1869730 257
1869740 257
1869750 257
1869760 257
1869770 258
1869780 258
1869790 258
1869800 260
1869810 260
1869820 260
1869830 259
1869840 259
1869850 259
1869860 259
1869870 259
1869880 257
1869890 258
1869900 258
1869910 257
1869920 257
1869930 257
1869940 257
1869950 257
1869960 257
1869970 257
1869980 257
1869990 257
1870000 256
1870010 255
1870020 255
1870030 254
1870040 254
1870050 254
1870060 253
1870070 252
1870080 252
1870090 251
1870100 251
1870110 251
1870120 250
1870130 249
1870140 249
1870150 249
1870160 248
1870170 248
1870180 248
1870190 248
1870200 248
1870210 249
1870220 248
1870230 248
1870240 247
1870250 247
1870260 247
1870270 247
1870280 247
1870290 247
1870300 247
1870310 248
1870320 248
1870330 248
1870340 248
1870350 248
1870360 248
1870370 248
1870380 248
1870390 248
1870400 248
1870410 248
1870420 249
1870430 249
1870440 249
1870450 250
1870460 250
1870470 250
1870480 252
1870490 252
1870500 253
1870510 253
1870520 253
1870530 254
1870540 254
1870550 254
1870560 255
1870570 256
1870580 256
1870590 258
1870600 259
1870610 259
1870620 259
1870630 259
1870640 259
1870650 259
1870660 260
1870670 260
1870680 261
1870690 261
1870700 261
1870710 262
1870720 262
1870730 262
1870740 262
1870750 263
1870760 263
1870770 263
1870780 263
1870790 263
1870800 263
1870810 263
1870820 263
1870830 263
1870840 263
1870850 263
1870860 263
1870870 263
1870880 263
1870890 263
1870900 263
1870910 263
1870920 263
1870930 263
1870940 263
1870950 263
1870960 263
1870970 263
1870980 263
1870990 263
1871000 263
1871010 263
1871020 263
1871030 263
1871040 262
1871050 262
1871060 262
1871070 262
1871080 262
1871090 262
1871100 262
1871110 262
1871120 261
1871130 261
1871140 261
1871150 261
1871160 260
1871170 260
1871180 260
1871190 260
1871200 260
1871210 259
1871220 259
1871230 259
1871240 259
1871250 258
1871260 258
1871270 258
1871280 258
1871290 258
1871300 257
1871310 257
1871320 257
1871330 257
1871340 257
1871350 257
1871360 257
1871370 256
1871380 256
1871390 256
1871400 255
1871410 255
1871420 255
1871430 254
1871440 254
1871450 253
1871460 253
1871470 253
1871480 253
1871490 252
1871500 252
1871510 251
1871520 251
1871530 251
1871540 250
1871550 250
1871560 250
1871570 249
1871580 249
1871590 249
1871600 248
1871610 248
1871620 248
1871630 248
1871640 248
1871650 247
1871660 246
1871670 246
1871680 246
1871690 245
1871700 245
1871710 244
1871720 244
1871730 244
1871740 243
1871750 243
1871760 243
1871770 242
1871780 242
1871790 242
1871800 242
1871810 241
1871820 241
1871830 241
1871840 240
1871850 240
1871860 240
1871870 239
1871880 239
1871890 239
1871900 238
1871910 238
1871920 238
1871930 237
1871940 237
1871950 236
1871960 236
1871970 236
1871980 235
1871990 235
1872000 235
1872010 234
1872020 234
1872030 234
1872040 233
1872050 233
1872060 233
1872070 233
1872080 232
1872090 232
1872100 232
1872110 231
1872120 231
1872130 231
1872140 230
1872150 230
1872160 230
1872170 229
1872180 229
1872190 229
1872200 229
1872210 229
1872220 228
1872230 228
1872240 228
1872250 228
1872260 228
1872270 227
1872280 227
1872290 227
1872300 227
1872310 227
1872320 227
1872330 226
1872340 226
1872350 226
1872360 226
1872370 225
1872380 225
1872390 225
1872400 225
1872410 225
1872420 225
1872430 225
1872440 225
1872450 224
1872460 224
1872470 224
1872480 224
1872490 224
1872500 224
1872510 224
1872520 224
1872530 224
1872540 224
1872550 223
1872560 223
1872570 223
1872580 223
1872590 223
1872600 223
1872610 222
1872620 222
1872630 222
1872640 222
1872650 222
1872660 222
1872670 222
1872680 222
1872690 222
1872700 221
1872710 221
1872720 221
1872730 221
1872740 221
1872750 221
1872760 221
1872770 221
1872780 221
1872790 221
1872800 220
1872810 220
1872820 220
1872830 220
1872840 220
1872850 220
1872860 219
1872870 219
1872880 219
1872890 219
1872900 219
1872910 219
1872920 218
1872930 218
1872940 218
1872950 218
1872960 218
1872970 218
1872980 217
1872990 217
1873000 217
1873010 217
1873020 217
1873030 217
1873040 217
1873050 217
1873060 217
1873070 217
1873080 217
1873090 217
1873100 216
1873110 216
1873120 216
1873130 216
1873140 216
1873150 216
1873160 215
1873170 215
1873180 215
1873190 215
1873200 214
1873210 214
1873220 214
1873230 214
1873240 214
1873250 214
1873260 213
1873270 213
1873280 213
1873290 213
1873300 213
1873310 213
1873320 212
1873330 212
1873340 212
1873350 212
1873360 212
1873370 212
1873380 211
1873390 211
1873400 211
1873410 211
1873420 211
1873430 211
1873440 211
1873450 210
1873460 210
1873470 210
1873480 210
1873490 210
1873500 210
1873510 209
1873520 209
1873530 209
1873540 209
1873550 209
1873560 209
1873570 208
1873580 208
1873590 208
1873600 208
1873610 208
1873620 208
1873630 208
1873640 207
1873650 207
1873660 207
1873670 207
1873680 207
1873690 207
1873700 207
1873710 207
1873720 207
1873730 206
1873740 206
1873750 206
1873760 206
1873770 206
1873780 206
1873790 206
1873800 206
1873810 205
1873820 205
1873830 205
1873840 205
1873850 205
1873860 205
1873870 204
1873880 204
1873890 204
1873900 204
1873910 204
1873920 204
1873930 203
1873940 203
1873950 203
1873960 203
1873970 203
1873980 203
1873990 203
1874000 203
1874010 203
1874020 203
1874030 203
1874040 202
1874050 202
1874060 202
1874070 202
1874080 202
1874090 202
1874100 202
1874110 202
1874120 202
1874130 201
1874140 201
1874150 201
1874160 201
1874170 201
1874180 201
1874190 201
1874200 201
1874210 201
1874220 201
1874230 200
1874240 200
1874250 200
1874260 200
1874270 200
1874280 200
1874290 200
1874300 200
1874310 200
1874320 199
1874330 199
1874340 199
1874350 199
1874360 199
1874370 199
1874380 199
1874390 199
1874400 198
1874410 198
1874420 198
1874430 198
1874440 198
1874450 198
1874460 198
1874470 198
1874480 198
1874490 198
1874500 197
1874510 197
1874520 197
1874530 197
1874540 197
1874550 197
1874560 197
1874570 197
1874580 197
1874590 196
1874600 196
1874610 196
1874620 196
1874630 196
1874640 196
1874650 196
1874660 195
1874670 195
1874680 195
1874690 195
1874700 195
1874710 195
1874720 194
1874730 194
1874740 194
1874750 194
1874760 194
1874770 194
1874780 194
1874790 193
1874800 193
1874810 193
1874820 193
1874830 193
1874840 193
1874850 192
1874860 192
1874870 192
1874880 192
1874890 192
1874900 192
1874910 191
1874920 191
1874930 191
1874940 190
1874950 190
1874960 190
1874970 190
1874980 190
1874990 189
1875000 189
1875010 189
1875020 189
1875030 189
1875040 189
1875050 189
1875060 189
1875070 189
1875080 189
1875090 189
1875100 189
1875110 189
1875120 189
1875130 189
1875140 189
1875150 189
1875160 189
1875170 188
1875180 188
1875190 188
1875200 188
1875210 188
1875220 188
1875230 188
1875240 188
1875250 188
1875260 188
1875270 188
1875280 187
1875290 187
1875300 187
1875310 187
1875320 186
1875330 186
1875340 186
1875350 185
1875360 185
1875370 185
1875380 185
1875390 185
1875400 184
1875410 184
1875420 184
1875430 184
1875440 184
1875450 184
1875460 184
1875470 184
1875480 184
1875490 183
1875500 183
1875510 183
1875520 183
1875530 182
1875540 182
1875550 182
1875560 182
1875570 182
1875580 181
1875590 181
1875600 181
1875610 181
1875620 181
1875630 181
1875640 180
1875650 180
1875660 180
1875670 180
1875680 179
1875690 179
1875700 179
1875710 179
1875720 179
1875730 179
1875740 179
1875750 179
1875760 179
1875770 179
1875780 179
1875790 179
1875800 179
1875810 179
1875820 178
1875830 178
1875840 178
1875850 178
1875860 178
1875870 178
1875880 177
1875890 177
1875900 177
1875910 177
1875920 177
1875930 177
1875940 176
1875950 176
1875960 176
1875970 176
1875980 176
1875990 176
1876000 175
1876010 175
1876020 175
1876030 175
1876040 175
1876050 175
1876060 174
1876070 174
1876080 174
1876090 174
1876100 174
1876110 174
1876120 174
1876130 174
1876140 173
1876150 173
1876160 173
1876170 173
1876180 173
1876190 173
1876200 173
1876210 173
1876220 173
1876230 173
1876240 173
1876250 173
1876260 172
1876270 172
1876280 172
1876290 172
1876300 172
1876310 172
1876320 172
1876330 172
1876340 172
1876350 172
1876360 172
1876370 172
1876380 172
1876390 172
1876400 172
1876410 172
1876420 172
1876430 172
1876440 171
1876450 171
1876460 171
1876470 171
1876480 171
1876490 171
1876500 171
1876510 171
1876520 171
1876530 171
1876540 171
1876550 171
1876560 171
1876570 171
1876580 171
1876590 171
1876600 171
1876610 171
1876620 170
1876630 170
1876640 170
1876650 170
1876660 170
1876670 170
1876680 170
1876690 170
1876700 170
1876710 170
1876720 170
1876730 170
1876740 170
1876750 170
1876760 170
1876770 170
1876780 170
1876790 169
1876800 169
1876810 169
1876820 169
1876830 169
1876840 169
1876850 169
1876860 169
1876870 169
1876880 169
1876890 168
1876900 168
1876910 168
1876920 168
1876930 168
1876940 169
1876950 169
1876960 169
1876970 169
1876980 169
1876990 169
1877000 169
1877010 169
1877020 169
1877030 169
1877040 169
1877050 169
1877060 169
1877070 169
1877080 168
1877090 168
1877100 168
1877110 168
1877120 168
1877130 168
1877140 168
1877150 168
1877160 168
1877170 168
1877180 168
1877190 168
1877200 168
1877210 168
1877220 168
1877230 168
1877240 168
1877250 168
1877260 168
1877270 168
1877280 168
1877290 168
1877300 168
1877310 168
1877320 168
1877330 168
1877340 168
1877350 168
1877360 168
1877370 168
1877380 168
1877390 168
1877400 168
1877410 167
1877420 167
1877430 167
1877440 167
1877450 167
1877460 167
1877470 167
1877480 166
1877490 166
1877500 166
1877510 166
1877520 166
1877530 165
1877540 165
1877550 165
1877560 165
1877570 164
1877580 164
1877590 164
1877600 164
1877610 164
1877620 164
1877630 164
1877640 164
1877650 164
1877660 164
1877670 164
1877680 163
1877690 163
1877700 163
1877710 163
1877720 163
1877730 163
1877740 163
1877750 163
1877760 163
1877770 163
1877780 163
1877790 163
1877800 163
1877810 163
1877820 163
1877830 163
1877840 163
1877850 163
1877860 163
1877870 163
1877880 163
1877890 163
1877900 163
1877910 163
1877920 163
1877930 163
1877940 163
1877950 163
1877960 163
1877970 163
1877980 163
1877990 163
1878000 163
1878010 163
1878020 163
1878030 163
1878040 163
1878050 163
1878060 163
1878070 163
1878080 163
1878090 163
1878100 163
1878110 163
1878120 163
1878130 163
1878140 163
1878150 163
1878160 163
1878170 163
1878180 162
1878190 162
1878200 162
1878210 162
1878220 162
1878230 162
1878240 162
1878250 162
1878260 162
1878270 162
1878280 162
1878290 162
1878300 163
1878310 163
1878320 163
1878330 163
1878340 163
1878350 163
1878360 163
1878370 163
1878380 163
1878390 163
1878400 163
1878410 163
1878420 163
1878430 163
1878440 163
1878450 163
1878460 163
1878470 163
1878480 163
1878490 163
1878500 162
1878510 163
1878520 163
1878530 163
1878540 163
1878550 163
1878560 163
1878570 163
1878580 163
1878590 162
1878600 162
1878610 162
1878620 162
1878630 162
1878640 162
1878650 162
1878660 162
1878670 162
1878680 162
1878690 162
1878700 162
1878710 162
1878720 162
1878730 162
1878740 162
1878750 162
1878760 162
1878770 162
1878780 162
1878790 162
1878800 161
1878810 161
1878820 161
1878830 161
1878840 161
1878850 161
1878860 161
1878870 161
1878880 161
1878890 161
1878900 161
1878910 161
1878920 161
1878930 161
1878940 160
1878950 160
1878960 160
1878970 160
1878980 161
1878990 161
1879000 161
1879010 161
1879020 161
1879030 161
1879040 161
1879050 161
1879060 161
1879070 161
1879080 161
1879090 161
1879100 162
1879110 162
1879120 161
1879130 161
1879140 161
1879150 162
1879160 162
1879170 162
1879180 162
1879190 162
1879200 162
1879210 162
1879220 162
1879230 162
1879240 161
1879250 161
1879260 161
1879270 161
1879280 161
1879290 161
1879300 161
1879310 161
1879320 161
1879330 162
1879340 162
1879350 162
1879360 162
1879370 162
1879380 162
1879390 162
1879400 162
1879410 162
1879420 162
1879430 162
1879440 162
1879450 162
1879460 162
1879470 161
1879480 161
1879490 161
1879500 161
1879510 161
1879520 161
1879530 161
1879540 161
1879550 161
1879560 161
1879570 161
1879580 161
1879590 161
1879600 161
1879610 161
1879620 161
1879630 161
1879640 161
1879650 161
1879660 161
1879670 161
1879680 161
1879690 161
1879700 161
1879710 161
1879720 161
1879730 161
1879740 161
1879750 161
1879760 161
1879770 161
1879780 161
1879790 161
1879800 161
1879810 160
1879820 160
1879830 160
1879840 160
1879850 160
1879860 160
1879870 160
1879880 160
1879890 160
1879900 161
1879910 161
1879920 161
1879930 161
1879940 161
1879950 161
1879960 161
1879970 161
1879980 161
1879990 161
