1860000 187
1860010 187
1860020 187
1860030 187
1860040 187
1860050 187
1860060 187
1860070 187
1860080 187
1860090 188
1860100 188
1860110 188
1860120 188
1860130 188
1860140 188
1860150 189
1860160 189
1860170 189
1860180 189
1860190 189
1860200 190
1860210 190
1860220 191
1860230 191
1860240 191
1860250 192
1860260 193
1860270 193
1860280 193
1860290 194
1860300 194
1860310 194
1860320 194
1860330 194
1860340 194
1860350 194
1860360 194
1860370 194
1860380 194
1860390 194
1860400 194
1860410 194
1860420 194
1860430 194
1860440 194
1860450 194
1860460 194
1860470 193
1860480 193
1860490 193
1860500 193
1860510 193
1860520 193
1860530 192
1860540 192
1860550 194
1860560 194
1860570 194
1860580 193
1860590 193
1860600 193
1860610 195
1860620 195
1860630 195
1860640 194
1860650 194
1860660 194
1860670 194
1860680 195
1860690 195
1860700 193
1860710 191
1860720 191
1860730 191
1860740 193
1860750 193
1860760 195
1860770 195
1860780 195
1860790 195
1860800 195
1860810 195
1860820 194
1860830 194
1860840 194
1860850 193
1860860 193
1860870 193
1860880 193
1860890 193
1860900 193
1860910 193
1860920 193
1860930 192
1860940 192
1860950 192
1860960 192
1860970 192
1860980 192
1860990 192
1861000 192
1861010 192
1861020 192
1861030 192
1861040 192
1861050 192
1861060 192
1861070 192
1861080 192
1861090 193
1861100 193
1861110 193
1861120 193
1861130 193
1861140 193
1861150 193
1861160 193
1861170 193
1861180 193
1861190 193
1861200 193
1861210 193
1861220 193
1861230 193
1861240 193
1861250 193
1861260 193
1861270 193
1861280 193
1861290 193
1861300 193
1861310 193
1861320 193
1861330 192
1861340 192
1861350 192
1861360 192
1861370 192
1861380 192
1861390 192
1861400 192
1861410 192
1861420 192
1861430 192
1861440 192
1861450 192
1861460 192
1861470 192
1861480 192
1861490 192
1861500 192
1861510 192
1861520 192
1861530 192
1861540 192
1861550 192
1861560 192
1861570 192
1861580 192
1861590 192
1861600 192
1861610 192
1861620 192
1861630 192
1861640 191
1861650 191
1861660 191
1861670 191
1861680 191
1861690 191
1861700 191
1861710 191
1861720 191
1861730 191
1861740 191
1861750 191
1861760 191
1861770 191
1861780 191
1861790 191
1861800 191
1861810 191
1861820 191
1861830 191
1861840 191
1861850 191
1861860 191
1861870 191
1861880 191
1861890 191
1861900 191
1861910 191
1861920 191
1861930 191
1861940 191
1861950 191
1861960 191
1861970 190
1861980 190
1861990 190
1862000 190
1862010 190
1862020 190
1862030 190
1862040 190
1862050 189
1862060 189
1862070 189
1862080 188
1862090 189
1862100 189
1862110 189
1862120 189
1862130 189
1862140 189
1862150 190
1862160 190
1862170 190
1862180 190
1862190 190
1862200 190
1862210 190
1862220 190
1862230 190
1862240 190
1862250 190
1862260 190
1862270 190
1862280 190
1862290 190
1862300 190
1862310 190
1862320 190
1862330 190
1862340 190
1862350 190
1862360 189
1862370 189
1862380 189
1862390 189
1862400 189
1862410 189
1862420 189
1862430 189
1862440 189
1862450 189
1862460 189
1862470 189
1862480 189
1862490 189
1862500 189
1862510 189
1862520 189
1862530 189
1862540 189
1862550 189
1862560 189
1862570 188
1862580 188
1862590 189
1862600 189
1862610 189
1862620 189
1862630 189
1862640 189
1862650 189
1862660 189
1862670 189
1862680 189
1862690 189
1862700 189
1862710 189
1862720 189
1862730 189
1862740 189
1862750 189
1862760 189
1862770 189
1862780 189
1862790 187
1862800 187
1862810 187
1862820 188
1862830 189
1862840 189
1862850 190
1862860 190
1862870 190
1862880 190
1862890 190
1862900 190
1862910 190
1862920 190
1862930 190
1862940 190
1862950 191
1862960 191
1862970 191
1862980 191
1862990 191
1863000 191
1863010 191
1863020 191
1863030 191
1863040 191
1863050 191
1863060 191
1863070 191
1863080 191
1863090 190
1863100 189
1863110 189
1863120 188
1863130 187
1863140 187
1863150 186
1863160 185
1863170 185
1863180 185
1863190 185
1863200 185
1863210 185
1863220 185
1863230 185
1863240 185
1863250 185
1863260 186
1863270 187
1863280 187
1863290 191
1863300 192
1863310 192
1863320 195
1863330 197
1863340 197
1863350 198
1863360 199
1863370 199
1863380 200
1863390 200
1863400 200
1863410 201
1863420 201
1863430 201
1863440 201
1863450 202
1863460 202
1863470 202
1863480 202
1863490 202
1863500 202
1863510 202
1863520 202
1863530 202
1863540 202
1863550 202
1863560 203
1863570 203
1863580 203
1863590 203
1863600 203
1863610 203
1863620 203
1863630 203
1863640 203
1863650 203
1863660 203
1863670 203
1863680 203
1863690 203
1863700 203
1863710 203
1863720 203
1863730 203
1863740 203
1863750 203
1863760 203
1863770 203
1863780 203
1863790 203
1863800 203
1863810 203
1863820 203
1863830 203
1863840 203
1863850 204
1863860 204
1863870 204
1863880 204
1863890 204
1863900 204
1863910 205
1863920 205
1863930 205
1863940 205
1863950 206
1863960 206
1863970 206
1863980 207
1863990 207
1864000 207
1864010 208
1864020 208
1864030 208
1864040 208
1864050 208
1864060 208
1864070 208
1864080 208
1864090 208
1864100 208
1864110 208
1864120 208
1864130 208
1864140 208
1864150 208
1864160 208
1864170 208
1864180 209
1864190 209
1864200 209
1864210 209
1864220 209
1864230 209
1864240 209
1864250 209
1864260 209
1864270 209
1864280 210
1864290 210
1864300 210
1864310 210
1864320 210
1864330 210
1864340 210
1864350 210
1864360 210
1864370 210
1864380 210
1864390 211
1864400 211
1864410 211
1864420 211
1864430 211
1864440 211
1864450 211
1864460 211
1864470 211
1864480 211
1864490 211
1864500 211
1864510 211
1864520 211
1864530 211
1864540 211
1864550 211
1864560 212
1864570 212
1864580 212
1864590 212
1864600 212
1864610 212
1864620 212
1864630 212
1864640 212
1864650 212
1864660 212
1864670 212
1864680 212
1864690 212
1864700 212
1864710 211
1864720 211
1864730 211
1864740 211
1864750 211
1864760 211
1864770 211
1864780 211
1864790 211
1864800 211
1864810 211
1864820 211
1864830 211
1864840 211
1864850 211
1864860 211
1864870 211
1864880 211
1864890 211
1864900 212
1864910 212
1864920 212
1864930 211
1864940 211
1864950 212
1864960 212
1864970 212
1864980 212
1864990 212
1865000 212
1865010 212
1865020 212
1865030 212
1865040 211
1865050 211
1865060 211
1865070 211
1865080 211
1865090 211
1865100 211
1865110 211
1865120 211
1865130 210
1865140 210
1865150 210
1865160 210
1865170 210
1865180 210
1865190 210
1865200 210
1865210 209
1865220 209
1865230 209
1865240 209
1865250 208
1865260 208
1865270 208
1865280 208
1865290 208
1865300 207
1865310 207
1865320 207
1865330 206
1865340 206
1865350 206
1865360 206
1865370 205
1865380 205
1865390 204
1865400 204
1865410 204
1865420 203
1865430 203
1865440 203
1865450 202
1865460 202
1865470 202
1865480 201
1865490 201
1865500 201
1865510 201
1865520 200
1865530 200
1865540 200
1865550 200
1865560 200
1865570 200
1865580 200
1865590 200
1865600 200
1865610 199
1865620 199
1865630 199
1865640 199
1865650 198
1865660 198
1865670 198
1865680 197
1865690 196
1865700 196
1865710 195
1865720 194
1865730 193
1865740 192
1865750 192
1865760 192
1865770 192
1865780 191
1865790 191
1865800 191
1865810 191
1865820 191
1865830 191
1865840 191
1865850 191
1865860 191
1865870 191
1865880 191
1865890 192
1865900 192
1865910 192
1865920 192
1865930 193
1865940 193
1865950 193
1865960 193
1865970 193
1865980 193
1865990 193
1866000 193
1866010 194
1866020 194
1866030 194
1866040 194
1866050 194
1866060 194
1866070 194
1866080 195
1866090 195
1866100 195
1866110 196
1866120 196
1866130 197
1866140 197
1866150 197
1866160 198
1866170 199
1866180 199
1866190 202
1866200 204
1866210 204
1866220 205
1866230 207
1866240 207
1866250 208
1866260 208
1866270 209
1866280 210
1866290 210
1866300 211
1866310 212
1866320 212
1866330 213
1866340 214
1866350 214
1866360 215
1866370 216
1866380 216
1866390 217
1866400 218
1866410 219
1866420 219
1866430 220
1866440 220
1866450 221
1866460 221
1866470 221
1866480 222
1866490 222
1866500 222
1866510 223
1866520 223
1866530 223
1866540 223
1866550 224
1866560 224
1866570 224
1866580 224
1866590 224
1866600 224
1866610 224
1866620 224
1866630 224
1866640 224
1866650 224
1866660 224
1866670 223
1866680 223
1866690 223
1866700 223
1866710 223
1866720 222
1866730 222
1866740 222
1866750 222
1866760 221
1866770 221
1866780 221
1866790 221
1866800 221
1866810 221
1866820 221
1866830 221
1866840 221
1866850 221
1866860 221
1866870 221
1866880 221
1866890 220
1866900 220
1866910 220
1866920 220
1866930 220
1866940 220
1866950 220
1866960 221
1866970 221
1866980 221
1866990 222
1867000 222
1867010 223
1867020 223
1867030 223
1867040 224
1867050 225
1867060 225
1867070 225
1867080 226
1867090 226
1867100 226
1867110 226
1867120 226
1867130 226
1867140 226
1867150 226
1867160 225
1867170 225
1867180 225
1867190 225
1867200 224
1867210 224
1867220 224
1867230 224
1867240 224
1867250 224
1867260 224
1867270 224
1867280 224
1867290 224
1867300 224
1867310 225
1867320 225
1867330 225
1867340 225
1867350 226
1867360 226
1867370 226
1867380 227
1867390 227
1867400 227
1867410 228
1867420 228
1867430 228
1867440 229
1867450 229
1867460 229
1867470 229
1867480 230
1867490 230
1867500 230
1867510 230
1867520 231
1867530 231
1867540 231
1867550 231
1867560 231
1867570 231
1867580 231
1867590 231
1867600 231
1867610 231
1867620 231
1867630 231
1867640 230
1867650 230
1867660 230
1867670 229
1867680 229
1867690 229
1867700 229
1867710 229
1867720 228
1867730 228
1867740 228
1867750 228
1867760 228
1867770 228
1867780 226
1867790 226
1867800 226
1867810 225
1867820 225
1867830 225
1867840 224
1867850 224
1867860 224
1867870 223
1867880 222
1867890 222
1867900 222
1867910 221
1867920 221
1867930 221
1867940 220
1867950 220
1867960 220
1867970 219
1867980 219
1867990 219
1868000 218
1868010 218
1868020 218
1868030 218
1868040 218
1868050 218
1868060 218
1868070 218
1868080 219
1868090 219
1868100 219
1868110 219
1868120 218
1868130 218
1868140 218
1868150 218
1868160 218
1868170 218
1868180 218
1868190 217
1868200 215
1868210 215
1868220 214
1868230 213
1868240 213
1868250 211
1868260 210
1868270 210
1868280 208
1868290 207
1868300 207
1868310 206
1868320 204
1868330 204
1868340 203
1868350 202
1868360 202
1868370 201
1868380 201
1868390 201
1868400 201
1868410 200
1868420 200
1868430 200
1868440 201
1868450 201
1868460 201
1868470 201
1868480 201
1868490 202
1868500 202
1868510 202
1868520 202
1868530 202
1868540 202
1868550 203
1868560 204
1868570 204
1868580 204
1868590 205
1868600 205
1868610 206
1868620 206
1868630 206
1868640 207
1868650 207
1868660 207
1868670 208
1868680 208
1868690 208
1868700 208
1868710 208
1868720 209
1868730 209
1868740 209
1868750 210
1868760 210
1868770 210
1868780 212
1868790 213
1868800 213
1868810 215
1868820 216
1868830 216
1868840 217
1868850 219
1868860 219
1868870 220
1868880 221
1868890 221
1868900 223
1868910 225
1868920 225
1868930 227
1868940 229
1868950 229
1868960 231
1868970 233
1868980 233
1868990 234
1869000 236
1869010 236
1869020 236
1869030 236
1869040 236
1869050 236
1869060 234
1869070 234
1869080 233
1869090 230
1869100 230
1869110 230
1869120 230
1869130 230
1869140 232
1869150 234
1869160 234
1869170 236
1869180 237
1869190 237
1869200 238
1869210 237
1869220 237
1869230 236
1869240 235
1869250 235
1869260 234
1869270 234
1869280 234
1869290 234
1869300 234
1869310 235
1869320 236
1869330 236
1869340 237
1869350 238
1869360 238
1869370 240
1869380 241
1869390 241
1869400 242
1869410 245
1869420 245
1869430 246
1869440 247
1869450 247
1869460 247
1869470 248
1869480 250
1869490 250
1869500 252
1869510 252
1869520 254
1869530 257
1869540 257
1869550 258
1869560 258
1869570 258
1869580 259
1869590 261
1869600 261
1869610 264
1869620 265
1869630 265
1869640 263
1869650 258
1869660 258
1869670 257
1869680 257
1869690 257
1869700 259
1869710 264
1869720 264
1869730 267
1869740 266
1869750 266
1869760 266
1869770 266
1869780 266
1869790 266
1869800 266
1869810 266
1869820 267
1869830 267
1869840 267
1869850 267
1869860 266
1869870 266
1869880 265
1869890 265
1869900 264
1869910 263
1869920 263
1869930 260
1869940 258
1869950 258
1869960 257
1869970 257
1869980 257
1869990 257
1870000 256
1870010 256
1870020 255
1870030 254
1870040 254
1870050 253
1870060 252
1870070 252
1870080 252
1870090 251
1870100 251
1870110 250
1870120 250
1870130 250
1870140 250
1870150 250
1870160 250
1870170 250
1870180 250
1870190 250
1870200 250
1870210 250
1870220 250
1870230 250
1870240 250
1870250 250
1870260 250
1870270 251
1870280 251
1870290 251
1870300 251
1870310 251
1870320 251
1870330 252
1870340 252
1870350 252
1870360 252
1870370 252
1870380 252
1870390 252
1870400 252
1870410 253
1870420 253
1870430 253
1870440 254
1870450 255
1870460 255
1870470 255
1870480 256
1870490 256
1870500 257
1870510 257
1870520 257
1870530 258
1870540 258
1870550 259
1870560 260
1870570 260
1870580 260
1870590 260
1870600 260
1870610 260
1870620 261
1870630 261
1870640 261
1870650 261
1870660 261
1870670 262
1870680 262
1870690 262
1870700 262
1870710 262
1870720 262
1870730 262
1870740 262
1870750 262
1870760 262
1870770 262
1870780 262
1870790 262
1870800 261
1870810 261
1870820 261
1870830 261
1870840 261
1870850 261
1870860 260
1870870 260
1870880 260
1870890 260
1870900 260
1870910 260
1870920 260
1870930 260
1870940 260
1870950 260
1870960 260
1870970 260
1870980 260
1870990 260
1871000 260
1871010 259
1871020 259
1871030 259
1871040 259
1871050 259
1871060 259
1871070 259
1871080 259
1871090 259
1871100 259
1871110 258
1871120 258
1871130 258
1871140 258
1871150 258
1871160 258
1871170 257
1871180 256
1871190 256
1871200 256
1871210 256
1871220 256
1871230 256
1871240 256
1871250 256
1871260 256
1871270 254
1871280 254
1871290 254
1871300 253
1871310 253
1871320 253
1871330 252
1871340 252
1871350 252
1871360 251
1871370 251
1871380 251
1871390 250
1871400 250
1871410 249
1871420 249
1871430 249
1871440 249
1871450 249
1871460 249
1871470 249
1871480 249
1871490 249
1871500 249
1871510 248
1871520 248
1871530 247
1871540 247
1871550 247
1871560 247
1871570 246
1871580 246
1871590 246
1871600 245
1871610 245
1871620 245
1871630 244
1871640 244
1871650 244
1871660 243
1871670 243
1871680 243
1871690 243
1871700 243
1871710 242
1871720 242
1871730 242
1871740 242
1871750 242
1871760 241
1871770 241
1871780 241
1871790 240
1871800 240
1871810 240
1871820 240
1871830 239
1871840 239
1871850 239
1871860 238
1871870 238
1871880 237
1871890 237
1871900 237
1871910 236
1871920 236
1871930 236
1871940 235
1871950 235
1871960 235
1871970 234
1871980 234
1871990 234
1872000 234
1872010 233
1872020 233
1872030 233
1872040 232
1872050 232
1872060 232
1872070 232
1872080 232
1872090 231
1872100 231
1872110 231
1872120 230
1872130 230
1872140 230
1872150 230
1872160 229
1872170 229
1872180 229
1872190 228
1872200 228
1872210 228
1872220 228
1872230 228
1872240 228
1872250 227
1872260 227
1872270 227
1872280 227
1872290 227
1872300 226
1872310 226
1872320 226
1872330 226
1872340 226
1872350 226
1872360 226
1872370 226
1872380 225
1872390 225
1872400 225
1872410 225
1872420 225
1872430 225
1872440 225
1872450 224
1872460 224
1872470 224
1872480 224
1872490 224
1872500 224
1872510 223
1872520 223
1872530 223
1872540 223
1872550 223
1872560 223
1872570 222
1872580 222
1872590 222
1872600 222
1872610 222
1872620 222
1872630 222
1872640 222
1872650 221
1872660 221
1872670 221
1872680 221
1872690 221
1872700 221
1872710 221
1872720 221
1872730 221
1872740 220
1872750 220
1872760 220
1872770 220
1872780 220
1872790 220
1872800 220
1872810 219
1872820 219
1872830 219
1872840 219
1872850 219
1872860 219
1872870 219
1872880 219
1872890 218
1872900 218
1872910 218
1872920 218
1872930 218
1872940 218
1872950 217
1872960 217
1872970 217
1872980 217
1872990 217
1873000 217
1873010 216
1873020 216
1873030 216
1873040 216
1873050 216
1873060 216
1873070 216
1873080 216
1873090 216
1873100 215
1873110 215
1873120 215
1873130 215
1873140 215
1873150 215
1873160 214
1873170 214
1873180 214
1873190 214
1873200 214
1873210 214
1873220 213
1873230 213
1873240 213
1873250 213
1873260 213
1873270 213
1873280 212
1873290 212
1873300 212
1873310 212
1873320 212
1873330 212
1873340 211
1873350 211
1873360 211
1873370 211
1873380 211
1873390 211
1873400 210
1873410 210
1873420 210
1873430 210
1873440 210
1873450 210
1873460 210
1873470 210
1873480 209
1873490 209
1873500 209
1873510 209
1873520 209
1873530 209
1873540 209
1873550 209
1873560 208
1873570 208
1873580 208
1873590 208
1873600 208
1873610 208
1873620 208
1873630 208
1873640 208
1873650 207
1873660 207
1873670 207
1873680 207
1873690 207
1873700 207
1873710 207
1873720 206
1873730 206
1873740 206
1873750 206
1873760 206
1873770 206
1873780 205
1873790 205
1873800 205
1873810 205
1873820 205
1873830 205
1873840 205
1873850 205
1873860 204
1873870 204
1873880 204
1873890 204
1873900 204
1873910 204
1873920 203
1873930 203
1873940 203
1873950 203
1873960 203
1873970 203
1873980 203
1873990 203
1874000 203
1874010 203
1874020 203
1874030 203
1874040 202
1874050 202
1874060 202
1874070 202
1874080 202
1874090 202
1874100 202
1874110 202
1874120 202
1874130 202
1874140 202
1874150 202
1874160 202
1874170 202
1874180 202
1874190 201
1874200 201
1874210 201
1874220 201
1874230 201
1874240 201
1874250 201
1874260 201
1874270 200
1874280 200
1874290 200
1874300 200
1874310 200
1874320 200
1874330 199
1874340 199
1874350 199
1874360 199
1874370 199
1874380 199
1874390 198
1874400 198
1874410 198
1874420 198
1874430 198
1874440 198
1874450 198
1874460 198
1874470 198
1874480 197
1874490 197
1874500 197
1874510 197
1874520 197
1874530 197
1874540 197
1874550 196
1874560 196
1874570 196
1874580 196
1874590 196
1874600 196
1874610 195
1874620 195
1874630 195
1874640 195
1874650 195
1874660 195
1874670 195
1874680 195
1874690 194
1874700 194
1874710 194
1874720 194
1874730 194
1874740 194
1874750 193
1874760 193
1874770 193
1874780 193
1874790 193
1874800 193
1874810 192
1874820 192
1874830 192
1874840 192
1874850 192
1874860 191
1874870 191
1874880 191
1874890 191
1874900 191
1874910 191
1874920 191
1874930 190
1874940 190
1874950 190
1874960 190
1874970 190
1874980 190
1874990 189
1875000 189
1875010 189
1875020 189
1875030 189
1875040 189
1875050 189
1875060 189
1875070 188
1875080 187
1875090 187
1875100 187
1875110 186
1875120 186
1875130 186
1875140 187
1875150 187
1875160 187
1875170 187
1875180 187
1875190 187
1875200 187
1875210 187
1875220 186
1875230 186
1875240 186
1875250 186
1875260 186
1875270 186
1875280 186
1875290 185
1875300 185
1875310 185
1875320 185
1875330 185
1875340 184
1875350 184
1875360 184
1875370 184
1875380 184
1875390 184
1875400 183
1875410 183
1875420 183
1875430 183
1875440 183
1875450 183
1875460 182
1875470 182
1875480 182
1875490 182
1875500 182
1875510 182
1875520 181
1875530 181
1875540 181
1875550 181
1875560 181
1875570 180
1875580 180
1875590 180
1875600 180
1875610 179
1875620 179
1875630 179
1875640 179
1875650 179
1875660 179
1875670 178
1875680 178
1875690 178
1875700 178
1875710 178
1875720 178
1875730 178
1875740 178
1875750 177
1875760 177
1875770 177
1875780 177
1875790 177
1875800 177
1875810 177
1875820 177
1875830 177
1875840 177
1875850 176
1875860 176
1875870 176
1875880 176
1875890 176
1875900 175
1875910 175
1875920 175
1875930 175
1875940 175
1875950 175
1875960 175
1875970 175
1875980 175
1875990 174
1876000 174
1876010 174
1876020 174
1876030 174
1876040 174
1876050 174
1876060 174
1876070 174
1876080 174
1876090 174
1876100 174
1876110 173
1876120 173
1876130 173
1876140 173
1876150 173
1876160 173
1876170 173
1876180 173
1876190 173
1876200 173
1876210 173
1876220 173
1876230 172
1876240 172
1876250 172
1876260 172
1876270 172
1876280 172
1876290 172
1876300 172
1876310 172
1876320 172
1876330 172
1876340 172
1876350 172
1876360 172
1876370 172
1876380 172
1876390 172
1876400 172
1876410 172
1876420 172
1876430 171
1876440 171
1876450 171
1876460 171
1876470 171
1876480 171
1876490 171
1876500 171
1876510 171
1876520 171
1876530 171
1876540 171
1876550 171
1876560 171
1876570 171
1876580 171
1876590 171
1876600 170
1876610 170
1876620 170
1876630 170
1876640 170
1876650 170
1876660 170
1876670 170
1876680 170
1876690 170
1876700 170
1876710 170
1876720 170
1876730 170
1876740 170
1876750 170
1876760 169
1876770 169
1876780 169
1876790 169
1876800 169
1876810 169
1876820 169
1876830 169
1876840 169
1876850 168
1876860 168
1876870 168
1876880 168
1876890 168
1876900 168
1876910 168
1876920 168
1876930 168
1876940 168
1876950 168
1876960 168
1876970 168
1876980 168
1876990 168
1877000 168
1877010 168
1877020 168
1877030 168
1877040 168
1877050 168
1877060 168
1877070 168
1877080 168
1877090 168
1877100 168
1877110 168
1877120 167
1877130 167
1877140 167
1877150 167
1877160 167
1877170 168
1877180 168
1877190 168
1877200 168
1877210 168
1877220 168
1877230 168
1877240 168
1877250 168
1877260 168
1877270 168
1877280 168
1877290 167
1877300 167
1877310 167
1877320 167
1877330 167
1877340 167
1877350 167
1877360 167
1877370 166
1877380 166
1877390 166
1877400 166
1877410 165
1877420 165
1877430 165
1877440 165
1877450 165
1877460 165
1877470 165
1877480 165
1877490 164
1877500 164
1877510 164
1877520 164
1877530 164
1877540 164
1877550 164
1877560 164
1877570 164
1877580 163
1877590 163
1877600 163
1877610 163
1877620 163
1877630 163
1877640 163
1877650 163
1877660 163
1877670 164
1877680 164
1877690 164
1877700 164
1877710 164
1877720 164
1877730 164
1877740 164
1877750 164
1877760 164
1877770 164
1877780 164
1877790 164
1877800 164
1877810 164
1877820 164
1877830 164
1877840 164
1877850 164
1877860 164
1877870 164
1877880 163
1877890 163
1877900 163
1877910 163
1877920 163
1877930 163
1877940 163
1877950 163
1877960 163
1877970 163
1877980 163
1877990 163
1878000 163
1878010 163
1878020 163
1878030 163
1878040 163
1878050 163
1878060 163
1878070 163
1878080 163
1878090 163
1878100 163
1878110 163
1878120 163
1878130 163
1878140 162
1878150 162
1878160 162
1878170 162
1878180 162
1878190 162
1878200 162
1878210 162
1878220 163
1878230 163
1878240 163
1878250 163
1878260 163
1878270 163
1878280 163
1878290 163
1878300 163
1878310 163
1878320 163
1878330 163
1878340 163
1878350 163
1878360 163
1878370 163
1878380 163
1878390 163
1878400 163
1878410 163
1878420 163
1878430 163
1878440 163
1878450 163
1878460 163
1878470 163
1878480 163
1878490 163
1878500 163
1878510 163
1878520 163
1878530 163
1878540 163
1878550 163
1878560 163
1878570 163
1878580 163
1878590 163
1878600 163
1878610 163
1878620 163
1878630 163
1878640 162
1878650 162
1878660 162
1878670 162
1878680 162
1878690 162
1878700 162
1878710 162
1878720 162
1878730 162
1878740 162
1878750 162
1878760 162
1878770 161
1878780 161
1878790 161
1878800 161
1878810 161
1878820 161
1878830 161
1878840 161
1878850 161
1878860 161
1878870 161
1878880 161
1878890 161
1878900 161
1878910 161
1878920 161
1878930 161
1878940 161
1878950 161
1878960 161
1878970 161
1878980 161
1878990 162
1879000 162
1879010 162
1879020 162
1879030 162
1879040 162
1879050 162
1879060 162
1879070 162
1879080 162
1879090 162
1879100 162
1879110 162
1879120 162
1879130 162
1879140 162
1879150 162
1879160 162
1879170 162
1879180 162
1879190 162
1879200 162
1879210 162
1879220 162
1879230 162
1879240 162
1879250 162
1879260 162
1879270 162
1879280 162
1879290 162
1879300 162
1879310 162
1879320 162
1879330 162
1879340 162
1879350 162
1879360 162
1879370 162
1879380 162
1879390 162
1879400 162
1879410 162
1879420 162
1879430 162
1879440 162
1879450 162
1879460 162
1879470 162
1879480 161
1879490 161
1879500 161
1879510 161
1879520 161
1879530 161
1879540 161
1879550 161
1879560 161
1879570 161
1879580 161
1879590 161
1879600 161
1879610 161
1879620 161
1879630 161
1879640 161
1879650 161
1879660 161
1879670 161
1879680 161
1879690 161
1879700 161
1879710 161
1879720 161
1879730 161
1879740 161
1879750 161
1879760 161
1879770 161
1879780 161
1879790 161
1879800 161
1879810 161
1879820 161
1879830 161
1879840 161
1879850 161
1879860 161
1879870 161
1879880 161
1879890 161
1879900 161
1879910 161
1879920 161
1879930 161
1879940 161
1879950 161
1879960 161
1879970 161
1879980 161
1879990 161
1860000 187
1860010 187
1860020 187
1860030 187
1860040 187
1860050 187
1860060 187
1860070 187
1860080 187
1860090 188
1860100 188
1860110 188
1860120 188
1860130 188
1860140 188
1860150 189
1860160 189
1860170 189
1860180 189
1860190 189
1860200 190
1860210 190
1860220 191
1860230 191
1860240 191
1860250 192
1860260 193
1860270 193
1860280 193
1860290 194
1860300 194
1860310 194
1860320 194
1860330 194
1860340 194
1860350 194
1860360 194
1860370 194
1860380 194
1860390 194
1860400 194
1860410 194
1860420 194
1860430 194
1860440 194
1860450 194
1860460 194
1860470 193
1860480 193
1860490 193
1860500 193
1860510 193
1860520 193
1860530 192
1860540 192
1860550 194
1860560 194
1860570 194
1860580 193
1860590 193
1860600 193
1860610 195
1860620 195
1860630 195
1860640 194
1860650 194
1860660 194
1860670 194
1860680 195
1860690 195
1860700 193
1860710 191
1860720 191
1860730 191
1860740 193
1860750 193
1860760 195
1860770 195
1860780 195
1860790 195
1860800 195
1860810 195
1860820 194
1860830 194
1860840 194
1860850 193
1860860 193
1860870 193
1860880 193
1860890 193
1860900 193
1860910 193
1860920 193
1860930 192
1860940 192
1860950 192
1860960 192
1860970 192
1860980 192
1860990 192
1861000 192
1861010 192
1861020 192
1861030 192
1861040 192
1861050 192
1861060 192
1861070 192
1861080 192
1861090 193
1861100 193
1861110 193
1861120 193
1861130 193
1861140 193
1861150 193
1861160 193
1861170 193
1861180 193
1861190 193
1861200 193
1861210 193
1861220 193
1861230 193
1861240 193
1861250 193
1861260 193
1861270 193
1861280 193
1861290 193
1861300 193
1861310 193
1861320 193
1861330 192
1861340 192
1861350 192
1861360 192
1861370 192
1861380 192
1861390 192
1861400 192
1861410 192
1861420 192
1861430 192
1861440 192
1861450 192
1861460 192
1861470 192
1861480 192
1861490 192
1861500 192
1861510 192
1861520 192
1861530 192
1861540 192
1861550 192
1861560 192
1861570 192
1861580 192
1861590 192
1861600 192
1861610 192
1861620 192
1861630 192
1861640 191
1861650 191
1861660 191
1861670 191
1861680 191
1861690 191
1861700 191
1861710 191
1861720 191
1861730 191
1861740 191
1861750 191
1861760 191
1861770 191
1861780 191
1861790 191
1861800 191
1861810 191
1861820 191
1861830 191
1861840 191
1861850 191
1861860 191
1861870 191
1861880 191
1861890 191
1861900 191
1861910 191
1861920 191
1861930 191
1861940 191
1861950 191
1861960 191
1861970 190
1861980 190
1861990 190
1862000 190
1862010 190
1862020 190
1862030 190
1862040 190
1862050 189
1862060 189
1862070 189
1862080 188
1862090 189
1862100 189
1862110 189
1862120 189
1862130 189
1862140 189
1862150 190
1862160 190
1862170 190
1862180 190
1862190 190
1862200 190
1862210 190
1862220 190
1862230 190
1862240 190
1862250 190
1862260 190
1862270 190
1862280 190
1862290 190
1862300 190
1862310 190
1862320 190
1862330 190
1862340 190
1862350 190
1862360 189
1862370 189
1862380 189
1862390 189
1862400 189
1862410 189
1862420 189
1862430 189
1862440 189
1862450 189
1862460 189
1862470 189
1862480 189
1862490 189
1862500 189
1862510 189
1862520 189
1862530 189
1862540 189
1862550 189
1862560 189
1862570 188
1862580 188
1862590 189
1862600 189
1862610 189
1862620 189
1862630 189
1862640 189
1862650 189
1862660 189
1862670 189
1862680 189
1862690 189
1862700 189
1862710 189
1862720 189
1862730 189
1862740 189
1862750 189
1862760 189
1862770 189
1862780 189
1862790 187
1862800 187
1862810 187
1862820 188
1862830 189
1862840 189
1862850 190
1862860 190
1862870 190
1862880 190
1862890 190
1862900 190
1862910 190
1862920 190
1862930 190
1862940 190
1862950 191
1862960 191
1862970 191
1862980 191
1862990 191
1863000 191
1863010 191
1863020 191
1863030 191
1863040 191
1863050 191
1863060 191
1863070 191
1863080 191
1863090 190
1863100 189
1863110 189
1863120 188
1863130 187
1863140 187
1863150 186
1863160 185
1863170 185
1863180 185
1863190 185
1863200 185
1863210 185
1863220 185
1863230 185
1863240 185
1863250 185
1863260 186
1863270 187
1863280 187
1863290 191
1863300 192
1863310 192
1863320 195
1863330 197
1863340 197
1863350 198
1863360 199
1863370 199
1863380 200
1863390 200
1863400 200
1863410 201
1863420 201
1863430 201
1863440 201
1863450 202
1863460 202
1863470 202
1863480 202
1863490 202
1863500 202
1863510 202
1863520 202
1863530 202
1863540 202
1863550 202
1863560 203
1863570 203
1863580 203
1863590 203
1863600 203
1863610 203
1863620 203
1863630 203
1863640 203
1863650 203
1863660 203
1863670 203
1863680 203
1863690 203
1863700 203
1863710 203
1863720 203
1863730 203
1863740 203
1863750 203
1863760 203
1863770 203
1863780 203
1863790 203
1863800 203
1863810 203
1863820 203
1863830 203
1863840 203
1863850 204
1863860 204
1863870 204
1863880 204
1863890 204
1863900 204
1863910 205
1863920 205
1863930 205
1863940 205
1863950 206
1863960 206
1863970 206
1863980 207
1863990 207
1864000 207
1864010 208
1864020 208
1864030 208
1864040 208
1864050 208
1864060 208
1864070 208
1864080 208
1864090 208
1864100 208
1864110 208
1864120 208
1864130 208
1864140 208
1864150 208
1864160 208
1864170 208
1864180 209
1864190 209
1864200 209
1864210 209
1864220 209
1864230 209
1864240 209
1864250 209
1864260 209
1864270 209
1864280 210
1864290 210
1864300 210
1864310 210
1864320 210
1864330 210
1864340 210
1864350 210
1864360 210
1864370 210
1864380 210
1864390 211
1864400 211
1864410 211
1864420 211
1864430 211
1864440 211
1864450 211
1864460 211
1864470 211
1864480 211
1864490 211
1864500 211
1864510 211
1864520 211
1864530 211
1864540 211
1864550 211
1864560 212
1864570 212
1864580 212
1864590 212
1864600 212
1864610 212
1864620 212
1864630 212
1864640 212
1864650 212
1864660 212
1864670 212
1864680 212
1864690 212
1864700 212
1864710 211
1864720 211
1864730 211
1864740 211
1864750 211
1864760 211
1864770 211
1864780 211
1864790 211
1864800 211
1864810 211
1864820 211
1864830 211
1864840 211
1864850 211
1864860 211
1864870 211
1864880 211
1864890 211
1864900 212
1864910 212
1864920 212
1864930 211
1864940 211
1864950 212
1864960 212
1864970 212
1864980 212
1864990 212
1865000 212
1865010 212
1865020 212
1865030 212
1865040 211
1865050 211
1865060 211
1865070 211
1865080 211
1865090 211
1865100 211
1865110 211
1865120 211
1865130 210
1865140 210
1865150 210
1865160 210
1865170 210
1865180 210
1865190 210
1865200 210
1865210 209
1865220 209
1865230 209
1865240 209
1865250 208
1865260 208
1865270 208
1865280 208
1865290 208
1865300 207
1865310 207
1865320 207
1865330 206
1865340 206
1865350 206
1865360 206
1865370 205
1865380 205
1865390 204
1865400 204
1865410 204
1865420 203
1865430 203
1865440 203
1865450 202
1865460 202
1865470 202
1865480 201
1865490 201
1865500 201
1865510 201
1865520 200
1865530 200
1865540 200
1865550 200
1865560 200
1865570 200
1865580 200
1865590 200
1865600 200
1865610 199
1865620 199
1865630 199
1865640 199
1865650 198
1865660 198
1865670 198
1865680 197
1865690 196
1865700 196
1865710 195
1865720 194
1865730 193
1865740 192
1865750 192
1865760 192
1865770 192
1865780 191
1865790 191
1865800 191
1865810 191
1865820 191
1865830 191
1865840 191
1865850 191
1865860 191
1865870 191
1865880 191
1865890 192
1865900 192
1865910 192
1865920 192
1865930 193
1865940 193
1865950 193
1865960 193
1865970 193
1865980 193
1865990 193
1866000 193
1866010 194
1866020 194
1866030 194
1866040 194
1866050 194
1866060 194
1866070 194
1866080 195
1866090 195
1866100 195
1866110 196
1866120 196
1866130 197
1866140 197
1866150 197
1866160 198
1866170 199
1866180 199
1866190 202
1866200 204
1866210 204
1866220 205
1866230 207
1866240 207
1866250 208
1866260 208
1866270 209
1866280 210
1866290 210
1866300 211
1866310 212
1866320 212
1866330 213
1866340 214
1866350 214
1866360 215
1866370 216
1866380 216
1866390 217
1866400 218
1866410 219
1866420 219
1866430 220
1866440 220
1866450 221
1866460 221
1866470 221
1866480 222
1866490 222
1866500 222
1866510 223
1866520 223
1866530 223
1866540 223
1866550 224
1866560 224
1866570 224
1866580 224
1866590 224
1866600 224
1866610 224
1866620 224
1866630 224
1866640 224
1866650 224
1866660 224
1866670 223
1866680 223
1866690 223
1866700 223
1866710 223
1866720 222
1866730 222
1866740 222
1866750 222
1866760 221
1866770 221
1866780 221
1866790 221
1866800 221
1866810 221
1866820 221
1866830 221
1866840 221
1866850 221
1866860 221
1866870 221
1866880 221
1866890 220
1866900 220
1866910 220
1866920 220
1866930 220
1866940 220
1866950 220
1866960 221
1866970 221
1866980 221
1866990 222
1867000 222
1867010 223
1867020 223
1867030 223
1867040 224
1867050 225
1867060 225
1867070 225
1867080 226
1867090 226
1867100 226
1867110 226
1867120 226
1867130 226
1867140 226
1867150 226
1867160 225
1867170 225
1867180 225
1867190 225
1867200 224
1867210 224
1867220 224
1867230 224
1867240 224
1867250 224
1867260 224
1867270 224
1867280 224
1867290 224
1867300 224
1867310 225
1867320 225
1867330 225
1867340 225
1867350 226
1867360 226
1867370 226
1867380 227
1867390 227
1867400 227
1867410 228
1867420 228
1867430 228
1867440 229
1867450 229
1867460 229
1867470 229
1867480 230
1867490 230
1867500 230
1867510 230
1867520 231
1867530 231
1867540 231
1867550 231
1867560 231
1867570 231
1867580 231
1867590 231
1867600 231
1867610 231
1867620 231
1867630 231
1867640 230
1867650 230
1867660 230
1867670 229
1867680 229
1867690 229
1867700 229
1867710 229
1867720 228
1867730 228
1867740 228
1867750 228
1867760 228
1867770 228
1867780 226
1867790 226
1867800 226
1867810 225
1867820 225
1867830 225
1867840 224
1867850 224
1867860 224
1867870 223
1867880 222
1867890 222
1867900 222
1867910 221
1867920 221
1867930 221
1867940 220
1867950 220
1867960 220
1867970 219
1867980 219
1867990 219
1868000 218
1868010 218
1868020 218
1868030 218
1868040 218
1868050 218
1868060 218
1868070 218
1868080 219
1868090 219
1868100 219
1868110 219
1868120 218
1868130 218
1868140 218
1868150 218
1868160 218
1868170 218
1868180 218
1868190 217
1868200 215
1868210 215
1868220 214
1868230 213
1868240 213
1868250 211
1868260 210
1868270 210
1868280 208
1868290 207
1868300 207
1868310 206
1868320 204
1868330 204
1868340 203
1868350 202
1868360 202
1868370 201
1868380 201
1868390 201
1868400 201
1868410 200
1868420 200
1868430 200
1868440 201
1868450 201
1868460 201
1868470 201
1868480 201
1868490 202
1868500 202
1868510 202
1868520 202
1868530 202
1868540 202
1868550 203
1868560 204
1868570 204
1868580 204
1868590 205
1868600 205
1868610 206
1868620 206
1868630 206
1868640 207
1868650 207
1868660 207
1868670 208
1868680 208
1868690 208
1868700 208
1868710 208
1868720 209
1868730 209
1868740 209
1868750 210
1868760 210
1868770 210
1868780 212
1868790 213
1868800 213
1868810 215
1868820 216
1868830 216
1868840 217
1868850 219
1868860 219
1868870 220
1868880 221
1868890 221
1868900 223
1868910 225
1868920 225
1868930 227
1868940 229
1868950 229
1868960 231
1868970 233
1868980 233
1868990 234
1869000 236
1869010 236
1869020 236
1869030 236
1869040 236
1869050 236
1869060 234
1869070 234
1869080 233
1869090 230
1869100 230
1869110 230
1869120 230
1869130 230
1869140 232
1869150 234
1869160 234
1869170 236
1869180 237
1869190 237
1869200 238
1869210 237
1869220 237
1869230 236
1869240 235
1869250 235
1869260 234
1869270 234
1869280 234
1869290 234
1869300 234
1869310 235
1869320 236
1869330 236
1869340 237
1869350 238
1869360 238
1869370 240
1869380 241
1869390 241
1869400 242
1869410 245
1869420 245
1869430 246
1869440 247
1869450 247
1869460 247
1869470 248
1869480 250
1869490 250
1869500 252
1869510 252
1869520 254
1869530 257
1869540 257
1869550 258
1869560 258
1869570 258
1869580 259
1869590 261
1869600 261
1869610 264
1869620 265
1869630 265
1869640 263
1869650 258
1869660 258
1869670 257
1869680 257
1869690 257
1869700 259
1869710 264
1869720 264
1869730 267
1869740 266
1869750 266
1869760 266
1869770 266
1869780 266
1869790 266
1869800 266
1869810 266
1869820 267
1869830 267
1869840 267
1869850 267
1869860 266
1869870 266
1869880 265
1869890 265
1869900 264
1869910 263
1869920 263
1869930 260
1869940 258
1869950 258
1869960 257
1869970 257
1869980 257
1869990 257
1870000 256
1870010 256
1870020 255
1870030 254
1870040 254
1870050 253
1870060 252
1870070 252
1870080 252
1870090 251
1870100 251
1870110 250
1870120 250
1870130 250
1870140 250
1870150 250
1870160 250
1870170 250
1870180 250
1870190 250
1870200 250
1870210 250
1870220 250
1870230 250
1870240 250
1870250 250
1870260 250
1870270 251
1870280 251
1870290 251
1870300 251
1870310 251
1870320 251
1870330 252
1870340 252
1870350 252
1870360 252
1870370 252
1870380 252
1870390 252
1870400 252
1870410 253
1870420 253
1870430 253
1870440 254
1870450 255
1870460 255
1870470 255
1870480 256
1870490 256
1870500 257
1870510 257
1870520 257
1870530 258
1870540 258
1870550 259
1870560 260
1870570 260
1870580 260
1870590 260
1870600 260
1870610 260
1870620 261
1870630 261
1870640 261
1870650 261
1870660 261
1870670 262
1870680 262
1870690 262
1870700 262
1870710 262
1870720 262
1870730 262
1870740 262
1870750 262
1870760 262
1870770 262
1870780 262
1870790 262
1870800 261
1870810 261
1870820 261
1870830 261
1870840 261
1870850 261
1870860 260
1870870 260
1870880 260
1870890 260
1870900 260
1870910 260
1870920 260
1870930 260
1870940 260
1870950 260
1870960 260
1870970 260
1870980 260
1870990 260
1871000 260
1871010 259
1871020 259
1871030 259
1871040 259
1871050 259
1871060 259
1871070 259
1871080 259
1871090 259
1871100 259
1871110 258
1871120 258
1871130 258
1871140 258
1871150 258
1871160 258
1871170 257
1871180 256
1871190 256
1871200 256
1871210 256
1871220 256
1871230 256
1871240 256
1871250 256
1871260 256
1871270 254
1871280 254
1871290 254
1871300 253
1871310 253
1871320 253
1871330 252
1871340 252
1871350 252
1871360 251
1871370 251
1871380 251
1871390 250
1871400 250
1871410 249
1871420 249
1871430 249
1871440 249
1871450 249
1871460 249
1871470 249
1871480 249
1871490 249
1871500 249
1871510 248
1871520 248
1871530 247
1871540 247
1871550 247
1871560 247
1871570 246
1871580 246
1871590 246
1871600 245
1871610 245
1871620 245
1871630 244
1871640 244
1871650 244
1871660 243
1871670 243
1871680 243
1871690 243
1871700 243
1871710 242
1871720 242
1871730 242
1871740 242
1871750 242
1871760 241
1871770 241
1871780 241
1871790 240
1871800 240
1871810 240
1871820 240
1871830 239
1871840 239
1871850 239
1871860 238
1871870 238
1871880 237
1871890 237
1871900 237
1871910 236
1871920 236
1871930 236
1871940 235
1871950 235
1871960 235
1871970 234
1871980 234
1871990 234
1872000 234
1872010 233
1872020 233
1872030 233
1872040 232
1872050 232
1872060 232
1872070 232
1872080 232
1872090 231
1872100 231
1872110 231
1872120 230
1872130 230
1872140 230
1872150 230
1872160 229
1872170 229
1872180 229
1872190 228
1872200 228
1872210 228
1872220 228
1872230 228
1872240 228
1872250 227
1872260 227
1872270 227
1872280 227
1872290 227
1872300 226
1872310 226
1872320 226
1872330 226
1872340 226
1872350 226
1872360 226
1872370 226
1872380 225
1872390 225
1872400 225
1872410 225
1872420 225
1872430 225
1872440 225
1872450 224
1872460 224
1872470 224
1872480 224
1872490 224
1872500 224
1872510 223
1872520 223
1872530 223
1872540 223
1872550 223
1872560 223
1872570 222
1872580 222
1872590 222
1872600 222
1872610 222
1872620 222
1872630 222
1872640 222
1872650 221
1872660 221
1872670 221
1872680 221
1872690 221
1872700 221
1872710 221
1872720 221
1872730 221
1872740 220
1872750 220
1872760 220
1872770 220
1872780 220
1872790 220
1872800 220
1872810 219
1872820 219
1872830 219
1872840 219
1872850 219
1872860 219
1872870 219
1872880 219
1872890 218
1872900 218
1872910 218
1872920 218
1872930 218
1872940 218
1872950 217
1872960 217
1872970 217
1872980 217
1872990 217
1873000 217
1873010 216
1873020 216
1873030 216
1873040 216
1873050 216
1873060 216
1873070 216
1873080 216
1873090 216
1873100 215
1873110 215
1873120 215
1873130 215
1873140 215
1873150 215
1873160 214
1873170 214
1873180 214
1873190 214
1873200 214
1873210 214
1873220 213
1873230 213
1873240 213
1873250 213
1873260 213
1873270 213
1873280 212
1873290 212
1873300 212
1873310 212
1873320 212
1873330 212
1873340 211
1873350 211
1873360 211
1873370 211
1873380 211
1873390 211
1873400 210
1873410 210
1873420 210
1873430 210
1873440 210
1873450 210
1873460 210
1873470 210
1873480 209
1873490 209
1873500 209
1873510 209
1873520 209
1873530 209
1873540 209
1873550 209
1873560 208
1873570 208
1873580 208
1873590 208
1873600 208
1873610 208
1873620 208
1873630 208
1873640 208
1873650 207
1873660 207
1873670 207
1873680 207
1873690 207
1873700 207
1873710 207
1873720 206
1873730 206
1873740 206
1873750 206
1873760 206
1873770 206
1873780 205
1873790 205
1873800 205
1873810 205
1873820 205
1873830 205
1873840 205
1873850 205
1873860 204
1873870 204
1873880 204
1873890 204
1873900 204
1873910 204
1873920 203
1873930 203
1873940 203
1873950 203
1873960 203
1873970 203
1873980 203
1873990 203
1874000 203
1874010 203
1874020 203
1874030 203
1874040 202
1874050 202
1874060 202
1874070 202
1874080 202
1874090 202
1874100 202
1874110 202
1874120 202
1874130 202
1874140 202
1874150 202
1874160 202
1874170 202
1874180 202
1874190 201
1874200 201
1874210 201
1874220 201
1874230 201
1874240 201
1874250 201
1874260 201
1874270 200
1874280 200
1874290 200
1874300 200
1874310 200
1874320 200
1874330 199
1874340 199
1874350 199
1874360 199
1874370 199
1874380 199
1874390 198
1874400 198
1874410 198
1874420 198
1874430 198
1874440 198
1874450 198
1874460 198
1874470 198
1874480 197
1874490 197
1874500 197
1874510 197
1874520 197
1874530 197
1874540 197
1874550 196
1874560 196
1874570 196
1874580 196
1874590 196
1874600 196
1874610 195
1874620 195
1874630 195
1874640 195
1874650 195
1874660 195
1874670 195
1874680 195
1874690 194
1874700 194
1874710 194
1874720 194
1874730 194
1874740 194
1874750 193
1874760 193
1874770 193
1874780 193
1874790 193
1874800 193
1874810 192
1874820 192
1874830 192
1874840 192
1874850 192
1874860 191
1874870 191
1874880 191
1874890 191
1874900 191
1874910 191
1874920 191
1874930 190
1874940 190
1874950 190
1874960 190
1874970 190
1874980 190
1874990 189
1875000 189
1875010 189
1875020 189
1875030 189
1875040 189
1875050 189
1875060 189
1875070 188
1875080 187
1875090 187
1875100 187
1875110 186
1875120 186
1875130 186
1875140 187
1875150 187
1875160 187
1875170 187
1875180 187
1875190 187
1875200 187
1875210 187
1875220 186
1875230 186
1875240 186
1875250 186
1875260 186
1875270 186
1875280 186
1875290 185
1875300 185
1875310 185
1875320 185
1875330 185
1875340 184
1875350 184
1875360 184
1875370 184
1875380 184
1875390 184
1875400 183
1875410 183
1875420 183
1875430 183
1875440 183
1875450 183
1875460 182
1875470 182
1875480 182
1875490 182
1875500 182
1875510 182
1875520 181
1875530 181
1875540 181
1875550 181
1875560 181
1875570 180
1875580 180
1875590 180
1875600 180
1875610 179
1875620 179
1875630 179
1875640 179
1875650 179
1875660 179
1875670 178
1875680 178
1875690 178
1875700 178
1875710 178
1875720 178
1875730 178
1875740 178
1875750 177
1875760 177
1875770 177
1875780 177
1875790 177
1875800 177
1875810 177
1875820 177
1875830 177
1875840 177
1875850 176
1875860 176
1875870 176
1875880 176
1875890 176
1875900 175
1875910 175
1875920 175
1875930 175
1875940 175
1875950 175
1875960 175
1875970 175
1875980 175
1875990 174
1876000 174
1876010 174
1876020 174
1876030 174
1876040 174
1876050 174
1876060 174
1876070 174
1876080 174
1876090 174
1876100 174
1876110 173
1876120 173
1876130 173
1876140 173
1876150 173
1876160 173
1876170 173
1876180 173
1876190 173
1876200 173
1876210 173
1876220 173
1876230 172
1876240 172
1876250 172
1876260 172
1876270 172
1876280 172
1876290 172
1876300 172
1876310 172
1876320 172
1876330 172
1876340 172
1876350 172
1876360 172
1876370 172
1876380 172
1876390 172
1876400 172
1876410 172
1876420 172
1876430 171
1876440 171
1876450 171
1876460 171
1876470 171
1876480 171
1876490 171
1876500 171
1876510 171
1876520 171
1876530 171
1876540 171
1876550 171
1876560 171
1876570 171
1876580 171
1876590 171
1876600 170
1876610 170
1876620 170
1876630 170
1876640 170
1876650 170
1876660 170
1876670 170
1876680 170
1876690 170
1876700 170
1876710 170
1876720 170
1876730 170
1876740 170
1876750 170
1876760 169
1876770 169
1876780 169
1876790 169
1876800 169
1876810 169
1876820 169
1876830 169
1876840 169
1876850 168
1876860 168
1876870 168
1876880 168
1876890 168
1876900 168
1876910 168
1876920 168
1876930 168
1876940 168
1876950 168
1876960 168
1876970 168
1876980 168
1876990 168
1877000 168
1877010 168
1877020 168
1877030 168
1877040 168
1877050 168
1877060 168
1877070 168
1877080 168
1877090 168
1877100 168
1877110 168
1877120 167
1877130 167
1877140 167
1877150 167
1877160 167
1877170 168
1877180 168
1877190 168
1877200 168
1877210 168
1877220 168
1877230 168
1877240 168
1877250 168
1877260 168
1877270 168
1877280 168
1877290 167
1877300 167
1877310 167
1877320 167
1877330 167
1877340 167
1877350 167
1877360 167
1877370 166
1877380 166
1877390 166
1877400 166
1877410 165
1877420 165
1877430 165
1877440 165
1877450 165
1877460 165
1877470 165
1877480 165
1877490 164
1877500 164
1877510 164
1877520 164
1877530 164
1877540 164
1877550 164
1877560 164
1877570 164
1877580 163
1877590 163
1877600 163
1877610 163
1877620 163
1877630 163
1877640 163
1877650 163
1877660 163
1877670 164
1877680 164
1877690 164
1877700 164
1877710 164
1877720 164
1877730 164
1877740 164
1877750 164
1877760 164
1877770 164
1877780 164
1877790 164
1877800 164
1877810 164
1877820 164
1877830 164
1877840 164
1877850 164
1877860 164
1877870 164
1877880 163
1877890 163
1877900 163
1877910 163
1877920 163
1877930 163
1877940 163
1877950 163
1877960 163
1877970 163
1877980 163
1877990 163
1878000 163
1878010 163
1878020 163
1878030 163
1878040 163
1878050 163
1878060 163
1878070 163
1878080 163
1878090 163
1878100 163
1878110 163
1878120 163
1878130 163
1878140 162
1878150 162
1878160 162
1878170 162
1878180 162
1878190 162
1878200 162
1878210 162
1878220 163
1878230 163
1878240 163
1878250 163
1878260 163
1878270 163
1878280 163
1878290 163
1878300 163
1878310 163
1878320 163
1878330 163
1878340 163
1878350 163
1878360 163
1878370 163
1878380 163
1878390 163
1878400 163
1878410 163
1878420 163
1878430 163
1878440 163
1878450 163
1878460 163
1878470 163
1878480 163
1878490 163
1878500 163
1878510 163
1878520 163
1878530 163
1878540 163
1878550 163
1878560 163
1878570 163
1878580 163
1878590 163
1878600 163
1878610 163
1878620 163
1878630 163
1878640 162
1878650 162
1878660 162
1878670 162
1878680 162
1878690 162
1878700 162
1878710 162
1878720 162
1878730 162
1878740 162
1878750 162
1878760 162
1878770 161
1878780 161
1878790 161
1878800 161
1878810 161
1878820 161
1878830 161
1878840 161
1878850 161
1878860 161
1878870 161
1878880 161
1878890 161
1878900 161
1878910 161
1878920 161
1878930 161
1878940 161
1878950 161
1878960 161
1878970 161
1878980 161
1878990 162
1879000 162
1879010 162
1879020 162
1879030 162
1879040 162
1879050 162
1879060 162
1879070 162
1879080 162
1879090 162
1879100 162
1879110 162
1879120 162
1879130 162
1879140 162
1879150 162
1879160 162
1879170 162
1879180 162
1879190 162
1879200 162
1879210 162
1879220 162
1879230 162
1879240 162
1879250 162
1879260 162
1879270 162
1879280 162
1879290 162
1879300 162
1879310 162
1879320 162
1879330 162
1879340 162
1879350 162
1879360 162
1879370 162
1879380 162
1879390 162
1879400 162
1879410 162
1879420 162
1879430 162
1879440 162
1879450 162
1879460 162
1879470 162
1879480 161
1879490 161
1879500 161
1879510 161
1879520 161
1879530 161
1879540 161
1879550 161
1879560 161
1879570 161
1879580 161
1879590 161
1879600 161
1879610 161
1879620 161
1879630 161
1879640 161
1879650 161
1879660 161
1879670 161
1879680 161
1879690 161
1879700 161
1879710 161
1879720 161
1879730 161
1879740 161
1879750 161
1879760 161
1879770 161
1879780 161
1879790 161
1879800 161
1879810 161
1879820 161
1879830 161
1879840 161
1879850 161
1879860 161
1879870 161
1879880 161
1879890 161
1879900 161
1879910 161
1879920 161
1879930 161
1879940 161
1879950 161
1879960 161
1879970 161
1879980 161
1879990 161
