1860000 203
1860010 203
1860020 203
1860030 203
1860040 204
1860050 205
1860060 205
1860070 205
1860080 206
1860090 206
1860100 207
1860110 207
1860120 207
1860130 208
1860140 208
1860150 208
1860160 208
1860170 208
1860180 209
1860190 208
1860200 208
1860210 208
1860220 208
1860230 207
1860240 207
1860250 207
1860260 207
1860270 207
1860280 206
1860290 206
1860300 206
1860310 206
1860320 206
1860330 206
1860340 205
1860350 205
1860360 205
1860370 205
1860380 205
1860390 205
1860400 205
1860410 205
1860420 205
1860430 205
1860440 204
1860450 204
1860460 204
1860470 204
1860480 204
1860490 204
1860500 204
1860510 204
1860520 203
1860530 204
1860540 204
1860550 203
1860560 203
1860570 203
1860580 203
1860590 203
1860600 203
1860610 203
1860620 203
1860630 203
1860640 203
1860650 203
1860660 202
1860670 202
1860680 202
1860690 202
1860700 202
1860710 202
1860720 202
1860730 202
1860740 202
1860750 202
1860760 202
1860770 202
1860780 202
1860790 201
1860800 201
1860810 201
1860820 201
1860830 201
1860840 202
1860850 202
1860860 202
1860870 202
1860880 202
1860890 202
1860900 202
1860910 202
1860920 202
1860930 202
1860940 202
1860950 202
1860960 202
1860970 202
1860980 202
1860990 202
1861000 202
1861010 202
1861020 202
1861030 202
1861040 202
1861050 202
1861060 202
1861070 202
1861080 202
1861090 202
1861100 202
1861110 202
1861120 202
1861130 202
1861140 201
1861150 201
1861160 201
1861170 201
1861180 201
1861190 201
1861200 201
1861210 201
1861220 201
1861230 201
1861240 201
1861250 201
1861260 201
1861270 201
1861280 201
1861290 201
1861300 201
1861310 201
1861320 201
1861330 201
1861340 201
1861350 200
1861360 200
1861370 200
1861380 200
1861390 200
1861400 200
1861410 200
1861420 200
1861430 200
1861440 200
1861450 200
1861460 199
1861470 199
1861480 199
1861490 199
1861500 199
1861510 199
1861520 199
1861530 199
1861540 199
1861550 199
1861560 198
1861570 199
1861580 199
1861590 198
1861600 198
1861610 198
1861620 198
1861630 198
1861640 198
1861650 198
1861660 198
1861670 198
1861680 198
1861690 198
1861700 197
1861710 197
1861720 197
1861730 196
1861740 196
1861750 196
1861760 195
1861770 195
1861780 195
1861790 196
1861800 196
1861810 196
1861820 196
1861830 196
1861840 196
1861850 196
1861860 196
1861870 196
1861880 196
1861890 196
1861900 196
1861910 196
1861920 196
1861930 196
1861940 196
1861950 196
1861960 195
1861970 195
1861980 195
1861990 195
1862000 195
1862010 195
1862020 195
1862030 194
1862040 194
1862050 194
1862060 194
1862070 194
1862080 194
1862090 194
1862100 194
1862110 194
1862120 194
1862130 194
1862140 194
1862150 194
1862160 194
1862170 194
1862180 194
1862190 194
1862200 194
1862210 194
1862220 194
1862230 194
1862240 194
1862250 194
1862260 194
1862270 194
1862280 194
1862290 194
1862300 194
1862310 194
1862320 194
1862330 194
1862340 194
1862350 194
1862360 194
1862370 194
1862380 194
1862390 195
1862400 195
1862410 195
1862420 195
1862430 195
1862440 195
1862450 195
1862460 195
1862470 195
1862480 195
1862490 195
1862500 196
1862510 196
1862520 196
1862530 196
1862540 196
1862550 196
1862560 196
1862570 196
1862580 196
1862590 197
1862600 197
1862610 197
1862620 197
1862630 197
1862640 198
1862650 198
1862660 198
1862670 198
1862680 198
1862690 198
1862700 198
1862710 198
1862720 198
1862730 198
1862740 198
1862750 198
1862760 198
1862770 198
1862780 198
1862790 199
1862800 199
1862810 199
1862820 199
1862830 199
1862840 199
1862850 199
1862860 199
1862870 199
1862880 198
1862890 198
1862900 198
1862910 198
1862920 196
1862930 196
1862940 195
1862950 195
1862960 195
1862970 194
1862980 194
1862990 194
1863000 194
1863010 192
1863020 192
1863030 192
1863040 192
1863050 192
1863060 192
1863070 192
1863080 193
1863090 193
1863100 193
1863110 194
1863120 195
1863130 195
1863140 196
1863150 196
1863160 196
1863170 196
1863180 196
1863190 196
1863200 195
1863210 196
1863220 196
1863230 196
1863240 196
1863250 196
1863260 196
1863270 196
1863280 196
1863290 195
1863300 196
1863310 196
1863320 195
1863330 194
1863340 194
1863350 193
1863360 192
1863370 192
1863380 191
1863390 190
1863400 190
1863410 190
1863420 191
1863430 191
1863440 192
1863450 193
1863460 193
1863470 196
1863480 198
1863490 198
1863500 200
1863510 203
1863520 203
1863530 204
1863540 205
1863550 205
1863560 206
1863570 206
1863580 206
1863590 206
1863600 207
1863610 207
1863620 207
1863630 207
1863640 207
1863650 206
1863660 206
1863670 206
1863680 206
1863690 206
1863700 206
1863710 206
1863720 206
1863730 206
1863740 206
1863750 206
1863760 206
1863770 206
1863780 206
1863790 207
1863800 207
1863810 207
1863820 207
1863830 207
1863840 207
1863850 208
1863860 208
1863870 208
1863880 208
1863890 208
1863900 208
1863910 208
1863920 208
1863930 208
1863940 208
1863950 208
1863960 208
1863970 208
1863980 208
1863990 208
1864000 208
1864010 208
1864020 208
1864030 208
1864040 208
1864050 208
1864060 208
1864070 209
1864080 209
1864090 209
1864100 209
1864110 209
1864120 209
1864130 209
1864140 209
1864150 209
1864160 209
1864170 209
1864180 210
1864190 210
1864200 210
1864210 210
1864220 210
1864230 210
1864240 210
1864250 210
1864260 210
1864270 210
1864280 210
1864290 210
1864300 210
1864310 210
1864320 210
1864330 209
1864340 209
1864350 209
1864360 209
1864370 209
1864380 209
1864390 209
1864400 209
1864410 209
1864420 209
1864430 209
1864440 209
1864450 209
1864460 209
1864470 209
1864480 209
1864490 209
1864500 209
1864510 209
1864520 209
1864530 208
1864540 208
1864550 208
1864560 207
1864570 207
1864580 207
1864590 206
1864600 205
1864610 205
1864620 205
1864630 204
1864640 204
1864650 204
1864660 203
1864670 203
1864680 202
1864690 202
1864700 202
1864710 201
1864720 200
1864730 200
1864740 199
1864750 198
1864760 198
1864770 197
1864780 197
1864790 197
1864800 197
1864810 196
1864820 196
1864830 196
1864840 196
1864850 196
1864860 196
1864870 196
1864880 195
1864890 195
1864900 195
1864910 196
1864920 196
1864930 196
1864940 197
1864950 198
1864960 198
1864970 198
1864980 198
1864990 198
1865000 199
1865010 199
1865020 199
1865030 199
1865040 199
1865050 199
1865060 200
1865070 201
1865080 201
1865090 201
1865100 202
1865110 202
1865120 202
1865130 202
1865140 202
1865150 202
1865160 202
1865170 202
1865180 202
1865190 201
1865200 201
1865210 201
1865220 200
1865230 200
1865240 200
1865250 199
1865260 199
1865270 199
1865280 199
1865290 199
1865300 199
1865310 199
1865320 199
1865330 198
1865340 198
1865350 198
1865360 197
1865370 195
1865380 195
1865390 195
1865400 194
1865410 194
1865420 193
1865430 192
1865440 192
1865450 192
1865460 192
1865470 192
1865480 191
1865490 191
1865500 190
1865510 189
1865520 189
1865530 189
1865540 188
1865550 188
1865560 188
1865570 188
1865580 188
1865590 188
1865600 188
1865610 188
1865620 188
1865630 188
1865640 188
1865650 188
1865660 188
1865670 188
1865680 189
1865690 191
1865700 191
1865710 194
1865720 197
1865730 197
1865740 199
1865750 200
1865760 200
1865770 202
1865780 203
1865790 203
1865800 204
1865810 205
1865820 205
1865830 206
1865840 206
1865850 206
1865860 207
1865870 208
1865880 208
1865890 208
1865900 209
1865910 209
1865920 209
1865930 210
1865940 210
1865950 210
1865960 211
1865970 211
1865980 211
1865990 212
1866000 212
1866010 213
1866020 213
1866030 213
1866040 214
1866050 214
1866060 215
1866070 216
1866080 216
1866090 216
1866100 217
1866110 217
1866120 217
1866130 218
1866140 218
1866150 219
1866160 219
1866170 219
1866180 220
1866190 220
1866200 220
1866210 221
1866220 221
1866230 221
1866240 222
1866250 222
1866260 222
1866270 223
1866280 223
1866290 223
1866300 223
1866310 224
1866320 224
1866330 224
1866340 224
1866350 224
1866360 225
1866370 225
1866380 225
1866390 225
1866400 226
1866410 226
1866420 226
1866430 227
1866440 227
1866450 227
1866460 227
1866470 227
1866480 227
1866490 227
1866500 227
1866510 227
1866520 227
1866530 227
1866540 227
1866550 227
1866560 227
1866570 227
1866580 227
1866590 227
1866600 227
1866610 227
1866620 227
1866630 227
1866640 226
1866650 226
1866660 226
1866670 226
1866680 226
1866690 226
1866700 226
1866710 226
1866720 226
1866730 226
1866740 225
1866750 225
1866760 225
1866770 225
1866780 225
1866790 225
1866800 225
1866810 225
1866820 225
1866830 225
1866840 225
1866850 225
1866860 225
1866870 224
1866880 224
1866890 224
1866900 223
1866910 223
1866920 222
1866930 220
1866940 220
1866950 217
1866960 215
1866970 215
1866980 213
1866990 211
1867000 211
1867010 210
1867020 209
1867030 209
1867040 207
1867050 206
1867060 206
1867070 205
1867080 205
1867090 205
1867100 205
1867110 204
1867120 204
1867130 203
1867140 202
1867150 202
1867160 202
1867170 201
1867180 201
1867190 201
1867200 201
1867210 201
1867220 201
1867230 203
1867240 203
1867250 204
1867260 204
1867270 207
1867280 209
1867290 209
1867300 210
1867310 211
1867320 211
1867330 213
1867340 216
1867350 216
1867360 218
1867370 219
1867380 219
1867390 220
1867400 221
1867410 221
1867420 222
1867430 222
1867440 222
1867450 222
1867460 222
1867470 222
1867480 222
1867490 221
1867500 221
1867510 221
1867520 221
1867530 221
1867540 220
1867550 220
1867560 220
1867570 219
1867580 219
1867590 219
1867600 219
1867610 218
1867620 218
1867630 218
1867640 217
1867650 217
1867660 217
1867670 217
1867680 217
1867690 216
1867700 216
1867710 216
1867720 216
1867730 215
1867740 215
1867750 215
1867760 214
1867770 214
1867780 214
1867790 213
1867800 213
1867810 213
1867820 212
1867830 212
1867840 212
1867850 212
1867860 212
1867870 211
1867880 211
1867890 211
1867900 211
1867910 211
1867920 210
1867930 210
1867940 210
1867950 210
1867960 209
1867970 209
1867980 208
1867990 208
1868000 208
1868010 207
1868020 207
1868030 207
1868040 206
1868050 206
1868060 206
1868070 205
1868080 205
1868090 205
1868100 204
1868110 204
1868120 204
1868130 203
1868140 203
1868150 203
1868160 203
1868170 203
1868180 203
1868190 203
1868200 202
1868210 202
1868220 202
1868230 201
1868240 201
1868250 201
1868260 200
1868270 200
1868280 200
1868290 199
1868300 199
1868310 199
1868320 199
1868330 199
1868340 198
1868350 198
1868360 198
1868370 199
1868380 198
1868390 198
1868400 199
1868410 199
1868420 199
1868430 199
1868440 200
1868450 200
1868460 200
1868470 200
1868480 200
1868490 200
1868500 200
1868510 201
1868520 201
1868530 201
1868540 202
1868550 202
1868560 202
1868570 202
1868580 202
1868590 202
1868600 203
1868610 203
1868620 203
1868630 204
1868640 205
1868650 205
1868660 207
1868670 208
1868680 208
1868690 209
1868700 211
1868710 211
1868720 212
1868730 213
1868740 213
1868750 214
1868760 216
1868770 216
1868780 217
1868790 220
1868800 220
1868810 218
1868820 216
1868830 216
1868840 215
1868850 216
1868860 216
1868870 216
1868880 218
1868890 218
1868900 219
1868910 221
1868920 221
1868930 224
1868940 227
1868950 227
1868960 230
1868970 232
1868980 232
1868990 235
1869000 238
1869010 238
1869020 240
1869030 244
1869040 244
1869050 248
1869060 255
1869070 255
1869080 259
1869090 259
1869100 262
1869110 263
1869120 263
1869130 265
1869140 266
1869150 266
1869160 267
1869170 267
1869180 267
1869190 268
1869200 268
1869210 268
1869220 268
1869230 269
1869240 269
1869250 269
1869260 269
1869270 269
1869280 269
1869290 269
1869300 269
1869310 269
1869320 270
1869330 270
1869340 269
1869350 269
1869360 269
1869370 269
1869380 269
1869390 269
1869400 270
1869410 269
1869420 269
1869430 269
1869440 269
1869450 269
1869460 269
1869470 268
1869480 268
1869490 267
1869500 267
1869510 267
1869520 266
1869530 266
1869540 266
1869550 265
1869560 264
1869570 264
1869580 263
1869590 262
1869600 262
1869610 261
1869620 259
1869630 259
1869640 257
1869650 255
1869660 255
1869670 253
1869680 253
1869690 251
1869700 250
1869710 250
1869720 248
1869730 246
1869740 246
1869750 244
1869760 242
1869770 242
1869780 241
1869790 239
1869800 239
1869810 238
1869820 236
1869830 236
1869840 235
1869850 234
1869860 234
1869870 233
1869880 232
1869890 232
1869900 231
1869910 231
1869920 231
1869930 231
1869940 232
1869950 232
1869960 232
1869970 233
1869980 233
1869990 234
1870000 236
1870010 236
1870020 238
1870030 241
1870040 241
1870050 243
1870060 245
1870070 245
1870080 246
1870090 247
1870100 247
1870110 248
1870120 248
1870130 248
1870140 249
1870150 249
1870160 249
1870170 249
1870180 250
1870190 250
1870200 251
1870210 251
1870220 251
1870230 252
1870240 252
1870250 252
1870260 252
1870270 252
1870280 253
1870290 253
1870300 253
1870310 253
1870320 253
1870330 253
1870340 253
1870350 253
1870360 253
1870370 253
1870380 254
1870390 254
1870400 254
1870410 254
1870420 254
1870430 254
1870440 252
1870450 252
1870460 253
1870470 254
1870480 254
1870490 253
1870500 253
1870510 253
1870520 253
1870530 252
1870540 252
1870550 252
1870560 252
1870570 252
1870580 252
1870590 252
1870600 252
1870610 251
1870620 251
1870630 251
1870640 251
1870650 251
1870660 251
1870670 251
1870680 251
1870690 251
1870700 251
1870710 251
1870720 251
1870730 251
1870740 251
1870750 251
1870760 251
1870770 251
1870780 251
1870790 250
1870800 251
1870810 251
1870820 250
1870830 250
1870840 250
1870850 250
1870860 249
1870870 249
1870880 249
1870890 249
1870900 248
1870910 248
1870920 248
1870930 247
1870940 247
1870950 247
1870960 247
1870970 246
1870980 246
1870990 246
1871000 245
1871010 245
1871020 244
1871030 244
1871040 244
1871050 243
1871060 242
1871070 242
1871080 241
1871090 241
1871100 241
1871110 240
1871120 239
1871130 239
1871140 239
1871150 238
1871160 238
1871170 238
1871180 237
1871190 237
1871200 237
1871210 237
1871220 237
1871230 237
1871240 237
1871250 237
1871260 237
1871270 237
1871280 237
1871290 237
1871300 236
1871310 236
1871320 236
1871330 236
1871340 236
1871350 235
1871360 235
1871370 235
1871380 234
1871390 234
1871400 234
1871410 234
1871420 233
1871430 233
1871440 233
1871450 233
1871460 233
1871470 233
1871480 233
1871490 232
1871500 232
1871510 232
1871520 232
1871530 232
1871540 232
1871550 233
1871560 233
1871570 233
1871580 233
1871590 233
1871600 233
1871610 233
1871620 233
1871630 233
1871640 233
1871650 233
1871660 233
1871670 233
1871680 232
1871690 232
1871700 232
1871710 232
1871720 232
1871730 232
1871740 232
1871750 232
1871760 232
1871770 231
1871780 231
1871790 231
1871800 231
1871810 231
1871820 230
1871830 230
1871840 230
1871850 229
1871860 229
1871870 229
1871880 229
1871890 228
1871900 228
1871910 228
1871920 228
1871930 228
1871940 227
1871950 227
1871960 227
1871970 227
1871980 227
1871990 227
1872000 227
1872010 227
1872020 227
1872030 227
1872040 226
1872050 226
1872060 226
1872070 226
1872080 226
1872090 226
1872100 226
1872110 226
1872120 226
1872130 226
1872140 226
1872150 226
1872160 226
1872170 225
1872180 225
1872190 225
1872200 225
1872210 225
1872220 225
1872230 225
1872240 225
1872250 225
1872260 225
1872270 225
1872280 225
1872290 224
1872300 224
1872310 224
1872320 224
1872330 224
1872340 224
1872350 224
1872360 223
1872370 223
1872380 223
1872390 223
1872400 223
1872410 223
1872420 222
1872430 222
1872440 222
1872450 222
1872460 222
1872470 222
1872480 221
1872490 221
1872500 221
1872510 220
1872520 220
1872530 220
1872540 220
1872550 220
1872560 220
1872570 219
1872580 219
1872590 219
1872600 219
1872610 219
1872620 219
1872630 219
1872640 219
1872650 218
1872660 218
1872670 218
1872680 218
1872690 218
1872700 218
1872710 218
1872720 218
1872730 217
1872740 217
1872750 217
1872760 217
1872770 217
1872780 217
1872790 217
1872800 216
1872810 216
1872820 216
1872830 216
1872840 216
1872850 216
1872860 215
1872870 215
1872880 215
1872890 215
1872900 215
1872910 214
1872920 214
1872930 214
1872940 214
1872950 214
1872960 214
1872970 214
1872980 214
1872990 214
1873000 214
1873010 214
1873020 214
1873030 214
1873040 214
1873050 214
1873060 213
1873070 213
1873080 213
1873090 213
1873100 213
1873110 213
1873120 213
1873130 212
1873140 212
1873150 212
1873160 211
1873170 211
1873180 212
1873190 211
1873200 211
1873210 211
1873220 211
1873230 211
1873240 211
1873250 211
1873260 211
1873270 211
1873280 211
1873290 210
1873300 210
1873310 210
1873320 210
1873330 210
1873340 210
1873350 210
1873360 210
1873370 210
1873380 209
1873390 209
1873400 209
1873410 209
1873420 209
1873430 209
1873440 209
1873450 208
1873460 208
1873470 208
1873480 208
1873490 208
1873500 208
1873510 208
1873520 207
1873530 207
1873540 207
1873550 207
1873560 207
1873570 207
1873580 207
1873590 207
1873600 206
1873610 206
1873620 206
1873630 206
1873640 206
1873650 206
1873660 206
1873670 206
1873680 206
1873690 206
1873700 206
1873710 205
1873720 205
1873730 205
1873740 205
1873750 205
1873760 205
1873770 205
1873780 204
1873790 204
1873800 204
1873810 204
1873820 204
1873830 204
1873840 204
1873850 204
1873860 204
1873870 203
1873880 203
1873890 203
1873900 203
1873910 203
1873920 203
1873930 203
1873940 203
1873950 202
1873960 202
1873970 202
1873980 202
1873990 202
1874000 202
1874010 201
1874020 201
1874030 201
1874040 201
1874050 201
1874060 200
1874070 200
1874080 200
1874090 200
1874100 200
1874110 200
1874120 200
1874130 199
1874140 199
1874150 199
1874160 199
1874170 199
1874180 199
1874190 198
1874200 198
1874210 198
1874220 198
1874230 198
1874240 198
1874250 198
1874260 198
1874270 197
1874280 197
1874290 197
1874300 197
1874310 197
1874320 197
1874330 196
1874340 196
1874350 196
1874360 196
1874370 196
1874380 196
1874390 195
1874400 195
1874410 195
1874420 194
1874430 194
1874440 194
1874450 194
1874460 194
1874470 194
1874480 193
1874490 193
1874500 193
1874510 193
1874520 193
1874530 193
1874540 192
1874550 192
1874560 192
1874570 192
1874580 192
1874590 191
1874600 191
1874610 191
1874620 191
1874630 191
1874640 191
1874650 190
1874660 190
1874670 190
1874680 190
1874690 190
1874700 190
1874710 189
1874720 189
1874730 189
1874740 189
1874750 189
1874760 189
1874770 188
1874780 188
1874790 188
1874800 188
1874810 188
1874820 188
1874830 187
1874840 187
1874850 187
1874860 187
1874870 186
1874880 186
1874890 186
1874900 186
1874910 186
1874920 185
1874930 185
1874940 185
1874950 185
1874960 184
1874970 184
1874980 184
1874990 184
1875000 184
1875010 183
1875020 183
1875030 183
1875040 183
1875050 183
1875060 183
1875070 182
1875080 182
1875090 182
1875100 182
1875110 182
1875120 182
1875130 181
1875140 181
1875150 181
1875160 181
1875170 181
1875180 180
1875190 180
1875200 180
1875210 180
1875220 180
1875230 180
1875240 180
1875250 179
1875260 179
1875270 179
1875280 179
1875290 179
1875300 179
1875310 179
1875320 179
1875330 178
1875340 178
1875350 178
1875360 178
1875370 178
1875380 178
1875390 178
1875400 178
1875410 178
1875420 178
1875430 178
1875440 178
1875450 178
1875460 177
1875470 177
1875480 177
1875490 177
1875500 177
1875510 177
1875520 177
1875530 176
1875540 176
1875550 176
1875560 176
1875570 176
1875580 176
1875590 176
1875600 175
1875610 175
1875620 175
1875630 175
1875640 175
1875650 175
1875660 175
1875670 175
1875680 175
1875690 175
1875700 175
1875710 174
1875720 174
1875730 174
1875740 174
1875750 174
1875760 174
1875770 174
1875780 174
1875790 174
1875800 174
1875810 174
1875820 174
1875830 174
1875840 174
1875850 174
1875860 174
1875870 173
1875880 173
1875890 173
1875900 173
1875910 173
1875920 173
1875930 173
1875940 173
1875950 173
1875960 173
1875970 173
1875980 173
1875990 173
1876000 173
1876010 172
1876020 172
1876030 172
1876040 172
1876050 172
1876060 172
1876070 172
1876080 172
1876090 172
1876100 172
1876110 171
1876120 171
1876130 171
1876140 171
1876150 171
1876160 171
1876170 171
1876180 171
1876190 171
1876200 171
1876210 171
1876220 171
1876230 170
1876240 170
1876250 170
1876260 170
1876270 170
1876280 170
1876290 170
1876300 170
1876310 170
1876320 170
1876330 170
1876340 170
1876350 170
1876360 170
1876370 170
1876380 170
1876390 170
1876400 170
1876410 170
1876420 170
1876430 170
1876440 170
1876450 170
1876460 170
1876470 170
1876480 170
1876490 170
1876500 170
1876510 170
1876520 170
1876530 170
1876540 170
1876550 170
1876560 170
1876570 169
1876580 169
1876590 169
1876600 169
1876610 169
1876620 169
1876630 169
1876640 169
1876650 169
1876660 169
1876670 168
1876680 168
1876690 168
1876700 168
1876710 168
1876720 167
1876730 167
1876740 167
1876750 167
1876760 167
1876770 167
1876780 167
1876790 167
1876800 167
1876810 166
1876820 166
1876830 166
1876840 166
1876850 166
1876860 166
1876870 166
1876880 166
1876890 166
1876900 166
1876910 166
1876920 166
1876930 166
1876940 166
1876950 166
1876960 166
1876970 166
1876980 166
1876990 166
1877000 166
1877010 166
1877020 166
1877030 166
1877040 166
1877050 166
1877060 166
1877070 166
1877080 166
1877090 166
1877100 166
1877110 166
1877120 166
1877130 166
1877140 166
1877150 166
1877160 166
1877170 166
1877180 166
1877190 166
1877200 166
1877210 166
1877220 166
1877230 166
1877240 166
1877250 166
1877260 166
1877270 166
1877280 166
1877290 166
1877300 166
1877310 166
1877320 166
1877330 166
1877340 166
1877350 166
1877360 166
1877370 166
1877380 166
1877390 166
1877400 166
1877410 166
1877420 166
1877430 166
1877440 166
1877450 166
1877460 166
1877470 165
1877480 165
1877490 165
1877500 165
1877510 165
1877520 165
1877530 165
1877540 165
1877550 165
1877560 165
1877570 165
1877580 165
1877590 165
1877600 165
1877610 165
1877620 165
1877630 165
1877640 165
1877650 165
1877660 165
1877670 164
1877680 164
1877690 164
1877700 164
1877710 164
1877720 164
1877730 164
1877740 164
1877750 164
1877760 164
1877770 164
1877780 164
1877790 164
1877800 164
1877810 164
1877820 164
1877830 164
1877840 164
1877850 164
1877860 164
1877870 164
1877880 164
1877890 164
1877900 164
1877910 164
1877920 164
1877930 164
1877940 164
1877950 164
1877960 164
1877970 164
1877980 164
1877990 164
1878000 164
1878010 164
1878020 164
1878030 164
1878040 164
1878050 164
1878060 164
1878070 164
1878080 164
1878090 164
1878100 164
1878110 164
1878120 164
1878130 164
1878140 164
1878150 164
1878160 164
1878170 164
1878180 164
1878190 164
1878200 164
1878210 164
1878220 164
1878230 163
1878240 163
1878250 163
1878260 163
1878270 163
1878280 163
1878290 163
1878300 163
1878310 163
1878320 163
1878330 163
1878340 163
1878350 163
1878360 163
1878370 162
1878380 162
1878390 162
1878400 162
1878410 162
1878420 162
1878430 162
1878440 162
1878450 162
1878460 162
1878470 162
1878480 162
1878490 162
1878500 162
1878510 162
1878520 162
1878530 163
1878540 163
1878550 162
1878560 162
1878570 162
1878580 162
1878590 162
1878600 162
1878610 162
1878620 162
1878630 162
1878640 162
1878650 162
1878660 162
1878670 163
1878680 163
1878690 163
1878700 163
1878710 163
1878720 163
1878730 163
1878740 163
1878750 163
1878760 163
1878770 163
1878780 163
1878790 163
1878800 163
1878810 163
1878820 163
1878830 163
1878840 163
1878850 163
1878860 163
1878870 163
1878880 163
1878890 163
1878900 163
1878910 163
1878920 163
1878930 163
1878940 163
1878950 163
1878960 163
1878970 163
1878980 163
1878990 163
1879000 163
1879010 163
1879020 163
1879030 163
1879040 163
1879050 163
1879060 163
1879070 163
1879080 163
1879090 162
1879100 162
1879110 162
1879120 162
1879130 162
1879140 162
1879150 162
1879160 162
1879170 162
1879180 162
1879190 162
1879200 162
1879210 162
1879220 162
1879230 162
1879240 162
1879250 162
1879260 162
1879270 162
1879280 162
1879290 162
1879300 162
1879310 162
1879320 162
1879330 162
1879340 162
1879350 162
1879360 162
1879370 162
1879380 162
1879390 162
1879400 162
1879410 162
1879420 162
1879430 162
1879440 162
1879450 162
1879460 162
1879470 162
1879480 162
1879490 162
1879500 162
1879510 162
1879520 162
1879530 162
1879540 162
1879550 162
1879560 162
1879570 162
1879580 162
1879590 162
1879600 162
1879610 162
1879620 162
1879630 162
1879640 162
1879650 162
1879660 162
1879670 162
1879680 162
1879690 162
1879700 162
1879710 162
1879720 162
1879730 162
1879740 162
1879750 162
1879760 162
1879770 162
1879780 162
1879790 161
1879800 161
1879810 161
1879820 161
1879830 161
1879840 161
1879850 161
1879860 161
1879870 161
1879880 161
1879890 161
1879900 161
1879910 161
1879920 161
1879930 161
1879940 161
1879950 161
1879960 161
1879970 161
1879980 161
1879990 160
1860000 203
1860010 203
1860020 203
1860030 203
1860040 204
1860050 205
1860060 205
1860070 205
1860080 206
1860090 206
1860100 207
1860110 207
1860120 207
1860130 208
1860140 208
1860150 208
1860160 208
1860170 208
1860180 209
1860190 208
1860200 208
1860210 208
1860220 208
1860230 207
1860240 207
1860250 207
1860260 207
1860270 207
1860280 206
1860290 206
1860300 206
1860310 206
1860320 206
1860330 206
1860340 205
1860350 205
1860360 205
1860370 205
1860380 205
1860390 205
1860400 205
1860410 205
1860420 205
1860430 205
1860440 204
1860450 204
1860460 204
1860470 204
1860480 204
1860490 204
1860500 204
1860510 204
1860520 203
1860530 204
1860540 204
1860550 203
1860560 203
1860570 203
1860580 203
1860590 203
1860600 203
1860610 203
1860620 203
1860630 203
1860640 203
1860650 203
1860660 202
1860670 202
1860680 202
1860690 202
1860700 202
1860710 202
1860720 202
1860730 202
1860740 202
1860750 202
1860760 202
1860770 202
1860780 202
1860790 201
1860800 201
1860810 201
1860820 201
1860830 201
1860840 202
1860850 202
1860860 202
1860870 202
1860880 202
1860890 202
1860900 202
1860910 202
1860920 202
1860930 202
1860940 202
1860950 202
1860960 202
1860970 202
1860980 202
1860990 202
1861000 202
1861010 202
1861020 202
1861030 202
1861040 202
1861050 202
1861060 202
1861070 202
1861080 202
1861090 202
1861100 202
1861110 202
1861120 202
1861130 202
1861140 201
1861150 201
1861160 201
1861170 201
1861180 201
1861190 201
1861200 201
1861210 201
1861220 201
1861230 201
1861240 201
1861250 201
1861260 201
1861270 201
1861280 201
1861290 201
1861300 201
1861310 201
1861320 201
1861330 201
1861340 201
1861350 200
1861360 200
1861370 200
1861380 200
1861390 200
1861400 200
1861410 200
1861420 200
1861430 200
1861440 200
1861450 200
1861460 199
1861470 199
1861480 199
1861490 199
1861500 199
1861510 199
1861520 199
1861530 199
1861540 199
1861550 199
1861560 198
1861570 199
1861580 199
1861590 198
1861600 198
1861610 198
1861620 198
1861630 198
1861640 198
1861650 198
1861660 198
1861670 198
1861680 198
1861690 198
1861700 197
1861710 197
1861720 197
1861730 196
1861740 196
1861750 196
1861760 195
1861770 195
1861780 195
1861790 196
1861800 196
1861810 196
1861820 196
1861830 196
1861840 196
1861850 196
1861860 196
1861870 196
1861880 196
1861890 196
1861900 196
1861910 196
1861920 196
1861930 196
1861940 196
1861950 196
1861960 195
1861970 195
1861980 195
1861990 195
1862000 195
1862010 195
1862020 195
1862030 194
1862040 194
1862050 194
1862060 194
1862070 194
1862080 194
1862090 194
1862100 194
1862110 194
1862120 194
1862130 194
1862140 194
1862150 194
1862160 194
1862170 194
1862180 194
1862190 194
1862200 194
1862210 194
1862220 194
1862230 194
1862240 194
1862250 194
1862260 194
1862270 194
1862280 194
1862290 194
1862300 194
1862310 194
1862320 194
1862330 194
1862340 194
1862350 194
1862360 194
1862370 194
1862380 194
1862390 195
1862400 195
1862410 195
1862420 195
1862430 195
1862440 195
1862450 195
1862460 195
1862470 195
1862480 195
1862490 195
1862500 196
1862510 196
1862520 196
1862530 196
1862540 196
1862550 196
1862560 196
1862570 196
1862580 196
1862590 197
1862600 197
1862610 197
1862620 197
1862630 197
1862640 198
1862650 198
1862660 198
1862670 198
1862680 198
1862690 198
1862700 198
1862710 198
1862720 198
1862730 198
1862740 198
1862750 198
1862760 198
1862770 198
1862780 198
1862790 199
1862800 199
1862810 199
1862820 199
1862830 199
1862840 199
1862850 199
1862860 199
1862870 199
1862880 198
1862890 198
1862900 198
1862910 198
1862920 196
1862930 196
1862940 195
1862950 195
1862960 195
1862970 194
1862980 194
1862990 194
1863000 194
1863010 192
1863020 192
1863030 192
1863040 192
1863050 192
1863060 192
1863070 192
1863080 193
1863090 193
1863100 193
1863110 194
1863120 195
1863130 195
1863140 196
1863150 196
1863160 196
1863170 196
1863180 196
1863190 196
1863200 195
1863210 196
1863220 196
1863230 196
1863240 196
1863250 196
1863260 196
1863270 196
1863280 196
1863290 195
1863300 196
1863310 196
1863320 195
1863330 194
1863340 194
1863350 193
1863360 192
1863370 192
1863380 191
1863390 190
1863400 190
1863410 190
1863420 191
1863430 191
1863440 192
1863450 193
1863460 193
1863470 196
1863480 198
1863490 198
1863500 200
1863510 203
1863520 203
1863530 204
1863540 205
1863550 205
1863560 206
1863570 206
1863580 206
1863590 206
1863600 207
1863610 207
1863620 207
1863630 207
1863640 207
1863650 206
1863660 206
1863670 206
1863680 206
1863690 206
1863700 206
1863710 206
1863720 206
1863730 206
1863740 206
1863750 206
1863760 206
1863770 206
1863780 206
1863790 207
1863800 207
1863810 207
1863820 207
1863830 207
1863840 207
1863850 208
1863860 208
1863870 208
1863880 208
1863890 208
1863900 208
1863910 208
1863920 208
1863930 208
1863940 208
1863950 208
1863960 208
1863970 208
1863980 208
1863990 208
1864000 208
1864010 208
1864020 208
1864030 208
1864040 208
1864050 208
1864060 208
1864070 209
1864080 209
1864090 209
1864100 209
1864110 209
1864120 209
1864130 209
1864140 209
1864150 209
1864160 209
1864170 209
1864180 210
1864190 210
1864200 210
1864210 210
1864220 210
1864230 210
1864240 210
1864250 210
1864260 210
1864270 210
1864280 210
1864290 210
1864300 210
1864310 210
1864320 210
1864330 209
1864340 209
1864350 209
1864360 209
1864370 209
1864380 209
1864390 209
1864400 209
1864410 209
1864420 209
1864430 209
1864440 209
1864450 209
1864460 209
1864470 209
1864480 209
1864490 209
1864500 209
1864510 209
1864520 209
1864530 208
1864540 208
1864550 208
1864560 207
1864570 207
1864580 207
1864590 206
1864600 205
1864610 205
1864620 205
1864630 204
1864640 204
1864650 204
1864660 203
1864670 203
1864680 202
1864690 202
1864700 202
1864710 201
1864720 200
1864730 200
1864740 199
1864750 198
1864760 198
1864770 197
1864780 197
1864790 197
1864800 197
1864810 196
1864820 196
1864830 196
1864840 196
1864850 196
1864860 196
1864870 196
1864880 195
1864890 195
1864900 195
1864910 196
1864920 196
1864930 196
1864940 197
1864950 198
1864960 198
1864970 198
1864980 198
1864990 198
1865000 199
1865010 199
1865020 199
1865030 199
1865040 199
1865050 199
1865060 200
1865070 201
1865080 201
1865090 201
1865100 202
1865110 202
1865120 202
1865130 202
1865140 202
1865150 202
1865160 202
1865170 202
1865180 202
1865190 201
1865200 201
1865210 201
1865220 200
1865230 200
1865240 200
1865250 199
1865260 199
1865270 199
1865280 199
1865290 199
1865300 199
1865310 199
1865320 199
1865330 198
1865340 198
1865350 198
1865360 197
1865370 195
1865380 195
1865390 195
1865400 194
1865410 194
1865420 193
1865430 192
1865440 192
1865450 192
1865460 192
1865470 192
1865480 191
1865490 191
1865500 190
1865510 189
1865520 189
1865530 189
1865540 188
1865550 188
1865560 188
1865570 188
1865580 188
1865590 188
1865600 188
1865610 188
1865620 188
1865630 188
1865640 188
1865650 188
1865660 188
1865670 188
1865680 189
1865690 191
1865700 191
1865710 194
1865720 197
1865730 197
1865740 199
1865750 200
1865760 200
1865770 202
1865780 203
1865790 203
1865800 204
1865810 205
1865820 205
1865830 206
1865840 206
1865850 206
1865860 207
1865870 208
1865880 208
1865890 208
1865900 209
1865910 209
1865920 209
1865930 210
1865940 210
1865950 210
1865960 211
1865970 211
1865980 211
1865990 212
1866000 212
1866010 213
1866020 213
1866030 213
1866040 214
1866050 214
1866060 215
1866070 216
1866080 216
1866090 216
1866100 217
1866110 217
1866120 217
1866130 218
1866140 218
1866150 219
1866160 219
1866170 219
1866180 220
1866190 220
1866200 220
1866210 221
1866220 221
1866230 221
1866240 222
1866250 222
1866260 222
1866270 223
1866280 223
1866290 223
1866300 223
1866310 224
1866320 224
1866330 224
1866340 224
1866350 224
1866360 225
1866370 225
1866380 225
1866390 225
1866400 226
1866410 226
1866420 226
1866430 227
1866440 227
1866450 227
1866460 227
1866470 227
1866480 227
1866490 227
1866500 227
1866510 227
1866520 227
1866530 227
1866540 227
1866550 227
1866560 227
1866570 227
1866580 227
1866590 227
1866600 227
1866610 227
1866620 227
1866630 227
1866640 226
1866650 226
1866660 226
1866670 226
1866680 226
1866690 226
1866700 226
1866710 226
1866720 226
1866730 226
1866740 225
1866750 225
1866760 225
1866770 225
1866780 225
1866790 225
1866800 225
1866810 225
1866820 225
1866830 225
1866840 225
1866850 225
1866860 225
1866870 224
1866880 224
1866890 224
1866900 223
1866910 223
1866920 222
1866930 220
1866940 220
1866950 217
1866960 215
1866970 215
1866980 213
1866990 211
1867000 211
1867010 210
1867020 209
1867030 209
1867040 207
1867050 206
1867060 206
1867070 205
1867080 205
1867090 205
1867100 205
1867110 204
1867120 204
1867130 203
1867140 202
1867150 202
1867160 202
1867170 201
1867180 201
1867190 201
1867200 201
1867210 201
1867220 201
1867230 203
1867240 203
1867250 204
1867260 204
1867270 207
1867280 209
1867290 209
1867300 210
1867310 211
1867320 211
1867330 213
1867340 216
1867350 216
1867360 218
1867370 219
1867380 219
1867390 220
1867400 221
1867410 221
1867420 222
1867430 222
1867440 222
1867450 222
1867460 222
1867470 222
1867480 222
1867490 221
1867500 221
1867510 221
1867520 221
1867530 221
1867540 220
1867550 220
1867560 220
1867570 219
1867580 219
1867590 219
1867600 219
1867610 218
1867620 218
1867630 218
1867640 217
1867650 217
1867660 217
1867670 217
1867680 217
1867690 216
1867700 216
1867710 216
1867720 216
1867730 215
1867740 215
1867750 215
1867760 214
1867770 214
1867780 214
1867790 213
1867800 213
1867810 213
1867820 212
1867830 212
1867840 212
1867850 212
1867860 212
1867870 211
1867880 211
1867890 211
1867900 211
1867910 211
1867920 210
1867930 210
1867940 210
1867950 210
1867960 209
1867970 209
1867980 208
1867990 208
1868000 208
1868010 207
1868020 207
1868030 207
1868040 206
1868050 206
1868060 206
1868070 205
1868080 205
1868090 205
1868100 204
1868110 204
1868120 204
1868130 203
1868140 203
1868150 203
1868160 203
1868170 203
1868180 203
1868190 203
1868200 202
1868210 202
1868220 202
1868230 201
1868240 201
1868250 201
1868260 200
1868270 200
1868280 200
1868290 199
1868300 199
1868310 199
1868320 199
1868330 199
1868340 198
1868350 198
1868360 198
1868370 199
1868380 198
1868390 198
1868400 199
1868410 199
1868420 199
1868430 199
1868440 200
1868450 200
1868460 200
1868470 200
1868480 200
1868490 200
1868500 200
1868510 201
1868520 201
1868530 201
1868540 202
1868550 202
1868560 202
1868570 202
1868580 202
1868590 202
1868600 203
1868610 203
1868620 203
1868630 204
1868640 205
1868650 205
1868660 207
1868670 208
1868680 208
1868690 209
1868700 211
1868710 211
1868720 212
1868730 213
1868740 213
1868750 214
1868760 216
1868770 216
1868780 217
1868790 220
1868800 220
1868810 218
1868820 216
1868830 216
1868840 215
1868850 216
1868860 216
1868870 216
1868880 218
1868890 218
1868900 219
1868910 221
1868920 221
1868930 224
1868940 227
1868950 227
1868960 230
1868970 232
1868980 232
1868990 235
1869000 238
1869010 238
1869020 240
1869030 244
1869040 244
1869050 248
1869060 255
1869070 255
1869080 259
1869090 259
1869100 262
1869110 263
1869120 263
1869130 265
1869140 266
1869150 266
1869160 267
1869170 267
1869180 267
1869190 268
1869200 268
1869210 268
1869220 268
1869230 269
1869240 269
1869250 269
1869260 269
1869270 269
1869280 269
1869290 269
1869300 269
1869310 269
1869320 270
1869330 270
1869340 269
1869350 269
1869360 269
1869370 269
1869380 269
1869390 269
1869400 270
1869410 269
1869420 269
1869430 269
1869440 269
1869450 269
1869460 269
1869470 268
1869480 268
1869490 267
1869500 267
1869510 267
1869520 266
1869530 266
1869540 266
1869550 265
1869560 264
1869570 264
1869580 263
1869590 262
1869600 262
1869610 261
1869620 259
1869630 259
1869640 257
1869650 255
1869660 255
1869670 253
1869680 253
1869690 251
1869700 250
1869710 250
1869720 248
1869730 246
1869740 246
1869750 244
1869760 242
1869770 242
1869780 241
1869790 239
1869800 239
1869810 238
1869820 236
1869830 236
1869840 235
1869850 234
1869860 234
1869870 233
1869880 232
1869890 232
1869900 231
1869910 231
1869920 231
1869930 231
1869940 232
1869950 232
1869960 232
1869970 233
1869980 233
1869990 234
1870000 236
1870010 236
1870020 238
1870030 241
1870040 241
1870050 243
1870060 245
1870070 245
1870080 246
1870090 247
1870100 247
1870110 248
1870120 248
1870130 248
1870140 249
1870150 249
1870160 249
1870170 249
1870180 250
1870190 250
1870200 251
1870210 251
1870220 251
1870230 252
1870240 252
1870250 252
1870260 252
1870270 252
1870280 253
1870290 253
1870300 253
1870310 253
1870320 253
1870330 253
1870340 253
1870350 253
1870360 253
1870370 253
1870380 254
1870390 254
1870400 254
1870410 254
1870420 254
1870430 254
1870440 252
1870450 252
1870460 253
1870470 254
1870480 254
1870490 253
1870500 253
1870510 253
1870520 253
1870530 252
1870540 252
1870550 252
1870560 252
1870570 252
1870580 252
1870590 252
1870600 252
1870610 251
1870620 251
1870630 251
1870640 251
1870650 251
1870660 251
1870670 251
1870680 251
1870690 251
1870700 251
1870710 251
1870720 251
1870730 251
1870740 251
1870750 251
1870760 251
1870770 251
1870780 251
1870790 250
1870800 251
1870810 251
1870820 250
1870830 250
1870840 250
1870850 250
1870860 249
1870870 249
1870880 249
1870890 249
1870900 248
1870910 248
1870920 248
1870930 247
1870940 247
1870950 247
1870960 247
1870970 246
1870980 246
1870990 246
1871000 245
1871010 245
1871020 244
1871030 244
1871040 244
1871050 243
1871060 242
1871070 242
1871080 241
1871090 241
1871100 241
1871110 240
1871120 239
1871130 239
1871140 239
1871150 238
1871160 238
1871170 238
1871180 237
1871190 237
1871200 237
1871210 237
1871220 237
1871230 237
1871240 237
1871250 237
1871260 237
1871270 237
1871280 237
1871290 237
1871300 236
1871310 236
1871320 236
1871330 236
1871340 236
1871350 235
1871360 235
1871370 235
1871380 234
1871390 234
1871400 234
1871410 234
1871420 233
1871430 233
1871440 233
1871450 233
1871460 233
1871470 233
1871480 233
1871490 232
1871500 232
1871510 232
1871520 232
1871530 232
1871540 232
1871550 233
1871560 233
1871570 233
1871580 233
1871590 233
1871600 233
1871610 233
1871620 233
1871630 233
1871640 233
1871650 233
1871660 233
1871670 233
1871680 232
1871690 232
1871700 232
1871710 232
1871720 232
1871730 232
1871740 232
1871750 232
1871760 232
1871770 231
1871780 231
1871790 231
1871800 231
1871810 231
1871820 230
1871830 230
1871840 230
1871850 229
1871860 229
1871870 229
1871880 229
1871890 228
1871900 228
1871910 228
1871920 228
1871930 228
1871940 227
1871950 227
1871960 227
1871970 227
1871980 227
1871990 227
1872000 227
1872010 227
1872020 227
1872030 227
1872040 226
1872050 226
1872060 226
1872070 226
1872080 226
1872090 226
1872100 226
1872110 226
1872120 226
1872130 226
1872140 226
1872150 226
1872160 226
1872170 225
1872180 225
1872190 225
1872200 225
1872210 225
1872220 225
1872230 225
1872240 225
1872250 225
1872260 225
1872270 225
1872280 225
1872290 224
1872300 224
1872310 224
1872320 224
1872330 224
1872340 224
1872350 224
1872360 223
1872370 223
1872380 223
1872390 223
1872400 223
1872410 223
1872420 222
1872430 222
1872440 222
1872450 222
1872460 222
1872470 222
1872480 221
1872490 221
1872500 221
1872510 220
1872520 220
1872530 220
1872540 220
1872550 220
1872560 220
1872570 219
1872580 219
1872590 219
1872600 219
1872610 219
1872620 219
1872630 219
1872640 219
1872650 218
1872660 218
1872670 218
1872680 218
1872690 218
1872700 218
1872710 218
1872720 218
1872730 217
1872740 217
1872750 217
1872760 217
1872770 217
1872780 217
1872790 217
1872800 216
1872810 216
1872820 216
1872830 216
1872840 216
1872850 216
1872860 215
1872870 215
1872880 215
1872890 215
1872900 215
1872910 214
1872920 214
1872930 214
1872940 214
1872950 214
1872960 214
1872970 214
1872980 214
1872990 214
1873000 214
1873010 214
1873020 214
1873030 214
1873040 214
1873050 214
1873060 213
1873070 213
1873080 213
1873090 213
1873100 213
1873110 213
1873120 213
1873130 212
1873140 212
1873150 212
1873160 211
1873170 211
1873180 212
1873190 211
1873200 211
1873210 211
1873220 211
1873230 211
1873240 211
1873250 211
1873260 211
1873270 211
1873280 211
1873290 210
1873300 210
1873310 210
1873320 210
1873330 210
1873340 210
1873350 210
1873360 210
1873370 210
1873380 209
1873390 209
1873400 209
1873410 209
1873420 209
1873430 209
1873440 209
1873450 208
1873460 208
1873470 208
1873480 208
1873490 208
1873500 208
1873510 208
1873520 207
1873530 207
1873540 207
1873550 207
1873560 207
1873570 207
1873580 207
1873590 207
1873600 206
1873610 206
1873620 206
1873630 206
1873640 206
1873650 206
1873660 206
1873670 206
1873680 206
1873690 206
1873700 206
1873710 205
1873720 205
1873730 205
1873740 205
1873750 205
1873760 205
1873770 205
1873780 204
1873790 204
1873800 204
1873810 204
1873820 204
1873830 204
1873840 204
1873850 204
1873860 204
1873870 203
1873880 203
1873890 203
1873900 203
1873910 203
1873920 203
1873930 203
1873940 203
1873950 202
1873960 202
1873970 202
1873980 202
1873990 202
1874000 202
1874010 201
1874020 201
1874030 201
1874040 201
1874050 201
1874060 200
1874070 200
1874080 200
1874090 200
1874100 200
1874110 200
1874120 200
1874130 199
1874140 199
1874150 199
1874160 199
1874170 199
1874180 199
1874190 198
1874200 198
1874210 198
1874220 198
1874230 198
1874240 198
1874250 198
1874260 198
1874270 197
1874280 197
1874290 197
1874300 197
1874310 197
1874320 197
1874330 196
1874340 196
1874350 196
1874360 196
1874370 196
1874380 196
1874390 195
1874400 195
1874410 195
1874420 194
1874430 194
1874440 194
1874450 194
1874460 194
1874470 194
1874480 193
1874490 193
1874500 193
1874510 193
1874520 193
1874530 193
1874540 192
1874550 192
1874560 192
1874570 192
1874580 192
1874590 191
1874600 191
1874610 191
1874620 191
1874630 191
1874640 191
1874650 190
1874660 190
1874670 190
1874680 190
1874690 190
1874700 190
1874710 189
1874720 189
1874730 189
1874740 189
1874750 189
1874760 189
1874770 188
1874780 188
1874790 188
1874800 188
1874810 188
1874820 188
1874830 187
1874840 187
1874850 187
1874860 187
1874870 186
1874880 186
1874890 186
1874900 186
1874910 186
1874920 185
1874930 185
1874940 185
1874950 185
1874960 184
1874970 184
1874980 184
1874990 184
1875000 184
1875010 183
1875020 183
1875030 183
1875040 183
1875050 183
1875060 183
1875070 182
1875080 182
1875090 182
1875100 182
1875110 182
1875120 182
1875130 181
1875140 181
1875150 181
1875160 181
1875170 181
1875180 180
1875190 180
1875200 180
1875210 180
1875220 180
1875230 180
1875240 180
1875250 179
1875260 179
1875270 179
1875280 179
1875290 179
1875300 179
1875310 179
1875320 179
1875330 178
1875340 178
1875350 178
1875360 178
1875370 178
1875380 178
1875390 178
1875400 178
1875410 178
1875420 178
1875430 178
1875440 178
1875450 178
1875460 177
1875470 177
1875480 177
1875490 177
1875500 177
1875510 177
1875520 177
1875530 176
1875540 176
1875550 176
1875560 176
1875570 176
1875580 176
1875590 176
1875600 175
1875610 175
1875620 175
1875630 175
1875640 175
1875650 175
1875660 175
1875670 175
1875680 175
1875690 175
1875700 175
1875710 174
1875720 174
1875730 174
1875740 174
1875750 174
1875760 174
1875770 174
1875780 174
1875790 174
1875800 174
1875810 174
1875820 174
1875830 174
1875840 174
1875850 174
1875860 174
1875870 173
1875880 173
1875890 173
1875900 173
1875910 173
1875920 173
1875930 173
1875940 173
1875950 173
1875960 173
1875970 173
1875980 173
1875990 173
1876000 173
1876010 172
1876020 172
1876030 172
1876040 172
1876050 172
1876060 172
1876070 172
1876080 172
1876090 172
1876100 172
1876110 171
1876120 171
1876130 171
1876140 171
1876150 171
1876160 171
1876170 171
1876180 171
1876190 171
1876200 171
1876210 171
1876220 171
1876230 170
1876240 170
1876250 170
1876260 170
1876270 170
1876280 170
1876290 170
1876300 170
1876310 170
1876320 170
1876330 170
1876340 170
1876350 170
1876360 170
1876370 170
1876380 170
1876390 170
1876400 170
1876410 170
1876420 170
1876430 170
1876440 170
1876450 170
1876460 170
1876470 170
1876480 170
1876490 170
1876500 170
1876510 170
1876520 170
1876530 170
1876540 170
1876550 170
1876560 170
1876570 169
1876580 169
1876590 169
1876600 169
1876610 169
1876620 169
1876630 169
1876640 169
1876650 169
1876660 169
1876670 168
1876680 168
1876690 168
1876700 168
1876710 168
1876720 167
1876730 167
1876740 167
1876750 167
1876760 167
1876770 167
1876780 167
1876790 167
1876800 167
1876810 166
1876820 166
1876830 166
1876840 166
1876850 166
1876860 166
1876870 166
1876880 166
1876890 166
1876900 166
1876910 166
1876920 166
1876930 166
1876940 166
1876950 166
1876960 166
1876970 166
1876980 166
1876990 166
1877000 166
1877010 166
1877020 166
1877030 166
1877040 166
1877050 166
1877060 166
1877070 166
1877080 166
1877090 166
1877100 166
1877110 166
1877120 166
1877130 166
1877140 166
1877150 166
1877160 166
1877170 166
1877180 166
1877190 166
1877200 166
1877210 166
1877220 166
1877230 166
1877240 166
1877250 166
1877260 166
1877270 166
1877280 166
1877290 166
1877300 166
1877310 166
1877320 166
1877330 166
1877340 166
1877350 166
1877360 166
1877370 166
1877380 166
1877390 166
1877400 166
1877410 166
1877420 166
1877430 166
1877440 166
1877450 166
1877460 166
1877470 165
1877480 165
1877490 165
1877500 165
1877510 165
1877520 165
1877530 165
1877540 165
1877550 165
1877560 165
1877570 165
1877580 165
1877590 165
1877600 165
1877610 165
1877620 165
1877630 165
1877640 165
1877650 165
1877660 165
1877670 164
1877680 164
1877690 164
1877700 164
1877710 164
1877720 164
1877730 164
1877740 164
1877750 164
1877760 164
1877770 164
1877780 164
1877790 164
1877800 164
1877810 164
1877820 164
1877830 164
1877840 164
1877850 164
1877860 164
1877870 164
1877880 164
1877890 164
1877900 164
1877910 164
1877920 164
1877930 164
1877940 164
1877950 164
1877960 164
1877970 164
1877980 164
1877990 164
1878000 164
1878010 164
1878020 164
1878030 164
1878040 164
1878050 164
1878060 164
1878070 164
1878080 164
1878090 164
1878100 164
1878110 164
1878120 164
1878130 164
1878140 164
1878150 164
1878160 164
1878170 164
1878180 164
1878190 164
1878200 164
1878210 164
1878220 164
1878230 163
1878240 163
1878250 163
1878260 163
1878270 163
1878280 163
1878290 163
1878300 163
1878310 163
1878320 163
1878330 163
1878340 163
1878350 163
1878360 163
1878370 162
1878380 162
1878390 162
1878400 162
1878410 162
1878420 162
1878430 162
1878440 162
1878450 162
1878460 162
1878470 162
1878480 162
1878490 162
1878500 162
1878510 162
1878520 162
1878530 163
1878540 163
1878550 162
1878560 162
1878570 162
1878580 162
1878590 162
1878600 162
1878610 162
1878620 162
1878630 162
1878640 162
1878650 162
1878660 162
1878670 163
1878680 163
1878690 163
1878700 163
1878710 163
1878720 163
1878730 163
1878740 163
1878750 163
1878760 163
1878770 163
1878780 163
1878790 163
1878800 163
1878810 163
1878820 163
1878830 163
1878840 163
1878850 163
1878860 163
1878870 163
1878880 163
1878890 163
1878900 163
1878910 163
1878920 163
1878930 163
1878940 163
1878950 163
1878960 163
1878970 163
1878980 163
1878990 163
1879000 163
1879010 163
1879020 163
1879030 163
1879040 163
1879050 163
1879060 163
1879070 163
1879080 163
1879090 162
1879100 162
1879110 162
1879120 162
1879130 162
1879140 162
1879150 162
1879160 162
1879170 162
1879180 162
1879190 162
1879200 162
1879210 162
1879220 162
1879230 162
1879240 162
1879250 162
1879260 162
1879270 162
1879280 162
1879290 162
1879300 162
1879310 162
1879320 162
1879330 162
1879340 162
1879350 162
1879360 162
1879370 162
1879380 162
1879390 162
1879400 162
1879410 162
1879420 162
1879430 162
1879440 162
1879450 162
1879460 162
1879470 162
1879480 162
1879490 162
1879500 162
1879510 162
1879520 162
1879530 162
1879540 162
1879550 162
1879560 162
1879570 162
1879580 162
1879590 162
1879600 162
1879610 162
1879620 162
1879630 162
1879640 162
1879650 162
1879660 162
1879670 162
1879680 162
1879690 162
1879700 162
1879710 162
1879720 162
1879730 162
1879740 162
1879750 162
1879760 162
1879770 162
1879780 162
1879790 161
1879800 161
1879810 161
1879820 161
1879830 161
1879840 161
1879850 161
1879860 161
1879870 161
1879880 161
1879890 161
1879900 161
1879910 161
1879920 161
1879930 161
1879940 161
1879950 161
1879960 161
1879970 161
1879980 161
1879990 160
