1860000 215
1860010 216
1860020 216
1860030 216
1860040 217
1860050 217
1860060 217
1860070 217
1860080 217
1860090 217
1860100 216
1860110 216
1860120 216
1860130 216
1860140 215
1860150 215
1860160 215
1860170 215
1860180 215
1860190 214
1860200 214
1860210 214
1860220 214
1860230 214
1860240 214
1860250 214
1860260 213
1860270 213
1860280 213
1860290 213
1860300 213
1860310 213
1860320 212
1860330 212
1860340 212
1860350 212
1860360 212
1860370 212
1860380 212
1860390 212
1860400 212
1860410 212
1860420 212
1860430 212
1860440 212
1860450 212
1860460 211
1860470 211
1860480 211
1860490 211
1860500 211
1860510 211
1860520 211
1860530 211
1860540 211
1860550 211
1860560 211
1860570 211
1860580 211
1860590 211
1860600 211
1860610 211
1860620 211
1860630 211
1860640 211
1860650 211
1860660 211
1860670 211
1860680 211
1860690 211
1860700 211
1860710 211
1860720 211
1860730 211
1860740 211
1860750 211
1860760 211
1860770 211
1860780 211
1860790 211
1860800 211
1860810 210
1860820 210
1860830 210
1860840 210
1860850 210
1860860 210
1860870 210
1860880 210
1860890 210
1860900 209
1860910 209
1860920 209
1860930 209
1860940 209
1860950 209
1860960 209
1860970 209
1860980 209
1860990 209
1861000 208
1861010 208
1861020 208
1861030 208
1861040 208
1861050 208
1861060 207
1861070 207
1861080 207
1861090 207
1861100 207
1861110 207
1861120 206
1861130 206
1861140 206
1861150 206
1861160 206
1861170 206
1861180 206
1861190 206
1861200 205
1861210 205
1861220 205
1861230 205
1861240 205
1861250 205
1861260 205
1861270 205
1861280 204
1861290 204
1861300 204
1861310 204
1861320 204
1861330 204
1861340 204
1861350 204
1861360 204
1861370 203
1861380 203
1861390 203
1861400 203
1861410 203
1861420 203
1861430 202
1861440 202
1861450 202
1861460 202
1861470 201
1861480 201
1861490 201
1861500 201
1861510 201
1861520 201
1861530 201
1861540 201
1861550 202
1861560 202
1861570 202
1861580 202
1861590 202
1861600 202
1861610 202
1861620 202
1861630 202
1861640 202
1861650 202
1861660 202
1861670 203
1861680 203
1861690 203
1861700 203
1861710 203
1861720 203
1861730 203
1861740 203
1861750 203
1861760 203
1861770 203
1861780 203
1861790 203
1861800 203
1861810 203
1861820 203
1861830 203
1861840 203
1861850 203
1861860 203
1861870 203
1861880 203
1861890 203
1861900 203
1861910 204
1861920 204
1861930 204
1861940 204
1861950 204
1861960 204
1861970 204
1861980 204
1861990 204
1862000 204
1862010 204
1862020 204
1862030 204
1862040 204
1862050 204
1862060 204
1862070 204
1862080 204
1862090 204
1862100 204
1862110 204
1862120 204
1862130 204
1862140 204
1862150 204
1862160 204
1862170 204
1862180 204
1862190 204
1862200 205
1862210 205
1862220 205
1862230 205
1862240 205
1862250 205
1862260 204
1862270 204
1862280 204
1862290 204
1862300 204
1862310 204
1862320 204
1862330 204
1862340 204
1862350 204
1862360 204
1862370 204
1862380 204
1862390 204
1862400 205
1862410 205
1862420 205
1862430 205
1862440 205
1862450 205
1862460 205
1862470 205
1862480 205
1862490 205
1862500 205
1862510 205
1862520 206
1862530 206
1862540 206
1862550 206
1862560 206
1862570 206
1862580 206
1862590 206
1862600 206
1862610 206
1862620 206
1862630 206
1862640 206
1862650 206
1862660 206
1862670 206
1862680 206
1862690 206
1862700 206
1862710 206
1862720 206
1862730 206
1862740 206
1862750 206
1862760 205
1862770 205
1862780 205
1862790 205
1862800 205
1862810 205
1862820 205
1862830 205
1862840 205
1862850 204
1862860 204
1862870 204
1862880 204
1862890 204
1862900 204
1862910 204
1862920 203
1862930 203
1862940 203
1862950 203
1862960 203
1862970 203
1862980 203
1862990 203
1863000 203
1863010 203
1863020 203
1863030 203
1863040 203
1863050 203
1863060 203
1863070 203
1863080 204
1863090 204
1863100 204
1863110 204
1863120 204
1863130 204
1863140 204
1863150 204
1863160 204
1863170 204
1863180 204
1863190 204
1863200 204
1863210 205
1863220 205
1863230 205
1863240 205
1863250 205
1863260 205
1863270 205
1863280 205
1863290 205
1863300 205
1863310 205
1863320 205
1863330 205
1863340 205
1863350 205
1863360 205
1863370 205
1863380 205
1863390 205
1863400 205
1863410 205
1863420 205
1863430 205
1863440 205
1863450 205
1863460 205
1863470 205
1863480 205
1863490 205
1863500 204
1863510 204
1863520 204
1863530 204
1863540 204
1863550 204
1863560 204
1863570 204
1863580 204
1863590 205
1863600 205
1863610 206
1863620 206
1863630 206
1863640 207
1863650 207
1863660 207
1863670 208
1863680 208
1863690 208
1863700 208
1863710 208
1863720 208
1863730 209
1863740 209
1863750 209
1863760 209
1863770 209
1863780 209
1863790 209
1863800 209
1863810 209
1863820 209
1863830 209
1863840 209
1863850 209
1863860 209
1863870 209
1863880 209
1863890 209
1863900 209
1863910 209
1863920 209
1863930 209
1863940 209
1863950 209
1863960 209
1863970 210
1863980 210
1863990 210
1864000 210
1864010 210
1864020 210
1864030 210
1864040 210
1864050 210
1864060 210
1864070 210
1864080 210
1864090 211
1864100 211
1864110 211
1864120 211
1864130 211
1864140 211
1864150 211
1864160 211
1864170 211
1864180 211
1864190 211
1864200 211
1864210 211
1864220 211
1864230 211
1864240 211
1864250 211
1864260 211
1864270 211
1864280 211
1864290 211
1864300 211
1864310 211
1864320 211
1864330 211
1864340 211
1864350 210
1864360 210
1864370 210
1864380 210
1864390 210
1864400 210
1864410 210
1864420 209
1864430 209
1864440 209
1864450 209
1864460 209
1864470 209
1864480 209
1864490 209
1864500 208
1864510 208
1864520 208
1864530 208
1864540 208
1864550 208
1864560 208
1864570 208
1864580 208
1864590 208
1864600 207
1864610 207
1864620 207
1864630 207
1864640 207
1864650 207
1864660 206
1864670 206
1864680 206
1864690 206
1864700 206
1864710 205
1864720 205
1864730 205
1864740 205
1864750 205
1864760 205
1864770 204
1864780 204
1864790 204
1864800 204
1864810 204
1864820 204
1864830 204
1864840 204
1864850 204
1864860 203
1864870 203
1864880 203
1864890 203
1864900 203
1864910 203
1864920 203
1864930 203
1864940 203
1864950 203
1864960 203
1864970 202
1864980 202
1864990 202
1865000 202
1865010 202
1865020 202
1865030 202
1865040 201
1865050 201
1865060 201
1865070 201
1865080 201
1865090 201
1865100 201
1865110 201
1865120 201
1865130 201
1865140 201
1865150 201
1865160 200
1865170 200
1865180 200
1865190 200
1865200 200
1865210 200
1865220 200
1865230 200
1865240 200
1865250 200
1865260 200
1865270 200
1865280 200
1865290 200
1865300 200
1865310 200
1865320 200
1865330 200
1865340 200
1865350 200
1865360 199
1865370 199
1865380 199
1865390 199
1865400 199
1865410 199
1865420 198
1865430 198
1865440 197
1865450 196
1865460 196
1865470 195
1865480 194
1865490 194
1865500 193
1865510 191
1865520 191
1865530 190
1865540 189
1865550 189
1865560 188
1865570 188
1865580 188
1865590 187
1865600 187
1865610 187
1865620 186
1865630 186
1865640 186
1865650 186
1865660 186
1865670 186
1865680 186
1865690 186
1865700 186
1865710 186
1865720 186
1865730 186
1865740 187
1865750 188
1865760 188
1865770 189
1865780 190
1865790 190
1865800 191
1865810 192
1865820 192
1865830 194
1865840 197
1865850 197
1865860 198
1865870 199
1865880 199
1865890 201
1865900 202
1865910 202
1865920 203
1865930 204
1865940 204
1865950 205
1865960 206
1865970 206
1865980 207
1865990 207
1866000 208
1866010 210
1866020 210
1866030 212
1866040 214
1866050 214
1866060 216
1866070 217
1866080 217
1866090 218
1866100 219
1866110 219
1866120 220
1866130 220
1866140 220
1866150 219
1866160 219
1866170 219
1866180 219
1866190 219
1866200 219
1866210 219
1866220 219
1866230 219
1866240 219
1866250 219
1866260 219
1866270 219
1866280 219
1866290 219
1866300 219
1866310 219
1866320 219
1866330 219
1866340 219
1866350 219
1866360 219
1866370 219
1866380 219
1866390 219
1866400 219
1866410 219
1866420 219
1866430 219
1866440 219
1866450 219
1866460 219
1866470 219
1866480 219
1866490 218
1866500 218
1866510 218
1866520 218
1866530 218
1866540 218
1866550 218
1866560 218
1866570 218
1866580 218
1866590 217
1866600 217
1866610 217
1866620 217
1866630 217
1866640 217
1866650 217
1866660 216
1866670 216
1866680 216
1866690 216
1866700 216
1866710 216
1866720 215
1866730 215
1866740 215
1866750 215
1866760 215
1866770 215
1866780 214
1866790 214
1866800 214
1866810 214
1866820 214
1866830 213
1866840 213
1866850 213
1866860 213
1866870 213
1866880 213
1866890 213
1866900 213
1866910 213
1866920 213
1866930 213
1866940 213
1866950 213
1866960 213
1866970 213
1866980 213
1866990 213
1867000 213
1867010 213
1867020 213
1867030 213
1867040 213
1867050 213
1867060 213
1867070 213
1867080 213
1867090 213
1867100 213
1867110 212
1867120 212
1867130 212
1867140 212
1867150 212
1867160 211
1867170 211
1867180 211
1867190 210
1867200 210
1867210 209
1867220 208
1867230 208
1867240 207
1867250 205
1867260 205
1867270 204
1867280 203
1867290 203
1867300 202
1867310 200
1867320 200
1867330 199
1867340 198
1867350 198
1867360 197
1867370 195
1867380 195
1867390 195
1867400 195
1867410 195
1867420 195
1867430 196
1867440 196
1867450 196
1867460 197
1867470 197
1867480 198
1867490 199
1867500 199
1867510 200
1867520 200
1867530 200
1867540 201
1867550 202
1867560 202
1867570 204
1867580 205
1867590 205
1867600 206
1867610 207
1867620 207
1867630 208
1867640 208
1867650 208
1867660 208
1867670 207
1867680 207
1867690 207
1867700 207
1867710 207
1867720 207
1867730 206
1867740 206
1867750 206
1867760 206
1867770 206
1867780 206
1867790 206
1867800 206
1867810 205
1867820 205
1867830 204
1867840 203
1867850 203
1867860 202
1867870 201
1867880 201
1867890 201
1867900 200
1867910 200
1867920 200
1867930 199
1867940 199
1867950 198
1867960 198
1867970 198
1867980 197
1867990 197
1868000 197
1868010 196
1868020 196
1868030 196
1868040 195
1868050 195
1868060 195
1868070 195
1868080 194
1868090 194
1868100 194
1868110 193
1868120 193
1868130 194
1868140 194
1868150 194
1868160 194
1868170 194
1868180 194
1868190 194
1868200 194
1868210 194
1868220 195
1868230 196
1868240 196
1868250 197
1868260 198
1868270 198
1868280 200
1868290 201
1868300 201
1868310 202
1868320 204
1868330 204
1868340 206
1868350 208
1868360 208
1868370 213
1868380 213
1868390 217
1868400 222
1868410 222
1868420 224
1868430 223
1868440 223
1868450 221
1868460 219
1868470 219
1868480 217
1868490 215
1868500 215
1868510 216
1868520 221
1868530 221
1868540 226
1868550 230
1868560 230
1868570 232
1868580 232
1868590 232
1868600 230
1868610 226
1868620 226
1868630 226
1868640 227
1868650 227
1868660 230
1868670 231
1868680 231
1868690 232
1868700 233
1868710 233
1868720 233
1868730 234
1868740 234
1868750 235
1868760 236
1868770 236
1868780 236
1868790 237
1868800 237
1868810 238
1868820 239
1868830 239
1868840 240
1868850 241
1868860 241
1868870 242
1868880 243
1868890 243
1868900 244
1868910 245
1868920 245
1868930 246
1868940 248
1868950 248
1868960 249
1868970 249
1868980 251
1868990 253
1869000 253
1869010 254
1869020 255
1869030 255
1869040 255
1869050 255
1869060 255
1869070 254
1869080 253
1869090 253
1869100 252
1869110 251
1869120 251
1869130 249
1869140 248
1869150 248
1869160 246
1869170 245
1869180 245
1869190 244
1869200 243
1869210 243
1869220 241
1869230 243
1869240 243
1869250 244
1869260 246
1869270 246
1869280 246
1869290 246
1869300 246
1869310 245
1869320 244
1869330 244
1869340 243
1869350 240
1869360 240
1869370 238
1869380 235
1869390 235
1869400 232
1869410 229
1869420 229
1869430 227
1869440 227
1869450 227
1869460 227
1869470 228
1869480 228
1869490 230
1869500 232
1869510 232
1869520 235
1869530 237
1869540 237
1869550 240
1869560 241
1869570 241
1869580 241
1869590 241
1869600 242
1869610 242
1869620 242
1869630 242
1869640 242
1869650 242
1869660 242
1869670 242
1869680 242
1869690 241
1869700 240
1869710 240
1869720 240
1869730 239
1869740 239
1869750 239
1869760 238
1869770 238
1869780 238
1869790 238
1869800 238
1869810 237
1869820 237
1869830 237
1869840 237
1869850 237
1869860 237
1869870 236
1869880 235
1869890 235
1869900 234
1869910 232
1869920 232
1869930 231
1869940 229
1869950 229
1869960 228
1869970 227
1869980 227
1869990 226
1870000 224
1870010 224
1870020 223
1870030 221
1870040 221
1870050 219
1870060 218
1870070 218
1870080 217
1870090 216
1870100 216
1870110 216
1870120 217
1870130 217
1870140 219
1870150 220
1870160 220
1870170 221
1870180 221
1870190 223
1870200 225
1870210 225
1870220 228
1870230 229
1870240 228
1870250 229
1870260 229
1870270 229
1870280 230
1870290 231
1870300 231
1870310 232
1870320 233
1870330 233
1870340 234
1870350 235
1870360 235
1870370 235
1870380 236
1870390 236
1870400 237
1870410 238
1870420 238
1870430 238
1870440 239
1870450 239
1870460 240
1870470 240
1870480 240
1870490 240
1870500 241
1870510 241
1870520 241
1870530 242
1870540 242
1870550 242
1870560 242
1870570 242
1870580 242
1870590 242
1870600 242
1870610 243
1870620 243
1870630 243
1870640 242
1870650 242
1870660 242
1870670 242
1870680 242
1870690 242
1870700 241
1870710 241
1870720 241
1870730 241
1870740 241
1870750 241
1870760 240
1870770 240
1870780 240
1870790 239
1870800 239
1870810 239
1870820 239
1870830 239
1870840 238
1870850 238
1870860 238
1870870 237
1870880 236
1870890 236
1870900 236
1870910 235
1870920 236
1870930 235
1870940 235
1870950 235
1870960 234
1870970 234
1870980 234
1870990 233
1871000 232
1871010 232
1871020 232
1871030 231
1871040 231
1871050 231
1871060 230
1871070 230
1871080 230
1871090 229
1871100 229
1871110 229
1871120 228
1871130 228
1871140 228
1871150 228
1871160 228
1871170 228
1871180 227
1871190 227
1871200 227
1871210 226
1871220 226
1871230 226
1871240 225
1871250 225
1871260 224
1871270 224
1871280 224
1871290 224
1871300 224
1871310 224
1871320 224
1871330 223
1871340 223
1871350 223
1871360 223
1871370 222
1871380 222
1871390 222
1871400 222
1871410 221
1871420 221
1871430 221
1871440 220
1871450 220
1871460 220
1871470 221
1871480 221
1871490 221
1871500 221
1871510 221
1871520 220
1871530 220
1871540 220
1871550 221
1871560 221
1871570 221
1871580 222
1871590 222
1871600 222
1871610 222
1871620 222
1871630 222
1871640 223
1871650 223
1871660 223
1871670 223
1871680 223
1871690 223
1871700 223
1871710 222
1871720 222
1871730 222
1871740 222
1871750 222
1871760 222
1871770 221
1871780 221
1871790 221
1871800 221
1871810 221
1871820 221
1871830 221
1871840 221
1871850 221
1871860 221
1871870 221
1871880 220
1871890 220
1871900 220
1871910 220
1871920 219
1871930 219
1871940 219
1871950 219
1871960 219
1871970 218
1871980 218
1871990 218
1872000 218
1872010 218
1872020 218
1872030 218
1872040 218
1872050 217
1872060 217
1872070 217
1872080 217
1872090 216
1872100 216
1872110 216
1872120 216
1872130 216
1872140 216
1872150 216
1872160 216
1872170 216
1872180 217
1872190 217
1872200 217
1872210 217
1872220 217
1872230 216
1872240 216
1872250 216
1872260 216
1872270 216
1872280 216
1872290 216
1872300 216
1872310 216
1872320 216
1872330 216
1872340 216
1872350 216
1872360 216
1872370 216
1872380 216
1872390 216
1872400 216
1872410 215
1872420 215
1872430 215
1872440 215
1872450 215
1872460 215
1872470 215
1872480 215
1872490 215
1872500 215
1872510 215
1872520 215
1872530 214
1872540 214
1872550 214
1872560 214
1872570 214
1872580 214
1872590 214
1872600 214
1872610 214
1872620 213
1872630 213
1872640 213
1872650 213
1872660 213
1872670 213
1872680 213
1872690 213
1872700 213
1872710 212
1872720 212
1872730 212
1872740 212
1872750 212
1872760 212
1872770 212
1872780 212
1872790 212
1872800 211
1872810 211
1872820 211
1872830 211
1872840 211
1872850 211
1872860 211
1872870 211
1872880 211
1872890 211
1872900 211
1872910 210
1872920 210
1872930 210
1872940 210
1872950 210
1872960 210
1872970 210
1872980 209
1872990 209
1873000 209
1873010 209
1873020 209
1873030 209
1873040 208
1873050 208
1873060 208
1873070 208
1873080 208
1873090 207
1873100 206
1873110 206
1873120 205
1873130 205
1873140 205
1873150 204
1873160 204
1873170 203
1873180 202
1873190 202
1873200 202
1873210 203
1873220 203
1873230 203
1873240 203
1873250 203
1873260 204
1873270 204
1873280 203
1873290 204
1873300 204
1873310 204
1873320 204
1873330 205
1873340 205
1873350 205
1873360 204
1873370 204
1873380 204
1873390 204
1873400 204
1873410 204
1873420 204
1873430 204
1873440 204
1873450 204
1873460 204
1873470 203
1873480 203
1873490 203
1873500 203
1873510 203
1873520 203
1873530 203
1873540 203
1873550 203
1873560 202
1873570 202
1873580 202
1873590 202
1873600 202
1873610 202
1873620 202
1873630 202
1873640 202
1873650 202
1873660 202
1873670 202
1873680 202
1873690 202
1873700 202
1873710 201
1873720 201
1873730 201
1873740 201
1873750 201
1873760 201
1873770 200
1873780 200
1873790 200
1873800 200
1873810 200
1873820 200
1873830 199
1873840 199
1873850 199
1873860 199
1873870 199
1873880 199
1873890 198
1873900 198
1873910 198
1873920 198
1873930 198
1873940 198
1873950 197
1873960 197
1873970 197
1873980 197
1873990 197
1874000 196
1874010 196
1874020 196
1874030 196
1874040 195
1874050 195
1874060 195
1874070 195
1874080 195
1874090 195
1874100 194
1874110 194
1874120 194
1874130 194
1874140 194
1874150 193
1874160 193
1874170 193
1874180 193
1874190 192
1874200 192
1874210 192
1874220 191
1874230 191
1874240 191
1874250 191
1874260 191
1874270 191
1874280 190
1874290 190
1874300 190
1874310 189
1874320 189
1874330 189
1874340 189
1874350 189
1874360 189
1874370 189
1874380 189
1874390 188
1874400 188
1874410 188
1874420 188
1874430 188
1874440 188
1874450 187
1874460 187
1874470 187
1874480 187
1874490 187
1874500 186
1874510 186
1874520 186
1874530 186
1874540 185
1874550 185
1874560 185
1874570 185
1874580 185
1874590 185
1874600 185
1874610 185
1874620 184
1874630 184
1874640 184
1874650 184
1874660 183
1874670 183
1874680 183
1874690 183
1874700 183
1874710 183
1874720 183
1874730 183
1874740 182
1874750 182
1874760 182
1874770 182
1874780 182
1874790 182
1874800 182
1874810 181
1874820 181
1874830 181
1874840 181
1874850 181
1874860 181
1874870 181
1874880 181
1874890 181
1874900 181
1874910 181
1874920 181
1874930 180
1874940 180
1874950 180
1874960 180
1874970 180
1874980 179
1874990 179
1875000 179
1875010 179
1875020 179
1875030 179
1875040 178
1875050 178
1875060 178
1875070 178
1875080 178
1875090 178
1875100 178
1875110 178
1875120 178
1875130 178
1875140 178
1875150 177
1875160 177
1875170 177
1875180 177
1875190 177
1875200 177
1875210 177
1875220 177
1875230 177
1875240 177
1875250 176
1875260 176
1875270 176
1875280 176
1875290 176
1875300 176
1875310 176
1875320 176
1875330 176
1875340 176
1875350 176
1875360 176
1875370 176
1875380 176
1875390 175
1875400 175
1875410 175
1875420 175
1875430 175
1875440 175
1875450 175
1875460 175
1875470 175
1875480 175
1875490 175
1875500 175
1875510 175
1875520 174
1875530 174
1875540 174
1875550 174
1875560 174
1875570 174
1875580 174
1875590 174
1875600 174
1875610 174
1875620 174
1875630 174
1875640 174
1875650 173
1875660 173
1875670 173
1875680 173
1875690 173
1875700 173
1875710 173
1875720 173
1875730 173
1875740 173
1875750 173
1875760 173
1875770 173
1875780 173
1875790 173
1875800 173
1875810 173
1875820 173
1875830 173
1875840 173
1875850 173
1875860 173
1875870 173
1875880 173
1875890 173
1875900 173
1875910 173
1875920 173
1875930 173
1875940 173
1875950 172
1875960 172
1875970 172
1875980 172
1875990 172
1876000 172
1876010 171
1876020 171
1876030 171
1876040 171
1876050 171
1876060 171
1876070 171
1876080 170
1876090 170
1876100 170
1876110 170
1876120 170
1876130 170
1876140 170
1876150 170
1876160 169
1876170 169
1876180 169
1876190 169
1876200 169
1876210 169
1876220 169
1876230 169
1876240 169
1876250 169
1876260 169
1876270 169
1876280 169
1876290 169
1876300 168
1876310 168
1876320 168
1876330 168
1876340 168
1876350 168
1876360 168
1876370 169
1876380 169
1876390 169
1876400 169
1876410 169
1876420 169
1876430 169
1876440 169
1876450 169
1876460 169
1876470 169
1876480 169
1876490 169
1876500 169
1876510 169
1876520 169
1876530 169
1876540 169
1876550 168
1876560 168
1876570 168
1876580 168
1876590 168
1876600 168
1876610 168
1876620 168
1876630 168
1876640 168
1876650 168
1876660 168
1876670 168
1876680 168
1876690 168
1876700 168
1876710 168
1876720 168
1876730 168
1876740 168
1876750 168
1876760 168
1876770 168
1876780 168
1876790 168
1876800 168
1876810 167
1876820 167
1876830 167
1876840 167
1876850 167
1876860 167
1876870 167
1876880 167
1876890 167
1876900 167
1876910 167
1876920 167
1876930 167
1876940 167
1876950 167
1876960 167
1876970 167
1876980 167
1876990 166
1877000 166
1877010 166
1877020 166
1877030 166
1877040 166
1877050 166
1877060 166
1877070 166
1877080 166
1877090 166
1877100 166
1877110 166
1877120 166
1877130 166
1877140 166
1877150 166
1877160 166
1877170 165
1877180 165
1877190 165
1877200 165
1877210 165
1877220 165
1877230 165
1877240 165
1877250 165
1877260 165
1877270 165
1877280 165
1877290 165
1877300 165
1877310 165
1877320 165
1877330 165
1877340 165
1877350 165
1877360 165
1877370 165
1877380 165
1877390 164
1877400 164
1877410 164
1877420 164
1877430 164
1877440 164
1877450 164
1877460 164
1877470 164
1877480 164
1877490 164
1877500 164
1877510 164
1877520 164
1877530 164
1877540 164
1877550 164
1877560 164
1877570 164
1877580 164
1877590 164
1877600 164
1877610 164
1877620 164
1877630 164
1877640 164
1877650 164
1877660 164
1877670 164
1877680 164
1877690 164
1877700 164
1877710 164
1877720 164
1877730 164
1877740 164
1877750 163
1877760 163
1877770 163
1877780 163
1877790 163
1877800 163
1877810 163
1877820 164
1877830 164
1877840 164
1877850 164
1877860 164
1877870 164
1877880 164
1877890 164
1877900 164
1877910 164
1877920 164
1877930 164
1877940 164
1877950 164
1877960 164
1877970 164
1877980 164
1877990 164
1878000 164
1878010 164
1878020 164
1878030 164
1878040 164
1878050 164
1878060 164
1878070 164
1878080 164
1878090 164
1878100 164
1878110 164
1878120 164
1878130 164
1878140 164
1878150 164
1878160 164
1878170 164
1878180 164
1878190 164
1878200 164
1878210 164
1878220 164
1878230 164
1878240 164
1878250 164
1878260 164
1878270 164
1878280 164
1878290 164
1878300 164
1878310 164
1878320 164
1878330 164
1878340 164
1878350 164
1878360 164
1878370 164
1878380 164
1878390 164
1878400 164
1878410 164
1878420 164
1878430 164
1878440 164
1878450 164
1878460 164
1878470 164
1878480 164
1878490 164
1878500 164
1878510 164
1878520 164
1878530 164
1878540 164
1878550 164
1878560 164
1878570 164
1878580 164
1878590 164
1878600 164
1878610 164
1878620 164
1878630 164
1878640 164
1878650 164
1878660 164
1878670 164
1878680 164
1878690 164
1878700 164
1878710 164
1878720 164
1878730 164
1878740 164
1878750 163
1878760 163
1878770 163
1878780 163
1878790 163
1878800 163
1878810 163
1878820 163
1878830 163
1878840 163
1878850 163
1878860 163
1878870 163
1878880 163
1878890 163
1878900 163
1878910 163
1878920 163
1878930 163
1878940 163
1878950 163
1878960 163
1878970 163
1878980 163
1878990 163
1879000 163
1879010 163
1879020 163
1879030 163
1879040 163
1879050 163
1879060 163
1879070 163
1879080 163
1879090 163
1879100 163
1879110 163
1879120 163
1879130 163
1879140 163
1879150 163
1879160 163
1879170 163
1879180 163
1879190 163
1879200 163
1879210 163
1879220 163
1879230 162
1879240 162
1879250 162
1879260 162
1879270 162
1879280 162
1879290 162
1879300 162
1879310 162
1879320 162
1879330 162
1879340 162
1879350 162
1879360 162
1879370 162
1879380 162
1879390 162
1879400 162
1879410 162
1879420 162
1879430 162
1879440 162
1879450 162
1879460 162
1879470 162
1879480 162
1879490 162
1879500 162
1879510 162
1879520 162
1879530 162
1879540 162
1879550 162
1879560 162
1879570 162
1879580 162
1879590 162
1879600 162
1879610 162
1879620 162
1879630 162
1879640 162
1879650 162
1879660 162
1879670 162
1879680 162
1879690 162
1879700 162
1879710 162
1879720 162
1879730 162
1879740 162
1879750 162
1879760 162
1879770 162
1879780 162
1879790 162
1879800 162
1879810 162
1879820 162
1879830 162
1879840 161
1879850 161
1879860 161
1879870 161
1879880 161
1879890 161
1879900 161
1879910 161
1879920 161
1879930 161
1879940 161
1879950 161
1879960 161
1879970 161
1879980 161
1879990 161
1860000 215
1860010 216
1860020 216
1860030 216
1860040 217
1860050 217
1860060 217
1860070 217
1860080 217
1860090 217
1860100 216
1860110 216
1860120 216
1860130 216
1860140 215
1860150 215
1860160 215
1860170 215
1860180 215
1860190 214
1860200 214
1860210 214
1860220 214
1860230 214
1860240 214
1860250 214
1860260 213
1860270 213
1860280 213
1860290 213
1860300 213
1860310 213
1860320 212
1860330 212
1860340 212
1860350 212
1860360 212
1860370 212
1860380 212
1860390 212
1860400 212
1860410 212
1860420 212
1860430 212
1860440 212
1860450 212
1860460 211
1860470 211
1860480 211
1860490 211
1860500 211
1860510 211
1860520 211
1860530 211
1860540 211
1860550 211
1860560 211
1860570 211
1860580 211
1860590 211
1860600 211
1860610 211
1860620 211
1860630 211
1860640 211
1860650 211
1860660 211
1860670 211
1860680 211
1860690 211
1860700 211
1860710 211
1860720 211
1860730 211
1860740 211
1860750 211
1860760 211
1860770 211
1860780 211
1860790 211
1860800 211
1860810 210
1860820 210
1860830 210
1860840 210
1860850 210
1860860 210
1860870 210
1860880 210
1860890 210
1860900 209
1860910 209
1860920 209
1860930 209
1860940 209
1860950 209
1860960 209
1860970 209
1860980 209
1860990 209
1861000 208
1861010 208
1861020 208
1861030 208
1861040 208
1861050 208
1861060 207
1861070 207
1861080 207
1861090 207
1861100 207
1861110 207
1861120 206
1861130 206
1861140 206
1861150 206
1861160 206
1861170 206
1861180 206
1861190 206
1861200 205
1861210 205
1861220 205
1861230 205
1861240 205
1861250 205
1861260 205
1861270 205
1861280 204
1861290 204
1861300 204
1861310 204
1861320 204
1861330 204
1861340 204
1861350 204
1861360 204
1861370 203
1861380 203
1861390 203
1861400 203
1861410 203
1861420 203
1861430 202
1861440 202
1861450 202
1861460 202
1861470 201
1861480 201
1861490 201
1861500 201
1861510 201
1861520 201
1861530 201
1861540 201
1861550 202
1861560 202
1861570 202
1861580 202
1861590 202
1861600 202
1861610 202
1861620 202
1861630 202
1861640 202
1861650 202
1861660 202
1861670 203
1861680 203
1861690 203
1861700 203
1861710 203
1861720 203
1861730 203
1861740 203
1861750 203
1861760 203
1861770 203
1861780 203
1861790 203
1861800 203
1861810 203
1861820 203
1861830 203
1861840 203
1861850 203
1861860 203
1861870 203
1861880 203
1861890 203
1861900 203
1861910 204
1861920 204
1861930 204
1861940 204
1861950 204
1861960 204
1861970 204
1861980 204
1861990 204
1862000 204
1862010 204
1862020 204
1862030 204
1862040 204
1862050 204
1862060 204
1862070 204
1862080 204
1862090 204
1862100 204
1862110 204
1862120 204
1862130 204
1862140 204
1862150 204
1862160 204
1862170 204
1862180 204
1862190 204
1862200 205
1862210 205
1862220 205
1862230 205
1862240 205
1862250 205
1862260 204
1862270 204
1862280 204
1862290 204
1862300 204
1862310 204
1862320 204
1862330 204
1862340 204
1862350 204
1862360 204
1862370 204
1862380 204
1862390 204
1862400 205
1862410 205
1862420 205
1862430 205
1862440 205
1862450 205
1862460 205
1862470 205
1862480 205
1862490 205
1862500 205
1862510 205
1862520 206
1862530 206
1862540 206
1862550 206
1862560 206
1862570 206
1862580 206
1862590 206
1862600 206
1862610 206
1862620 206
1862630 206
1862640 206
1862650 206
1862660 206
1862670 206
1862680 206
1862690 206
1862700 206
1862710 206
1862720 206
1862730 206
1862740 206
1862750 206
1862760 205
1862770 205
1862780 205
1862790 205
1862800 205
1862810 205
1862820 205
1862830 205
1862840 205
1862850 204
1862860 204
1862870 204
1862880 204
1862890 204
1862900 204
1862910 204
1862920 203
1862930 203
1862940 203
1862950 203
1862960 203
1862970 203
1862980 203
1862990 203
1863000 203
1863010 203
1863020 203
1863030 203
1863040 203
1863050 203
1863060 203
1863070 203
1863080 204
1863090 204
1863100 204
1863110 204
1863120 204
1863130 204
1863140 204
1863150 204
1863160 204
1863170 204
1863180 204
1863190 204
1863200 204
1863210 205
1863220 205
1863230 205
1863240 205
1863250 205
1863260 205
1863270 205
1863280 205
1863290 205
1863300 205
1863310 205
1863320 205
1863330 205
1863340 205
1863350 205
1863360 205
1863370 205
1863380 205
1863390 205
1863400 205
1863410 205
1863420 205
1863430 205
1863440 205
1863450 205
1863460 205
1863470 205
1863480 205
1863490 205
1863500 204
1863510 204
1863520 204
1863530 204
1863540 204
1863550 204
1863560 204
1863570 204
1863580 204
1863590 205
1863600 205
1863610 206
1863620 206
1863630 206
1863640 207
1863650 207
1863660 207
1863670 208
1863680 208
1863690 208
1863700 208
1863710 208
1863720 208
1863730 209
1863740 209
1863750 209
1863760 209
1863770 209
1863780 209
1863790 209
1863800 209
1863810 209
1863820 209
1863830 209
1863840 209
1863850 209
1863860 209
1863870 209
1863880 209
1863890 209
1863900 209
1863910 209
1863920 209
1863930 209
1863940 209
1863950 209
1863960 209
1863970 210
1863980 210
1863990 210
1864000 210
1864010 210
1864020 210
1864030 210
1864040 210
1864050 210
1864060 210
1864070 210
1864080 210
1864090 211
1864100 211
1864110 211
1864120 211
1864130 211
1864140 211
1864150 211
1864160 211
1864170 211
1864180 211
1864190 211
1864200 211
1864210 211
1864220 211
1864230 211
1864240 211
1864250 211
1864260 211
1864270 211
1864280 211
1864290 211
1864300 211
1864310 211
1864320 211
1864330 211
1864340 211
1864350 210
1864360 210
1864370 210
1864380 210
1864390 210
1864400 210
1864410 210
1864420 209
1864430 209
1864440 209
1864450 209
1864460 209
1864470 209
1864480 209
1864490 209
1864500 208
1864510 208
1864520 208
1864530 208
1864540 208
1864550 208
1864560 208
1864570 208
1864580 208
1864590 208
1864600 207
1864610 207
1864620 207
1864630 207
1864640 207
1864650 207
1864660 206
1864670 206
1864680 206
1864690 206
1864700 206
1864710 205
1864720 205
1864730 205
1864740 205
1864750 205
1864760 205
1864770 204
1864780 204
1864790 204
1864800 204
1864810 204
1864820 204
1864830 204
1864840 204
1864850 204
1864860 203
1864870 203
1864880 203
1864890 203
1864900 203
1864910 203
1864920 203
1864930 203
1864940 203
1864950 203
1864960 203
1864970 202
1864980 202
1864990 202
1865000 202
1865010 202
1865020 202
1865030 202
1865040 201
1865050 201
1865060 201
1865070 201
1865080 201
1865090 201
1865100 201
1865110 201
1865120 201
1865130 201
1865140 201
1865150 201
1865160 200
1865170 200
1865180 200
1865190 200
1865200 200
1865210 200
1865220 200
1865230 200
1865240 200
1865250 200
1865260 200
1865270 200
1865280 200
1865290 200
1865300 200
1865310 200
1865320 200
1865330 200
1865340 200
1865350 200
1865360 199
1865370 199
1865380 199
1865390 199
1865400 199
1865410 199
1865420 198
1865430 198
1865440 197
1865450 196
1865460 196
1865470 195
1865480 194
1865490 194
1865500 193
1865510 191
1865520 191
1865530 190
1865540 189
1865550 189
1865560 188
1865570 188
1865580 188
1865590 187
1865600 187
1865610 187
1865620 186
1865630 186
1865640 186
1865650 186
1865660 186
1865670 186
1865680 186
1865690 186
1865700 186
1865710 186
1865720 186
1865730 186
1865740 187
1865750 188
1865760 188
1865770 189
1865780 190
1865790 190
1865800 191
1865810 192
1865820 192
1865830 194
1865840 197
1865850 197
1865860 198
1865870 199
1865880 199
1865890 201
1865900 202
1865910 202
1865920 203
1865930 204
1865940 204
1865950 205
1865960 206
1865970 206
1865980 207
1865990 207
1866000 208
1866010 210
1866020 210
1866030 212
1866040 214
1866050 214
1866060 216
1866070 217
1866080 217
1866090 218
1866100 219
1866110 219
1866120 220
1866130 220
1866140 220
1866150 219
1866160 219
1866170 219
1866180 219
1866190 219
1866200 219
1866210 219
1866220 219
1866230 219
1866240 219
1866250 219
1866260 219
1866270 219
1866280 219
1866290 219
1866300 219
1866310 219
1866320 219
1866330 219
1866340 219
1866350 219
1866360 219
1866370 219
1866380 219
1866390 219
1866400 219
1866410 219
1866420 219
1866430 219
1866440 219
1866450 219
1866460 219
1866470 219
1866480 219
1866490 218
1866500 218
1866510 218
1866520 218
1866530 218
1866540 218
1866550 218
1866560 218
1866570 218
1866580 218
1866590 217
1866600 217
1866610 217
1866620 217
1866630 217
1866640 217
1866650 217
1866660 216
1866670 216
1866680 216
1866690 216
1866700 216
1866710 216
1866720 215
1866730 215
1866740 215
1866750 215
1866760 215
1866770 215
1866780 214
1866790 214
1866800 214
1866810 214
1866820 214
1866830 213
1866840 213
1866850 213
1866860 213
1866870 213
1866880 213
1866890 213
1866900 213
1866910 213
1866920 213
1866930 213
1866940 213
1866950 213
1866960 213
1866970 213
1866980 213
1866990 213
1867000 213
1867010 213
1867020 213
1867030 213
1867040 213
1867050 213
1867060 213
1867070 213
1867080 213
1867090 213
1867100 213
1867110 212
1867120 212
1867130 212
1867140 212
1867150 212
1867160 211
1867170 211
1867180 211
1867190 210
1867200 210
1867210 209
1867220 208
1867230 208
1867240 207
1867250 205
1867260 205
1867270 204
1867280 203
1867290 203
1867300 202
1867310 200
1867320 200
1867330 199
1867340 198
1867350 198
1867360 197
1867370 195
1867380 195
1867390 195
1867400 195
1867410 195
1867420 195
1867430 196
1867440 196
1867450 196
1867460 197
1867470 197
1867480 198
1867490 199
1867500 199
1867510 200
1867520 200
1867530 200
1867540 201
1867550 202
1867560 202
1867570 204
1867580 205
1867590 205
1867600 206
1867610 207
1867620 207
1867630 208
1867640 208
1867650 208
1867660 208
1867670 207
1867680 207
1867690 207
1867700 207
1867710 207
1867720 207
1867730 206
1867740 206
1867750 206
1867760 206
1867770 206
1867780 206
1867790 206
1867800 206
1867810 205
1867820 205
1867830 204
1867840 203
1867850 203
1867860 202
1867870 201
1867880 201
1867890 201
1867900 200
1867910 200
1867920 200
1867930 199
1867940 199
1867950 198
1867960 198
1867970 198
1867980 197
1867990 197
1868000 197
1868010 196
1868020 196
1868030 196
1868040 195
1868050 195
1868060 195
1868070 195
1868080 194
1868090 194
1868100 194
1868110 193
1868120 193
1868130 194
1868140 194
1868150 194
1868160 194
1868170 194
1868180 194
1868190 194
1868200 194
1868210 194
1868220 195
1868230 196
1868240 196
1868250 197
1868260 198
1868270 198
1868280 200
1868290 201
1868300 201
1868310 202
1868320 204
1868330 204
1868340 206
1868350 208
1868360 208
1868370 213
1868380 213
1868390 217
1868400 222
1868410 222
1868420 224
1868430 223
1868440 223
1868450 221
1868460 219
1868470 219
1868480 217
1868490 215
1868500 215
1868510 216
1868520 221
1868530 221
1868540 226
1868550 230
1868560 230
1868570 232
1868580 232
1868590 232
1868600 230
1868610 226
1868620 226
1868630 226
1868640 227
1868650 227
1868660 230
1868670 231
1868680 231
1868690 232
1868700 233
1868710 233
1868720 233
1868730 234
1868740 234
1868750 235
1868760 236
1868770 236
1868780 236
1868790 237
1868800 237
1868810 238
1868820 239
1868830 239
1868840 240
1868850 241
1868860 241
1868870 242
1868880 243
1868890 243
1868900 244
1868910 245
1868920 245
1868930 246
1868940 248
1868950 248
1868960 249
1868970 249
1868980 251
1868990 253
1869000 253
1869010 254
1869020 255
1869030 255
1869040 255
1869050 255
1869060 255
1869070 254
1869080 253
1869090 253
1869100 252
1869110 251
1869120 251
1869130 249
1869140 248
1869150 248
1869160 246
1869170 245
1869180 245
1869190 244
1869200 243
1869210 243
1869220 241
1869230 243
1869240 243
1869250 244
1869260 246
1869270 246
1869280 246
1869290 246
1869300 246
1869310 245
1869320 244
1869330 244
1869340 243
1869350 240
1869360 240
1869370 238
1869380 235
1869390 235
1869400 232
1869410 229
1869420 229
1869430 227
1869440 227
1869450 227
1869460 227
1869470 228
1869480 228
1869490 230
1869500 232
1869510 232
1869520 235
1869530 237
1869540 237
1869550 240
1869560 241
1869570 241
1869580 241
1869590 241
1869600 242
1869610 242
1869620 242
1869630 242
1869640 242
1869650 242
1869660 242
1869670 242
1869680 242
1869690 241
1869700 240
1869710 240
1869720 240
1869730 239
1869740 239
1869750 239
1869760 238
1869770 238
1869780 238
1869790 238
1869800 238
1869810 237
1869820 237
1869830 237
1869840 237
1869850 237
1869860 237
1869870 236
1869880 235
1869890 235
1869900 234
1869910 232
1869920 232
1869930 231
1869940 229
1869950 229
1869960 228
1869970 227
1869980 227
1869990 226
1870000 224
1870010 224
1870020 223
1870030 221
1870040 221
1870050 219
1870060 218
1870070 218
1870080 217
1870090 216
1870100 216
1870110 216
1870120 217
1870130 217
1870140 219
1870150 220
1870160 220
1870170 221
1870180 221
1870190 223
1870200 225
1870210 225
1870220 228
1870230 229
1870240 228
1870250 229
1870260 229
1870270 229
1870280 230
1870290 231
1870300 231
1870310 232
1870320 233
1870330 233
1870340 234
1870350 235
1870360 235
1870370 235
1870380 236
1870390 236
1870400 237
1870410 238
1870420 238
1870430 238
1870440 239
1870450 239
1870460 240
1870470 240
1870480 240
1870490 240
1870500 241
1870510 241
1870520 241
1870530 242
1870540 242
1870550 242
1870560 242
1870570 242
1870580 242
1870590 242
1870600 242
1870610 243
1870620 243
1870630 243
1870640 242
1870650 242
1870660 242
1870670 242
1870680 242
1870690 242
1870700 241
1870710 241
1870720 241
1870730 241
1870740 241
1870750 241
1870760 240
1870770 240
1870780 240
1870790 239
1870800 239
1870810 239
1870820 239
1870830 239
1870840 238
1870850 238
1870860 238
1870870 237
1870880 236
1870890 236
1870900 236
1870910 235
1870920 236
1870930 235
1870940 235
1870950 235
1870960 234
1870970 234
1870980 234
1870990 233
1871000 232
1871010 232
1871020 232
1871030 231
1871040 231
1871050 231
1871060 230
1871070 230
1871080 230
1871090 229
1871100 229
1871110 229
1871120 228
1871130 228
1871140 228
1871150 228
1871160 228
1871170 228
1871180 227
1871190 227
1871200 227
1871210 226
1871220 226
1871230 226
1871240 225
1871250 225
1871260 224
1871270 224
1871280 224
1871290 224
1871300 224
1871310 224
1871320 224
1871330 223
1871340 223
1871350 223
1871360 223
1871370 222
1871380 222
1871390 222
1871400 222
1871410 221
1871420 221
1871430 221
1871440 220
1871450 220
1871460 220
1871470 221
1871480 221
1871490 221
1871500 221
1871510 221
1871520 220
1871530 220
1871540 220
1871550 221
1871560 221
1871570 221
1871580 222
1871590 222
1871600 222
1871610 222
1871620 222
1871630 222
1871640 223
1871650 223
1871660 223
1871670 223
1871680 223
1871690 223
1871700 223
1871710 222
1871720 222
1871730 222
1871740 222
1871750 222
1871760 222
1871770 221
1871780 221
1871790 221
1871800 221
1871810 221
1871820 221
1871830 221
1871840 221
1871850 221
1871860 221
1871870 221
1871880 220
1871890 220
1871900 220
1871910 220
1871920 219
1871930 219
1871940 219
1871950 219
1871960 219
1871970 218
1871980 218
1871990 218
1872000 218
1872010 218
1872020 218
1872030 218
1872040 218
1872050 217
1872060 217
1872070 217
1872080 217
1872090 216
1872100 216
1872110 216
1872120 216
1872130 216
1872140 216
1872150 216
1872160 216
1872170 216
1872180 217
1872190 217
1872200 217
1872210 217
1872220 217
1872230 216
1872240 216
1872250 216
1872260 216
1872270 216
1872280 216
1872290 216
1872300 216
1872310 216
1872320 216
1872330 216
1872340 216
1872350 216
1872360 216
1872370 216
1872380 216
1872390 216
1872400 216
1872410 215
1872420 215
1872430 215
1872440 215
1872450 215
1872460 215
1872470 215
1872480 215
1872490 215
1872500 215
1872510 215
1872520 215
1872530 214
1872540 214
1872550 214
1872560 214
1872570 214
1872580 214
1872590 214
1872600 214
1872610 214
1872620 213
1872630 213
1872640 213
1872650 213
1872660 213
1872670 213
1872680 213
1872690 213
1872700 213
1872710 212
1872720 212
1872730 212
1872740 212
1872750 212
1872760 212
1872770 212
1872780 212
1872790 212
1872800 211
1872810 211
1872820 211
1872830 211
1872840 211
1872850 211
1872860 211
1872870 211
1872880 211
1872890 211
1872900 211
1872910 210
1872920 210
1872930 210
1872940 210
1872950 210
1872960 210
1872970 210
1872980 209
1872990 209
1873000 209
1873010 209
1873020 209
1873030 209
1873040 208
1873050 208
1873060 208
1873070 208
1873080 208
1873090 207
1873100 206
1873110 206
1873120 205
1873130 205
1873140 205
1873150 204
1873160 204
1873170 203
1873180 202
1873190 202
1873200 202
1873210 203
1873220 203
1873230 203
1873240 203
1873250 203
1873260 204
1873270 204
1873280 203
1873290 204
1873300 204
1873310 204
1873320 204
1873330 205
1873340 205
1873350 205
1873360 204
1873370 204
1873380 204
1873390 204
1873400 204
1873410 204
1873420 204
1873430 204
1873440 204
1873450 204
1873460 204
1873470 203
1873480 203
1873490 203
1873500 203
1873510 203
1873520 203
1873530 203
1873540 203
1873550 203
1873560 202
1873570 202
1873580 202
1873590 202
1873600 202
1873610 202
1873620 202
1873630 202
1873640 202
1873650 202
1873660 202
1873670 202
1873680 202
1873690 202
1873700 202
1873710 201
1873720 201
1873730 201
1873740 201
1873750 201
1873760 201
1873770 200
1873780 200
1873790 200
1873800 200
1873810 200
1873820 200
1873830 199
1873840 199
1873850 199
1873860 199
1873870 199
1873880 199
1873890 198
1873900 198
1873910 198
1873920 198
1873930 198
1873940 198
1873950 197
1873960 197
1873970 197
1873980 197
1873990 197
1874000 196
1874010 196
1874020 196
1874030 196
1874040 195
1874050 195
1874060 195
1874070 195
1874080 195
1874090 195
1874100 194
1874110 194
1874120 194
1874130 194
1874140 194
1874150 193
1874160 193
1874170 193
1874180 193
1874190 192
1874200 192
1874210 192
1874220 191
1874230 191
1874240 191
1874250 191
1874260 191
1874270 191
1874280 190
1874290 190
1874300 190
1874310 189
1874320 189
1874330 189
1874340 189
1874350 189
1874360 189
1874370 189
1874380 189
1874390 188
1874400 188
1874410 188
1874420 188
1874430 188
1874440 188
1874450 187
1874460 187
1874470 187
1874480 187
1874490 187
1874500 186
1874510 186
1874520 186
1874530 186
1874540 185
1874550 185
1874560 185
1874570 185
1874580 185
1874590 185
1874600 185
1874610 185
1874620 184
1874630 184
1874640 184
1874650 184
1874660 183
1874670 183
1874680 183
1874690 183
1874700 183
1874710 183
1874720 183
1874730 183
1874740 182
1874750 182
1874760 182
1874770 182
1874780 182
1874790 182
1874800 182
1874810 181
1874820 181
1874830 181
1874840 181
1874850 181
1874860 181
1874870 181
1874880 181
1874890 181
1874900 181
1874910 181
1874920 181
1874930 180
1874940 180
1874950 180
1874960 180
1874970 180
1874980 179
1874990 179
1875000 179
1875010 179
1875020 179
1875030 179
1875040 178
1875050 178
1875060 178
1875070 178
1875080 178
1875090 178
1875100 178
1875110 178
1875120 178
1875130 178
1875140 178
1875150 177
1875160 177
1875170 177
1875180 177
1875190 177
1875200 177
1875210 177
1875220 177
1875230 177
1875240 177
1875250 176
1875260 176
1875270 176
1875280 176
1875290 176
1875300 176
1875310 176
1875320 176
1875330 176
1875340 176
1875350 176
1875360 176
1875370 176
1875380 176
1875390 175
1875400 175
1875410 175
1875420 175
1875430 175
1875440 175
1875450 175
1875460 175
1875470 175
1875480 175
1875490 175
1875500 175
1875510 175
1875520 174
1875530 174
1875540 174
1875550 174
1875560 174
1875570 174
1875580 174
1875590 174
1875600 174
1875610 174
1875620 174
1875630 174
1875640 174
1875650 173
1875660 173
1875670 173
1875680 173
1875690 173
1875700 173
1875710 173
1875720 173
1875730 173
1875740 173
1875750 173
1875760 173
1875770 173
1875780 173
1875790 173
1875800 173
1875810 173
1875820 173
1875830 173
1875840 173
1875850 173
1875860 173
1875870 173
1875880 173
1875890 173
1875900 173
1875910 173
1875920 173
1875930 173
1875940 173
1875950 172
1875960 172
1875970 172
1875980 172
1875990 172
1876000 172
1876010 171
1876020 171
1876030 171
1876040 171
1876050 171
1876060 171
1876070 171
1876080 170
1876090 170
1876100 170
1876110 170
1876120 170
1876130 170
1876140 170
1876150 170
1876160 169
1876170 169
1876180 169
1876190 169
1876200 169
1876210 169
1876220 169
1876230 169
1876240 169
1876250 169
1876260 169
1876270 169
1876280 169
1876290 169
1876300 168
1876310 168
1876320 168
1876330 168
1876340 168
1876350 168
1876360 168
1876370 169
1876380 169
1876390 169
1876400 169
1876410 169
1876420 169
1876430 169
1876440 169
1876450 169
1876460 169
1876470 169
1876480 169
1876490 169
1876500 169
1876510 169
1876520 169
1876530 169
1876540 169
1876550 168
1876560 168
1876570 168
1876580 168
1876590 168
1876600 168
1876610 168
1876620 168
1876630 168
1876640 168
1876650 168
1876660 168
1876670 168
1876680 168
1876690 168
1876700 168
1876710 168
1876720 168
1876730 168
1876740 168
1876750 168
1876760 168
1876770 168
1876780 168
1876790 168
1876800 168
1876810 167
1876820 167
1876830 167
1876840 167
1876850 167
1876860 167
1876870 167
1876880 167
1876890 167
1876900 167
1876910 167
1876920 167
1876930 167
1876940 167
1876950 167
1876960 167
1876970 167
1876980 167
1876990 166
1877000 166
1877010 166
1877020 166
1877030 166
1877040 166
1877050 166
1877060 166
1877070 166
1877080 166
1877090 166
1877100 166
1877110 166
1877120 166
1877130 166
1877140 166
1877150 166
1877160 166
1877170 165
1877180 165
1877190 165
1877200 165
1877210 165
1877220 165
1877230 165
1877240 165
1877250 165
1877260 165
1877270 165
1877280 165
1877290 165
1877300 165
1877310 165
1877320 165
1877330 165
1877340 165
1877350 165
1877360 165
1877370 165
1877380 165
1877390 164
1877400 164
1877410 164
1877420 164
1877430 164
1877440 164
1877450 164
1877460 164
1877470 164
1877480 164
1877490 164
1877500 164
1877510 164
1877520 164
1877530 164
1877540 164
1877550 164
1877560 164
1877570 164
1877580 164
1877590 164
1877600 164
1877610 164
1877620 164
1877630 164
1877640 164
1877650 164
1877660 164
1877670 164
1877680 164
1877690 164
1877700 164
1877710 164
1877720 164
1877730 164
1877740 164
1877750 163
1877760 163
1877770 163
1877780 163
1877790 163
1877800 163
1877810 163
1877820 164
1877830 164
1877840 164
1877850 164
1877860 164
1877870 164
1877880 164
1877890 164
1877900 164
1877910 164
1877920 164
1877930 164
1877940 164
1877950 164
1877960 164
1877970 164
1877980 164
1877990 164
1878000 164
1878010 164
1878020 164
1878030 164
1878040 164
1878050 164
1878060 164
1878070 164
1878080 164
1878090 164
1878100 164
1878110 164
1878120 164
1878130 164
1878140 164
1878150 164
1878160 164
1878170 164
1878180 164
1878190 164
1878200 164
1878210 164
1878220 164
1878230 164
1878240 164
1878250 164
1878260 164
1878270 164
1878280 164
1878290 164
1878300 164
1878310 164
1878320 164
1878330 164
1878340 164
1878350 164
1878360 164
1878370 164
1878380 164
1878390 164
1878400 164
1878410 164
1878420 164
1878430 164
1878440 164
1878450 164
1878460 164
1878470 164
1878480 164
1878490 164
1878500 164
1878510 164
1878520 164
1878530 164
1878540 164
1878550 164
1878560 164
1878570 164
1878580 164
1878590 164
1878600 164
1878610 164
1878620 164
1878630 164
1878640 164
1878650 164
1878660 164
1878670 164
1878680 164
1878690 164
1878700 164
1878710 164
1878720 164
1878730 164
1878740 164
1878750 163
1878760 163
1878770 163
1878780 163
1878790 163
1878800 163
1878810 163
1878820 163
1878830 163
1878840 163
1878850 163
1878860 163
1878870 163
1878880 163
1878890 163
1878900 163
1878910 163
1878920 163
1878930 163
1878940 163
1878950 163
1878960 163
1878970 163
1878980 163
1878990 163
1879000 163
1879010 163
1879020 163
1879030 163
1879040 163
1879050 163
1879060 163
1879070 163
1879080 163
1879090 163
1879100 163
1879110 163
1879120 163
1879130 163
1879140 163
1879150 163
1879160 163
1879170 163
1879180 163
1879190 163
1879200 163
1879210 163
1879220 163
1879230 162
1879240 162
1879250 162
1879260 162
1879270 162
1879280 162
1879290 162
1879300 162
1879310 162
1879320 162
1879330 162
1879340 162
1879350 162
1879360 162
1879370 162
1879380 162
1879390 162
1879400 162
1879410 162
1879420 162
1879430 162
1879440 162
1879450 162
1879460 162
1879470 162
1879480 162
1879490 162
1879500 162
1879510 162
1879520 162
1879530 162
1879540 162
1879550 162
1879560 162
1879570 162
1879580 162
1879590 162
1879600 162
1879610 162
1879620 162
1879630 162
1879640 162
1879650 162
1879660 162
1879670 162
1879680 162
1879690 162
1879700 162
1879710 162
1879720 162
1879730 162
1879740 162
1879750 162
1879760 162
1879770 162
1879780 162
1879790 162
1879800 162
1879810 162
1879820 162
1879830 162
1879840 161
1879850 161
1879860 161
1879870 161
1879880 161
1879890 161
1879900 161
1879910 161
1879920 161
1879930 161
1879940 161
1879950 161
1879960 161
1879970 161
1879980 161
1879990 161
