1860000 212
1860010 212
1860020 212
1860030 213
1860040 213
1860050 213
1860060 213
1860070 214
1860080 214
1860090 214
1860100 214
1860110 214
1860120 215
1860130 215
1860140 215
1860150 215
1860160 215
1860170 215
1860180 216
1860190 216
1860200 216
1860210 216
1860220 216
1860230 216
1860240 216
1860250 216
1860260 216
1860270 216
1860280 216
1860290 216
1860300 215
1860310 215
1860320 215
1860330 215
1860340 215
1860350 215
1860360 215
1860370 215
1860380 215
1860390 214
1860400 214
1860410 214
1860420 214
1860430 214
1860440 214
1860450 214
1860460 214
1860470 214
1860480 213
1860490 213
1860500 213
1860510 213
1860520 213
1860530 213
1860540 213
1860550 213
1860560 213
1860570 213
1860580 213
1860590 213
1860600 213
1860610 213
1860620 213
1860630 213
1860640 213
1860650 213
1860660 213
1860670 213
1860680 213
1860690 212
1860700 212
1860710 212
1860720 212
1860730 212
1860740 212
1860750 212
1860760 212
1860770 212
1860780 212
1860790 212
1860800 212
1860810 212
1860820 212
1860830 212
1860840 212
1860850 212
1860860 212
1860870 211
1860880 211
1860890 211
1860900 211
1860910 211
1860920 211
1860930 211
1860940 211
1860950 211
1860960 210
1860970 210
1860980 210
1860990 210
1861000 210
1861010 209
1861020 209
1861030 209
1861040 209
1861050 208
1861060 208
1861070 208
1861080 208
1861090 208
1861100 207
1861110 207
1861120 207
1861130 207
1861140 207
1861150 207
1861160 207
1861170 207
1861180 206
1861190 206
1861200 206
1861210 206
1861220 206
1861230 206
1861240 206
1861250 206
1861260 206
1861270 205
1861280 205
1861290 205
1861300 204
1861310 204
1861320 204
1861330 204
1861340 203
1861350 203
1861360 203
1861370 203
1861380 203
1861390 203
1861400 202
1861410 202
1861420 202
1861430 202
1861440 202
1861450 202
1861460 202
1861470 202
1861480 203
1861490 203
1861500 203
1861510 203
1861520 203
1861530 203
1861540 203
1861550 203
1861560 203
1861570 202
1861580 202
1861590 202
1861600 202
1861610 202
1861620 202
1861630 203
1861640 203
1861650 203
1861660 204
1861670 204
1861680 204
1861690 205
1861700 205
1861710 205
1861720 206
1861730 206
1861740 206
1861750 206
1861760 206
1861770 206
1861780 207
1861790 207
1861800 207
1861810 207
1861820 207
1861830 207
1861840 207
1861850 207
1861860 207
1861870 207
1861880 207
1861890 207
1861900 206
1861910 206
1861920 206
1861930 206
1861940 206
1861950 206
1861960 206
1861970 206
1861980 206
1861990 206
1862000 206
1862010 206
1862020 206
1862030 206
1862040 206
1862050 205
1862060 205
1862070 205
1862080 205
1862090 205
1862100 205
1862110 205
1862120 205
1862130 205
1862140 205
1862150 205
1862160 205
1862170 206
1862180 206
1862190 206
1862200 206
1862210 206
1862220 206
1862230 206
1862240 206
1862250 206
1862260 206
1862270 206
1862280 206
1862290 206
1862300 206
1862310 206
1862320 206
1862330 206
1862340 206
1862350 206
1862360 207
1862370 206
1862380 206
1862390 206
1862400 206
1862410 206
1862420 206
1862430 206
1862440 206
1862450 206
1862460 206
1862470 206
1862480 206
1862490 206
1862500 206
1862510 205
1862520 205
1862530 205
1862540 205
1862550 205
1862560 205
1862570 205
1862580 205
1862590 205
1862600 205
1862610 205
1862620 205
1862630 205
1862640 204
1862650 204
1862660 204
1862670 204
1862680 204
1862690 204
1862700 204
1862710 204
1862720 204
1862730 204
1862740 204
1862750 204
1862760 205
1862770 205
1862780 205
1862790 205
1862800 205
1862810 205
1862820 205
1862830 205
1862840 205
1862850 206
1862860 206
1862870 206
1862880 206
1862890 206
1862900 206
1862910 206
1862920 206
1862930 206
1862940 206
1862950 206
1862960 206
1862970 206
1862980 206
1862990 207
1863000 207
1863010 207
1863020 207
1863030 207
1863040 207
1863050 207
1863060 207
1863070 207
1863080 207
1863090 207
1863100 207
1863110 207
1863120 207
1863130 207
1863140 207
1863150 207
1863160 207
1863170 207
1863180 207
1863190 207
1863200 208
1863210 208
1863220 208
1863230 208
1863240 208
1863250 208
1863260 208
1863270 208
1863280 208
1863290 209
1863300 209
1863310 209
1863320 209
1863330 209
1863340 209
1863350 209
1863360 209
1863370 209
1863380 209
1863390 209
1863400 209
1863410 209
1863420 209
1863430 209
1863440 209
1863450 209
1863460 210
1863470 210
1863480 210
1863490 210
1863500 210
1863510 210
1863520 210
1863530 210
1863540 210
1863550 210
1863560 210
1863570 211
1863580 211
1863590 211
1863600 211
1863610 211
1863620 211
1863630 211
1863640 212
1863650 212
1863660 212
1863670 212
1863680 212
1863690 212
1863700 213
1863710 213
1863720 213
1863730 213
1863740 213
1863750 214
1863760 214
1863770 214
1863780 214
1863790 214
1863800 214
1863810 214
1863820 214
1863830 214
1863840 214
1863850 214
1863860 214
1863870 214
1863880 214
1863890 214
1863900 214
1863910 214
1863920 214
1863930 214
1863940 214
1863950 214
1863960 214
1863970 214
1863980 214
1863990 214
1864000 214
1864010 214
1864020 213
1864030 213
1864040 213
1864050 213
1864060 213
1864070 213
1864080 212
1864090 212
1864100 212
1864110 212
1864120 212
1864130 211
1864140 211
1864150 211
1864160 211
1864170 210
1864180 210
1864190 210
1864200 210
1864210 210
1864220 210
1864230 209
1864240 209
1864250 209
1864260 209
1864270 209
1864280 208
1864290 208
1864300 208
1864310 208
1864320 208
1864330 208
1864340 208
1864350 207
1864360 207
1864370 207
1864380 207
1864390 207
1864400 207
1864410 206
1864420 206
1864430 206
1864440 206
1864450 206
1864460 206
1864470 205
1864480 205
1864490 205
1864500 205
1864510 205
1864520 205
1864530 204
1864540 204
1864550 204
1864560 204
1864570 204
1864580 204
1864590 203
1864600 203
1864610 203
1864620 203
1864630 203
1864640 203
1864650 202
1864660 202
1864670 202
1864680 202
1864690 202
1864700 201
1864710 201
1864720 201
1864730 201
1864740 201
1864750 201
1864760 200
1864770 200
1864780 200
1864790 200
1864800 200
1864810 199
1864820 199
1864830 199
1864840 198
1864850 198
1864860 198
1864870 198
1864880 197
1864890 197
1864900 197
1864910 197
1864920 197
1864930 196
1864940 196
1864950 196
1864960 196
1864970 195
1864980 195
1864990 195
1865000 195
1865010 195
1865020 194
1865030 194
1865040 194
1865050 194
1865060 193
1865070 193
1865080 193
1865090 193
1865100 193
1865110 192
1865120 192
1865130 192
1865140 191
1865150 191
1865160 191
1865170 190
1865180 190
1865190 190
1865200 190
1865210 189
1865220 189
1865230 189
1865240 188
1865250 188
1865260 188
1865270 188
1865280 188
1865290 187
1865300 187
1865310 187
1865320 186
1865330 186
1865340 186
1865350 185
1865360 185
1865370 185
1865380 184
1865390 184
1865400 184
1865410 184
1865420 184
1865430 184
1865440 183
1865450 183
1865460 183
1865470 183
1865480 183
1865490 183
1865500 182
1865510 182
1865520 182
1865530 182
1865540 182
1865550 182
1865560 181
1865570 181
1865580 181
1865590 181
1865600 181
1865610 181
1865620 181
1865630 181
1865640 182
1865650 184
1865660 184
1865670 185
1865680 187
1865690 187
1865700 188
1865710 189
1865720 189
1865730 189
1865740 189
1865750 189
1865760 188
1865770 188
1865780 188
1865790 186
1865800 185
1865810 185
1865820 184
1865830 183
1865840 183
1865850 183
1865860 182
1865870 182
1865880 182
1865890 182
1865900 182
1865910 182
1865920 182
1865930 182
1865940 182
1865950 182
1865960 182
1865970 182
1865980 182
1865990 182
1866000 181
1866010 181
1866020 181
1866030 182
1866040 182
1866050 182
1866060 182
1866070 182
1866080 182
1866090 183
1866100 183
1866110 183
1866120 183
1866130 183
1866140 184
1866150 184
1866160 184
1866170 185
1866180 185
1866190 185
1866200 185
1866210 185
1866220 185
1866230 186
1866240 186
1866250 186
1866260 186
1866270 187
1866280 187
1866290 187
1866300 187
1866310 187
1866320 188
1866330 188
1866340 188
1866350 189
1866360 190
1866370 190
1866380 190
1866390 191
1866400 191
1866410 192
1866420 192
1866430 192
1866440 193
1866450 194
1866460 194
1866470 196
1866480 196
1866490 196
1866500 197
1866510 197
1866520 198
1866530 198
1866540 198
1866550 199
1866560 200
1866570 200
1866580 200
1866590 201
1866600 201
1866610 202
1866620 203
1866630 203
1866640 203
1866650 204
1866660 204
1866670 204
1866680 205
1866690 205
1866700 205
1866710 205
1866720 205
1866730 205
1866740 205
1866750 205
1866760 204
1866770 204
1866780 204
1866790 204
1866800 204
1866810 205
1866820 205
1866830 205
1866840 205
1866850 204
1866860 204
1866870 204
1866880 204
1866890 205
1866900 205
1866910 205
1866920 205
1866930 205
1866940 205
1866950 206
1866960 206
1866970 206
1866980 206
1866990 206
1867000 206
1867010 206
1867020 206
1867030 206
1867040 206
1867050 206
1867060 206
1867070 206
1867080 206
1867090 205
1867100 205
1867110 204
1867120 203
1867130 203
1867140 203
1867150 202
1867160 203
1867170 203
1867180 202
1867190 202
1867200 201
1867210 201
1867220 201
1867230 200
1867240 199
1867250 199
1867260 198
1867270 197
1867280 197
1867290 196
1867300 196
1867310 196
1867320 195
1867330 194
1867340 194
1867350 193
1867360 193
1867370 193
1867380 192
1867390 192
1867400 192
1867410 192
1867420 192
1867430 192
1867440 192
1867450 194
1867460 194
1867470 196
1867480 199
1867490 199
1867500 201
1867510 204
1867520 204
1867530 208
1867540 210
1867550 210
1867560 211
1867570 212
1867580 212
1867590 212
1867600 212
1867610 212
1867620 212
1867630 211
1867640 211
1867650 209
1867660 209
1867670 207
1867680 205
1867690 205
1867700 203
1867710 201
1867720 201
1867730 199
1867740 199
1867750 199
1867760 198
1867770 198
1867780 198
1867790 199
1867800 199
1867810 199
1867820 200
1867830 201
1867840 201
1867850 202
1867860 204
1867870 204
1867880 207
1867890 211
1867900 211
1867910 214
1867920 218
1867930 218
1867940 222
1867950 225
1867960 225
1867970 228
1867980 230
1867990 230
1868000 233
1868010 234
1868020 234
1868030 235
1868040 236
1868050 236
1868060 237
1868070 237
1868080 237
1868090 236
1868100 236
1868110 236
1868120 236
1868130 236
1868140 236
1868150 236
1868160 236
1868170 236
1868180 236
1868190 235
1868200 235
1868210 235
1868220 234
1868230 234
1868240 234
1868250 234
1868260 234
1868270 233
1868280 233
1868290 233
1868300 232
1868310 232
1868320 232
1868330 231
1868340 231
1868350 231
1868360 230
1868370 230
1868380 230
1868390 229
1868400 229
1868410 228
1868420 227
1868430 227
1868440 226
1868450 225
1868460 225
1868470 224
1868480 223
1868490 223
1868500 222
1868510 221
1868520 221
1868530 221
1868540 221
1868550 221
1868560 221
1868570 221
1868580 221
1868590 221
1868600 221
1868610 221
1868620 221
1868630 221
1868640 221
1868650 220
1868660 220
1868670 220
1868680 219
1868690 219
1868700 219
1868710 219
1868720 218
1868730 218
1868740 218
1868750 217
1868760 217
1868770 217
1868780 216
1868790 216
1868800 216
1868810 215
1868820 215
1868830 214
1868840 214
1868850 214
1868860 214
1868870 214
1868880 213
1868890 213
1868900 213
1868910 212
1868920 212
1868930 212
1868940 211
1868950 210
1868960 210
1868970 210
1868980 211
1868990 211
1869000 211
1869010 211
1869020 211
1869030 211
1869040 212
1869050 212
1869060 212
1869070 212
1869080 212
1869090 212
1869100 212
1869110 212
1869120 212
1869130 212
1869140 212
1869150 212
1869160 211
1869170 211
1869180 211
1869190 210
1869200 209
1869210 209
1869220 208
1869230 208
1869240 208
1869250 207
1869260 207
1869270 206
1869280 204
1869290 204
1869300 203
1869310 202
1869320 202
1869330 202
1869340 201
1869350 201
1869360 200
1869370 200
1869380 200
1869390 199
1869400 199
1869410 199
1869420 199
1869430 199
1869440 199
1869450 199
1869460 199
1869470 198
1869480 198
1869490 198
1869500 198
1869510 198
1869520 198
1869530 198
1869540 197
1869550 197
1869560 197
1869570 197
1869580 197
1869590 197
1869600 197
1869610 197
1869620 197
1869630 198
1869640 198
1869650 198
1869660 199
1869670 199
1869680 199
1869690 200
1869700 200
1869710 204
1869720 207
1869730 207
1869740 209
1869750 210
1869760 210
1869770 210
1869780 209
1869790 209
1869800 209
1869810 208
1869820 208
1869830 207
1869840 207
1869850 207
1869860 207
1869870 208
1869880 209
1869890 210
1869900 210
1869910 210
1869920 210
1869930 210
1869940 210
1869950 210
1869960 210
1869970 210
1869980 209
1869990 209
1870000 209
1870010 209
1870020 209
1870030 209
1870040 208
1870050 208
1870060 208
1870070 208
1870080 208
1870090 209
1870100 209
1870110 209
1870120 209
1870130 207
1870140 207
1870150 205
1870160 202
1870170 202
1870180 201
1870190 200
1870200 200
1870210 200
1870220 200
1870230 200
1870240 200
1870250 200
1870260 200
1870270 200
1870280 200
1870290 200
1870300 200
1870310 200
1870320 200
1870330 200
1870340 200
1870350 200
1870360 201
1870370 201
1870380 201
1870390 202
1870400 203
1870410 203
1870420 205
1870430 206
1870440 206
1870450 207
1870460 208
1870470 208
1870480 209
1870490 209
1870500 209
1870510 210
1870520 209
1870530 209
1870540 209
1870550 209
1870560 208
1870570 209
1870580 210
1870590 210
1870600 212
1870610 213
1870620 213
1870630 214
1870640 214
1870650 215
1870660 216
1870670 216
1870680 217
1870690 218
1870700 218
1870710 219
1870720 220
1870730 220
1870740 221
1870750 223
1870760 223
1870770 224
1870780 225
1870790 225
1870800 226
1870810 226
1870820 226
1870830 226
1870840 227
1870850 227
1870860 227
1870870 227
1870880 227
1870890 227
1870900 226
1870910 226
1870920 226
1870930 226
1870940 226
1870950 226
1870960 226
1870970 226
1870980 226
1870990 226
1871000 226
1871010 225
1871020 225
1871030 225
1871040 225
1871050 225
1871060 225
1871070 225
1871080 225
1871090 225
1871100 224
1871110 224
1871120 224
1871130 224
1871140 224
1871150 224
1871160 223
1871170 223
1871180 223
1871190 223
1871200 223
1871210 223
1871220 222
1871230 222
1871240 222
1871250 222
1871260 222
1871270 221
1871280 221
1871290 221
1871300 221
1871310 221
1871320 221
1871330 221
1871340 221
1871350 221
1871360 220
1871370 220
1871380 220
1871390 220
1871400 220
1871410 220
1871420 219
1871430 219
1871440 219
1871450 219
1871460 219
1871470 219
1871480 218
1871490 218
1871500 218
1871510 218
1871520 217
1871530 217
1871540 217
1871550 217
1871560 217
1871570 217
1871580 216
1871590 216
1871600 216
1871610 216
1871620 216
1871630 215
1871640 215
1871650 215
1871660 215
1871670 215
1871680 215
1871690 215
1871700 215
1871710 215
1871720 214
1871730 214
1871740 214
1871750 214
1871760 214
1871770 214
1871780 214
1871790 214
1871800 214
1871810 214
1871820 214
1871830 213
1871840 213
1871850 213
1871860 213
1871870 212
1871880 212
1871890 211
1871900 210
1871910 210
1871920 209
1871930 209
1871940 209
1871950 208
1871960 208
1871970 208
1871980 207
1871990 207
1872000 207
1872010 207
1872020 206
1872030 206
1872040 206
1872050 206
1872060 206
1872070 206
1872080 205
1872090 205
1872100 205
1872110 204
1872120 204
1872130 204
1872140 203
1872150 203
1872160 202
1872170 201
1872180 201
1872190 200
1872200 199
1872210 199
1872220 199
1872230 198
1872240 198
1872250 198
1872260 199
1872270 199
1872280 199
1872290 200
1872300 200
1872310 200
1872320 201
1872330 201
1872340 201
1872350 201
1872360 201
1872370 201
1872380 201
1872390 201
1872400 201
1872410 201
1872420 201
1872430 201
1872440 201
1872450 201
1872460 202
1872470 202
1872480 202
1872490 203
1872500 203
1872510 203
1872520 204
1872530 204
1872540 204
1872550 205
1872560 205
1872570 205
1872580 206
1872590 206
1872600 206
1872610 206
1872620 206
1872630 206
1872640 205
1872650 205
1872660 205
1872670 205
1872680 205
1872690 205
1872700 204
1872710 204
1872720 204
1872730 203
1872740 203
1872750 203
1872760 203
1872770 203
1872780 202
1872790 202
1872800 202
1872810 202
1872820 201
1872830 201
1872840 201
1872850 201
1872860 201
1872870 201
1872880 200
1872890 200
1872900 200
1872910 200
1872920 200
1872930 200
1872940 200
1872950 200
1872960 199
1872970 199
1872980 199
1872990 199
1873000 199
1873010 198
1873020 198
1873030 198
1873040 197
1873050 197
1873060 197
1873070 197
1873080 196
1873090 196
1873100 196
1873110 196
1873120 196
1873130 196
1873140 195
1873150 195
1873160 195
1873170 195
1873180 195
1873190 195
1873200 195
1873210 195
1873220 195
1873230 195
1873240 195
1873250 194
1873260 194
1873270 194
1873280 194
1873290 193
1873300 193
1873310 193
1873320 193
1873330 193
1873340 193
1873350 193
1873360 193
1873370 192
1873380 192
1873390 192
1873400 192
1873410 192
1873420 192
1873430 191
1873440 191
1873450 191
1873460 191
1873470 190
1873480 190
1873490 190
1873500 190
1873510 190
1873520 190
1873530 189
1873540 189
1873550 189
1873560 189
1873570 189
1873580 189
1873590 189
1873600 188
1873610 188
1873620 188
1873630 188
1873640 187
1873650 187
1873660 187
1873670 187
1873680 187
1873690 186
1873700 186
1873710 186
1873720 186
1873730 186
1873740 186
1873750 186
1873760 185
1873770 185
1873780 185
1873790 185
1873800 185
1873810 185
1873820 185
1873830 185
1873840 184
1873850 184
1873860 184
1873870 184
1873880 184
1873890 184
1873900 184
1873910 184
1873920 184
1873930 183
1873940 183
1873950 183
1873960 183
1873970 183
1873980 183
1873990 183
1874000 183
1874010 183
1874020 183
1874030 182
1874040 182
1874050 182
1874060 182
1874070 182
1874080 182
1874090 182
1874100 182
1874110 182
1874120 182
1874130 182
1874140 181
1874150 181
1874160 181
1874170 181
1874180 181
1874190 181
1874200 181
1874210 181
1874220 181
1874230 181
1874240 181
1874250 181
1874260 180
1874270 180
1874280 180
1874290 180
1874300 180
1874310 180
1874320 180
1874330 180
1874340 180
1874350 180
1874360 180
1874370 180
1874380 179
1874390 179
1874400 179
1874410 179
1874420 179
1874430 179
1874440 178
1874450 178
1874460 178
1874470 178
1874480 178
1874490 178
1874500 178
1874510 178
1874520 178
1874530 177
1874540 177
1874550 177
1874560 177
1874570 177
1874580 177
1874590 177
1874600 177
1874610 177
1874620 177
1874630 177
1874640 177
1874650 176
1874660 176
1874670 176
1874680 176
1874690 176
1874700 176
1874710 176
1874720 176
1874730 176
1874740 176
1874750 176
1874760 176
1874770 176
1874780 176
1874790 176
1874800 176
1874810 176
1874820 176
1874830 176
1874840 176
1874850 175
1874860 175
1874870 175
1874880 175
1874890 175
1874900 175
1874910 175
1874920 175
1874930 175
1874940 175
1874950 175
1874960 175
1874970 174
1874980 174
1874990 174
1875000 174
1875010 174
1875020 174
1875030 174
1875040 174
1875050 174
1875060 174
1875070 174
1875080 174
1875090 174
1875100 174
1875110 174
1875120 174
1875130 174
1875140 174
1875150 174
1875160 174
1875170 174
1875180 174
1875190 174
1875200 174
1875210 174
1875220 174
1875230 174
1875240 173
1875250 173
1875260 173
1875270 173
1875280 173
1875290 173
1875300 173
1875310 173
1875320 173
1875330 173
1875340 173
1875350 172
1875360 172
1875370 172
1875380 172
1875390 172
1875400 172
1875410 172
1875420 172
1875430 172
1875440 172
1875450 172
1875460 172
1875470 172
1875480 172
1875490 172
1875500 172
1875510 172
1875520 172
1875530 172
1875540 172
1875550 172
1875560 172
1875570 172
1875580 172
1875590 172
1875600 172
1875610 172
1875620 172
1875630 172
1875640 172
1875650 172
1875660 172
1875670 172
1875680 172
1875690 172
1875700 172
1875710 172
1875720 172
1875730 171
1875740 171
1875750 171
1875760 171
1875770 172
1875780 172
1875790 171
1875800 171
1875810 171
1875820 171
1875830 171
1875840 171
1875850 171
1875860 172
1875870 172
1875880 171
1875890 171
1875900 171
1875910 171
1875920 171
1875930 171
1875940 171
1875950 171
1875960 171
1875970 171
1875980 171
1875990 171
1876000 171
1876010 171
1876020 171
1876030 171
1876040 171
1876050 171
1876060 171
1876070 171
1876080 171
1876090 171
1876100 171
1876110 171
1876120 170
1876130 170
1876140 170
1876150 170
1876160 170
1876170 170
1876180 170
1876190 170
1876200 170
1876210 170
1876220 170
1876230 170
1876240 170
1876250 170
1876260 170
1876270 170
1876280 170
1876290 170
1876300 170
1876310 170
1876320 170
1876330 170
1876340 170
1876350 170
1876360 170
1876370 170
1876380 170
1876390 170
1876400 170
1876410 170
1876420 170
1876430 170
1876440 170
1876450 170
1876460 170
1876470 170
1876480 170
1876490 170
1876500 170
1876510 170
1876520 170
1876530 170
1876540 170
1876550 170
1876560 170
1876570 170
1876580 170
1876590 170
1876600 170
1876610 170
1876620 170
1876630 170
1876640 170
1876650 170
1876660 170
1876670 170
1876680 170
1876690 170
1876700 170
1876710 170
1876720 170
1876730 170
1876740 170
1876750 170
1876760 170
1876770 170
1876780 170
1876790 170
1876800 169
1876810 169
1876820 169
1876830 169
1876840 169
1876850 169
1876860 169
1876870 169
1876880 169
1876890 169
1876900 169
1876910 169
1876920 169
1876930 169
1876940 168
1876950 168
1876960 168
1876970 168
1876980 168
1876990 168
1877000 168
1877010 168
1877020 168
1877030 168
1877040 168
1877050 168
1877060 168
1877070 168
1877080 168
1877090 167
1877100 167
1877110 167
1877120 167
1877130 167
1877140 167
1877150 167
1877160 167
1877170 167
1877180 167
1877190 167
1877200 167
1877210 167
1877220 167
1877230 167
1877240 167
1877250 167
1877260 167
1877270 167
1877280 167
1877290 167
1877300 167
1877310 167
1877320 166
1877330 166
1877340 166
1877350 166
1877360 166
1877370 166
1877380 166
1877390 166
1877400 166
1877410 166
1877420 166
1877430 166
1877440 166
1877450 166
1877460 166
1877470 166
1877480 167
1877490 167
1877500 167
1877510 167
1877520 167
1877530 167
1877540 167
1877550 167
1877560 167
1877570 167
1877580 167
1877590 167
1877600 167
1877610 167
1877620 167
1877630 167
1877640 167
1877650 167
1877660 167
1877670 167
1877680 167
1877690 167
1877700 167
1877710 167
1877720 167
1877730 167
1877740 167
1877750 167
1877760 167
1877770 167
1877780 167
1877790 167
1877800 167
1877810 167
1877820 167
1877830 167
1877840 167
1877850 167
1877860 167
1877870 167
1877880 167
1877890 166
1877900 166
1877910 166
1877920 166
1877930 166
1877940 166
1877950 166
1877960 166
1877970 166
1877980 166
1877990 166
1878000 166
1878010 166
1878020 166
1878030 166
1878040 166
1878050 166
1878060 166
1878070 165
1878080 165
1878090 165
1878100 165
1878110 165
1878120 165
1878130 165
1878140 165
1878150 165
1878160 165
1878170 165
1878180 165
1878190 165
1878200 165
1878210 165
1878220 165
1878230 165
1878240 165
1878250 165
1878260 165
1878270 165
1878280 166
1878290 166
1878300 165
1878310 165
1878320 165
1878330 165
1878340 165
1878350 165
1878360 165
1878370 165
1878380 165
1878390 165
1878400 165
1878410 165
1878420 165
1878430 165
1878440 165
1878450 165
1878460 165
1878470 165
1878480 165
1878490 165
1878500 165
1878510 165
1878520 165
1878530 165
1878540 165
1878550 165
1878560 165
1878570 165
1878580 165
1878590 165
1878600 165
1878610 165
1878620 165
1878630 165
1878640 165
1878650 165
1878660 165
1878670 165
1878680 165
1878690 165
1878700 165
1878710 165
1878720 165
1878730 165
1878740 165
1878750 165
1878760 165
1878770 165
1878780 165
1878790 165
1878800 164
1878810 164
1878820 164
1878830 164
1878840 164
1878850 164
1878860 164
1878870 164
1878880 164
1878890 164
1878900 164
1878910 164
1878920 164
1878930 164
1878940 164
1878950 164
1878960 164
1878970 164
1878980 164
1878990 164
1879000 164
1879010 164
1879020 164
1879030 164
1879040 164
1879050 164
1879060 164
1879070 164
1879080 164
1879090 164
1879100 164
1879110 164
1879120 164
1879130 164
1879140 164
1879150 164
1879160 164
1879170 164
1879180 164
1879190 164
1879200 164
1879210 164
1879220 164
1879230 164
1879240 164
1879250 164
1879260 164
1879270 163
1879280 163
1879290 163
1879300 163
1879310 163
1879320 163
1879330 163
1879340 163
1879350 163
1879360 163
1879370 163
1879380 163
1879390 163
1879400 163
1879410 163
1879420 163
1879430 163
1879440 163
1879450 163
1879460 163
1879470 163
1879480 163
1879490 163
1879500 163
1879510 163
1879520 163
1879530 163
1879540 163
1879550 163
1879560 163
1879570 163
1879580 163
1879590 163
1879600 163
1879610 163
1879620 163
1879630 163
1879640 163
1879650 163
1879660 163
1879670 163
1879680 163
1879690 163
1879700 163
1879710 163
1879720 163
1879730 163
1879740 163
1879750 163
1879760 163
1879770 163
1879780 163
1879790 163
1879800 163
1879810 163
1879820 163
1879830 163
1879840 163
1879850 163
1879860 163
1879870 163
1879880 163
1879890 163
1879900 163
1879910 163
1879920 163
1879930 163
1879940 163
1879950 163
1879960 163
1879970 163
1879980 163
1879990 163
1860000 212
1860010 212
1860020 212
1860030 213
1860040 213
1860050 213
1860060 213
1860070 214
1860080 214
1860090 214
1860100 214
1860110 214
1860120 215
1860130 215
1860140 215
1860150 215
1860160 215
1860170 215
1860180 216
1860190 216
1860200 216
1860210 216
1860220 216
1860230 216
1860240 216
1860250 216
1860260 216
1860270 216
1860280 216
1860290 216
1860300 215
1860310 215
1860320 215
1860330 215
1860340 215
1860350 215
1860360 215
1860370 215
1860380 215
1860390 214
1860400 214
1860410 214
1860420 214
1860430 214
1860440 214
1860450 214
1860460 214
1860470 214
1860480 213
1860490 213
1860500 213
1860510 213
1860520 213
1860530 213
1860540 213
1860550 213
1860560 213
1860570 213
1860580 213
1860590 213
1860600 213
1860610 213
1860620 213
1860630 213
1860640 213
1860650 213
1860660 213
1860670 213
1860680 213
1860690 212
1860700 212
1860710 212
1860720 212
1860730 212
1860740 212
1860750 212
1860760 212
1860770 212
1860780 212
1860790 212
1860800 212
1860810 212
1860820 212
1860830 212
1860840 212
1860850 212
1860860 212
1860870 211
1860880 211
1860890 211
1860900 211
1860910 211
1860920 211
1860930 211
1860940 211
1860950 211
1860960 210
1860970 210
1860980 210
1860990 210
1861000 210
1861010 209
1861020 209
1861030 209
1861040 209
1861050 208
1861060 208
1861070 208
1861080 208
1861090 208
1861100 207
1861110 207
1861120 207
1861130 207
1861140 207
1861150 207
1861160 207
1861170 207
1861180 206
1861190 206
1861200 206
1861210 206
1861220 206
1861230 206
1861240 206
1861250 206
1861260 206
1861270 205
1861280 205
1861290 205
1861300 204
1861310 204
1861320 204
1861330 204
1861340 203
1861350 203
1861360 203
1861370 203
1861380 203
1861390 203
1861400 202
1861410 202
1861420 202
1861430 202
1861440 202
1861450 202
1861460 202
1861470 202
1861480 203
1861490 203
1861500 203
1861510 203
1861520 203
1861530 203
1861540 203
1861550 203
1861560 203
1861570 202
1861580 202
1861590 202
1861600 202
1861610 202
1861620 202
1861630 203
1861640 203
1861650 203
1861660 204
1861670 204
1861680 204
1861690 205
1861700 205
1861710 205
1861720 206
1861730 206
1861740 206
1861750 206
1861760 206
1861770 206
1861780 207
1861790 207
1861800 207
1861810 207
1861820 207
1861830 207
1861840 207
1861850 207
1861860 207
1861870 207
1861880 207
1861890 207
1861900 206
1861910 206
1861920 206
1861930 206
1861940 206
1861950 206
1861960 206
1861970 206
1861980 206
1861990 206
1862000 206
1862010 206
1862020 206
1862030 206
1862040 206
1862050 205
1862060 205
1862070 205
1862080 205
1862090 205
1862100 205
1862110 205
1862120 205
1862130 205
1862140 205
1862150 205
1862160 205
1862170 206
1862180 206
1862190 206
1862200 206
1862210 206
1862220 206
1862230 206
1862240 206
1862250 206
1862260 206
1862270 206
1862280 206
1862290 206
1862300 206
1862310 206
1862320 206
1862330 206
1862340 206
1862350 206
1862360 207
1862370 206
1862380 206
1862390 206
1862400 206
1862410 206
1862420 206
1862430 206
1862440 206
1862450 206
1862460 206
1862470 206
1862480 206
1862490 206
1862500 206
1862510 205
1862520 205
1862530 205
1862540 205
1862550 205
1862560 205
1862570 205
1862580 205
1862590 205
1862600 205
1862610 205
1862620 205
1862630 205
1862640 204
1862650 204
1862660 204
1862670 204
1862680 204
1862690 204
1862700 204
1862710 204
1862720 204
1862730 204
1862740 204
1862750 204
1862760 205
1862770 205
1862780 205
1862790 205
1862800 205
1862810 205
1862820 205
1862830 205
1862840 205
1862850 206
1862860 206
1862870 206
1862880 206
1862890 206
1862900 206
1862910 206
1862920 206
1862930 206
1862940 206
1862950 206
1862960 206
1862970 206
1862980 206
1862990 207
1863000 207
1863010 207
1863020 207
1863030 207
1863040 207
1863050 207
1863060 207
1863070 207
1863080 207
1863090 207
1863100 207
1863110 207
1863120 207
1863130 207
1863140 207
1863150 207
1863160 207
1863170 207
1863180 207
1863190 207
1863200 208
1863210 208
1863220 208
1863230 208
1863240 208
1863250 208
1863260 208
1863270 208
1863280 208
1863290 209
1863300 209
1863310 209
1863320 209
1863330 209
1863340 209
1863350 209
1863360 209
1863370 209
1863380 209
1863390 209
1863400 209
1863410 209
1863420 209
1863430 209
1863440 209
1863450 209
1863460 210
1863470 210
1863480 210
1863490 210
1863500 210
1863510 210
1863520 210
1863530 210
1863540 210
1863550 210
1863560 210
1863570 211
1863580 211
1863590 211
1863600 211
1863610 211
1863620 211
1863630 211
1863640 212
1863650 212
1863660 212
1863670 212
1863680 212
1863690 212
1863700 213
1863710 213
1863720 213
1863730 213
1863740 213
1863750 214
1863760 214
1863770 214
1863780 214
1863790 214
1863800 214
1863810 214
1863820 214
1863830 214
1863840 214
1863850 214
1863860 214
1863870 214
1863880 214
1863890 214
1863900 214
1863910 214
1863920 214
1863930 214
1863940 214
1863950 214
1863960 214
1863970 214
1863980 214
1863990 214
1864000 214
1864010 214
1864020 213
1864030 213
1864040 213
1864050 213
1864060 213
1864070 213
1864080 212
1864090 212
1864100 212
1864110 212
1864120 212
1864130 211
1864140 211
1864150 211
1864160 211
1864170 210
1864180 210
1864190 210
1864200 210
1864210 210
1864220 210
1864230 209
1864240 209
1864250 209
1864260 209
1864270 209
1864280 208
1864290 208
1864300 208
1864310 208
1864320 208
1864330 208
1864340 208
1864350 207
1864360 207
1864370 207
1864380 207
1864390 207
1864400 207
1864410 206
1864420 206
1864430 206
1864440 206
1864450 206
1864460 206
1864470 205
1864480 205
1864490 205
1864500 205
1864510 205
1864520 205
1864530 204
1864540 204
1864550 204
1864560 204
1864570 204
1864580 204
1864590 203
1864600 203
1864610 203
1864620 203
1864630 203
1864640 203
1864650 202
1864660 202
1864670 202
1864680 202
1864690 202
1864700 201
1864710 201
1864720 201
1864730 201
1864740 201
1864750 201
1864760 200
1864770 200
1864780 200
1864790 200
1864800 200
1864810 199
1864820 199
1864830 199
1864840 198
1864850 198
1864860 198
1864870 198
1864880 197
1864890 197
1864900 197
1864910 197
1864920 197
1864930 196
1864940 196
1864950 196
1864960 196
1864970 195
1864980 195
1864990 195
1865000 195
1865010 195
1865020 194
1865030 194
1865040 194
1865050 194
1865060 193
1865070 193
1865080 193
1865090 193
1865100 193
1865110 192
1865120 192
1865130 192
1865140 191
1865150 191
1865160 191
1865170 190
1865180 190
1865190 190
1865200 190
1865210 189
1865220 189
1865230 189
1865240 188
1865250 188
1865260 188
1865270 188
1865280 188
1865290 187
1865300 187
1865310 187
1865320 186
1865330 186
1865340 186
1865350 185
1865360 185
1865370 185
1865380 184
1865390 184
1865400 184
1865410 184
1865420 184
1865430 184
1865440 183
1865450 183
1865460 183
1865470 183
1865480 183
1865490 183
1865500 182
1865510 182
1865520 182
1865530 182
1865540 182
1865550 182
1865560 181
1865570 181
1865580 181
1865590 181
1865600 181
1865610 181
1865620 181
1865630 181
1865640 182
1865650 184
1865660 184
1865670 185
1865680 187
1865690 187
1865700 188
1865710 189
1865720 189
1865730 189
1865740 189
1865750 189
1865760 188
1865770 188
1865780 188
1865790 186
1865800 185
1865810 185
1865820 184
1865830 183
1865840 183
1865850 183
1865860 182
1865870 182
1865880 182
1865890 182
1865900 182
1865910 182
1865920 182
1865930 182
1865940 182
1865950 182
1865960 182
1865970 182
1865980 182
1865990 182
1866000 181
1866010 181
1866020 181
1866030 182
1866040 182
1866050 182
1866060 182
1866070 182
1866080 182
1866090 183
1866100 183
1866110 183
1866120 183
1866130 183
1866140 184
1866150 184
1866160 184
1866170 185
1866180 185
1866190 185
1866200 185
1866210 185
1866220 185
1866230 186
1866240 186
1866250 186
1866260 186
1866270 187
1866280 187
1866290 187
1866300 187
1866310 187
1866320 188
1866330 188
1866340 188
1866350 189
1866360 190
1866370 190
1866380 190
1866390 191
1866400 191
1866410 192
1866420 192
1866430 192
1866440 193
1866450 194
1866460 194
1866470 196
1866480 196
1866490 196
1866500 197
1866510 197
1866520 198
1866530 198
1866540 198
1866550 199
1866560 200
1866570 200
1866580 200
1866590 201
1866600 201
1866610 202
1866620 203
1866630 203
1866640 203
1866650 204
1866660 204
1866670 204
1866680 205
1866690 205
1866700 205
1866710 205
1866720 205
1866730 205
1866740 205
1866750 205
1866760 204
1866770 204
1866780 204
1866790 204
1866800 204
1866810 205
1866820 205
1866830 205
1866840 205
1866850 204
1866860 204
1866870 204
1866880 204
1866890 205
1866900 205
1866910 205
1866920 205
1866930 205
1866940 205
1866950 206
1866960 206
1866970 206
1866980 206
1866990 206
1867000 206
1867010 206
1867020 206
1867030 206
1867040 206
1867050 206
1867060 206
1867070 206
1867080 206
1867090 205
1867100 205
1867110 204
1867120 203
1867130 203
1867140 203
1867150 202
1867160 203
1867170 203
1867180 202
1867190 202
1867200 201
1867210 201
1867220 201
1867230 200
1867240 199
1867250 199
1867260 198
1867270 197
1867280 197
1867290 196
1867300 196
1867310 196
1867320 195
1867330 194
1867340 194
1867350 193
1867360 193
1867370 193
1867380 192
1867390 192
1867400 192
1867410 192
1867420 192
1867430 192
1867440 192
1867450 194
1867460 194
1867470 196
1867480 199
1867490 199
1867500 201
1867510 204
1867520 204
1867530 208
1867540 210
1867550 210
1867560 211
1867570 212
1867580 212
1867590 212
1867600 212
1867610 212
1867620 212
1867630 211
1867640 211
1867650 209
1867660 209
1867670 207
1867680 205
1867690 205
1867700 203
1867710 201
1867720 201
1867730 199
1867740 199
1867750 199
1867760 198
1867770 198
1867780 198
1867790 199
1867800 199
1867810 199
1867820 200
1867830 201
1867840 201
1867850 202
1867860 204
1867870 204
1867880 207
1867890 211
1867900 211
1867910 214
1867920 218
1867930 218
1867940 222
1867950 225
1867960 225
1867970 228
1867980 230
1867990 230
1868000 233
1868010 234
1868020 234
1868030 235
1868040 236
1868050 236
1868060 237
1868070 237
1868080 237
1868090 236
1868100 236
1868110 236
1868120 236
1868130 236
1868140 236
1868150 236
1868160 236
1868170 236
1868180 236
1868190 235
1868200 235
1868210 235
1868220 234
1868230 234
1868240 234
1868250 234
1868260 234
1868270 233
1868280 233
1868290 233
1868300 232
1868310 232
1868320 232
1868330 231
1868340 231
1868350 231
1868360 230
1868370 230
1868380 230
1868390 229
1868400 229
1868410 228
1868420 227
1868430 227
1868440 226
1868450 225
1868460 225
1868470 224
1868480 223
1868490 223
1868500 222
1868510 221
1868520 221
1868530 221
1868540 221
1868550 221
1868560 221
1868570 221
1868580 221
1868590 221
1868600 221
1868610 221
1868620 221
1868630 221
1868640 221
1868650 220
1868660 220
1868670 220
1868680 219
1868690 219
1868700 219
1868710 219
1868720 218
1868730 218
1868740 218
1868750 217
1868760 217
1868770 217
1868780 216
1868790 216
1868800 216
1868810 215
1868820 215
1868830 214
1868840 214
1868850 214
1868860 214
1868870 214
1868880 213
1868890 213
1868900 213
1868910 212
1868920 212
1868930 212
1868940 211
1868950 210
1868960 210
1868970 210
1868980 211
1868990 211
1869000 211
1869010 211
1869020 211
1869030 211
1869040 212
1869050 212
1869060 212
1869070 212
1869080 212
1869090 212
1869100 212
1869110 212
1869120 212
1869130 212
1869140 212
1869150 212
1869160 211
1869170 211
1869180 211
1869190 210
1869200 209
1869210 209
1869220 208
1869230 208
1869240 208
1869250 207
1869260 207
1869270 206
1869280 204
1869290 204
1869300 203
1869310 202
1869320 202
1869330 202
1869340 201
1869350 201
1869360 200
1869370 200
1869380 200
1869390 199
1869400 199
1869410 199
1869420 199
1869430 199
1869440 199
1869450 199
1869460 199
1869470 198
1869480 198
1869490 198
1869500 198
1869510 198
1869520 198
1869530 198
1869540 197
1869550 197
1869560 197
1869570 197
1869580 197
1869590 197
1869600 197
1869610 197
1869620 197
1869630 198
1869640 198
1869650 198
1869660 199
1869670 199
1869680 199
1869690 200
1869700 200
1869710 204
1869720 207
1869730 207
1869740 209
1869750 210
1869760 210
1869770 210
1869780 209
1869790 209
1869800 209
1869810 208
1869820 208
1869830 207
1869840 207
1869850 207
1869860 207
1869870 208
1869880 209
1869890 210
1869900 210
1869910 210
1869920 210
1869930 210
1869940 210
1869950 210
1869960 210
1869970 210
1869980 209
1869990 209
1870000 209
1870010 209
1870020 209
1870030 209
1870040 208
1870050 208
1870060 208
1870070 208
1870080 208
1870090 209
1870100 209
1870110 209
1870120 209
1870130 207
1870140 207
1870150 205
1870160 202
1870170 202
1870180 201
1870190 200
1870200 200
1870210 200
1870220 200
1870230 200
1870240 200
1870250 200
1870260 200
1870270 200
1870280 200
1870290 200
1870300 200
1870310 200
1870320 200
1870330 200
1870340 200
1870350 200
1870360 201
1870370 201
1870380 201
1870390 202
1870400 203
1870410 203
1870420 205
1870430 206
1870440 206
1870450 207
1870460 208
1870470 208
1870480 209
1870490 209
1870500 209
1870510 210
1870520 209
1870530 209
1870540 209
1870550 209
1870560 208
1870570 209
1870580 210
1870590 210
1870600 212
1870610 213
1870620 213
1870630 214
1870640 214
1870650 215
1870660 216
1870670 216
1870680 217
1870690 218
1870700 218
1870710 219
1870720 220
1870730 220
1870740 221
1870750 223
1870760 223
1870770 224
1870780 225
1870790 225
1870800 226
1870810 226
1870820 226
1870830 226
1870840 227
1870850 227
1870860 227
1870870 227
1870880 227
1870890 227
1870900 226
1870910 226
1870920 226
1870930 226
1870940 226
1870950 226
1870960 226
1870970 226
1870980 226
1870990 226
1871000 226
1871010 225
1871020 225
1871030 225
1871040 225
1871050 225
1871060 225
1871070 225
1871080 225
1871090 225
1871100 224
1871110 224
1871120 224
1871130 224
1871140 224
1871150 224
1871160 223
1871170 223
1871180 223
1871190 223
1871200 223
1871210 223
1871220 222
1871230 222
1871240 222
1871250 222
1871260 222
1871270 221
1871280 221
1871290 221
1871300 221
1871310 221
1871320 221
1871330 221
1871340 221
1871350 221
1871360 220
1871370 220
1871380 220
1871390 220
1871400 220
1871410 220
1871420 219
1871430 219
1871440 219
1871450 219
1871460 219
1871470 219
1871480 218
1871490 218
1871500 218
1871510 218
1871520 217
1871530 217
1871540 217
1871550 217
1871560 217
1871570 217
1871580 216
1871590 216
1871600 216
1871610 216
1871620 216
1871630 215
1871640 215
1871650 215
1871660 215
1871670 215
1871680 215
1871690 215
1871700 215
1871710 215
1871720 214
1871730 214
1871740 214
1871750 214
1871760 214
1871770 214
1871780 214
1871790 214
1871800 214
1871810 214
1871820 214
1871830 213
1871840 213
1871850 213
1871860 213
1871870 212
1871880 212
1871890 211
1871900 210
1871910 210
1871920 209
1871930 209
1871940 209
1871950 208
1871960 208
1871970 208
1871980 207
1871990 207
1872000 207
1872010 207
1872020 206
1872030 206
1872040 206
1872050 206
1872060 206
1872070 206
1872080 205
1872090 205
1872100 205
1872110 204
1872120 204
1872130 204
1872140 203
1872150 203
1872160 202
1872170 201
1872180 201
1872190 200
1872200 199
1872210 199
1872220 199
1872230 198
1872240 198
1872250 198
1872260 199
1872270 199
1872280 199
1872290 200
1872300 200
1872310 200
1872320 201
1872330 201
1872340 201
1872350 201
1872360 201
1872370 201
1872380 201
1872390 201
1872400 201
1872410 201
1872420 201
1872430 201
1872440 201
1872450 201
1872460 202
1872470 202
1872480 202
1872490 203
1872500 203
1872510 203
1872520 204
1872530 204
1872540 204
1872550 205
1872560 205
1872570 205
1872580 206
1872590 206
1872600 206
1872610 206
1872620 206
1872630 206
1872640 205
1872650 205
1872660 205
1872670 205
1872680 205
1872690 205
1872700 204
1872710 204
1872720 204
1872730 203
1872740 203
1872750 203
1872760 203
1872770 203
1872780 202
1872790 202
1872800 202
1872810 202
1872820 201
1872830 201
1872840 201
1872850 201
1872860 201
1872870 201
1872880 200
1872890 200
1872900 200
1872910 200
1872920 200
1872930 200
1872940 200
1872950 200
1872960 199
1872970 199
1872980 199
1872990 199
1873000 199
1873010 198
1873020 198
1873030 198
1873040 197
1873050 197
1873060 197
1873070 197
1873080 196
1873090 196
1873100 196
1873110 196
1873120 196
1873130 196
1873140 195
1873150 195
1873160 195
1873170 195
1873180 195
1873190 195
1873200 195
1873210 195
1873220 195
1873230 195
1873240 195
1873250 194
1873260 194
1873270 194
1873280 194
1873290 193
1873300 193
1873310 193
1873320 193
1873330 193
1873340 193
1873350 193
1873360 193
1873370 192
1873380 192
1873390 192
1873400 192
1873410 192
1873420 192
1873430 191
1873440 191
1873450 191
1873460 191
1873470 190
1873480 190
1873490 190
1873500 190
1873510 190
1873520 190
1873530 189
1873540 189
1873550 189
1873560 189
1873570 189
1873580 189
1873590 189
1873600 188
1873610 188
1873620 188
1873630 188
1873640 187
1873650 187
1873660 187
1873670 187
1873680 187
1873690 186
1873700 186
1873710 186
1873720 186
1873730 186
1873740 186
1873750 186
1873760 185
1873770 185
1873780 185
1873790 185
1873800 185
1873810 185
1873820 185
1873830 185
1873840 184
1873850 184
1873860 184
1873870 184
1873880 184
1873890 184
1873900 184
1873910 184
1873920 184
1873930 183
1873940 183
1873950 183
1873960 183
1873970 183
1873980 183
1873990 183
1874000 183
1874010 183
1874020 183
1874030 182
1874040 182
1874050 182
1874060 182
1874070 182
1874080 182
1874090 182
1874100 182
1874110 182
1874120 182
1874130 182
1874140 181
1874150 181
1874160 181
1874170 181
1874180 181
1874190 181
1874200 181
1874210 181
1874220 181
1874230 181
1874240 181
1874250 181
1874260 180
1874270 180
1874280 180
1874290 180
1874300 180
1874310 180
1874320 180
1874330 180
1874340 180
1874350 180
1874360 180
1874370 180
1874380 179
1874390 179
1874400 179
1874410 179
1874420 179
1874430 179
1874440 178
1874450 178
1874460 178
1874470 178
1874480 178
1874490 178
1874500 178
1874510 178
1874520 178
1874530 177
1874540 177
1874550 177
1874560 177
1874570 177
1874580 177
1874590 177
1874600 177
1874610 177
1874620 177
1874630 177
1874640 177
1874650 176
1874660 176
1874670 176
1874680 176
1874690 176
1874700 176
1874710 176
1874720 176
1874730 176
1874740 176
1874750 176
1874760 176
1874770 176
1874780 176
1874790 176
1874800 176
1874810 176
1874820 176
1874830 176
1874840 176
1874850 175
1874860 175
1874870 175
1874880 175
1874890 175
1874900 175
1874910 175
1874920 175
1874930 175
1874940 175
1874950 175
1874960 175
1874970 174
1874980 174
1874990 174
1875000 174
1875010 174
1875020 174
1875030 174
1875040 174
1875050 174
1875060 174
1875070 174
1875080 174
1875090 174
1875100 174
1875110 174
1875120 174
1875130 174
1875140 174
1875150 174
1875160 174
1875170 174
1875180 174
1875190 174
1875200 174
1875210 174
1875220 174
1875230 174
1875240 173
1875250 173
1875260 173
1875270 173
1875280 173
1875290 173
1875300 173
1875310 173
1875320 173
1875330 173
1875340 173
1875350 172
1875360 172
1875370 172
1875380 172
1875390 172
1875400 172
1875410 172
1875420 172
1875430 172
1875440 172
1875450 172
1875460 172
1875470 172
1875480 172
1875490 172
1875500 172
1875510 172
1875520 172
1875530 172
1875540 172
1875550 172
1875560 172
1875570 172
1875580 172
1875590 172
1875600 172
1875610 172
1875620 172
1875630 172
1875640 172
1875650 172
1875660 172
1875670 172
1875680 172
1875690 172
1875700 172
1875710 172
1875720 172
1875730 171
1875740 171
1875750 171
1875760 171
1875770 172
1875780 172
1875790 171
1875800 171
1875810 171
1875820 171
1875830 171
1875840 171
1875850 171
1875860 172
1875870 172
1875880 171
1875890 171
1875900 171
1875910 171
1875920 171
1875930 171
1875940 171
1875950 171
1875960 171
1875970 171
1875980 171
1875990 171
1876000 171
1876010 171
1876020 171
1876030 171
1876040 171
1876050 171
1876060 171
1876070 171
1876080 171
1876090 171
1876100 171
1876110 171
1876120 170
1876130 170
1876140 170
1876150 170
1876160 170
1876170 170
1876180 170
1876190 170
1876200 170
1876210 170
1876220 170
1876230 170
1876240 170
1876250 170
1876260 170
1876270 170
1876280 170
1876290 170
1876300 170
1876310 170
1876320 170
1876330 170
1876340 170
1876350 170
1876360 170
1876370 170
1876380 170
1876390 170
1876400 170
1876410 170
1876420 170
1876430 170
1876440 170
1876450 170
1876460 170
1876470 170
1876480 170
1876490 170
1876500 170
1876510 170
1876520 170
1876530 170
1876540 170
1876550 170
1876560 170
1876570 170
1876580 170
1876590 170
1876600 170
1876610 170
1876620 170
1876630 170
1876640 170
1876650 170
1876660 170
1876670 170
1876680 170
1876690 170
1876700 170
1876710 170
1876720 170
1876730 170
1876740 170
1876750 170
1876760 170
1876770 170
1876780 170
1876790 170
1876800 169
1876810 169
1876820 169
1876830 169
1876840 169
1876850 169
1876860 169
1876870 169
1876880 169
1876890 169
1876900 169
1876910 169
1876920 169
1876930 169
1876940 168
1876950 168
1876960 168
1876970 168
1876980 168
1876990 168
1877000 168
1877010 168
1877020 168
1877030 168
1877040 168
1877050 168
1877060 168
1877070 168
1877080 168
1877090 167
1877100 167
1877110 167
1877120 167
1877130 167
1877140 167
1877150 167
1877160 167
1877170 167
1877180 167
1877190 167
1877200 167
1877210 167
1877220 167
1877230 167
1877240 167
1877250 167
1877260 167
1877270 167
1877280 167
1877290 167
1877300 167
1877310 167
1877320 166
1877330 166
1877340 166
1877350 166
1877360 166
1877370 166
1877380 166
1877390 166
1877400 166
1877410 166
1877420 166
1877430 166
1877440 166
1877450 166
1877460 166
1877470 166
1877480 167
1877490 167
1877500 167
1877510 167
1877520 167
1877530 167
1877540 167
1877550 167
1877560 167
1877570 167
1877580 167
1877590 167
1877600 167
1877610 167
1877620 167
1877630 167
1877640 167
1877650 167
1877660 167
1877670 167
1877680 167
1877690 167
1877700 167
1877710 167
1877720 167
1877730 167
1877740 167
1877750 167
1877760 167
1877770 167
1877780 167
1877790 167
1877800 167
1877810 167
1877820 167
1877830 167
1877840 167
1877850 167
1877860 167
1877870 167
1877880 167
1877890 166
1877900 166
1877910 166
1877920 166
1877930 166
1877940 166
1877950 166
1877960 166
1877970 166
1877980 166
1877990 166
1878000 166
1878010 166
1878020 166
1878030 166
1878040 166
1878050 166
1878060 166
1878070 165
1878080 165
1878090 165
1878100 165
1878110 165
1878120 165
1878130 165
1878140 165
1878150 165
1878160 165
1878170 165
1878180 165
1878190 165
1878200 165
1878210 165
1878220 165
1878230 165
1878240 165
1878250 165
1878260 165
1878270 165
1878280 166
1878290 166
1878300 165
1878310 165
1878320 165
1878330 165
1878340 165
1878350 165
1878360 165
1878370 165
1878380 165
1878390 165
1878400 165
1878410 165
1878420 165
1878430 165
1878440 165
1878450 165
1878460 165
1878470 165
1878480 165
1878490 165
1878500 165
1878510 165
1878520 165
1878530 165
1878540 165
1878550 165
1878560 165
1878570 165
1878580 165
1878590 165
1878600 165
1878610 165
1878620 165
1878630 165
1878640 165
1878650 165
1878660 165
1878670 165
1878680 165
1878690 165
1878700 165
1878710 165
1878720 165
1878730 165
1878740 165
1878750 165
1878760 165
1878770 165
1878780 165
1878790 165
1878800 164
1878810 164
1878820 164
1878830 164
1878840 164
1878850 164
1878860 164
1878870 164
1878880 164
1878890 164
1878900 164
1878910 164
1878920 164
1878930 164
1878940 164
1878950 164
1878960 164
1878970 164
1878980 164
1878990 164
1879000 164
1879010 164
1879020 164
1879030 164
1879040 164
1879050 164
1879060 164
1879070 164
1879080 164
1879090 164
1879100 164
1879110 164
1879120 164
1879130 164
1879140 164
1879150 164
1879160 164
1879170 164
1879180 164
1879190 164
1879200 164
1879210 164
1879220 164
1879230 164
1879240 164
1879250 164
1879260 164
1879270 163
1879280 163
1879290 163
1879300 163
1879310 163
1879320 163
1879330 163
1879340 163
1879350 163
1879360 163
1879370 163
1879380 163
1879390 163
1879400 163
1879410 163
1879420 163
1879430 163
1879440 163
1879450 163
1879460 163
1879470 163
1879480 163
1879490 163
1879500 163
1879510 163
1879520 163
1879530 163
1879540 163
1879550 163
1879560 163
1879570 163
1879580 163
1879590 163
1879600 163
1879610 163
1879620 163
1879630 163
1879640 163
1879650 163
1879660 163
1879670 163
1879680 163
1879690 163
1879700 163
1879710 163
1879720 163
1879730 163
1879740 163
1879750 163
1879760 163
1879770 163
1879780 163
1879790 163
1879800 163
1879810 163
1879820 163
1879830 163
1879840 163
1879850 163
1879860 163
1879870 163
1879880 163
1879890 163
1879900 163
1879910 163
1879920 163
1879930 163
1879940 163
1879950 163
1879960 163
1879970 163
1879980 163
1879990 163
