1860000 212
1860010 213
1860020 213
1860030 214
1860040 215
1860050 215
1860060 215
1860070 216
1860080 216
1860090 216
1860100 217
1860110 217
1860120 217
1860130 217
1860140 217
1860150 217
1860160 218
1860170 218
1860180 218
1860190 218
1860200 218
1860210 218
1860220 219
1860230 219
1860240 219
1860250 220
1860260 220
1860270 220
1860280 220
1860290 220
1860300 220
1860310 220
1860320 220
1860330 220
1860340 219
1860350 219
1860360 219
1860370 218
1860380 218
1860390 217
1860400 217
1860410 215
1860420 213
1860430 213
1860440 211
1860450 210
1860460 210
1860470 208
1860480 207
1860490 207
1860500 206
1860510 206
1860520 206
1860530 206
1860540 206
1860550 206
1860560 207
1860570 208
1860580 208
1860590 211
1860600 213
1860610 213
1860620 214
1860630 215
1860640 215
1860650 216
1860660 217
1860670 217
1860680 217
1860690 217
1860700 217
1860710 218
1860720 218
1860730 218
1860740 217
1860750 217
1860760 217
1860770 217
1860780 217
1860790 217
1860800 217
1860810 217
1860820 217
1860830 217
1860840 216
1860850 216
1860860 216
1860870 216
1860880 216
1860890 215
1860900 215
1860910 215
1860920 214
1860930 213
1860940 213
1860950 213
1860960 212
1860970 212
1860980 212
1860990 212
1861000 211
1861010 211
1861020 211
1861030 211
1861040 210
1861050 210
1861060 210
1861070 209
1861080 209
1861090 209
1861100 208
1861110 208
1861120 208
1861130 207
1861140 207
1861150 206
1861160 205
1861170 205
1861180 204
1861190 203
1861200 203
1861210 203
1861220 203
1861230 203
1861240 203
1861250 203
1861260 203
1861270 203
1861280 204
1861290 204
1861300 204
1861310 204
1861320 204
1861330 204
1861340 204
1861350 204
1861360 204
1861370 203
1861380 203
1861390 203
1861400 203
1861410 203
1861420 202
1861430 202
1861440 202
1861450 202
1861460 201
1861470 201
1861480 201
1861490 200
1861500 200
1861510 200
1861520 199
1861530 199
1861540 199
1861550 199
1861560 199
1861570 198
1861580 198
1861590 198
1861600 197
1861610 197
1861620 197
1861630 197
1861640 197
1861650 196
1861660 196
1861670 196
1861680 195
1861690 195
1861700 195
1861710 195
1861720 194
1861730 194
1861740 194
1861750 194
1861760 194
1861770 193
1861780 192
1861790 192
1861800 192
1861810 192
1861820 192
1861830 191
1861840 191
1861850 191
1861860 190
1861870 190
1861880 190
1861890 190
1861900 189
1861910 189
1861920 189
1861930 189
1861940 189
1861950 189
1861960 189
1861970 189
1861980 188
1861990 188
1862000 188
1862010 187
1862020 187
1862030 187
1862040 186
1862050 186
1862060 186
1862070 185
1862080 185
1862090 185
1862100 184
1862110 184
1862120 184
1862130 183
1862140 183
1862150 183
1862160 183
1862170 183
1862180 182
1862190 182
1862200 182
1862210 181
1862220 181
1862230 181
1862240 180
1862250 180
1862260 180
1862270 180
1862280 180
1862290 180
1862300 179
1862310 179
1862320 179
1862330 179
1862340 179
1862350 179
1862360 179
1862370 179
1862380 179
1862390 179
1862400 179
1862410 179
1862420 178
1862430 179
1862440 178
1862450 179
1862460 179
1862470 179
1862480 179
1862490 181
1862500 181
1862510 183
1862520 185
1862530 185
1862540 186
1862550 186
1862560 186
1862570 185
1862580 183
1862590 183
1862600 182
1862610 180
1862620 180
1862630 180
1862640 180
1862650 180
1862660 180
1862670 180
1862680 180
1862690 180
1862700 180
1862710 180
1862720 180
1862730 180
1862740 180
1862750 181
1862760 181
1862770 182
1862780 184
1862790 184
1862800 187
1862810 189
1862820 189
1862830 192
1862840 193
1862850 193
1862860 195
1862870 196
1862880 196
1862890 197
1862900 196
1862910 196
1862920 195
1862930 194
1862940 194
1862950 193
1862960 192
1862970 192
1862980 192
1862990 191
1863000 191
1863010 191
1863020 191
1863030 191
1863040 192
1863050 193
1863060 193
1863070 194
1863080 196
1863090 196
1863100 197
1863110 199
1863120 199
1863130 200
1863140 202
1863150 202
1863160 203
1863170 205
1863180 205
1863190 207
1863200 209
1863210 209
1863220 211
1863230 213
1863240 213
1863250 214
1863260 216
1863270 216
1863280 217
1863290 217
1863300 218
1863310 218
1863320 218
1863330 219
1863340 219
1863350 219
1863360 219
1863370 219
1863380 219
1863390 219
1863400 218
1863410 218
1863420 218
1863430 218
1863440 218
1863450 218
1863460 217
1863470 217
1863480 217
1863490 216
1863500 216
1863510 216
1863520 216
1863530 216
1863540 216
1863550 216
1863560 216
1863570 216
1863580 216
1863590 216
1863600 216
1863610 215
1863620 215
1863630 215
1863640 215
1863650 215
1863660 215
1863670 214
1863680 214
1863690 214
1863700 214
1863710 214
1863720 213
1863730 213
1863740 213
1863750 213
1863760 212
1863770 212
1863780 212
1863790 211
1863800 211
1863810 211
1863820 210
1863830 210
1863840 209
1863850 209
1863860 209
1863870 208
1863880 208
1863890 208
1863900 207
1863910 207
1863920 206
1863930 206
1863940 206
1863950 205
1863960 204
1863970 204
1863980 202
1863990 201
1864000 201
1864010 200
1864020 198
1864030 198
1864040 196
1864050 195
1864060 195
1864070 193
1864080 192
1864090 192
1864100 191
1864110 190
1864120 190
1864130 190
1864140 190
1864150 190
1864160 190
1864170 190
1864180 190
1864190 190
1864200 191
1864210 191
1864220 192
1864230 193
1864240 193
1864250 195
1864260 196
1864270 196
1864280 197
1864290 198
1864300 198
1864310 199
1864320 199
1864330 199
1864340 199
1864350 199
1864360 199
1864370 199
1864380 198
1864390 198
1864400 198
1864410 198
1864420 198
1864430 197
1864440 197
1864450 197
1864460 197
1864470 197
1864480 196
1864490 196
1864500 196
1864510 195
1864520 194
1864530 194
1864540 194
1864550 193
1864560 193
1864570 193
1864580 192
1864590 192
1864600 192
1864610 192
1864620 192
1864630 191
1864640 191
1864650 191
1864660 191
1864670 190
1864680 190
1864690 190
1864700 190
1864710 190
1864720 189
1864730 189
1864740 189
1864750 189
1864760 189
1864770 189
1864780 188
1864790 188
1864800 188
1864810 188
1864820 188
1864830 188
1864840 187
1864850 187
1864860 187
1864870 187
1864880 186
1864890 186
1864900 186
1864910 186
1864920 186
1864930 185
1864940 185
1864950 185
1864960 184
1864970 184
1864980 184
1864990 183
1865000 182
1865010 182
1865020 182
1865030 182
1865040 181
1865050 180
1865060 180
1865070 179
1865080 179
1865090 179
1865100 179
1865110 178
1865120 178
1865130 178
1865140 178
1865150 178
1865160 177
1865170 177
1865180 177
1865190 176
1865200 177
1865210 177
1865220 178
1865230 178
1865240 178
1865250 179
1865260 179
1865270 179
1865280 179
1865290 180
1865300 180
1865310 180
1865320 180
1865330 180
1865340 181
1865350 181
1865360 181
1865370 181
1865380 181
1865390 181
1865400 183
1865410 185
1865420 185
1865430 185
1865440 185
1865450 185
1865460 185
1865470 186
1865480 186
1865490 186
1865500 186
1865510 186
1865520 187
1865530 187
1865540 187
1865550 187
1865560 187
1865570 187
1865580 187
1865590 187
1865600 187
1865610 187
1865620 187
1865630 187
1865640 187
1865650 187
1865660 187
1865670 187
1865680 187
1865690 187
1865700 187
1865710 187
1865720 187
1865730 187
1865740 187
1865750 187
1865760 186
1865770 186
1865780 186
1865790 186
1865800 186
1865810 186
1865820 187
1865830 187
1865840 187
1865850 187
1865860 187
1865870 187
1865880 188
1865890 188
1865900 188
1865910 188
1865920 188
1865930 189
1865940 190
1865950 190
1865960 190
1865970 191
1865980 191
1865990 192
1866000 193
1866010 193
1866020 194
1866030 194
1866040 194
1866050 194
1866060 195
1866070 195
1866080 195
1866090 195
1866100 195
1866110 196
1866120 196
1866130 196
1866140 198
1866150 199
1866160 199
1866170 200
1866180 200
1866190 201
1866200 201
1866210 201
1866220 201
1866230 201
1866240 201
1866250 201
1866260 201
1866270 201
1866280 202
1866290 202
1866300 202
1866310 202
1866320 202
1866330 202
1866340 202
1866350 201
1866360 201
1866370 200
1866380 199
1866390 199
1866400 198
1866410 196
1866420 196
1866430 195
1866440 193
1866450 193
1866460 191
1866470 189
1866480 189
1866490 188
1866500 187
1866510 187
1866520 186
1866530 185
1866540 185
1866550 186
1866560 187
1866570 185
1866580 186
1866590 186
1866600 186
1866610 187
1866620 187
1866630 187
1866640 188
1866650 188
1866660 188
1866670 189
1866680 188
1866690 188
1866700 187
1866710 185
1866720 185
1866730 182
1866740 182
1866750 180
1866760 179
1866770 179
1866780 179
1866790 178
1866800 178
1866810 178
1866820 178
1866830 178
1866840 178
1866850 178
1866860 178
1866870 178
1866880 178
1866890 178
1866900 178
1866910 177
1866920 177
1866930 178
1866940 178
1866950 178
1866960 179
1866970 180
1866980 180
1866990 181
1867000 182
1867010 182
1867020 183
1867030 183
1867040 183
1867050 183
1867060 182
1867070 182
1867080 180
1867090 178
1867100 178
1867110 177
1867120 176
1867130 176
1867140 175
1867150 175
1867160 175
1867170 176
1867180 176
1867190 176
1867200 177
1867210 179
1867220 179
1867230 181
1867240 182
1867250 183
1867260 185
1867270 187
1867280 187
1867290 188
1867300 189
1867310 189
1867320 190
1867330 190
1867340 191
1867350 191
1867360 191
1867370 191
1867380 190
1867390 190
1867400 190
1867410 190
1867420 190
1867430 189
1867440 189
1867450 189
1867460 188
1867470 188
1867480 188
1867490 187
1867500 186
1867510 186
1867520 186
1867530 185
1867540 185
1867550 184
1867560 183
1867570 183
1867580 183
1867590 182
1867600 181
1867610 180
1867620 180
1867630 180
1867640 179
1867650 178
1867660 178
1867670 178
1867680 177
1867690 177
1867700 177
1867710 176
1867720 176
1867730 176
1867740 176
1867750 176
1867760 175
1867770 175
1867780 175
1867790 175
1867800 175
1867810 175
1867820 175
1867830 175
1867840 175
1867850 175
1867860 174
1867870 174
1867880 174
1867890 173
1867900 173
1867910 173
1867920 173
1867930 173
1867940 173
1867950 173
1867960 173
1867970 174
1867980 174
1867990 174
1868000 174
1868010 174
1868020 175
1868030 175
1868040 175
1868050 175
1868060 175
1868070 175
1868080 175
1868090 175
1868100 175
1868110 175
1868120 175
1868130 175
1868140 175
1868150 175
1868160 175
1868170 175
1868180 175
1868190 175
1868200 175
1868210 174
1868220 174
1868230 174
1868240 174
1868250 174
1868260 174
1868270 174
1868280 174
1868290 174
1868300 174
1868310 174
1868320 174
1868330 174
1868340 174
1868350 174
1868360 174
1868370 174
1868380 174
1868390 173
1868400 173
1868410 173
1868420 173
1868430 173
1868440 173
1868450 173
1868460 173
1868470 173
1868480 173
1868490 173
1868500 173
1868510 173
1868520 173
1868530 173
1868540 173
1868550 173
1868560 173
1868570 173
1868580 173
1868590 173
1868600 173
1868610 174
1868620 174
1868630 174
1868640 174
1868650 175
1868660 175
1868670 175
1868680 176
1868690 176
1868700 176
1868710 176
1868720 176
1868730 177
1868740 177
1868750 177
1868760 177
1868770 177
1868780 177
1868790 177
1868800 177
1868810 177
1868820 177
1868830 176
1868840 176
1868850 176
1868860 176
1868870 176
1868880 176
1868890 176
1868900 176
1868910 176
1868920 176
1868930 176
1868940 176
1868950 176
1868960 176
1868970 176
1868980 176
1868990 176
1869000 177
1869010 177
1869020 177
1869030 177
1869040 177
1869050 177
1869060 177
1869070 177
1869080 177
1869090 177
1869100 177
1869110 177
1869120 177
1869130 177
1869140 177
1869150 177
1869160 177
1869170 177
1869180 177
1869190 177
1869200 177
1869210 177
1869220 177
1869230 177
1869240 177
1869250 177
1869260 177
1869270 176
1869280 176
1869290 176
1869300 176
1869310 176
1869320 176
1869330 176
1869340 176
1869350 176
1869360 176
1869370 176
1869380 176
1869390 176
1869400 176
1869410 175
1869420 175
1869430 175
1869440 175
1869450 175
1869460 175
1869470 175
1869480 175
1869490 175
1869500 174
1869510 174
1869520 174
1869530 174
1869540 174
1869550 174
1869560 174
1869570 174
1869580 174
1869590 174
1869600 173
1869610 173
1869620 173
1869630 173
1869640 173
1869650 173
1869660 173
1869670 173
1869680 172
1869690 172
1869700 172
1869710 172
1869720 172
1869730 172
1869740 172
1869750 172
1869760 172
1869770 172
1869780 172
1869790 172
1869800 172
1869810 172
1869820 171
1869830 172
1869840 172
1869850 172
1869860 171
1869870 171
1869880 171
1869890 171
1869900 171
1869910 171
1869920 171
1869930 171
1869940 171
1869950 171
1869960 171
1869970 171
1869980 170
1869990 170
1870000 171
1870010 171
1870020 171
1870030 171
1870040 171
1870050 171
1870060 171
1870070 170
1870080 170
1870090 170
1870100 170
1870110 170
1870120 171
1870130 171
1870140 171
1870150 171
1870160 171
1870170 171
1870180 171
1870190 171
1870200 171
1870210 171
1870220 171
1870230 171
1870240 171
1870250 171
1870260 171
1870270 172
1870280 172
1870290 172
1870300 171
1870310 171
1870320 172
1870330 172
1870340 172
1870350 172
1870360 172
1870370 172
1870380 173
1870390 173
1870400 173
1870410 173
1870420 173
1870430 173
1870440 173
1870450 173
1870460 173
1870470 173
1870480 173
1870490 173
1870500 173
1870510 173
1870520 173
1870530 173
1870540 173
1870550 173
1870560 173
1870570 173
1870580 173
1870590 173
1870600 173
1870610 173
1870620 173
1870630 173
1870640 173
1870650 173
1870660 172
1870670 172
1870680 172
1870690 172
1870700 172
1870710 172
1870720 172
1870730 172
1870740 172
1870750 172
1870760 172
1870770 172
1870780 172
1870790 172
1870800 172
1870810 172
1870820 172
1870830 172
1870840 172
1870850 172
1870860 172
1870870 172
1870880 172
1870890 172
1870900 172
1870910 172
1870920 172
1870930 172
1870940 172
1870950 172
1870960 172
1870970 173
1870980 173
1870990 173
1871000 173
1871010 173
1871020 173
1871030 174
1871040 174
1871050 174
1871060 175
1871070 176
1871080 176
1871090 177
1871100 178
1871110 178
1871120 179
1871130 179
1871140 179
1871150 179
1871160 180
1871170 180
1871180 180
1871190 180
1871200 180
1871210 180
1871220 181
1871230 181
1871240 181
1871250 181
1871260 181
1871270 181
1871280 181
1871290 181
1871300 182
1871310 182
1871320 182
1871330 182
1871340 182
1871350 182
1871360 182
1871370 182
1871380 182
1871390 182
1871400 182
1871410 182
1871420 182
1871430 182
1871440 182
1871450 182
1871460 182
1871470 182
1871480 182
1871490 182
1871500 182
1871510 182
1871520 182
1871530 182
1871540 182
1871550 182
1871560 182
1871570 182
1871580 182
1871590 182
1871600 182
1871610 182
1871620 182
1871630 182
1871640 182
1871650 182
1871660 182
1871670 181
1871680 181
1871690 181
1871700 181
1871710 181
1871720 181
1871730 181
1871740 181
1871750 182
1871760 182
1871770 182
1871780 182
1871790 182
1871800 182
1871810 182
1871820 182
1871830 182
1871840 182
1871850 182
1871860 182
1871870 183
1871880 183
1871890 183
1871900 183
1871910 183
1871920 183
1871930 183
1871940 183
1871950 183
1871960 183
1871970 183
1871980 183
1871990 183
1872000 183
1872010 183
1872020 183
1872030 183
1872040 183
1872050 183
1872060 183
1872070 184
1872080 184
1872090 184
1872100 184
1872110 184
1872120 184
1872130 184
1872140 184
1872150 185
1872160 185
1872170 185
1872180 186
1872190 186
1872200 186
1872210 186
1872220 186
1872230 186
1872240 186
1872250 186
1872260 186
1872270 187
1872280 187
1872290 187
1872300 187
1872310 187
1872320 187
1872330 187
1872340 187
1872350 187
1872360 187
1872370 187
1872380 187
1872390 186
1872400 186
1872410 186
1872420 186
1872430 187
1872440 187
1872450 186
1872460 186
1872470 186
1872480 186
1872490 186
1872500 186
1872510 186
1872520 186
1872530 186
1872540 186
1872550 186
1872560 186
1872570 186
1872580 186
1872590 186
1872600 186
1872610 186
1872620 186
1872630 186
1872640 186
1872650 186
1872660 186
1872670 186
1872680 186
1872690 186
1872700 186
1872710 185
1872720 185
1872730 185
1872740 185
1872750 185
1872760 185
1872770 185
1872780 185
1872790 185
1872800 185
1872810 185
1872820 185
1872830 186
1872840 185
1872850 185
1872860 185
1872870 185
1872880 185
1872890 185
1872900 186
1872910 186
1872920 186
1872930 186
1872940 186
1872950 186
1872960 186
1872970 186
1872980 186
1872990 186
1873000 186
1873010 186
1873020 186
1873030 186
1873040 186
1873050 186
1873060 186
1873070 186
1873080 186
1873090 186
1873100 186
1873110 186
1873120 186
1873130 186
1873140 186
1873150 186
1873160 186
1873170 186
1873180 185
1873190 185
1873200 185
1873210 185
1873220 185
1873230 185
1873240 185
1873250 184
1873260 184
1873270 184
1873280 184
1873290 184
1873300 184
1873310 184
1873320 184
1873330 183
1873340 183
1873350 183
1873360 183
1873370 183
1873380 183
1873390 183
1873400 183
1873410 183
1873420 182
1873430 182
1873440 182
1873450 182
1873460 182
1873470 182
1873480 182
1873490 182
1873500 182
1873510 182
1873520 182
1873530 182
1873540 182
1873550 182
1873560 182
1873570 182
1873580 182
1873590 182
1873600 182
1873610 182
1873620 182
1873630 182
1873640 181
1873650 181
1873660 181
1873670 181
1873680 181
1873690 181
1873700 181
1873710 181
1873720 181
1873730 181
1873740 181
1873750 180
1873760 180
1873770 180
1873780 180
1873790 180
1873800 180
1873810 180
1873820 180
1873830 180
1873840 180
1873850 180
1873860 180
1873870 180
1873880 180
1873890 180
1873900 180
1873910 180
1873920 180
1873930 179
1873940 179
1873950 179
1873960 179
1873970 179
1873980 180
1873990 179
1874000 179
1874010 179
1874020 180
1874030 179
1874040 179
1874050 179
1874060 179
1874070 179
1874080 179
1874090 179
1874100 179
1874110 179
1874120 179
1874130 179
1874140 179
1874150 179
1874160 179
1874170 179
1874180 179
1874190 179
1874200 179
1874210 179
1874220 179
1874230 179
1874240 179
1874250 179
1874260 179
1874270 179
1874280 179
1874290 179
1874300 179
1874310 179
1874320 179
1874330 179
1874340 178
1874350 178
1874360 178
1874370 178
1874380 178
1874390 178
1874400 178
1874410 178
1874420 178
1874430 178
1874440 178
1874450 178
1874460 178
1874470 178
1874480 177
1874490 177
1874500 177
1874510 177
1874520 177
1874530 177
1874540 177
1874550 177
1874560 177
1874570 177
1874580 177
1874590 177
1874600 177
1874610 176
1874620 176
1874630 176
1874640 176
1874650 176
1874660 176
1874670 176
1874680 176
1874690 176
1874700 176
1874710 176
1874720 176
1874730 176
1874740 176
1874750 176
1874760 176
1874770 176
1874780 176
1874790 176
1874800 176
1874810 176
1874820 176
1874830 176
1874840 176
1874850 176
1874860 176
1874870 176
1874880 176
1874890 176
1874900 176
1874910 176
1874920 176
1874930 176
1874940 176
1874950 176
1874960 176
1874970 176
1874980 176
1874990 176
1875000 176
1875010 176
1875020 176
1875030 176
1875040 176
1875050 176
1875060 176
1875070 176
1875080 176
1875090 176
1875100 176
1875110 176
1875120 176
1875130 176
1875140 176
1875150 176
1875160 176
1875170 176
1875180 176
1875190 176
1875200 176
1875210 176
1875220 176
1875230 175
1875240 175
1875250 175
1875260 175
1875270 175
1875280 175
1875290 175
1875300 175
1875310 175
1875320 175
1875330 175
1875340 175
1875350 176
1875360 176
1875370 176
1875380 176
1875390 176
1875400 176
1875410 176
1875420 175
1875430 175
1875440 175
1875450 175
1875460 175
1875470 175
1875480 176
1875490 176
1875500 176
1875510 176
1875520 176
1875530 176
1875540 176
1875550 176
1875560 176
1875570 176
1875580 176
1875590 176
1875600 175
1875610 175
1875620 175
1875630 175
1875640 175
1875650 175
1875660 175
1875670 175
1875680 175
1875690 175
1875700 175
1875710 175
1875720 175
1875730 175
1875740 175
1875750 175
1875760 175
1875770 175
1875780 175
1875790 175
1875800 175
1875810 175
1875820 175
1875830 175
1875840 175
1875850 175
1875860 175
1875870 175
1875880 175
1875890 175
1875900 175
1875910 175
1875920 175
1875930 175
1875940 175
1875950 175
1875960 175
1875970 175
1875980 175
1875990 175
1876000 175
1876010 175
1876020 175
1876030 175
1876040 175
1876050 175
1876060 175
1876070 175
1876080 175
1876090 175
1876100 175
1876110 175
1876120 175
1876130 175
1876140 174
1876150 174
1876160 175
1876170 174
1876180 174
1876190 174
1876200 174
1876210 174
1876220 174
1876230 174
1876240 174
1876250 174
1876260 174
1876270 174
1876280 174
1876290 174
1876300 174
1876310 174
1876320 174
1876330 174
1876340 174
1876350 174
1876360 174
1876370 174
1876380 174
1876390 174
1876400 174
1876410 174
1876420 174
1876430 174
1876440 174
1876450 174
1876460 174
1876470 174
1876480 174
1876490 174
1876500 174
1876510 174
1876520 174
1876530 174
1876540 174
1876550 174
1876560 174
1876570 173
1876580 174
1876590 174
1876600 173
1876610 173
1876620 173
1876630 173
1876640 173
1876650 173
1876660 173
1876670 173
1876680 173
1876690 173
1876700 173
1876710 173
1876720 173
1876730 173
1876740 173
1876750 173
1876760 173
1876770 173
1876780 173
1876790 173
1876800 173
1876810 173
1876820 173
1876830 173
1876840 173
1876850 173
1876860 173
1876870 173
1876880 173
1876890 173
1876900 173
1876910 172
1876920 172
1876930 172
1876940 172
1876950 172
1876960 172
1876970 172
1876980 172
1876990 172
1877000 172
1877010 172
1877020 172
1877030 172
1877040 172
1877050 172
1877060 172
1877070 172
1877080 172
1877090 172
1877100 172
1877110 172
1877120 172
1877130 172
1877140 172
1877150 172
1877160 172
1877170 172
1877180 172
1877190 172
1877200 172
1877210 172
1877220 172
1877230 172
1877240 172
1877250 172
1877260 172
1877270 172
1877280 172
1877290 172
1877300 172
1877310 172
1877320 172
1877330 172
1877340 172
1877350 172
1877360 172
1877370 172
1877380 172
1877390 172
1877400 172
1877410 171
1877420 171
1877430 171
1877440 171
1877450 171
1877460 171
1877470 171
1877480 171
1877490 171
1877500 171
1877510 171
1877520 170
1877530 170
1877540 170
1877550 170
1877560 170
1877570 170
1877580 170
1877590 170
1877600 170
1877610 170
1877620 169
1877630 169
1877640 169
1877650 169
1877660 169
1877670 169
1877680 169
1877690 169
1877700 169
1877710 169
1877720 169
1877730 169
1877740 169
1877750 169
1877760 169
1877770 169
1877780 169
1877790 169
1877800 169
1877810 169
1877820 169
1877830 169
1877840 169
1877850 169
1877860 169
1877870 169
1877880 169
1877890 169
1877900 169
1877910 169
1877920 169
1877930 169
1877940 169
1877950 169
1877960 169
1877970 169
1877980 169
1877990 169
1878000 169
1878010 169
1878020 169
1878030 169
1878040 169
1878050 169
1878060 169
1878070 169
1878080 168
1878090 168
1878100 168
1878110 168
1878120 168
1878130 168
1878140 168
1878150 168
1878160 168
1878170 168
1878180 168
1878190 168
1878200 168
1878210 168
1878220 168
1878230 168
1878240 168
1878250 168
1878260 168
1878270 168
1878280 168
1878290 168
1878300 168
1878310 168
1878320 168
1878330 168
1878340 168
1878350 168
1878360 168
1878370 168
1878380 168
1878390 168
1878400 168
1878410 168
1878420 168
1878430 168
1878440 168
1878450 168
1878460 168
1878470 168
1878480 168
1878490 168
1878500 168
1878510 168
1878520 168
1878530 168
1878540 168
1878550 167
1878560 167
1878570 167
1878580 168
1878590 167
1878600 167
1878610 167
1878620 167
1878630 167
1878640 167
1878650 167
1878660 167
1878670 167
1878680 167
1878690 167
1878700 167
1878710 167
1878720 167
1878730 167
1878740 167
1878750 167
1878760 167
1878770 167
1878780 167
1878790 167
1878800 167
1878810 167
1878820 167
1878830 167
1878840 167
1878850 167
1878860 167
1878870 167
1878880 167
1878890 167
1878900 167
1878910 167
1878920 167
1878930 167
1878940 167
1878950 167
1878960 167
1878970 167
1878980 167
1878990 167
1879000 167
1879010 167
1879020 167
1879030 167
1879040 167
1879050 167
1879060 167
1879070 167
1879080 167
1879090 167
1879100 167
1879110 167
1879120 167
1879130 167
1879140 167
1879150 167
1879160 167
1879170 167
1879180 167
1879190 167
1879200 167
1879210 167
1879220 167
1879230 167
1879240 166
1879250 166
1879260 167
1879270 167
1879280 167
1879290 166
1879300 166
1879310 166
1879320 166
1879330 166
1879340 166
1879350 166
1879360 166
1879370 166
1879380 166
1879390 166
1879400 166
1879410 166
1879420 166
1879430 166
1879440 166
1879450 166
1879460 166
1879470 166
1879480 166
1879490 166
1879500 166
1879510 166
1879520 166
1879530 165
1879540 165
1879550 165
1879560 165
1879570 165
1879580 166
1879590 166
1879600 166
1879610 166
1879620 166
1879630 166
1879640 166
1879650 166
1879660 166
1879670 166
1879680 166
1879690 166
1879700 166
1879710 166
1879720 166
1879730 167
1879740 167
1879750 167
1879760 166
1879770 166
1879780 166
1879790 166
1879800 166
1879810 166
1879820 166
1879830 166
1879840 166
1879850 166
1879860 166
1879870 166
1879880 166
1879890 166
1879900 166
1879910 166
1879920 166
1879930 166
1879940 166
1879950 166
1879960 166
1879970 166
1879980 166
1879990 166
1860000 212
1860010 213
1860020 213
1860030 214
1860040 215
1860050 215
1860060 215
1860070 216
1860080 216
1860090 216
1860100 217
1860110 217
1860120 217
1860130 217
1860140 217
1860150 217
1860160 218
1860170 218
1860180 218
1860190 218
1860200 218
1860210 218
1860220 219
1860230 219
1860240 219
1860250 220
1860260 220
1860270 220
1860280 220
1860290 220
1860300 220
1860310 220
1860320 220
1860330 220
1860340 219
1860350 219
1860360 219
1860370 218
1860380 218
1860390 217
1860400 217
1860410 215
1860420 213
1860430 213
1860440 211
1860450 210
1860460 210
1860470 208
1860480 207
1860490 207
1860500 206
1860510 206
1860520 206
1860530 206
1860540 206
1860550 206
1860560 207
1860570 208
1860580 208
1860590 211
1860600 213
1860610 213
1860620 214
1860630 215
1860640 215
1860650 216
1860660 217
1860670 217
1860680 217
1860690 217
1860700 217
1860710 218
1860720 218
1860730 218
1860740 217
1860750 217
1860760 217
1860770 217
1860780 217
1860790 217
1860800 217
1860810 217
1860820 217
1860830 217
1860840 216
1860850 216
1860860 216
1860870 216
1860880 216
1860890 215
1860900 215
1860910 215
1860920 214
1860930 213
1860940 213
1860950 213
1860960 212
1860970 212
1860980 212
1860990 212
1861000 211
1861010 211
1861020 211
1861030 211
1861040 210
1861050 210
1861060 210
1861070 209
1861080 209
1861090 209
1861100 208
1861110 208
1861120 208
1861130 207
1861140 207
1861150 206
1861160 205
1861170 205
1861180 204
1861190 203
1861200 203
1861210 203
1861220 203
1861230 203
1861240 203
1861250 203
1861260 203
1861270 203
1861280 204
1861290 204
1861300 204
1861310 204
1861320 204
1861330 204
1861340 204
1861350 204
1861360 204
1861370 203
1861380 203
1861390 203
1861400 203
1861410 203
1861420 202
1861430 202
1861440 202
1861450 202
1861460 201
1861470 201
1861480 201
1861490 200
1861500 200
1861510 200
1861520 199
1861530 199
1861540 199
1861550 199
1861560 199
1861570 198
1861580 198
1861590 198
1861600 197
1861610 197
1861620 197
1861630 197
1861640 197
1861650 196
1861660 196
1861670 196
1861680 195
1861690 195
1861700 195
1861710 195
1861720 194
1861730 194
1861740 194
1861750 194
1861760 194
1861770 193
1861780 192
1861790 192
1861800 192
1861810 192
1861820 192
1861830 191
1861840 191
1861850 191
1861860 190
1861870 190
1861880 190
1861890 190
1861900 189
1861910 189
1861920 189
1861930 189
1861940 189
1861950 189
1861960 189
1861970 189
1861980 188
1861990 188
1862000 188
1862010 187
1862020 187
1862030 187
1862040 186
1862050 186
1862060 186
1862070 185
1862080 185
1862090 185
1862100 184
1862110 184
1862120 184
1862130 183
1862140 183
1862150 183
1862160 183
1862170 183
1862180 182
1862190 182
1862200 182
1862210 181
1862220 181
1862230 181
1862240 180
1862250 180
1862260 180
1862270 180
1862280 180
1862290 180
1862300 179
1862310 179
1862320 179
1862330 179
1862340 179
1862350 179
1862360 179
1862370 179
1862380 179
1862390 179
1862400 179
1862410 179
1862420 178
1862430 179
1862440 178
1862450 179
1862460 179
1862470 179
1862480 179
1862490 181
1862500 181
1862510 183
1862520 185
1862530 185
1862540 186
1862550 186
1862560 186
1862570 185
1862580 183
1862590 183
1862600 182
1862610 180
1862620 180
1862630 180
1862640 180
1862650 180
1862660 180
1862670 180
1862680 180
1862690 180
1862700 180
1862710 180
1862720 180
1862730 180
1862740 180
1862750 181
1862760 181
1862770 182
1862780 184
1862790 184
1862800 187
1862810 189
1862820 189
1862830 192
1862840 193
1862850 193
1862860 195
1862870 196
1862880 196
1862890 197
1862900 196
1862910 196
1862920 195
1862930 194
1862940 194
1862950 193
1862960 192
1862970 192
1862980 192
1862990 191
1863000 191
1863010 191
1863020 191
1863030 191
1863040 192
1863050 193
1863060 193
1863070 194
1863080 196
1863090 196
1863100 197
1863110 199
1863120 199
1863130 200
1863140 202
1863150 202
1863160 203
1863170 205
1863180 205
1863190 207
1863200 209
1863210 209
1863220 211
1863230 213
1863240 213
1863250 214
1863260 216
1863270 216
1863280 217
1863290 217
1863300 218
1863310 218
1863320 218
1863330 219
1863340 219
1863350 219
1863360 219
1863370 219
1863380 219
1863390 219
1863400 218
1863410 218
1863420 218
1863430 218
1863440 218
1863450 218
1863460 217
1863470 217
1863480 217
1863490 216
1863500 216
1863510 216
1863520 216
1863530 216
1863540 216
1863550 216
1863560 216
1863570 216
1863580 216
1863590 216
1863600 216
1863610 215
1863620 215
1863630 215
1863640 215
1863650 215
1863660 215
1863670 214
1863680 214
1863690 214
1863700 214
1863710 214
1863720 213
1863730 213
1863740 213
1863750 213
1863760 212
1863770 212
1863780 212
1863790 211
1863800 211
1863810 211
1863820 210
1863830 210
1863840 209
1863850 209
1863860 209
1863870 208
1863880 208
1863890 208
1863900 207
1863910 207
1863920 206
1863930 206
1863940 206
1863950 205
1863960 204
1863970 204
1863980 202
1863990 201
1864000 201
1864010 200
1864020 198
1864030 198
1864040 196
1864050 195
1864060 195
1864070 193
1864080 192
1864090 192
1864100 191
1864110 190
1864120 190
1864130 190
1864140 190
1864150 190
1864160 190
1864170 190
1864180 190
1864190 190
1864200 191
1864210 191
1864220 192
1864230 193
1864240 193
1864250 195
1864260 196
1864270 196
1864280 197
1864290 198
1864300 198
1864310 199
1864320 199
1864330 199
1864340 199
1864350 199
1864360 199
1864370 199
1864380 198
1864390 198
1864400 198
1864410 198
1864420 198
1864430 197
1864440 197
1864450 197
1864460 197
1864470 197
1864480 196
1864490 196
1864500 196
1864510 195
1864520 194
1864530 194
1864540 194
1864550 193
1864560 193
1864570 193
1864580 192
1864590 192
1864600 192
1864610 192
1864620 192
1864630 191
1864640 191
1864650 191
1864660 191
1864670 190
1864680 190
1864690 190
1864700 190
1864710 190
1864720 189
1864730 189
1864740 189
1864750 189
1864760 189
1864770 189
1864780 188
1864790 188
1864800 188
1864810 188
1864820 188
1864830 188
1864840 187
1864850 187
1864860 187
1864870 187
1864880 186
1864890 186
1864900 186
1864910 186
1864920 186
1864930 185
1864940 185
1864950 185
1864960 184
1864970 184
1864980 184
1864990 183
1865000 182
1865010 182
1865020 182
1865030 182
1865040 181
1865050 180
1865060 180
1865070 179
1865080 179
1865090 179
1865100 179
1865110 178
1865120 178
1865130 178
1865140 178
1865150 178
1865160 177
1865170 177
1865180 177
1865190 176
1865200 177
1865210 177
1865220 178
1865230 178
1865240 178
1865250 179
1865260 179
1865270 179
1865280 179
1865290 180
1865300 180
1865310 180
1865320 180
1865330 180
1865340 181
1865350 181
1865360 181
1865370 181
1865380 181
1865390 181
1865400 183
1865410 185
1865420 185
1865430 185
1865440 185
1865450 185
1865460 185
1865470 186
1865480 186
1865490 186
1865500 186
1865510 186
1865520 187
1865530 187
1865540 187
1865550 187
1865560 187
1865570 187
1865580 187
1865590 187
1865600 187
1865610 187
1865620 187
1865630 187
1865640 187
1865650 187
1865660 187
1865670 187
1865680 187
1865690 187
1865700 187
1865710 187
1865720 187
1865730 187
1865740 187
1865750 187
1865760 186
1865770 186
1865780 186
1865790 186
1865800 186
1865810 186
1865820 187
1865830 187
1865840 187
1865850 187
1865860 187
1865870 187
1865880 188
1865890 188
1865900 188
1865910 188
1865920 188
1865930 189
1865940 190
1865950 190
1865960 190
1865970 191
1865980 191
1865990 192
1866000 193
1866010 193
1866020 194
1866030 194
1866040 194
1866050 194
1866060 195
1866070 195
1866080 195
1866090 195
1866100 195
1866110 196
1866120 196
1866130 196
1866140 198
1866150 199
1866160 199
1866170 200
1866180 200
1866190 201
1866200 201
1866210 201
1866220 201
1866230 201
1866240 201
1866250 201
1866260 201
1866270 201
1866280 202
1866290 202
1866300 202
1866310 202
1866320 202
1866330 202
1866340 202
1866350 201
1866360 201
1866370 200
1866380 199
1866390 199
1866400 198
1866410 196
1866420 196
1866430 195
1866440 193
1866450 193
1866460 191
1866470 189
1866480 189
1866490 188
1866500 187
1866510 187
1866520 186
1866530 185
1866540 185
1866550 186
1866560 187
1866570 185
1866580 186
1866590 186
1866600 186
1866610 187
1866620 187
1866630 187
1866640 188
1866650 188
1866660 188
1866670 189
1866680 188
1866690 188
1866700 187
1866710 185
1866720 185
1866730 182
1866740 182
1866750 180
1866760 179
1866770 179
1866780 179
1866790 178
1866800 178
1866810 178
1866820 178
1866830 178
1866840 178
1866850 178
1866860 178
1866870 178
1866880 178
1866890 178
1866900 178
1866910 177
1866920 177
1866930 178
1866940 178
1866950 178
1866960 179
1866970 180
1866980 180
1866990 181
1867000 182
1867010 182
1867020 183
1867030 183
1867040 183
1867050 183
1867060 182
1867070 182
1867080 180
1867090 178
1867100 178
1867110 177
1867120 176
1867130 176
1867140 175
1867150 175
1867160 175
1867170 176
1867180 176
1867190 176
1867200 177
1867210 179
1867220 179
1867230 181
1867240 182
1867250 183
1867260 185
1867270 187
1867280 187
1867290 188
1867300 189
1867310 189
1867320 190
1867330 190
1867340 191
1867350 191
1867360 191
1867370 191
1867380 190
1867390 190
1867400 190
1867410 190
1867420 190
1867430 189
1867440 189
1867450 189
1867460 188
1867470 188
1867480 188
1867490 187
1867500 186
1867510 186
1867520 186
1867530 185
1867540 185
1867550 184
1867560 183
1867570 183
1867580 183
1867590 182
1867600 181
1867610 180
1867620 180
1867630 180
1867640 179
1867650 178
1867660 178
1867670 178
1867680 177
1867690 177
1867700 177
1867710 176
1867720 176
1867730 176
1867740 176
1867750 176
1867760 175
1867770 175
1867780 175
1867790 175
1867800 175
1867810 175
1867820 175
1867830 175
1867840 175
1867850 175
1867860 174
1867870 174
1867880 174
1867890 173
1867900 173
1867910 173
1867920 173
1867930 173
1867940 173
1867950 173
1867960 173
1867970 174
1867980 174
1867990 174
1868000 174
1868010 174
1868020 175
1868030 175
1868040 175
1868050 175
1868060 175
1868070 175
1868080 175
1868090 175
1868100 175
1868110 175
1868120 175
1868130 175
1868140 175
1868150 175
1868160 175
1868170 175
1868180 175
1868190 175
1868200 175
1868210 174
1868220 174
1868230 174
1868240 174
1868250 174
1868260 174
1868270 174
1868280 174
1868290 174
1868300 174
1868310 174
1868320 174
1868330 174
1868340 174
1868350 174
1868360 174
1868370 174
1868380 174
1868390 173
1868400 173
1868410 173
1868420 173
1868430 173
1868440 173
1868450 173
1868460 173
1868470 173
1868480 173
1868490 173
1868500 173
1868510 173
1868520 173
1868530 173
1868540 173
1868550 173
1868560 173
1868570 173
1868580 173
1868590 173
1868600 173
1868610 174
1868620 174
1868630 174
1868640 174
1868650 175
1868660 175
1868670 175
1868680 176
1868690 176
1868700 176
1868710 176
1868720 176
1868730 177
1868740 177
1868750 177
1868760 177
1868770 177
1868780 177
1868790 177
1868800 177
1868810 177
1868820 177
1868830 176
1868840 176
1868850 176
1868860 176
1868870 176
1868880 176
1868890 176
1868900 176
1868910 176
1868920 176
1868930 176
1868940 176
1868950 176
1868960 176
1868970 176
1868980 176
1868990 176
1869000 177
1869010 177
1869020 177
1869030 177
1869040 177
1869050 177
1869060 177
1869070 177
1869080 177
1869090 177
1869100 177
1869110 177
1869120 177
1869130 177
1869140 177
1869150 177
1869160 177
1869170 177
1869180 177
1869190 177
1869200 177
1869210 177
1869220 177
1869230 177
1869240 177
1869250 177
1869260 177
1869270 176
1869280 176
1869290 176
1869300 176
1869310 176
1869320 176
1869330 176
1869340 176
1869350 176
1869360 176
1869370 176
1869380 176
1869390 176
1869400 176
1869410 175
1869420 175
1869430 175
1869440 175
1869450 175
1869460 175
1869470 175
1869480 175
1869490 175
1869500 174
1869510 174
1869520 174
1869530 174
1869540 174
1869550 174
1869560 174
1869570 174
1869580 174
1869590 174
1869600 173
1869610 173
1869620 173
1869630 173
1869640 173
1869650 173
1869660 173
1869670 173
1869680 172
1869690 172
1869700 172
1869710 172
1869720 172
1869730 172
1869740 172
1869750 172
1869760 172
1869770 172
1869780 172
1869790 172
1869800 172
1869810 172
1869820 171
1869830 172
1869840 172
1869850 172
1869860 171
1869870 171
1869880 171
1869890 171
1869900 171
1869910 171
1869920 171
1869930 171
1869940 171
1869950 171
1869960 171
1869970 171
1869980 170
1869990 170
1870000 171
1870010 171
1870020 171
1870030 171
1870040 171
1870050 171
1870060 171
1870070 170
1870080 170
1870090 170
1870100 170
1870110 170
1870120 171
1870130 171
1870140 171
1870150 171
1870160 171
1870170 171
1870180 171
1870190 171
1870200 171
1870210 171
1870220 171
1870230 171
1870240 171
1870250 171
1870260 171
1870270 172
1870280 172
1870290 172
1870300 171
1870310 171
1870320 172
1870330 172
1870340 172
1870350 172
1870360 172
1870370 172
1870380 173
1870390 173
1870400 173
1870410 173
1870420 173
1870430 173
1870440 173
1870450 173
1870460 173
1870470 173
1870480 173
1870490 173
1870500 173
1870510 173
1870520 173
1870530 173
1870540 173
1870550 173
1870560 173
1870570 173
1870580 173
1870590 173
1870600 173
1870610 173
1870620 173
1870630 173
1870640 173
1870650 173
1870660 172
1870670 172
1870680 172
1870690 172
1870700 172
1870710 172
1870720 172
1870730 172
1870740 172
1870750 172
1870760 172
1870770 172
1870780 172
1870790 172
1870800 172
1870810 172
1870820 172
1870830 172
1870840 172
1870850 172
1870860 172
1870870 172
1870880 172
1870890 172
1870900 172
1870910 172
1870920 172
1870930 172
1870940 172
1870950 172
1870960 172
1870970 173
1870980 173
1870990 173
1871000 173
1871010 173
1871020 173
1871030 174
1871040 174
1871050 174
1871060 175
1871070 176
1871080 176
1871090 177
1871100 178
1871110 178
1871120 179
1871130 179
1871140 179
1871150 179
1871160 180
1871170 180
1871180 180
1871190 180
1871200 180
1871210 180
1871220 181
1871230 181
1871240 181
1871250 181
1871260 181
1871270 181
1871280 181
1871290 181
1871300 182
1871310 182
1871320 182
1871330 182
1871340 182
1871350 182
1871360 182
1871370 182
1871380 182
1871390 182
1871400 182
1871410 182
1871420 182
1871430 182
1871440 182
1871450 182
1871460 182
1871470 182
1871480 182
1871490 182
1871500 182
1871510 182
1871520 182
1871530 182
1871540 182
1871550 182
1871560 182
1871570 182
1871580 182
1871590 182
1871600 182
1871610 182
1871620 182
1871630 182
1871640 182
1871650 182
1871660 182
1871670 181
1871680 181
1871690 181
1871700 181
1871710 181
1871720 181
1871730 181
1871740 181
1871750 182
1871760 182
1871770 182
1871780 182
1871790 182
1871800 182
1871810 182
1871820 182
1871830 182
1871840 182
1871850 182
1871860 182
1871870 183
1871880 183
1871890 183
1871900 183
1871910 183
1871920 183
1871930 183
1871940 183
1871950 183
1871960 183
1871970 183
1871980 183
1871990 183
1872000 183
1872010 183
1872020 183
1872030 183
1872040 183
1872050 183
1872060 183
1872070 184
1872080 184
1872090 184
1872100 184
1872110 184
1872120 184
1872130 184
1872140 184
1872150 185
1872160 185
1872170 185
1872180 186
1872190 186
1872200 186
1872210 186
1872220 186
1872230 186
1872240 186
1872250 186
1872260 186
1872270 187
1872280 187
1872290 187
1872300 187
1872310 187
1872320 187
1872330 187
1872340 187
1872350 187
1872360 187
1872370 187
1872380 187
1872390 186
1872400 186
1872410 186
1872420 186
1872430 187
1872440 187
1872450 186
1872460 186
1872470 186
1872480 186
1872490 186
1872500 186
1872510 186
1872520 186
1872530 186
1872540 186
1872550 186
1872560 186
1872570 186
1872580 186
1872590 186
1872600 186
1872610 186
1872620 186
1872630 186
1872640 186
1872650 186
1872660 186
1872670 186
1872680 186
1872690 186
1872700 186
1872710 185
1872720 185
1872730 185
1872740 185
1872750 185
1872760 185
1872770 185
1872780 185
1872790 185
1872800 185
1872810 185
1872820 185
1872830 186
1872840 185
1872850 185
1872860 185
1872870 185
1872880 185
1872890 185
1872900 186
1872910 186
1872920 186
1872930 186
1872940 186
1872950 186
1872960 186
1872970 186
1872980 186
1872990 186
1873000 186
1873010 186
1873020 186
1873030 186
1873040 186
1873050 186
1873060 186
1873070 186
1873080 186
1873090 186
1873100 186
1873110 186
1873120 186
1873130 186
1873140 186
1873150 186
1873160 186
1873170 186
1873180 185
1873190 185
1873200 185
1873210 185
1873220 185
1873230 185
1873240 185
1873250 184
1873260 184
1873270 184
1873280 184
1873290 184
1873300 184
1873310 184
1873320 184
1873330 183
1873340 183
1873350 183
1873360 183
1873370 183
1873380 183
1873390 183
1873400 183
1873410 183
1873420 182
1873430 182
1873440 182
1873450 182
1873460 182
1873470 182
1873480 182
1873490 182
1873500 182
1873510 182
1873520 182
1873530 182
1873540 182
1873550 182
1873560 182
1873570 182
1873580 182
1873590 182
1873600 182
1873610 182
1873620 182
1873630 182
1873640 181
1873650 181
1873660 181
1873670 181
1873680 181
1873690 181
1873700 181
1873710 181
1873720 181
1873730 181
1873740 181
1873750 180
1873760 180
1873770 180
1873780 180
1873790 180
1873800 180
1873810 180
1873820 180
1873830 180
1873840 180
1873850 180
1873860 180
1873870 180
1873880 180
1873890 180
1873900 180
1873910 180
1873920 180
1873930 179
1873940 179
1873950 179
1873960 179
1873970 179
1873980 180
1873990 179
1874000 179
1874010 179
1874020 180
1874030 179
1874040 179
1874050 179
1874060 179
1874070 179
1874080 179
1874090 179
1874100 179
1874110 179
1874120 179
1874130 179
1874140 179
1874150 179
1874160 179
1874170 179
1874180 179
1874190 179
1874200 179
1874210 179
1874220 179
1874230 179
1874240 179
1874250 179
1874260 179
1874270 179
1874280 179
1874290 179
1874300 179
1874310 179
1874320 179
1874330 179
1874340 178
1874350 178
1874360 178
1874370 178
1874380 178
1874390 178
1874400 178
1874410 178
1874420 178
1874430 178
1874440 178
1874450 178
1874460 178
1874470 178
1874480 177
1874490 177
1874500 177
1874510 177
1874520 177
1874530 177
1874540 177
1874550 177
1874560 177
1874570 177
1874580 177
1874590 177
1874600 177
1874610 176
1874620 176
1874630 176
1874640 176
1874650 176
1874660 176
1874670 176
1874680 176
1874690 176
1874700 176
1874710 176
1874720 176
1874730 176
1874740 176
1874750 176
1874760 176
1874770 176
1874780 176
1874790 176
1874800 176
1874810 176
1874820 176
1874830 176
1874840 176
1874850 176
1874860 176
1874870 176
1874880 176
1874890 176
1874900 176
1874910 176
1874920 176
1874930 176
1874940 176
1874950 176
1874960 176
1874970 176
1874980 176
1874990 176
1875000 176
1875010 176
1875020 176
1875030 176
1875040 176
1875050 176
1875060 176
1875070 176
1875080 176
1875090 176
1875100 176
1875110 176
1875120 176
1875130 176
1875140 176
1875150 176
1875160 176
1875170 176
1875180 176
1875190 176
1875200 176
1875210 176
1875220 176
1875230 175
1875240 175
1875250 175
1875260 175
1875270 175
1875280 175
1875290 175
1875300 175
1875310 175
1875320 175
1875330 175
1875340 175
1875350 176
1875360 176
1875370 176
1875380 176
1875390 176
1875400 176
1875410 176
1875420 175
1875430 175
1875440 175
1875450 175
1875460 175
1875470 175
1875480 176
1875490 176
1875500 176
1875510 176
1875520 176
1875530 176
1875540 176
1875550 176
1875560 176
1875570 176
1875580 176
1875590 176
1875600 175
1875610 175
1875620 175
1875630 175
1875640 175
1875650 175
1875660 175
1875670 175
1875680 175
1875690 175
1875700 175
1875710 175
1875720 175
1875730 175
1875740 175
1875750 175
1875760 175
1875770 175
1875780 175
1875790 175
1875800 175
1875810 175
1875820 175
1875830 175
1875840 175
1875850 175
1875860 175
1875870 175
1875880 175
1875890 175
1875900 175
1875910 175
1875920 175
1875930 175
1875940 175
1875950 175
1875960 175
1875970 175
1875980 175
1875990 175
1876000 175
1876010 175
1876020 175
1876030 175
1876040 175
1876050 175
1876060 175
1876070 175
1876080 175
1876090 175
1876100 175
1876110 175
1876120 175
1876130 175
1876140 174
1876150 174
1876160 175
1876170 174
1876180 174
1876190 174
1876200 174
1876210 174
1876220 174
1876230 174
1876240 174
1876250 174
1876260 174
1876270 174
1876280 174
1876290 174
1876300 174
1876310 174
1876320 174
1876330 174
1876340 174
1876350 174
1876360 174
1876370 174
1876380 174
1876390 174
1876400 174
1876410 174
1876420 174
1876430 174
1876440 174
1876450 174
1876460 174
1876470 174
1876480 174
1876490 174
1876500 174
1876510 174
1876520 174
1876530 174
1876540 174
1876550 174
1876560 174
1876570 173
1876580 174
1876590 174
1876600 173
1876610 173
1876620 173
1876630 173
1876640 173
1876650 173
1876660 173
1876670 173
1876680 173
1876690 173
1876700 173
1876710 173
1876720 173
1876730 173
1876740 173
1876750 173
1876760 173
1876770 173
1876780 173
1876790 173
1876800 173
1876810 173
1876820 173
1876830 173
1876840 173
1876850 173
1876860 173
1876870 173
1876880 173
1876890 173
1876900 173
1876910 172
1876920 172
1876930 172
1876940 172
1876950 172
1876960 172
1876970 172
1876980 172
1876990 172
1877000 172
1877010 172
1877020 172
1877030 172
1877040 172
1877050 172
1877060 172
1877070 172
1877080 172
1877090 172
1877100 172
1877110 172
1877120 172
1877130 172
1877140 172
1877150 172
1877160 172
1877170 172
1877180 172
1877190 172
1877200 172
1877210 172
1877220 172
1877230 172
1877240 172
1877250 172
1877260 172
1877270 172
1877280 172
1877290 172
1877300 172
1877310 172
1877320 172
1877330 172
1877340 172
1877350 172
1877360 172
1877370 172
1877380 172
1877390 172
1877400 172
1877410 171
1877420 171
1877430 171
1877440 171
1877450 171
1877460 171
1877470 171
1877480 171
1877490 171
1877500 171
1877510 171
1877520 170
1877530 170
1877540 170
1877550 170
1877560 170
1877570 170
1877580 170
1877590 170
1877600 170
1877610 170
1877620 169
1877630 169
1877640 169
1877650 169
1877660 169
1877670 169
1877680 169
1877690 169
1877700 169
1877710 169
1877720 169
1877730 169
1877740 169
1877750 169
1877760 169
1877770 169
1877780 169
1877790 169
1877800 169
1877810 169
1877820 169
1877830 169
1877840 169
1877850 169
1877860 169
1877870 169
1877880 169
1877890 169
1877900 169
1877910 169
1877920 169
1877930 169
1877940 169
1877950 169
1877960 169
1877970 169
1877980 169
1877990 169
1878000 169
1878010 169
1878020 169
1878030 169
1878040 169
1878050 169
1878060 169
1878070 169
1878080 168
1878090 168
1878100 168
1878110 168
1878120 168
1878130 168
1878140 168
1878150 168
1878160 168
1878170 168
1878180 168
1878190 168
1878200 168
1878210 168
1878220 168
1878230 168
1878240 168
1878250 168
1878260 168
1878270 168
1878280 168
1878290 168
1878300 168
1878310 168
1878320 168
1878330 168
1878340 168
1878350 168
1878360 168
1878370 168
1878380 168
1878390 168
1878400 168
1878410 168
1878420 168
1878430 168
1878440 168
1878450 168
1878460 168
1878470 168
1878480 168
1878490 168
1878500 168
1878510 168
1878520 168
1878530 168
1878540 168
1878550 167
1878560 167
1878570 167
1878580 168
1878590 167
1878600 167
1878610 167
1878620 167
1878630 167
1878640 167
1878650 167
1878660 167
1878670 167
1878680 167
1878690 167
1878700 167
1878710 167
1878720 167
1878730 167
1878740 167
1878750 167
1878760 167
1878770 167
1878780 167
1878790 167
1878800 167
1878810 167
1878820 167
1878830 167
1878840 167
1878850 167
1878860 167
1878870 167
1878880 167
1878890 167
1878900 167
1878910 167
1878920 167
1878930 167
1878940 167
1878950 167
1878960 167
1878970 167
1878980 167
1878990 167
1879000 167
1879010 167
1879020 167
1879030 167
1879040 167
1879050 167
1879060 167
1879070 167
1879080 167
1879090 167
1879100 167
1879110 167
1879120 167
1879130 167
1879140 167
1879150 167
1879160 167
1879170 167
1879180 167
1879190 167
1879200 167
1879210 167
1879220 167
1879230 167
1879240 166
1879250 166
1879260 167
1879270 167
1879280 167
1879290 166
1879300 166
1879310 166
1879320 166
1879330 166
1879340 166
1879350 166
1879360 166
1879370 166
1879380 166
1879390 166
1879400 166
1879410 166
1879420 166
1879430 166
1879440 166
1879450 166
1879460 166
1879470 166
1879480 166
1879490 166
1879500 166
1879510 166
1879520 166
1879530 165
1879540 165
1879550 165
1879560 165
1879570 165
1879580 166
1879590 166
1879600 166
1879610 166
1879620 166
1879630 166
1879640 166
1879650 166
1879660 166
1879670 166
1879680 166
1879690 166
1879700 166
1879710 166
1879720 166
1879730 167
1879740 167
1879750 167
1879760 166
1879770 166
1879780 166
1879790 166
1879800 166
1879810 166
1879820 166
1879830 166
1879840 166
1879850 166
1879860 166
1879870 166
1879880 166
1879890 166
1879900 166
1879910 166
1879920 166
1879930 166
1879940 166
1879950 166
1879960 166
1879970 166
1879980 166
1879990 166
