1860000 231
1860010 231
1860020 232
1860030 232
1860040 232
1860050 232
1860060 232
1860070 232
1860080 232
1860090 232
1860100 232
1860110 232
1860120 232
1860130 231
1860140 231
1860150 231
1860160 231
1860170 230
1860180 230
1860190 229
1860200 229
1860210 229
1860220 228
1860230 227
1860240 227
1860250 226
1860260 225
1860270 225
1860280 224
1860290 223
1860300 223
1860310 222
1860320 222
1860330 222
1860340 221
1860350 220
1860360 220
1860370 219
1860380 218
1860390 218
1860400 217
1860410 216
1860420 216
1860430 215
1860440 214
1860450 214
1860460 213
1860470 212
1860480 212
1860490 211
1860500 211
1860510 211
1860520 210
1860530 209
1860540 209
1860550 208
1860560 208
1860570 207
1860580 206
1860590 206
1860600 205
1860610 205
1860620 205
1860630 204
1860640 204
1860650 204
1860660 204
1860670 204
1860680 204
1860690 204
1860700 204
1860710 204
1860720 205
1860730 205
1860740 205
1860750 204
1860760 203
1860770 203
1860780 202
1860790 201
1860800 201
1860810 200
1860820 199
1860830 199
1860840 197
1860850 196
1860860 196
1860870 196
1860880 196
1860890 196
1860900 196
1860910 196
1860920 196
1860930 196
1860940 198
1860950 198
1860960 199
1860970 201
1860980 201
1860990 204
1861000 205
1861010 205
1861020 208
1861030 209
1861040 209
1861050 210
1861060 210
1861070 210
1861080 210
1861090 210
1861100 210
1861110 210
1861120 210
1861130 210
1861140 210
1861150 210
1861160 210
1861170 210
1861180 210
1861190 210
1861200 210
1861210 210
1861220 211
1861230 211
1861240 211
1861250 211
1861260 212
1861270 212
1861280 212
1861290 213
1861300 213
1861310 213
1861320 214
1861330 214
1861340 214
1861350 214
1861360 214
1861370 215
1861380 215
1861390 215
1861400 215
1861410 215
1861420 215
1861430 216
1861440 216
1861450 216
1861460 216
1861470 217
1861480 217
1861490 217
1861500 217
1861510 217
1861520 217
1861530 217
1861540 217
1861550 217
1861560 217
1861570 217
1861580 217
1861590 217
1861600 217
1861610 216
1861620 217
1861630 217
1861640 216
1861650 216
1861660 216
1861670 216
1861680 216
1861690 215
1861700 215
1861710 215
1861720 214
1861730 214
1861740 214
1861750 213
1861760 212
1861770 212
1861780 211
1861790 211
1861800 211
1861810 211
1861820 211
1861830 211
1861840 211
1861850 211
1861860 211
1861870 211
1861880 211
1861890 211
1861900 210
1861910 210
1861920 210
1861930 210
1861940 210
1861950 210
1861960 209
1861970 209
1861980 209
1861990 209
1862000 208
1862010 208
1862020 207
1862030 207
1862040 207
1862050 206
1862060 205
1862070 205
1862080 204
1862090 204
1862100 204
1862110 203
1862120 202
1862130 202
1862140 201
1862150 201
1862160 201
1862170 200
1862180 199
1862190 199
1862200 198
1862210 198
1862220 198
1862230 197
1862240 197
1862250 196
1862260 195
1862270 195
1862280 194
1862290 193
1862300 193
1862310 191
1862320 190
1862330 190
1862340 189
1862350 188
1862360 188
1862370 187
1862380 186
1862390 186
1862400 185
1862410 184
1862420 184
1862430 184
1862440 185
1862450 185
1862460 186
1862470 187
1862480 187
1862490 188
1862500 188
1862510 188
1862520 189
1862530 190
1862540 190
1862550 190
1862560 190
1862570 190
1862580 190
1862590 190
1862600 190
1862610 189
1862620 189
1862630 189
1862640 188
1862650 188
1862660 188
1862670 188
1862680 187
1862690 187
1862700 186
1862710 186
1862720 186
1862730 185
1862740 184
1862750 184
1862760 184
1862770 183
1862780 183
1862790 182
1862800 181
1862810 181
1862820 181
1862830 181
1862840 180
1862850 179
1862860 179
1862870 179
1862880 179
1862890 179
1862900 178
1862910 178
1862920 178
1862930 178
1862940 177
1862950 177
1862960 177
1862970 177
1862980 177
1862990 177
1863000 177
1863010 177
1863020 177
1863030 177
1863040 177
1863050 177
1863060 177
1863070 177
1863080 179
1863090 180
1863100 180
1863110 183
1863120 187
1863130 187
1863140 188
1863150 188
1863160 188
1863170 188
1863180 188
1863190 188
1863200 187
1863210 187
1863220 187
1863230 186
1863240 185
1863250 185
1863260 185
1863270 184
1863280 184
1863290 184
1863300 185
1863310 185
1863320 185
1863330 185
1863340 185
1863350 184
1863360 183
1863370 183
1863380 183
1863390 183
1863400 183
1863410 182
1863420 182
1863430 182
1863440 182
1863450 182
1863460 181
1863470 181
1863480 181
1863490 181
1863500 180
1863510 180
1863520 180
1863530 180
1863540 180
1863550 179
1863560 179
1863570 179
1863580 179
1863590 179
1863600 179
1863610 178
1863620 178
1863630 178
1863640 178
1863650 178
1863660 178
1863670 178
1863680 178
1863690 178
1863700 177
1863710 177
1863720 177
1863730 176
1863740 176
1863750 176
1863760 176
1863770 176
1863780 176
1863790 175
1863800 175
1863810 175
1863820 175
1863830 175
1863840 175
1863850 175
1863860 175
1863870 175
1863880 175
1863890 175
1863900 175
1863910 175
1863920 175
1863930 175
1863940 175
1863950 175
1863960 175
1863970 175
1863980 175
1863990 175
1864000 175
1864010 175
1864020 175
1864030 175
1864040 174
1864050 175
1864060 175
1864070 175
1864080 175
1864090 175
1864100 175
1864110 175
1864120 176
1864130 176
1864140 176
1864150 176
1864160 176
1864170 176
1864180 176
1864190 176
1864200 176
1864210 177
1864220 177
1864230 177
1864240 177
1864250 177
1864260 177
1864270 177
1864280 177
1864290 177
1864300 177
1864310 177
1864320 176
1864330 176
1864340 176
1864350 176
1864360 176
1864370 176
1864380 176
1864390 176
1864400 176
1864410 176
1864420 175
1864430 175
1864440 175
1864450 175
1864460 175
1864470 175
1864480 175
1864490 175
1864500 175
1864510 175
1864520 174
1864530 174
1864540 174
1864550 175
1864560 175
1864570 175
1864580 175
1864590 175
1864600 175
1864610 174
1864620 174
1864630 174
1864640 174
1864650 174
1864660 174
1864670 174
1864680 174
1864690 174
1864700 174
1864710 173
1864720 173
1864730 175
1864740 175
1864750 175
1864760 175
1864770 175
1864780 175
1864790 175
1864800 175
1864810 175
1864820 174
1864830 174
1864840 174
1864850 174
1864860 174
1864870 174
1864880 174
1864890 174
1864900 174
1864910 174
1864920 174
1864930 174
1864940 174
1864950 175
1864960 175
1864970 175
1864980 175
1864990 175
1865000 175
1865010 175
1865020 175
1865030 175
1865040 175
1865050 175
1865060 175
1865070 176
1865080 176
1865090 176
1865100 176
1865110 176
1865120 176
1865130 176
1865140 176
1865150 176
1865160 176
1865170 176
1865180 176
1865190 176
1865200 176
1865210 177
1865220 177
1865230 177
1865240 176
1865250 176
1865260 176
1865270 176
1865280 176
1865290 175
1865300 175
1865310 175
1865320 174
1865330 174
1865340 174
1865350 174
1865360 173
1865370 173
1865380 173
1865390 173
1865400 173
1865410 173
1865420 172
1865430 172
1865440 172
1865450 172
1865460 172
1865470 172
1865480 172
1865490 172
1865500 172
1865510 172
1865520 172
1865530 172
1865540 172
1865550 172
1865560 172
1865570 172
1865580 172
1865590 172
1865600 172
1865610 172
1865620 172
1865630 172
1865640 172
1865650 172
1865660 172
1865670 172
1865680 172
1865690 172
1865700 172
1865710 172
1865720 172
1865730 172
1865740 172
1865750 172
1865760 172
1865770 172
1865780 172
1865790 172
1865800 172
1865810 172
1865820 172
1865830 172
1865840 172
1865850 172
1865860 173
1865870 173
1865880 173
1865890 173
1865900 173
1865910 173
1865920 173
1865930 173
1865940 174
1865950 174
1865960 174
1865970 174
1865980 174
1865990 174
1866000 174
1866010 175
1866020 175
1866030 175
1866040 175
1866050 175
1866060 174
1866070 174
1866080 174
1866090 174
1866100 174
1866110 174
1866120 174
1866130 174
1866140 174
1866150 174
1866160 174
1866170 174
1866180 174
1866190 175
1866200 175
1866210 175
1866220 175
1866230 175
1866240 175
1866250 175
1866260 175
1866270 175
1866280 175
1866290 175
1866300 175
1866310 175
1866320 175
1866330 175
1866340 175
1866350 175
1866360 175
1866370 175
1866380 174
1866390 174
1866400 174
1866410 174
1866420 174
1866430 174
1866440 174
1866450 173
1866460 173
1866470 173
1866480 173
1866490 173
1866500 173
1866510 173
1866520 173
1866530 172
1866540 172
1866550 172
1866560 172
1866570 172
1866580 172
1866590 172
1866600 172
1866610 172
1866620 172
1866630 172
1866640 172
1866650 172
1866660 172
1866670 172
1866680 172
1866690 172
1866700 172
1866710 172
1866720 172
1866730 172
1866740 172
1866750 172
1866760 172
1866770 172
1866780 172
1866790 172
1866800 172
1866810 172
1866820 172
1866830 172
1866840 172
1866850 172
1866860 172
1866870 172
1866880 172
1866890 172
1866900 172
1866910 172
1866920 171
1866930 171
1866940 171
1866950 172
1866960 172
1866970 172
1866980 172
1866990 172
1867000 172
1867010 173
1867020 173
1867030 173
1867040 173
1867050 173
1867060 172
1867070 172
1867080 172
1867090 172
1867100 172
1867110 172
1867120 172
1867130 172
1867140 172
1867150 171
1867160 171
1867170 171
1867180 171
1867190 171
1867200 171
1867210 171
1867220 171
1867230 171
1867240 171
1867250 171
1867260 171
1867270 171
1867280 170
1867290 170
1867300 170
1867310 170
1867320 170
1867330 170
1867340 170
1867350 170
1867360 170
1867370 170
1867380 170
1867390 170
1867400 170
1867410 170
1867420 170
1867430 170
1867440 170
1867450 170
1867460 170
1867470 170
1867480 170
1867490 170
1867500 170
1867510 170
1867520 170
1867530 170
1867540 170
1867550 170
1867560 170
1867570 170
1867580 170
1867590 170
1867600 170
1867610 170
1867620 170
1867630 170
1867640 170
1867650 170
1867660 170
1867670 170
1867680 170
1867690 170
1867700 170
1867710 170
1867720 170
1867730 170
1867740 171
1867750 171
1867760 171
1867770 171
1867780 171
1867790 171
1867800 171
1867810 171
1867820 171
1867830 171
1867840 171
1867850 171
1867860 171
1867870 171
1867880 171
1867890 171
1867900 171
1867910 171
1867920 171
1867930 171
1867940 171
1867950 171
1867960 171
1867970 171
1867980 171
1867990 171
1868000 170
1868010 170
1868020 170
1868030 170
1868040 170
1868050 170
1868060 169
1868070 169
1868080 169
1868090 168
1868100 168
1868110 168
1868120 168
1868130 168
1868140 168
1868150 168
1868160 168
1868170 168
1868180 168
1868190 168
1868200 168
1868210 168
1868220 168
1868230 168
1868240 168
1868250 168
1868260 168
1868270 168
1868280 168
1868290 168
1868300 169
1868310 168
1868320 168
1868330 168
1868340 169
1868350 169
1868360 169
1868370 168
1868380 168
1868390 168
1868400 168
1868410 168
1868420 168
1868430 168
1868440 168
1868450 168
1868460 168
1868470 168
1868480 168
1868490 168
1868500 168
1868510 168
1868520 168
1868530 168
1868540 168
1868550 168
1868560 168
1868570 168
1868580 168
1868590 168
1868600 168
1868610 168
1868620 168
1868630 168
1868640 168
1868650 168
1868660 168
1868670 168
1868680 168
1868690 168
1868700 168
1868710 168
1868720 168
1868730 168
1868740 167
1868750 167
1868760 167
1868770 167
1868780 167
1868790 167
1868800 168
1868810 168
1868820 168
1868830 168
1868840 168
1868850 168
1868860 168
1868870 168
1868880 168
1868890 168
1868900 167
1868910 167
1868920 167
1868930 167
1868940 167
1868950 167
1868960 167
1868970 167
1868980 167
1868990 167
1869000 167
1869010 167
1869020 167
1869030 167
1869040 167
1869050 167
1869060 167
1869070 167
1869080 167
1869090 167
1869100 167
1869110 167
1869120 167
1869130 167
1869140 167
1869150 167
1869160 167
1869170 167
1869180 167
1869190 167
1869200 167
1869210 167
1869220 167
1869230 167
1869240 167
1869250 167
1869260 167
1869270 167
1869280 167
1869290 167
1869300 167
1869310 168
1869320 168
1869330 167
1869340 168
1869350 168
1869360 167
1869370 167
1869380 167
1869390 167
1869400 167
1869410 167
1869420 167
1869430 167
1869440 167
1869450 167
1869460 167
1869470 167
1869480 167
1869490 167
1869500 167
1869510 167
1869520 168
1869530 168
1869540 168
1869550 168
1869560 168
1869570 168
1869580 168
1869590 168
1869600 168
1869610 168
1869620 168
1869630 168
1869640 168
1869650 168
1869660 168
1869670 168
1869680 168
1869690 168
1869700 168
1869710 169
1869720 169
1869730 169
1869740 169
1869750 170
1869760 170
1869770 171
1869780 171
1869790 171
1869800 171
1869810 172
1869820 172
1869830 172
1869840 172
1869850 172
1869860 173
1869870 174
1869880 174
1869890 175
1869900 176
1869910 176
1869920 177
1869930 178
1869940 178
1869950 179
1869960 180
1869970 180
1869980 181
1869990 181
1870000 181
1870010 182
1870020 182
1870030 182
1870040 182
1870050 182
1870060 182
1870070 183
1870080 183
1870090 183
1870100 184
1870110 184
1870120 184
1870130 185
1870140 186
1870150 186
1870160 186
1870170 187
1870180 187
1870190 187
1870200 187
1870210 188
1870220 188
1870230 188
1870240 189
1870250 189
1870260 189
1870270 190
1870280 190
1870290 190
1870300 191
1870310 191
1870320 191
1870330 192
1870340 192
1870350 192
1870360 192
1870370 193
1870380 193
1870390 193
1870400 194
1870410 194
1870420 194
1870430 194
1870440 194
1870450 194
1870460 194
1870470 194
1870480 194
1870490 195
1870500 195
1870510 195
1870520 195
1870530 196
1870540 197
1870550 197
1870560 197
1870570 197
1870580 198
1870590 198
1870600 198
1870610 198
1870620 198
1870630 197
1870640 197
1870650 197
1870660 196
1870670 195
1870680 195
1870690 195
1870700 195
1870710 195
1870720 195
1870730 196
1870740 196
1870750 196
1870760 196
1870770 196
1870780 197
1870790 197
1870800 197
1870810 197
1870820 197
1870830 197
1870840 197
1870850 197
1870860 197
1870870 197
1870880 197
1870890 198
1870900 198
1870910 198
1870920 198
1870930 198
1870940 198
1870950 198
1870960 198
1870970 198
1870980 199
1870990 199
1871000 199
1871010 199
1871020 199
1871030 199
1871040 199
1871050 200
1871060 200
1871070 201
1871080 202
1871090 202
1871100 203
1871110 204
1871120 204
1871130 205
1871140 205
1871150 205
1871160 206
1871170 206
1871180 206
1871190 206
1871200 206
1871210 207
1871220 206
1871230 205
1871240 205
1871250 205
1871260 204
1871270 204
1871280 204
1871290 203
1871300 203
1871310 203
1871320 203
1871330 202
1871340 201
1871350 201
1871360 201
1871370 200
1871380 200
1871390 200
1871400 199
1871410 199
1871420 198
1871430 198
1871440 198
1871450 197
1871460 197
1871470 197
1871480 196
1871490 195
1871500 195
1871510 195
1871520 194
1871530 194
1871540 194
1871550 194
1871560 194
1871570 194
1871580 194
1871590 194
1871600 194
1871610 194
1871620 194
1871630 194
1871640 194
1871650 194
1871660 194
1871670 194
1871680 194
1871690 194
1871700 194
1871710 194
1871720 194
1871730 194
1871740 194
1871750 193
1871760 193
1871770 193
1871780 193
1871790 192
1871800 192
1871810 192
1871820 193
1871830 193
1871840 193
1871850 192
1871860 192
1871870 192
1871880 192
1871890 192
1871900 192
1871910 192
1871920 191
1871930 191
1871940 191
1871950 191
1871960 191
1871970 191
1871980 190
1871990 190
1872000 190
1872010 190
1872020 190
1872030 190
1872040 190
1872050 190
1872060 190
1872070 189
1872080 189
1872090 189
1872100 189
1872110 189
1872120 189
1872130 189
1872140 189
1872150 189
1872160 188
1872170 188
1872180 188
1872190 188
1872200 188
1872210 188
1872220 188
1872230 188
1872240 188
1872250 188
1872260 188
1872270 188
1872280 188
1872290 187
1872300 187
1872310 188
1872320 187
1872330 187
1872340 187
1872350 187
1872360 187
1872370 187
1872380 187
1872390 187
1872400 187
1872410 187
1872420 187
1872430 187
1872440 187
1872450 187
1872460 187
1872470 187
1872480 187
1872490 186
1872500 186
1872510 186
1872520 186
1872530 186
1872540 186
1872550 186
1872560 186
1872570 186
1872580 186
1872590 186
1872600 186
1872610 186
1872620 186
1872630 186
1872640 186
1872650 186
1872660 185
1872670 185
1872680 185
1872690 185
1872700 185
1872710 185
1872720 185
1872730 185
1872740 185
1872750 185
1872760 185
1872770 185
1872780 185
1872790 185
1872800 185
1872810 185
1872820 185
1872830 185
1872840 185
1872850 185
1872860 185
1872870 185
1872880 185
1872890 185
1872900 185
1872910 185
1872920 185
1872930 184
1872940 184
1872950 184
1872960 184
1872970 184
1872980 184
1872990 184
1873000 184
1873010 184
1873020 184
1873030 184
1873040 184
1873050 184
1873060 184
1873070 184
1873080 184
1873090 184
1873100 183
1873110 183
1873120 183
1873130 183
1873140 183
1873150 183
1873160 183
1873170 183
1873180 183
1873190 183
1873200 183
1873210 183
1873220 183
1873230 183
1873240 183
1873250 183
1873260 183
1873270 183
1873280 183
1873290 183
1873300 183
1873310 183
1873320 183
1873330 183
1873340 183
1873350 183
1873360 183
1873370 183
1873380 183
1873390 183
1873400 183
1873410 183
1873420 183
1873430 183
1873440 183
1873450 183
1873460 183
1873470 183
1873480 183
1873490 183
1873500 183
1873510 183
1873520 184
1873530 185
1873540 185
1873550 186
1873560 186
1873570 183
1873580 184
1873590 184
1873600 183
1873610 182
1873620 182
1873630 182
1873640 182
1873650 182
1873660 182
1873670 182
1873680 182
1873690 182
1873700 182
1873710 182
1873720 182
1873730 183
1873740 183
1873750 182
1873760 182
1873770 182
1873780 182
1873790 182
1873800 182
1873810 182
1873820 182
1873830 182
1873840 182
1873850 182
1873860 182
1873870 182
1873880 182
1873890 182
1873900 182
1873910 182
1873920 182
1873930 182
1873940 182
1873950 182
1873960 182
1873970 182
1873980 182
1873990 182
1874000 182
1874010 182
1874020 182
1874030 182
1874040 182
1874050 182
1874060 182
1874070 182
1874080 182
1874090 181
1874100 181
1874110 181
1874120 181
1874130 181
1874140 181
1874150 181
1874160 181
1874170 181
1874180 181
1874190 181
1874200 181
1874210 181
1874220 181
1874230 181
1874240 181
1874250 181
1874260 181
1874270 181
1874280 181
1874290 181
1874300 181
1874310 181
1874320 181
1874330 181
1874340 181
1874350 181
1874360 181
1874370 181
1874380 181
1874390 181
1874400 181
1874410 181
1874420 181
1874430 181
1874440 180
1874450 180
1874460 180
1874470 180
1874480 180
1874490 180
1874500 180
1874510 180
1874520 181
1874530 180
1874540 180
1874550 180
1874560 180
1874570 180
1874580 180
1874590 180
1874600 180
1874610 180
1874620 180
1874630 180
1874640 180
1874650 180
1874660 180
1874670 180
1874680 180
1874690 180
1874700 180
1874710 180
1874720 180
1874730 180
1874740 180
1874750 180
1874760 180
1874770 180
1874780 180
1874790 180
1874800 180
1874810 180
1874820 180
1874830 180
1874840 180
1874850 180
1874860 180
1874870 180
1874880 180
1874890 180
1874900 180
1874910 180
1874920 181
1874930 181
1874940 181
1874950 181
1874960 181
1874970 181
1874980 181
1874990 181
1875000 181
1875010 181
1875020 181
1875030 181
1875040 181
1875050 181
1875060 181
1875070 181
1875080 181
1875090 181
1875100 181
1875110 181
1875120 181
1875130 181
1875140 181
1875150 181
1875160 181
1875170 181
1875180 181
1875190 181
1875200 181
1875210 181
1875220 181
1875230 181
1875240 181
1875250 181
1875260 181
1875270 181
1875280 181
1875290 181
1875300 181
1875310 181
1875320 181
1875330 181
1875340 181
1875350 180
1875360 180
1875370 180
1875380 180
1875390 180
1875400 180
1875410 180
1875420 180
1875430 180
1875440 180
1875450 180
1875460 180
1875470 180
1875480 180
1875490 180
1875500 180
1875510 180
1875520 179
1875530 179
1875540 179
1875550 179
1875560 179
1875570 179
1875580 179
1875590 178
1875600 178
1875610 178
1875620 179
1875630 179
1875640 179
1875650 178
1875660 178
1875670 178
1875680 179
1875690 179
1875700 179
1875710 179
1875720 179
1875730 179
1875740 179
1875750 179
1875760 179
1875770 178
1875780 178
1875790 178
1875800 178
1875810 178
1875820 178
1875830 178
1875840 178
1875850 178
1875860 178
1875870 178
1875880 178
1875890 178
1875900 178
1875910 178
1875920 178
1875930 178
1875940 178
1875950 178
1875960 177
1875970 177
1875980 177
1875990 177
1876000 177
1876010 177
1876020 177
1876030 177
1876040 177
1876050 177
1876060 177
1876070 177
1876080 177
1876090 177
1876100 177
1876110 177
1876120 177
1876130 177
1876140 177
1876150 177
1876160 177
1876170 177
1876180 177
1876190 177
1876200 177
1876210 177
1876220 177
1876230 177
1876240 177
1876250 177
1876260 177
1876270 177
1876280 177
1876290 177
1876300 177
1876310 177
1876320 177
1876330 177
1876340 177
1876350 177
1876360 177
1876370 177
1876380 177
1876390 177
1876400 177
1876410 177
1876420 177
1876430 177
1876440 178
1876450 178
1876460 178
1876470 178
1876480 178
1876490 178
1876500 178
1876510 178
1876520 178
1876530 178
1876540 178
1876550 178
1876560 178
1876570 178
1876580 178
1876590 178
1876600 178
1876610 178
1876620 178
1876630 178
1876640 178
1876650 178
1876660 178
1876670 178
1876680 178
1876690 178
1876700 178
1876710 178
1876720 178
1876730 178
1876740 178
1876750 178
1876760 178
1876770 178
1876780 178
1876790 178
1876800 178
1876810 178
1876820 178
1876830 178
1876840 178
1876850 178
1876860 178
1876870 178
1876880 178
1876890 177
1876900 177
1876910 177
1876920 177
1876930 177
1876940 177
1876950 177
1876960 177
1876970 177
1876980 177
1876990 177
1877000 177
1877010 177
1877020 177
1877030 177
1877040 177
1877050 177
1877060 177
1877070 177
1877080 177
1877090 177
1877100 177
1877110 177
1877120 177
1877130 177
1877140 177
1877150 177
1877160 177
1877170 177
1877180 177
1877190 177
1877200 177
1877210 177
1877220 177
1877230 177
1877240 177
1877250 177
1877260 177
1877270 177
1877280 177
1877290 176
1877300 176
1877310 176
1877320 176
1877330 176
1877340 176
1877350 176
1877360 175
1877370 175
1877380 175
1877390 175
1877400 175
1877410 175
1877420 175
1877430 175
1877440 174
1877450 174
1877460 174
1877470 174
1877480 174
1877490 174
1877500 174
1877510 173
1877520 173
1877530 173
1877540 173
1877550 173
1877560 173
1877570 173
1877580 173
1877590 173
1877600 173
1877610 173
1877620 173
1877630 173
1877640 173
1877650 172
1877660 172
1877670 172
1877680 172
1877690 172
1877700 172
1877710 172
1877720 172
1877730 172
1877740 172
1877750 172
1877760 172
1877770 172
1877780 172
1877790 172
1877800 172
1877810 172
1877820 172
1877830 172
1877840 172
1877850 172
1877860 172
1877870 172
1877880 172
1877890 172
1877900 172
1877910 172
1877920 171
1877930 171
1877940 171
1877950 171
1877960 171
1877970 171
1877980 171
1877990 171
1878000 171
1878010 171
1878020 171
1878030 171
1878040 171
1878050 171
1878060 171
1878070 171
1878080 171
1878090 171
1878100 171
1878110 171
1878120 171
1878130 171
1878140 171
1878150 171
1878160 171
1878170 171
1878180 171
1878190 171
1878200 171
1878210 171
1878220 171
1878230 171
1878240 171
1878250 171
1878260 171
1878270 171
1878280 171
1878290 171
1878300 171
1878310 171
1878320 171
1878330 171
1878340 171
1878350 171
1878360 171
1878370 171
1878380 171
1878390 171
1878400 171
1878410 171
1878420 171
1878430 171
1878440 171
1878450 171
1878460 171
1878470 170
1878480 170
1878490 170
1878500 170
1878510 170
1878520 170
1878530 170
1878540 170
1878550 170
1878560 170
1878570 170
1878580 170
1878590 170
1878600 170
1878610 170
1878620 170
1878630 170
1878640 170
1878650 170
1878660 170
1878670 170
1878680 170
1878690 170
1878700 170
1878710 170
1878720 170
1878730 170
1878740 170
1878750 170
1878760 170
1878770 170
1878780 170
1878790 170
1878800 169
1878810 169
1878820 169
1878830 169
1878840 169
1878850 169
1878860 169
1878870 169
1878880 169
1878890 169
1878900 169
1878910 169
1878920 169
1878930 169
1878940 169
1878950 169
1878960 169
1878970 169
1878980 169
1878990 169
1879000 169
1879010 169
1879020 169
1879030 169
1879040 169
1879050 169
1879060 169
1879070 169
1879080 169
1879090 169
1879100 169
1879110 169
1879120 169
1879130 169
1879140 169
1879150 169
1879160 169
1879170 169
1879180 169
1879190 169
1879200 169
1879210 169
1879220 169
1879230 169
1879240 169
1879250 169
1879260 169
1879270 169
1879280 169
1879290 169
1879300 169
1879310 169
1879320 169
1879330 168
1879340 168
1879350 168
1879360 167
1879370 167
1879380 167
1879390 167
1879400 167
1879410 168
1879420 169
1879430 169
1879440 168
1879450 168
1879460 168
1879470 168
1879480 168
1879490 168
1879500 168
1879510 168
1879520 168
1879530 168
1879540 168
1879550 168
1879560 168
1879570 168
1879580 168
1879590 168
1879600 168
1879610 168
1879620 169
1879630 169
1879640 169
1879650 169
1879660 169
1879670 169
1879680 169
1879690 169
1879700 169
1879710 169
1879720 169
1879730 169
1879740 169
1879750 169
1879760 169
1879770 169
1879780 169
1879790 169
1879800 169
1879810 169
1879820 169
1879830 169
1879840 169
1879850 169
1879860 169
1879870 169
1879880 169
1879890 169
1879900 169
1879910 169
1879920 168
1879930 168
1879940 169
1879950 169
1879960 169
1879970 168
1879980 168
1879990 168
1860000 231
1860010 231
1860020 232
1860030 232
1860040 232
1860050 232
1860060 232
1860070 232
1860080 232
1860090 232
1860100 232
1860110 232
1860120 232
1860130 231
1860140 231
1860150 231
1860160 231
1860170 230
1860180 230
1860190 229
1860200 229
1860210 229
1860220 228
1860230 227
1860240 227
1860250 226
1860260 225
1860270 225
1860280 224
1860290 223
1860300 223
1860310 222
1860320 222
1860330 222
1860340 221
1860350 220
1860360 220
1860370 219
1860380 218
1860390 218
1860400 217
1860410 216
1860420 216
1860430 215
1860440 214
1860450 214
1860460 213
1860470 212
1860480 212
1860490 211
1860500 211
1860510 211
1860520 210
1860530 209
1860540 209
1860550 208
1860560 208
1860570 207
1860580 206
1860590 206
1860600 205
1860610 205
1860620 205
1860630 204
1860640 204
1860650 204
1860660 204
1860670 204
1860680 204
1860690 204
1860700 204
1860710 204
1860720 205
1860730 205
1860740 205
1860750 204
1860760 203
1860770 203
1860780 202
1860790 201
1860800 201
1860810 200
1860820 199
1860830 199
1860840 197
1860850 196
1860860 196
1860870 196
1860880 196
1860890 196
1860900 196
1860910 196
1860920 196
1860930 196
1860940 198
1860950 198
1860960 199
1860970 201
1860980 201
1860990 204
1861000 205
1861010 205
1861020 208
1861030 209
1861040 209
1861050 210
1861060 210
1861070 210
1861080 210
1861090 210
1861100 210
1861110 210
1861120 210
1861130 210
1861140 210
1861150 210
1861160 210
1861170 210
1861180 210
1861190 210
1861200 210
1861210 210
1861220 211
1861230 211
1861240 211
1861250 211
1861260 212
1861270 212
1861280 212
1861290 213
1861300 213
1861310 213
1861320 214
1861330 214
1861340 214
1861350 214
1861360 214
1861370 215
1861380 215
1861390 215
1861400 215
1861410 215
1861420 215
1861430 216
1861440 216
1861450 216
1861460 216
1861470 217
1861480 217
1861490 217
1861500 217
1861510 217
1861520 217
1861530 217
1861540 217
1861550 217
1861560 217
1861570 217
1861580 217
1861590 217
1861600 217
1861610 216
1861620 217
1861630 217
1861640 216
1861650 216
1861660 216
1861670 216
1861680 216
1861690 215
1861700 215
1861710 215
1861720 214
1861730 214
1861740 214
1861750 213
1861760 212
1861770 212
1861780 211
1861790 211
1861800 211
1861810 211
1861820 211
1861830 211
1861840 211
1861850 211
1861860 211
1861870 211
1861880 211
1861890 211
1861900 210
1861910 210
1861920 210
1861930 210
1861940 210
1861950 210
1861960 209
1861970 209
1861980 209
1861990 209
1862000 208
1862010 208
1862020 207
1862030 207
1862040 207
1862050 206
1862060 205
1862070 205
1862080 204
1862090 204
1862100 204
1862110 203
1862120 202
1862130 202
1862140 201
1862150 201
1862160 201
1862170 200
1862180 199
1862190 199
1862200 198
1862210 198
1862220 198
1862230 197
1862240 197
1862250 196
1862260 195
1862270 195
1862280 194
1862290 193
1862300 193
1862310 191
1862320 190
1862330 190
1862340 189
1862350 188
1862360 188
1862370 187
1862380 186
1862390 186
1862400 185
1862410 184
1862420 184
1862430 184
1862440 185
1862450 185
1862460 186
1862470 187
1862480 187
1862490 188
1862500 188
1862510 188
1862520 189
1862530 190
1862540 190
1862550 190
1862560 190
1862570 190
1862580 190
1862590 190
1862600 190
1862610 189
1862620 189
1862630 189
1862640 188
1862650 188
1862660 188
1862670 188
1862680 187
1862690 187
1862700 186
1862710 186
1862720 186
1862730 185
1862740 184
1862750 184
1862760 184
1862770 183
1862780 183
1862790 182
1862800 181
1862810 181
1862820 181
1862830 181
1862840 180
1862850 179
1862860 179
1862870 179
1862880 179
1862890 179
1862900 178
1862910 178
1862920 178
1862930 178
1862940 177
1862950 177
1862960 177
1862970 177
1862980 177
1862990 177
1863000 177
1863010 177
1863020 177
1863030 177
1863040 177
1863050 177
1863060 177
1863070 177
1863080 179
1863090 180
1863100 180
1863110 183
1863120 187
1863130 187
1863140 188
1863150 188
1863160 188
1863170 188
1863180 188
1863190 188
1863200 187
1863210 187
1863220 187
1863230 186
1863240 185
1863250 185
1863260 185
1863270 184
1863280 184
1863290 184
1863300 185
1863310 185
1863320 185
1863330 185
1863340 185
1863350 184
1863360 183
1863370 183
1863380 183
1863390 183
1863400 183
1863410 182
1863420 182
1863430 182
1863440 182
1863450 182
1863460 181
1863470 181
1863480 181
1863490 181
1863500 180
1863510 180
1863520 180
1863530 180
1863540 180
1863550 179
1863560 179
1863570 179
1863580 179
1863590 179
1863600 179
1863610 178
1863620 178
1863630 178
1863640 178
1863650 178
1863660 178
1863670 178
1863680 178
1863690 178
1863700 177
1863710 177
1863720 177
1863730 176
1863740 176
1863750 176
1863760 176
1863770 176
1863780 176
1863790 175
1863800 175
1863810 175
1863820 175
1863830 175
1863840 175
1863850 175
1863860 175
1863870 175
1863880 175
1863890 175
1863900 175
1863910 175
1863920 175
1863930 175
1863940 175
1863950 175
1863960 175
1863970 175
1863980 175
1863990 175
1864000 175
1864010 175
1864020 175
1864030 175
1864040 174
1864050 175
1864060 175
1864070 175
1864080 175
1864090 175
1864100 175
1864110 175
1864120 176
1864130 176
1864140 176
1864150 176
1864160 176
1864170 176
1864180 176
1864190 176
1864200 176
1864210 177
1864220 177
1864230 177
1864240 177
1864250 177
1864260 177
1864270 177
1864280 177
1864290 177
1864300 177
1864310 177
1864320 176
1864330 176
1864340 176
1864350 176
1864360 176
1864370 176
1864380 176
1864390 176
1864400 176
1864410 176
1864420 175
1864430 175
1864440 175
1864450 175
1864460 175
1864470 175
1864480 175
1864490 175
1864500 175
1864510 175
1864520 174
1864530 174
1864540 174
1864550 175
1864560 175
1864570 175
1864580 175
1864590 175
1864600 175
1864610 174
1864620 174
1864630 174
1864640 174
1864650 174
1864660 174
1864670 174
1864680 174
1864690 174
1864700 174
1864710 173
1864720 173
1864730 175
1864740 175
1864750 175
1864760 175
1864770 175
1864780 175
1864790 175
1864800 175
1864810 175
1864820 174
1864830 174
1864840 174
1864850 174
1864860 174
1864870 174
1864880 174
1864890 174
1864900 174
1864910 174
1864920 174
1864930 174
1864940 174
1864950 175
1864960 175
1864970 175
1864980 175
1864990 175
1865000 175
1865010 175
1865020 175
1865030 175
1865040 175
1865050 175
1865060 175
1865070 176
1865080 176
1865090 176
1865100 176
1865110 176
1865120 176
1865130 176
1865140 176
1865150 176
1865160 176
1865170 176
1865180 176
1865190 176
1865200 176
1865210 177
1865220 177
1865230 177
1865240 176
1865250 176
1865260 176
1865270 176
1865280 176
1865290 175
1865300 175
1865310 175
1865320 174
1865330 174
1865340 174
1865350 174
1865360 173
1865370 173
1865380 173
1865390 173
1865400 173
1865410 173
1865420 172
1865430 172
1865440 172
1865450 172
1865460 172
1865470 172
1865480 172
1865490 172
1865500 172
1865510 172
1865520 172
1865530 172
1865540 172
1865550 172
1865560 172
1865570 172
1865580 172
1865590 172
1865600 172
1865610 172
1865620 172
1865630 172
1865640 172
1865650 172
1865660 172
1865670 172
1865680 172
1865690 172
1865700 172
1865710 172
1865720 172
1865730 172
1865740 172
1865750 172
1865760 172
1865770 172
1865780 172
1865790 172
1865800 172
1865810 172
1865820 172
1865830 172
1865840 172
1865850 172
1865860 173
1865870 173
1865880 173
1865890 173
1865900 173
1865910 173
1865920 173
1865930 173
1865940 174
1865950 174
1865960 174
1865970 174
1865980 174
1865990 174
1866000 174
1866010 175
1866020 175
1866030 175
1866040 175
1866050 175
1866060 174
1866070 174
1866080 174
1866090 174
1866100 174
1866110 174
1866120 174
1866130 174
1866140 174
1866150 174
1866160 174
1866170 174
1866180 174
1866190 175
1866200 175
1866210 175
1866220 175
1866230 175
1866240 175
1866250 175
1866260 175
1866270 175
1866280 175
1866290 175
1866300 175
1866310 175
1866320 175
1866330 175
1866340 175
1866350 175
1866360 175
1866370 175
1866380 174
1866390 174
1866400 174
1866410 174
1866420 174
1866430 174
1866440 174
1866450 173
1866460 173
1866470 173
1866480 173
1866490 173
1866500 173
1866510 173
1866520 173
1866530 172
1866540 172
1866550 172
1866560 172
1866570 172
1866580 172
1866590 172
1866600 172
1866610 172
1866620 172
1866630 172
1866640 172
1866650 172
1866660 172
1866670 172
1866680 172
1866690 172
1866700 172
1866710 172
1866720 172
1866730 172
1866740 172
1866750 172
1866760 172
1866770 172
1866780 172
1866790 172
1866800 172
1866810 172
1866820 172
1866830 172
1866840 172
1866850 172
1866860 172
1866870 172
1866880 172
1866890 172
1866900 172
1866910 172
1866920 171
1866930 171
1866940 171
1866950 172
1866960 172
1866970 172
1866980 172
1866990 172
1867000 172
1867010 173
1867020 173
1867030 173
1867040 173
1867050 173
1867060 172
1867070 172
1867080 172
1867090 172
1867100 172
1867110 172
1867120 172
1867130 172
1867140 172
1867150 171
1867160 171
1867170 171
1867180 171
1867190 171
1867200 171
1867210 171
1867220 171
1867230 171
1867240 171
1867250 171
1867260 171
1867270 171
1867280 170
1867290 170
1867300 170
1867310 170
1867320 170
1867330 170
1867340 170
1867350 170
1867360 170
1867370 170
1867380 170
1867390 170
1867400 170
1867410 170
1867420 170
1867430 170
1867440 170
1867450 170
1867460 170
1867470 170
1867480 170
1867490 170
1867500 170
1867510 170
1867520 170
1867530 170
1867540 170
1867550 170
1867560 170
1867570 170
1867580 170
1867590 170
1867600 170
1867610 170
1867620 170
1867630 170
1867640 170
1867650 170
1867660 170
1867670 170
1867680 170
1867690 170
1867700 170
1867710 170
1867720 170
1867730 170
1867740 171
1867750 171
1867760 171
1867770 171
1867780 171
1867790 171
1867800 171
1867810 171
1867820 171
1867830 171
1867840 171
1867850 171
1867860 171
1867870 171
1867880 171
1867890 171
1867900 171
1867910 171
1867920 171
1867930 171
1867940 171
1867950 171
1867960 171
1867970 171
1867980 171
1867990 171
1868000 170
1868010 170
1868020 170
1868030 170
1868040 170
1868050 170
1868060 169
1868070 169
1868080 169
1868090 168
1868100 168
1868110 168
1868120 168
1868130 168
1868140 168
1868150 168
1868160 168
1868170 168
1868180 168
1868190 168
1868200 168
1868210 168
1868220 168
1868230 168
1868240 168
1868250 168
1868260 168
1868270 168
1868280 168
1868290 168
1868300 169
1868310 168
1868320 168
1868330 168
1868340 169
1868350 169
1868360 169
1868370 168
1868380 168
1868390 168
1868400 168
1868410 168
1868420 168
1868430 168
1868440 168
1868450 168
1868460 168
1868470 168
1868480 168
1868490 168
1868500 168
1868510 168
1868520 168
1868530 168
1868540 168
1868550 168
1868560 168
1868570 168
1868580 168
1868590 168
1868600 168
1868610 168
1868620 168
1868630 168
1868640 168
1868650 168
1868660 168
1868670 168
1868680 168
1868690 168
1868700 168
1868710 168
1868720 168
1868730 168
1868740 167
1868750 167
1868760 167
1868770 167
1868780 167
1868790 167
1868800 168
1868810 168
1868820 168
1868830 168
1868840 168
1868850 168
1868860 168
1868870 168
1868880 168
1868890 168
1868900 167
1868910 167
1868920 167
1868930 167
1868940 167
1868950 167
1868960 167
1868970 167
1868980 167
1868990 167
1869000 167
1869010 167
1869020 167
1869030 167
1869040 167
1869050 167
1869060 167
1869070 167
1869080 167
1869090 167
1869100 167
1869110 167
1869120 167
1869130 167
1869140 167
1869150 167
1869160 167
1869170 167
1869180 167
1869190 167
1869200 167
1869210 167
1869220 167
1869230 167
1869240 167
1869250 167
1869260 167
1869270 167
1869280 167
1869290 167
1869300 167
1869310 168
1869320 168
1869330 167
1869340 168
1869350 168
1869360 167
1869370 167
1869380 167
1869390 167
1869400 167
1869410 167
1869420 167
1869430 167
1869440 167
1869450 167
1869460 167
1869470 167
1869480 167
1869490 167
1869500 167
1869510 167
1869520 168
1869530 168
1869540 168
1869550 168
1869560 168
1869570 168
1869580 168
1869590 168
1869600 168
1869610 168
1869620 168
1869630 168
1869640 168
1869650 168
1869660 168
1869670 168
1869680 168
1869690 168
1869700 168
1869710 169
1869720 169
1869730 169
1869740 169
1869750 170
1869760 170
1869770 171
1869780 171
1869790 171
1869800 171
1869810 172
1869820 172
1869830 172
1869840 172
1869850 172
1869860 173
1869870 174
1869880 174
1869890 175
1869900 176
1869910 176
1869920 177
1869930 178
1869940 178
1869950 179
1869960 180
1869970 180
1869980 181
1869990 181
1870000 181
1870010 182
1870020 182
1870030 182
1870040 182
1870050 182
1870060 182
1870070 183
1870080 183
1870090 183
1870100 184
1870110 184
1870120 184
1870130 185
1870140 186
1870150 186
1870160 186
1870170 187
1870180 187
1870190 187
1870200 187
1870210 188
1870220 188
1870230 188
1870240 189
1870250 189
1870260 189
1870270 190
1870280 190
1870290 190
1870300 191
1870310 191
1870320 191
1870330 192
1870340 192
1870350 192
1870360 192
1870370 193
1870380 193
1870390 193
1870400 194
1870410 194
1870420 194
1870430 194
1870440 194
1870450 194
1870460 194
1870470 194
1870480 194
1870490 195
1870500 195
1870510 195
1870520 195
1870530 196
1870540 197
1870550 197
1870560 197
1870570 197
1870580 198
1870590 198
1870600 198
1870610 198
1870620 198
1870630 197
1870640 197
1870650 197
1870660 196
1870670 195
1870680 195
1870690 195
1870700 195
1870710 195
1870720 195
1870730 196
1870740 196
1870750 196
1870760 196
1870770 196
1870780 197
1870790 197
1870800 197
1870810 197
1870820 197
1870830 197
1870840 197
1870850 197
1870860 197
1870870 197
1870880 197
1870890 198
1870900 198
1870910 198
1870920 198
1870930 198
1870940 198
1870950 198
1870960 198
1870970 198
1870980 199
1870990 199
1871000 199
1871010 199
1871020 199
1871030 199
1871040 199
1871050 200
1871060 200
1871070 201
1871080 202
1871090 202
1871100 203
1871110 204
1871120 204
1871130 205
1871140 205
1871150 205
1871160 206
1871170 206
1871180 206
1871190 206
1871200 206
1871210 207
1871220 206
1871230 205
1871240 205
1871250 205
1871260 204
1871270 204
1871280 204
1871290 203
1871300 203
1871310 203
1871320 203
1871330 202
1871340 201
1871350 201
1871360 201
1871370 200
1871380 200
1871390 200
1871400 199
1871410 199
1871420 198
1871430 198
1871440 198
1871450 197
1871460 197
1871470 197
1871480 196
1871490 195
1871500 195
1871510 195
1871520 194
1871530 194
1871540 194
1871550 194
1871560 194
1871570 194
1871580 194
1871590 194
1871600 194
1871610 194
1871620 194
1871630 194
1871640 194
1871650 194
1871660 194
1871670 194
1871680 194
1871690 194
1871700 194
1871710 194
1871720 194
1871730 194
1871740 194
1871750 193
1871760 193
1871770 193
1871780 193
1871790 192
1871800 192
1871810 192
1871820 193
1871830 193
1871840 193
1871850 192
1871860 192
1871870 192
1871880 192
1871890 192
1871900 192
1871910 192
1871920 191
1871930 191
1871940 191
1871950 191
1871960 191
1871970 191
1871980 190
1871990 190
1872000 190
1872010 190
1872020 190
1872030 190
1872040 190
1872050 190
1872060 190
1872070 189
1872080 189
1872090 189
1872100 189
1872110 189
1872120 189
1872130 189
1872140 189
1872150 189
1872160 188
1872170 188
1872180 188
1872190 188
1872200 188
1872210 188
1872220 188
1872230 188
1872240 188
1872250 188
1872260 188
1872270 188
1872280 188
1872290 187
1872300 187
1872310 188
1872320 187
1872330 187
1872340 187
1872350 187
1872360 187
1872370 187
1872380 187
1872390 187
1872400 187
1872410 187
1872420 187
1872430 187
1872440 187
1872450 187
1872460 187
1872470 187
1872480 187
1872490 186
1872500 186
1872510 186
1872520 186
1872530 186
1872540 186
1872550 186
1872560 186
1872570 186
1872580 186
1872590 186
1872600 186
1872610 186
1872620 186
1872630 186
1872640 186
1872650 186
1872660 185
1872670 185
1872680 185
1872690 185
1872700 185
1872710 185
1872720 185
1872730 185
1872740 185
1872750 185
1872760 185
1872770 185
1872780 185
1872790 185
1872800 185
1872810 185
1872820 185
1872830 185
1872840 185
1872850 185
1872860 185
1872870 185
1872880 185
1872890 185
1872900 185
1872910 185
1872920 185
1872930 184
1872940 184
1872950 184
1872960 184
1872970 184
1872980 184
1872990 184
1873000 184
1873010 184
1873020 184
1873030 184
1873040 184
1873050 184
1873060 184
1873070 184
1873080 184
1873090 184
1873100 183
1873110 183
1873120 183
1873130 183
1873140 183
1873150 183
1873160 183
1873170 183
1873180 183
1873190 183
1873200 183
1873210 183
1873220 183
1873230 183
1873240 183
1873250 183
1873260 183
1873270 183
1873280 183
1873290 183
1873300 183
1873310 183
1873320 183
1873330 183
1873340 183
1873350 183
1873360 183
1873370 183
1873380 183
1873390 183
1873400 183
1873410 183
1873420 183
1873430 183
1873440 183
1873450 183
1873460 183
1873470 183
1873480 183
1873490 183
1873500 183
1873510 183
1873520 184
1873530 185
1873540 185
1873550 186
1873560 186
1873570 183
1873580 184
1873590 184
1873600 183
1873610 182
1873620 182
1873630 182
1873640 182
1873650 182
1873660 182
1873670 182
1873680 182
1873690 182
1873700 182
1873710 182
1873720 182
1873730 183
1873740 183
1873750 182
1873760 182
1873770 182
1873780 182
1873790 182
1873800 182
1873810 182
1873820 182
1873830 182
1873840 182
1873850 182
1873860 182
1873870 182
1873880 182
1873890 182
1873900 182
1873910 182
1873920 182
1873930 182
1873940 182
1873950 182
1873960 182
1873970 182
1873980 182
1873990 182
1874000 182
1874010 182
1874020 182
1874030 182
1874040 182
1874050 182
1874060 182
1874070 182
1874080 182
1874090 181
1874100 181
1874110 181
1874120 181
1874130 181
1874140 181
1874150 181
1874160 181
1874170 181
1874180 181
1874190 181
1874200 181
1874210 181
1874220 181
1874230 181
1874240 181
1874250 181
1874260 181
1874270 181
1874280 181
1874290 181
1874300 181
1874310 181
1874320 181
1874330 181
1874340 181
1874350 181
1874360 181
1874370 181
1874380 181
1874390 181
1874400 181
1874410 181
1874420 181
1874430 181
1874440 180
1874450 180
1874460 180
1874470 180
1874480 180
1874490 180
1874500 180
1874510 180
1874520 181
1874530 180
1874540 180
1874550 180
1874560 180
1874570 180
1874580 180
1874590 180
1874600 180
1874610 180
1874620 180
1874630 180
1874640 180
1874650 180
1874660 180
1874670 180
1874680 180
1874690 180
1874700 180
1874710 180
1874720 180
1874730 180
1874740 180
1874750 180
1874760 180
1874770 180
1874780 180
1874790 180
1874800 180
1874810 180
1874820 180
1874830 180
1874840 180
1874850 180
1874860 180
1874870 180
1874880 180
1874890 180
1874900 180
1874910 180
1874920 181
1874930 181
1874940 181
1874950 181
1874960 181
1874970 181
1874980 181
1874990 181
1875000 181
1875010 181
1875020 181
1875030 181
1875040 181
1875050 181
1875060 181
1875070 181
1875080 181
1875090 181
1875100 181
1875110 181
1875120 181
1875130 181
1875140 181
1875150 181
1875160 181
1875170 181
1875180 181
1875190 181
1875200 181
1875210 181
1875220 181
1875230 181
1875240 181
1875250 181
1875260 181
1875270 181
1875280 181
1875290 181
1875300 181
1875310 181
1875320 181
1875330 181
1875340 181
1875350 180
1875360 180
1875370 180
1875380 180
1875390 180
1875400 180
1875410 180
1875420 180
1875430 180
1875440 180
1875450 180
1875460 180
1875470 180
1875480 180
1875490 180
1875500 180
1875510 180
1875520 179
1875530 179
1875540 179
1875550 179
1875560 179
1875570 179
1875580 179
1875590 178
1875600 178
1875610 178
1875620 179
1875630 179
1875640 179
1875650 178
1875660 178
1875670 178
1875680 179
1875690 179
1875700 179
1875710 179
1875720 179
1875730 179
1875740 179
1875750 179
1875760 179
1875770 178
1875780 178
1875790 178
1875800 178
1875810 178
1875820 178
1875830 178
1875840 178
1875850 178
1875860 178
1875870 178
1875880 178
1875890 178
1875900 178
1875910 178
1875920 178
1875930 178
1875940 178
1875950 178
1875960 177
1875970 177
1875980 177
1875990 177
1876000 177
1876010 177
1876020 177
1876030 177
1876040 177
1876050 177
1876060 177
1876070 177
1876080 177
1876090 177
1876100 177
1876110 177
1876120 177
1876130 177
1876140 177
1876150 177
1876160 177
1876170 177
1876180 177
1876190 177
1876200 177
1876210 177
1876220 177
1876230 177
1876240 177
1876250 177
1876260 177
1876270 177
1876280 177
1876290 177
1876300 177
1876310 177
1876320 177
1876330 177
1876340 177
1876350 177
1876360 177
1876370 177
1876380 177
1876390 177
1876400 177
1876410 177
1876420 177
1876430 177
1876440 178
1876450 178
1876460 178
1876470 178
1876480 178
1876490 178
1876500 178
1876510 178
1876520 178
1876530 178
1876540 178
1876550 178
1876560 178
1876570 178
1876580 178
1876590 178
1876600 178
1876610 178
1876620 178
1876630 178
1876640 178
1876650 178
1876660 178
1876670 178
1876680 178
1876690 178
1876700 178
1876710 178
1876720 178
1876730 178
1876740 178
1876750 178
1876760 178
1876770 178
1876780 178
1876790 178
1876800 178
1876810 178
1876820 178
1876830 178
1876840 178
1876850 178
1876860 178
1876870 178
1876880 178
1876890 177
1876900 177
1876910 177
1876920 177
1876930 177
1876940 177
1876950 177
1876960 177
1876970 177
1876980 177
1876990 177
1877000 177
1877010 177
1877020 177
1877030 177
1877040 177
1877050 177
1877060 177
1877070 177
1877080 177
1877090 177
1877100 177
1877110 177
1877120 177
1877130 177
1877140 177
1877150 177
1877160 177
1877170 177
1877180 177
1877190 177
1877200 177
1877210 177
1877220 177
1877230 177
1877240 177
1877250 177
1877260 177
1877270 177
1877280 177
1877290 176
1877300 176
1877310 176
1877320 176
1877330 176
1877340 176
1877350 176
1877360 175
1877370 175
1877380 175
1877390 175
1877400 175
1877410 175
1877420 175
1877430 175
1877440 174
1877450 174
1877460 174
1877470 174
1877480 174
1877490 174
1877500 174
1877510 173
1877520 173
1877530 173
1877540 173
1877550 173
1877560 173
1877570 173
1877580 173
1877590 173
1877600 173
1877610 173
1877620 173
1877630 173
1877640 173
1877650 172
1877660 172
1877670 172
1877680 172
1877690 172
1877700 172
1877710 172
1877720 172
1877730 172
1877740 172
1877750 172
1877760 172
1877770 172
1877780 172
1877790 172
1877800 172
1877810 172
1877820 172
1877830 172
1877840 172
1877850 172
1877860 172
1877870 172
1877880 172
1877890 172
1877900 172
1877910 172
1877920 171
1877930 171
1877940 171
1877950 171
1877960 171
1877970 171
1877980 171
1877990 171
1878000 171
1878010 171
1878020 171
1878030 171
1878040 171
1878050 171
1878060 171
1878070 171
1878080 171
1878090 171
1878100 171
1878110 171
1878120 171
1878130 171
1878140 171
1878150 171
1878160 171
1878170 171
1878180 171
1878190 171
1878200 171
1878210 171
1878220 171
1878230 171
1878240 171
1878250 171
1878260 171
1878270 171
1878280 171
1878290 171
1878300 171
1878310 171
1878320 171
1878330 171
1878340 171
1878350 171
1878360 171
1878370 171
1878380 171
1878390 171
1878400 171
1878410 171
1878420 171
1878430 171
1878440 171
1878450 171
1878460 171
1878470 170
1878480 170
1878490 170
1878500 170
1878510 170
1878520 170
1878530 170
1878540 170
1878550 170
1878560 170
1878570 170
1878580 170
1878590 170
1878600 170
1878610 170
1878620 170
1878630 170
1878640 170
1878650 170
1878660 170
1878670 170
1878680 170
1878690 170
1878700 170
1878710 170
1878720 170
1878730 170
1878740 170
1878750 170
1878760 170
1878770 170
1878780 170
1878790 170
1878800 169
1878810 169
1878820 169
1878830 169
1878840 169
1878850 169
1878860 169
1878870 169
1878880 169
1878890 169
1878900 169
1878910 169
1878920 169
1878930 169
1878940 169
1878950 169
1878960 169
1878970 169
1878980 169
1878990 169
1879000 169
1879010 169
1879020 169
1879030 169
1879040 169
1879050 169
1879060 169
1879070 169
1879080 169
1879090 169
1879100 169
1879110 169
1879120 169
1879130 169
1879140 169
1879150 169
1879160 169
1879170 169
1879180 169
1879190 169
1879200 169
1879210 169
1879220 169
1879230 169
1879240 169
1879250 169
1879260 169
1879270 169
1879280 169
1879290 169
1879300 169
1879310 169
1879320 169
1879330 168
1879340 168
1879350 168
1879360 167
1879370 167
1879380 167
1879390 167
1879400 167
1879410 168
1879420 169
1879430 169
1879440 168
1879450 168
1879460 168
1879470 168
1879480 168
1879490 168
1879500 168
1879510 168
1879520 168
1879530 168
1879540 168
1879550 168
1879560 168
1879570 168
1879580 168
1879590 168
1879600 168
1879610 168
1879620 169
1879630 169
1879640 169
1879650 169
1879660 169
1879670 169
1879680 169
1879690 169
1879700 169
1879710 169
1879720 169
1879730 169
1879740 169
1879750 169
1879760 169
1879770 169
1879780 169
1879790 169
1879800 169
1879810 169
1879820 169
1879830 169
1879840 169
1879850 169
1879860 169
1879870 169
1879880 169
1879890 169
1879900 169
1879910 169
1879920 168
1879930 168
1879940 169
1879950 169
1879960 169
1879970 168
1879980 168
1879990 168
