1860000 248
1860010 247
1860020 247
1860030 247
1860040 246
1860050 246
1860060 246
1860070 245
1860080 245
1860090 245
1860100 243
1860110 243
1860120 243
1860130 242
1860140 242
1860150 241
1860160 241
1860170 241
1860180 240
1860190 240
1860200 240
1860210 239
1860220 239
1860230 239
1860240 238
1860250 238
1860260 238
1860270 237
1860280 237
1860290 237
1860300 236
1860310 236
1860320 236
1860330 235
1860340 235
1860350 235
1860360 235
1860370 234
1860380 234
1860390 234
1860400 234
1860410 234
1860420 234
1860430 233
1860440 233
1860450 233
1860460 233
1860470 233
1860480 233
1860490 233
1860500 233
1860510 233
1860520 233
1860530 233
1860540 233
1860550 233
1860560 233
1860570 233
1860580 233
1860590 233
1860600 233
1860610 233
1860620 233
1860630 234
1860640 234
1860650 234
1860660 234
1860670 234
1860680 234
1860690 234
1860700 234
1860710 234
1860720 234
1860730 234
1860740 234
1860750 233
1860760 233
1860770 233
1860780 233
1860790 233
1860800 233
1860810 233
1860820 233
1860830 233
1860840 233
1860850 233
1860860 233
1860870 232
1860880 232
1860890 232
1860900 232
1860910 232
1860920 232
1860930 231
1860940 231
1860950 231
1860960 230
1860970 230
1860980 230
1860990 230
1861000 230
1861010 230
1861020 229
1861030 229
1861040 229
1861050 229
1861060 229
1861070 229
1861080 229
1861090 229
1861100 228
1861110 228
1861120 228
1861130 228
1861140 228
1861150 227
1861160 226
1861170 226
1861180 226
1861190 226
1861200 226
1861210 225
1861220 225
1861230 225
1861240 224
1861250 224
1861260 224
1861270 224
1861280 223
1861290 223
1861300 223
1861310 223
1861320 223
1861330 223
1861340 223
1861350 223
1861360 222
1861370 222
1861380 222
1861390 222
1861400 222
1861410 222
1861420 222
1861430 222
1861440 222
1861450 222
1861460 221
1861470 221
1861480 221
1861490 220
1861500 220
1861510 220
1861520 220
1861530 220
1861540 219
1861550 219
1861560 219
1861570 218
1861580 217
1861590 217
1861600 217
1861610 216
1861620 216
1861630 216
1861640 215
1861650 215
1861660 215
1861670 215
1861680 215
1861690 214
1861700 214
1861710 214
1861720 214
1861730 214
1861740 214
1861750 214
1861760 214
1861770 214
1861780 214
1861790 214
1861800 214
1861810 214
1861820 214
1861830 214
1861840 215
1861850 215
1861860 216
1861870 216
1861880 216
1861890 216
1861900 217
1861910 217
1861920 217
1861930 218
1861940 218
1861950 218
1861960 218
1861970 218
1861980 219
1861990 219
1862000 219
1862010 219
1862020 219
1862030 219
1862040 219
1862050 219
1862060 219
1862070 219
1862080 218
1862090 218
1862100 218
1862110 218
1862120 218
1862130 217
1862140 216
1862150 216
1862160 215
1862170 213
1862180 213
1862190 211
1862200 209
1862210 209
1862220 208
1862230 207
1862240 207
1862250 207
1862260 207
1862270 206
1862280 207
1862290 207
1862300 207
1862310 207
1862320 207
1862330 208
1862340 209
1862350 209
1862360 211
1862370 213
1862380 213
1862390 214
1862400 214
1862410 214
1862420 214
1862430 214
1862440 214
1862450 214
1862460 214
1862470 214
1862480 214
1862490 214
1862500 214
1862510 213
1862520 213
1862530 213
1862540 213
1862550 213
1862560 213
1862570 212
1862580 212
1862590 212
1862600 211
1862610 210
1862620 210
1862630 209
1862640 208
1862650 208
1862660 207
1862670 206
1862680 206
1862690 205
1862700 204
1862710 204
1862720 204
1862730 203
1862740 203
1862750 202
1862760 201
1862770 201
1862780 200
1862790 199
1862800 199
1862810 198
1862820 198
1862830 196
1862840 194
1862850 194
1862860 192
1862870 189
1862880 188
1862890 186
1862900 186
1862910 186
1862920 185
1862930 185
1862940 185
1862950 185
1862960 185
1862970 185
1862980 186
1862990 187
1863000 187
1863010 189
1863020 191
1863030 191
1863040 194
1863050 196
1863060 196
1863070 198
1863080 200
1863090 200
1863100 201
1863110 202
1863120 202
1863130 203
1863140 203
1863150 203
1863160 203
1863170 204
1863180 204
1863190 204
1863200 204
1863210 204
1863220 204
1863230 203
1863240 203
1863250 203
1863260 203
1863270 203
1863280 203
1863290 202
1863300 202
1863310 202
1863320 202
1863330 202
1863340 202
1863350 202
1863360 202
1863370 202
1863380 202
1863390 202
1863400 202
1863410 202
1863420 202
1863430 203
1863440 203
1863450 203
1863460 204
1863470 204
1863480 204
1863490 205
1863500 205
1863510 206
1863520 206
1863530 206
1863540 207
1863550 207
1863560 207
1863570 207
1863580 207
1863590 207
1863600 208
1863610 208
1863620 208
1863630 207
1863640 207
1863650 207
1863660 207
1863670 207
1863680 207
1863690 207
1863700 207
1863710 207
1863720 206
1863730 206
1863740 206
1863750 205
1863760 204
1863770 204
1863780 204
1863790 203
1863800 203
1863810 203
1863820 202
1863830 202
1863840 201
1863850 201
1863860 201
1863870 200
1863880 199
1863890 199
1863900 199
1863910 197
1863920 197
1863930 197
1863940 197
1863950 196
1863960 195
1863970 195
1863980 194
1863990 194
1864000 194
1864010 193
1864020 192
1864030 192
1864040 192
1864050 191
1864060 191
1864070 190
1864080 190
1864090 190
1864100 189
1864110 189
1864120 189
1864130 188
1864140 188
1864150 188
1864160 188
1864170 187
1864180 187
1864190 187
1864200 186
1864210 186
1864220 186
1864230 185
1864240 185
1864250 185
1864260 184
1864270 184
1864280 184
1864290 183
1864300 183
1864310 183
1864320 183
1864330 183
1864340 182
1864350 182
1864360 182
1864370 182
1864380 181
1864390 181
1864400 181
1864410 181
1864420 181
1864430 181
1864440 180
1864450 180
1864460 180
1864470 180
1864480 180
1864490 180
1864500 180
1864510 180
1864520 180
1864530 180
1864540 180
1864550 180
1864560 180
1864570 180
1864580 180
1864590 180
1864600 180
1864610 180
1864620 180
1864630 180
1864640 180
1864650 180
1864660 180
1864670 180
1864680 180
1864690 180
1864700 180
1864710 180
1864720 180
1864730 180
1864740 180
1864750 180
1864760 179
1864770 179
1864780 179
1864790 179
1864800 179
1864810 179
1864820 178
1864830 178
1864840 178
1864850 178
1864860 178
1864870 178
1864880 178
1864890 178
1864900 178
1864910 177
1864920 177
1864930 177
1864940 177
1864950 177
1864960 177
1864970 177
1864980 177
1864990 177
1865000 177
1865010 177
1865020 177
1865030 177
1865040 177
1865050 177
1865060 177
1865070 177
1865080 177
1865090 177
1865100 177
1865110 177
1865120 177
1865130 177
1865140 178
1865150 178
1865160 178
1865170 178
1865180 178
1865190 178
1865200 179
1865210 179
1865220 179
1865230 179
1865240 179
1865250 178
1865260 178
1865270 178
1865280 178
1865290 178
1865300 178
1865310 178
1865320 178
1865330 178
1865340 177
1865350 177
1865360 177
1865370 177
1865380 178
1865390 178
1865400 177
1865410 177
1865420 177
1865430 177
1865440 176
1865450 176
1865460 176
1865470 176
1865480 176
1865490 176
1865500 176
1865510 176
1865520 176
1865530 176
1865540 176
1865550 176
1865560 176
1865570 176
1865580 176
1865590 176
1865600 176
1865610 176
1865620 176
1865630 176
1865640 176
1865650 176
1865660 176
1865670 176
1865680 176
1865690 176
1865700 176
1865710 176
1865720 176
1865730 175
1865740 175
1865750 175
1865760 175
1865770 175
1865780 175
1865790 175
1865800 175
1865810 175
1865820 175
1865830 175
1865840 175
1865850 175
1865860 175
1865870 175
1865880 174
1865890 174
1865900 175
1865910 175
1865920 175
1865930 175
1865940 175
1865950 175
1865960 175
1865970 175
1865980 175
1865990 175
1866000 175
1866010 175
1866020 175
1866030 175
1866040 175
1866050 175
1866060 175
1866070 175
1866080 175
1866090 175
1866100 175
1866110 175
1866120 175
1866130 175
1866140 175
1866150 175
1866160 175
1866170 175
1866180 175
1866190 176
1866200 176
1866210 176
1866220 177
1866230 177
1866240 177
1866250 178
1866260 178
1866270 178
1866280 178
1866290 178
1866300 178
1866310 178
1866320 178
1866330 178
1866340 178
1866350 178
1866360 178
1866370 177
1866380 177
1866390 177
1866400 177
1866410 177
1866420 177
1866430 177
1866440 177
1866450 177
1866460 177
1866470 176
1866480 176
1866490 176
1866500 176
1866510 176
1866520 175
1866530 175
1866540 175
1866550 175
1866560 174
1866570 174
1866580 174
1866590 174
1866600 174
1866610 174
1866620 174
1866630 174
1866640 174
1866650 174
1866660 174
1866670 174
1866680 174
1866690 174
1866700 174
1866710 174
1866720 174
1866730 174
1866740 174
1866750 174
1866760 174
1866770 174
1866780 175
1866790 175
1866800 175
1866810 175
1866820 176
1866830 176
1866840 176
1866850 176
1866860 176
1866870 176
1866880 176
1866890 176
1866900 176
1866910 176
1866920 176
1866930 176
1866940 176
1866950 176
1866960 176
1866970 176
1866980 176
1866990 176
1867000 176
1867010 176
1867020 176
1867030 176
1867040 176
1867050 176
1867060 176
1867070 176
1867080 176
1867090 175
1867100 175
1867110 175
1867120 175
1867130 175
1867140 175
1867150 175
1867160 175
1867170 175
1867180 175
1867190 175
1867200 175
1867210 175
1867220 175
1867230 175
1867240 175
1867250 175
1867260 175
1867270 175
1867280 175
1867290 175
1867300 175
1867310 175
1867320 175
1867330 175
1867340 174
1867350 174
1867360 174
1867370 174
1867380 174
1867390 174
1867400 174
1867410 173
1867420 173
1867430 173
1867440 173
1867450 173
1867460 173
1867470 173
1867480 173
1867490 173
1867500 173
1867510 173
1867520 173
1867530 173
1867540 173
1867550 173
1867560 173
1867570 173
1867580 173
1867590 173
1867600 173
1867610 173
1867620 173
1867630 173
1867640 173
1867650 173
1867660 173
1867670 173
1867680 173
1867690 173
1867700 173
1867710 173
1867720 173
1867730 172
1867740 172
1867750 172
1867760 172
1867770 172
1867780 172
1867790 172
1867800 172
1867810 172
1867820 172
1867830 171
1867840 171
1867850 171
1867860 171
1867870 171
1867880 171
1867890 171
1867900 171
1867910 171
1867920 171
1867930 171
1867940 171
1867950 171
1867960 172
1867970 173
1867980 173
1867990 172
1868000 171
1868010 171
1868020 172
1868030 172
1868040 172
1868050 172
1868060 172
1868070 172
1868080 172
1868090 172
1868100 172
1868110 172
1868120 173
1868130 173
1868140 173
1868150 173
1868160 173
1868170 173
1868180 173
1868190 173
1868200 173
1868210 173
1868220 173
1868230 173
1868240 173
1868250 173
1868260 173
1868270 173
1868280 173
1868290 173
1868300 173
1868310 173
1868320 173
1868330 173
1868340 173
1868350 173
1868360 173
1868370 173
1868380 173
1868390 173
1868400 173
1868410 173
1868420 173
1868430 173
1868440 173
1868450 173
1868460 173
1868470 173
1868480 173
1868490 172
1868500 172
1868510 172
1868520 172
1868530 172
1868540 172
1868550 172
1868560 172
1868570 172
1868580 172
1868590 172
1868600 172
1868610 171
1868620 171
1868630 171
1868640 171
1868650 171
1868660 171
1868670 171
1868680 171
1868690 171
1868700 171
1868710 171
1868720 171
1868730 171
1868740 171
1868750 171
1868760 171
1868770 170
1868780 170
1868790 170
1868800 170
1868810 170
1868820 170
1868830 169
1868840 169
1868850 170
1868860 170
1868870 170
1868880 170
1868890 170
1868900 170
1868910 170
1868920 170
1868930 170
1868940 170
1868950 170
1868960 170
1868970 169
1868980 169
1868990 169
1869000 169
1869010 169
1869020 169
1869030 168
1869040 168
1869050 168
1869060 168
1869070 168
1869080 169
1869090 168
1869100 168
1869110 167
1869120 168
1869130 168
1869140 168
1869150 168
1869160 168
1869170 167
1869180 167
1869190 167
1869200 167
1869210 168
1869220 168
1869230 168
1869240 167
1869250 167
1869260 168
1869270 168
1869280 168
1869290 168
1869300 168
1869310 168
1869320 168
1869330 168
1869340 168
1869350 168
1869360 169
1869370 169
1869380 169
1869390 170
1869400 170
1869410 170
1869420 173
1869430 173
1869440 177
1869450 181
1869460 181
1869470 183
1869480 184
1869490 184
1869500 185
1869510 186
1869520 186
1869530 186
1869540 187
1869550 187
1869560 188
1869570 188
1869580 189
1869590 189
1869600 189
1869610 190
1869620 191
1869630 191
1869640 191
1869650 192
1869660 192
1869670 193
1869680 194
1869690 194
1869700 194
1869710 194
1869720 194
1869730 192
1869740 191
1869750 191
1869760 190
1869770 189
1869780 189
1869790 189
1869800 188
1869810 188
1869820 187
1869830 187
1869840 187
1869850 186
1869860 186
1869870 186
1869880 185
1869890 185
1869900 185
1869910 185
1869920 184
1869930 184
1869940 184
1869950 184
1869960 184
1869970 184
1869980 184
1869990 184
1870000 184
1870010 184
1870020 184
1870030 185
1870040 185
1870050 185
1870060 185
1870070 185
1870080 185
1870090 185
1870100 185
1870110 185
1870120 185
1870130 185
1870140 184
1870150 184
1870160 184
1870170 184
1870180 184
1870190 184
1870200 184
1870210 185
1870220 185
1870230 186
1870240 186
1870250 186
1870260 187
1870270 188
1870280 188
1870290 189
1870300 190
1870310 190
1870320 191
1870330 192
1870340 192
1870350 193
1870360 193
1870370 193
1870380 194
1870390 195
1870400 195
1870410 196
1870420 196
1870430 196
1870440 196
1870450 195
1870460 195
1870470 195
1870480 195
1870490 195
1870500 195
1870510 195
1870520 195
1870530 195
1870540 195
1870550 195
1870560 196
1870570 196
1870580 196
1870590 196
1870600 195
1870610 195
1870620 195
1870630 194
1870640 194
1870650 193
1870660 192
1870670 192
1870680 191
1870690 191
1870700 190
1870710 190
1870720 190
1870730 191
1870740 193
1870750 195
1870760 197
1870770 200
1870780 200
1870790 202
1870800 205
1870810 205
1870820 207
1870830 208
1870840 208
1870850 210
1870860 212
1870870 212
1870880 213
1870890 214
1870900 214
1870910 214
1870920 215
1870930 215
1870940 216
1870950 217
1870960 217
1870970 217
1870980 218
1870990 218
1871000 219
1871010 220
1871020 220
1871030 220
1871040 221
1871050 221
1871060 221
1871070 221
1871080 221
1871090 221
1871100 221
1871110 221
1871120 220
1871130 220
1871140 220
1871150 220
1871160 219
1871170 219
1871180 219
1871190 219
1871200 219
1871210 218
1871220 218
1871230 218
1871240 217
1871250 217
1871260 217
1871270 217
1871280 217
1871290 217
1871300 217
1871310 217
1871320 216
1871330 216
1871340 216
1871350 216
1871360 215
1871370 215
1871380 215
1871390 215
1871400 215
1871410 215
1871420 215
1871430 215
1871440 214
1871450 214
1871460 214
1871470 212
1871480 211
1871490 211
1871500 212
1871510 212
1871520 212
1871530 213
1871540 212
1871550 212
1871560 212
1871570 212
1871580 212
1871590 212
1871600 212
1871610 212
1871620 211
1871630 211
1871640 211
1871650 211
1871660 210
1871670 210
1871680 210
1871690 210
1871700 210
1871710 209
1871720 209
1871730 209
1871740 209
1871750 208
1871760 208
1871770 208
1871780 208
1871790 208
1871800 208
1871810 208
1871820 208
1871830 209
1871840 209
1871850 209
1871860 209
1871870 209
1871880 209
1871890 210
1871900 210
1871910 210
1871920 210
1871930 210
1871940 210
1871950 210
1871960 210
1871970 210
1871980 210
1871990 210
1872000 210
1872010 210
1872020 210
1872030 210
1872040 210
1872050 210
1872060 210
1872070 210
1872080 210
1872090 210
1872100 210
1872110 210
1872120 210
1872130 209
1872140 209
1872150 209
1872160 209
1872170 209
1872180 208
1872190 208
1872200 208
1872210 208
1872220 208
1872230 208
1872240 207
1872250 207
1872260 207
1872270 206
1872280 206
1872290 206
1872300 205
1872310 205
1872320 205
1872330 205
1872340 204
1872350 204
1872360 204
1872370 204
1872380 204
1872390 203
1872400 203
1872410 203
1872420 203
1872430 203
1872440 203
1872450 203
1872460 203
1872470 202
1872480 202
1872490 202
1872500 202
1872510 201
1872520 201
1872530 201
1872540 201
1872550 201
1872560 200
1872570 200
1872580 200
1872590 200
1872600 199
1872610 199
1872620 199
1872630 199
1872640 199
1872650 199
1872660 198
1872670 198
1872680 198
1872690 198
1872700 198
1872710 198
1872720 197
1872730 197
1872740 197
1872750 197
1872760 197
1872770 196
1872780 196
1872790 196
1872800 196
1872810 196
1872820 196
1872830 196
1872840 195
1872850 195
1872860 195
1872870 195
1872880 195
1872890 195
1872900 194
1872910 194
1872920 194
1872930 194
1872940 194
1872950 194
1872960 194
1872970 193
1872980 193
1872990 193
1873000 193
1873010 192
1873020 192
1873030 192
1873040 192
1873050 192
1873060 192
1873070 191
1873080 191
1873090 191
1873100 191
1873110 191
1873120 190
1873130 190
1873140 190
1873150 190
1873160 190
1873170 190
1873180 189
1873190 189
1873200 189
1873210 189
1873220 189
1873230 189
1873240 188
1873250 188
1873260 188
1873270 188
1873280 188
1873290 188
1873300 188
1873310 188
1873320 188
1873330 188
1873340 188
1873350 188
1873360 188
1873370 188
1873380 188
1873390 187
1873400 187
1873410 187
1873420 187
1873430 187
1873440 187
1873450 187
1873460 187
1873470 187
1873480 187
1873490 187
1873500 187
1873510 187
1873520 187
1873530 187
1873540 187
1873550 187
1873560 186
1873570 186
1873580 186
1873590 186
1873600 186
1873610 186
1873620 186
1873630 186
1873640 186
1873650 186
1873660 185
1873670 185
1873680 185
1873690 185
1873700 185
1873710 185
1873720 185
1873730 185
1873740 185
1873750 185
1873760 185
1873770 185
1873780 185
1873790 185
1873800 184
1873810 184
1873820 184
1873830 184
1873840 184
1873850 184
1873860 184
1873870 183
1873880 183
1873890 183
1873900 183
1873910 183
1873920 183
1873930 183
1873940 183
1873950 183
1873960 183
1873970 183
1873980 182
1873990 182
1874000 182
1874010 182
1874020 182
1874030 182
1874040 182
1874050 182
1874060 182
1874070 182
1874080 182
1874090 182
1874100 182
1874110 182
1874120 182
1874130 182
1874140 182
1874150 182
1874160 182
1874170 182
1874180 182
1874190 182
1874200 182
1874210 182
1874220 182
1874230 182
1874240 182
1874250 182
1874260 182
1874270 182
1874280 182
1874290 182
1874300 182
1874310 183
1874320 183
1874330 182
1874340 182
1874350 182
1874360 183
1874370 183
1874380 183
1874390 183
1874400 183
1874410 183
1874420 183
1874430 183
1874440 183
1874450 183
1874460 183
1874470 183
1874480 183
1874490 183
1874500 183
1874510 183
1874520 183
1874530 183
1874540 182
1874550 183
1874560 183
1874570 183
1874580 183
1874590 183
1874600 183
1874610 183
1874620 183
1874630 183
1874640 183
1874650 183
1874660 183
1874670 183
1874680 183
1874690 183
1874700 183
1874710 183
1874720 183
1874730 183
1874740 183
1874750 183
1874760 183
1874770 183
1874780 183
1874790 183
1874800 183
1874810 183
1874820 183
1874830 183
1874840 183
1874850 183
1874860 183
1874870 182
1874880 182
1874890 182
1874900 182
1874910 182
1874920 182
1874930 182
1874940 182
1874950 182
1874960 182
1874970 182
1874980 182
1874990 182
1875000 182
1875010 182
1875020 182
1875030 182
1875040 182
1875050 182
1875060 182
1875070 182
1875080 182
1875090 182
1875100 182
1875110 181
1875120 181
1875130 181
1875140 181
1875150 181
1875160 181
1875170 181
1875180 181
1875190 181
1875200 181
1875210 181
1875220 181
1875230 181
1875240 181
1875250 180
1875260 180
1875270 180
1875280 180
1875290 180
1875300 180
1875310 180
1875320 180
1875330 180
1875340 180
1875350 180
1875360 180
1875370 179
1875380 179
1875390 180
1875400 180
1875410 180
1875420 179
1875430 179
1875440 179
1875450 179
1875460 180
1875470 180
1875480 180
1875490 180
1875500 180
1875510 180
1875520 179
1875530 179
1875540 179
1875550 179
1875560 179
1875570 179
1875580 179
1875590 179
1875600 179
1875610 179
1875620 179
1875630 179
1875640 179
1875650 179
1875660 179
1875670 179
1875680 179
1875690 179
1875700 179
1875710 179
1875720 179
1875730 179
1875740 179
1875750 179
1875760 179
1875770 179
1875780 179
1875790 179
1875800 179
1875810 179
1875820 179
1875830 179
1875840 179
1875850 179
1875860 180
1875870 180
1875880 180
1875890 180
1875900 180
1875910 180
1875920 180
1875930 180
1875940 180
1875950 180
1875960 180
1875970 180
1875980 179
1875990 179
1876000 179
1876010 179
1876020 179
1876030 179
1876040 179
1876050 179
1876060 179
1876070 179
1876080 179
1876090 179
1876100 179
1876110 179
1876120 179
1876130 179
1876140 179
1876150 179
1876160 179
1876170 179
1876180 179
1876190 179
1876200 179
1876210 179
1876220 179
1876230 179
1876240 179
1876250 179
1876260 179
1876270 179
1876280 179
1876290 179
1876300 179
1876310 179
1876320 179
1876330 179
1876340 179
1876350 179
1876360 178
1876370 178
1876380 178
1876390 178
1876400 178
1876410 178
1876420 178
1876430 178
1876440 178
1876450 177
1876460 177
1876470 177
1876480 177
1876490 177
1876500 177
1876510 177
1876520 176
1876530 176
1876540 176
1876550 176
1876560 176
1876570 176
1876580 176
1876590 176
1876600 176
1876610 176
1876620 176
1876630 176
1876640 176
1876650 176
1876660 176
1876670 176
1876680 176
1876690 176
1876700 176
1876710 176
1876720 176
1876730 176
1876740 176
1876750 176
1876760 176
1876770 176
1876780 176
1876790 176
1876800 176
1876810 175
1876820 175
1876830 175
1876840 175
1876850 175
1876860 175
1876870 175
1876880 175
1876890 175
1876900 175
1876910 175
1876920 175
1876930 175
1876940 175
1876950 175
1876960 175
1876970 175
1876980 175
1876990 175
1877000 175
1877010 175
1877020 175
1877030 175
1877040 175
1877050 175
1877060 175
1877070 175
1877080 175
1877090 175
1877100 175
1877110 175
1877120 175
1877130 175
1877140 175
1877150 175
1877160 175
1877170 175
1877180 175
1877190 175
1877200 175
1877210 175
1877220 175
1877230 175
1877240 175
1877250 175
1877260 175
1877270 175
1877280 175
1877290 175
1877300 175
1877310 175
1877320 175
1877330 175
1877340 175
1877350 175
1877360 175
1877370 175
1877380 175
1877390 175
1877400 175
1877410 175
1877420 175
1877430 174
1877440 174
1877450 175
1877460 174
1877470 174
1877480 174
1877490 174
1877500 174
1877510 174
1877520 174
1877530 174
1877540 174
1877550 174
1877560 174
1877570 174
1877580 174
1877590 174
1877600 174
1877610 174
1877620 174
1877630 174
1877640 174
1877650 174
1877660 173
1877670 173
1877680 173
1877690 173
1877700 173
1877710 173
1877720 173
1877730 173
1877740 173
1877750 173
1877760 173
1877770 173
1877780 173
1877790 173
1877800 173
1877810 173
1877820 173
1877830 173
1877840 173
1877850 173
1877860 173
1877870 173
1877880 172
1877890 172
1877900 172
1877910 172
1877920 172
1877930 172
1877940 173
1877950 173
1877960 173
1877970 173
1877980 172
1877990 172
1878000 172
1878010 172
1878020 172
1878030 172
1878040 172
1878050 172
1878060 172
1878070 172
1878080 172
1878090 172
1878100 172
1878110 172
1878120 172
1878130 172
1878140 172
1878150 172
1878160 172
1878170 172
1878180 172
1878190 173
1878200 173
1878210 173
1878220 173
1878230 173
1878240 173
1878250 173
1878260 173
1878270 173
1878280 173
1878290 173
1878300 173
1878310 173
1878320 173
1878330 173
1878340 173
1878350 173
1878360 173
1878370 172
1878380 172
1878390 172
1878400 172
1878410 172
1878420 172
1878430 172
1878440 172
1878450 172
1878460 172
1878470 172
1878480 172
1878490 172
1878500 172
1878510 172
1878520 172
1878530 172
1878540 172
1878550 172
1878560 172
1878570 172
1878580 172
1878590 172
1878600 172
1878610 172
1878620 172
1878630 172
1878640 172
1878650 172
1878660 172
1878670 172
1878680 172
1878690 172
1878700 172
1878710 172
1878720 172
1878730 172
1878740 172
1878750 171
1878760 171
1878770 171
1878780 171
1878790 171
1878800 172
1878810 171
1878820 171
1878830 171
1878840 171
1878850 171
1878860 171
1878870 171
1878880 171
1878890 171
1878900 171
1878910 171
1878920 171
1878930 171
1878940 171
1878950 171
1878960 171
1878970 171
1878980 171
1878990 171
1879000 170
1879010 170
1879020 170
1879030 170
1879040 170
1879050 170
1879060 170
1879070 170
1879080 170
1879090 170
1879100 170
1879110 170
1879120 170
1879130 169
1879140 168
1879150 168
1879160 168
1879170 170
1879180 170
1879190 169
1879200 169
1879210 169
1879220 169
1879230 169
1879240 169
1879250 169
1879260 169
1879270 169
1879280 169
1879290 169
1879300 169
1879310 169
1879320 169
1879330 169
1879340 169
1879350 169
1879360 169
1879370 169
1879380 169
1879390 169
1879400 170
1879410 170
1879420 170
1879430 170
1879440 170
1879450 170
1879460 170
1879470 170
1879480 170
1879490 170
1879500 170
1879510 170
1879520 170
1879530 170
1879540 170
1879550 170
1879560 170
1879570 170
1879580 170
1879590 170
1879600 170
1879610 170
1879620 170
1879630 170
1879640 170
1879650 170
1879660 170
1879670 170
1879680 170
1879690 170
1879700 170
1879710 170
1879720 170
1879730 170
1879740 170
1879750 170
1879760 170
1879770 170
1879780 171
1879790 171
1879800 171
1879810 172
1879820 172
1879830 172
1879840 172
1879850 172
1879860 172
1879870 172
1879880 172
1879890 172
1879900 172
1879910 172
1879920 172
1879930 171
1879940 171
1879950 171
1879960 171
1879970 171
1879980 171
1879990 170
1860000 248
1860010 247
1860020 247
1860030 247
1860040 246
1860050 246
1860060 246
1860070 245
1860080 245
1860090 245
1860100 243
1860110 243
1860120 243
1860130 242
1860140 242
1860150 241
1860160 241
1860170 241
1860180 240
1860190 240
1860200 240
1860210 239
1860220 239
1860230 239
1860240 238
1860250 238
1860260 238
1860270 237
1860280 237
1860290 237
1860300 236
1860310 236
1860320 236
1860330 235
1860340 235
1860350 235
1860360 235
1860370 234
1860380 234
1860390 234
1860400 234
1860410 234
1860420 234
1860430 233
1860440 233
1860450 233
1860460 233
1860470 233
1860480 233
1860490 233
1860500 233
1860510 233
1860520 233
1860530 233
1860540 233
1860550 233
1860560 233
1860570 233
1860580 233
1860590 233
1860600 233
1860610 233
1860620 233
1860630 234
1860640 234
1860650 234
1860660 234
1860670 234
1860680 234
1860690 234
1860700 234
1860710 234
1860720 234
1860730 234
1860740 234
1860750 233
1860760 233
1860770 233
1860780 233
1860790 233
1860800 233
1860810 233
1860820 233
1860830 233
1860840 233
1860850 233
1860860 233
1860870 232
1860880 232
1860890 232
1860900 232
1860910 232
1860920 232
1860930 231
1860940 231
1860950 231
1860960 230
1860970 230
1860980 230
1860990 230
1861000 230
1861010 230
1861020 229
1861030 229
1861040 229
1861050 229
1861060 229
1861070 229
1861080 229
1861090 229
1861100 228
1861110 228
1861120 228
1861130 228
1861140 228
1861150 227
1861160 226
1861170 226
1861180 226
1861190 226
1861200 226
1861210 225
1861220 225
1861230 225
1861240 224
1861250 224
1861260 224
1861270 224
1861280 223
1861290 223
1861300 223
1861310 223
1861320 223
1861330 223
1861340 223
1861350 223
1861360 222
1861370 222
1861380 222
1861390 222
1861400 222
1861410 222
1861420 222
1861430 222
1861440 222
1861450 222
1861460 221
1861470 221
1861480 221
1861490 220
1861500 220
1861510 220
1861520 220
1861530 220
1861540 219
1861550 219
1861560 219
1861570 218
1861580 217
1861590 217
1861600 217
1861610 216
1861620 216
1861630 216
1861640 215
1861650 215
1861660 215
1861670 215
1861680 215
1861690 214
1861700 214
1861710 214
1861720 214
1861730 214
1861740 214
1861750 214
1861760 214
1861770 214
1861780 214
1861790 214
1861800 214
1861810 214
1861820 214
1861830 214
1861840 215
1861850 215
1861860 216
1861870 216
1861880 216
1861890 216
1861900 217
1861910 217
1861920 217
1861930 218
1861940 218
1861950 218
1861960 218
1861970 218
1861980 219
1861990 219
1862000 219
1862010 219
1862020 219
1862030 219
1862040 219
1862050 219
1862060 219
1862070 219
1862080 218
1862090 218
1862100 218
1862110 218
1862120 218
1862130 217
1862140 216
1862150 216
1862160 215
1862170 213
1862180 213
1862190 211
1862200 209
1862210 209
1862220 208
1862230 207
1862240 207
1862250 207
1862260 207
1862270 206
1862280 207
1862290 207
1862300 207
1862310 207
1862320 207
1862330 208
1862340 209
1862350 209
1862360 211
1862370 213
1862380 213
1862390 214
1862400 214
1862410 214
1862420 214
1862430 214
1862440 214
1862450 214
1862460 214
1862470 214
1862480 214
1862490 214
1862500 214
1862510 213
1862520 213
1862530 213
1862540 213
1862550 213
1862560 213
1862570 212
1862580 212
1862590 212
1862600 211
1862610 210
1862620 210
1862630 209
1862640 208
1862650 208
1862660 207
1862670 206
1862680 206
1862690 205
1862700 204
1862710 204
1862720 204
1862730 203
1862740 203
1862750 202
1862760 201
1862770 201
1862780 200
1862790 199
1862800 199
1862810 198
1862820 198
1862830 196
1862840 194
1862850 194
1862860 192
1862870 189
1862880 188
1862890 186
1862900 186
1862910 186
1862920 185
1862930 185
1862940 185
1862950 185
1862960 185
1862970 185
1862980 186
1862990 187
1863000 187
1863010 189
1863020 191
1863030 191
1863040 194
1863050 196
1863060 196
1863070 198
1863080 200
1863090 200
1863100 201
1863110 202
1863120 202
1863130 203
1863140 203
1863150 203
1863160 203
1863170 204
1863180 204
1863190 204
1863200 204
1863210 204
1863220 204
1863230 203
1863240 203
1863250 203
1863260 203
1863270 203
1863280 203
1863290 202
1863300 202
1863310 202
1863320 202
1863330 202
1863340 202
1863350 202
1863360 202
1863370 202
1863380 202
1863390 202
1863400 202
1863410 202
1863420 202
1863430 203
1863440 203
1863450 203
1863460 204
1863470 204
1863480 204
1863490 205
1863500 205
1863510 206
1863520 206
1863530 206
1863540 207
1863550 207
1863560 207
1863570 207
1863580 207
1863590 207
1863600 208
1863610 208
1863620 208
1863630 207
1863640 207
1863650 207
1863660 207
1863670 207
1863680 207
1863690 207
1863700 207
1863710 207
1863720 206
1863730 206
1863740 206
1863750 205
1863760 204
1863770 204
1863780 204
1863790 203
1863800 203
1863810 203
1863820 202
1863830 202
1863840 201
1863850 201
1863860 201
1863870 200
1863880 199
1863890 199
1863900 199
1863910 197
1863920 197
1863930 197
1863940 197
1863950 196
1863960 195
1863970 195
1863980 194
1863990 194
1864000 194
1864010 193
1864020 192
1864030 192
1864040 192
1864050 191
1864060 191
1864070 190
1864080 190
1864090 190
1864100 189
1864110 189
1864120 189
1864130 188
1864140 188
1864150 188
1864160 188
1864170 187
1864180 187
1864190 187
1864200 186
1864210 186
1864220 186
1864230 185
1864240 185
1864250 185
1864260 184
1864270 184
1864280 184
1864290 183
1864300 183
1864310 183
1864320 183
1864330 183
1864340 182
1864350 182
1864360 182
1864370 182
1864380 181
1864390 181
1864400 181
1864410 181
1864420 181
1864430 181
1864440 180
1864450 180
1864460 180
1864470 180
1864480 180
1864490 180
1864500 180
1864510 180
1864520 180
1864530 180
1864540 180
1864550 180
1864560 180
1864570 180
1864580 180
1864590 180
1864600 180
1864610 180
1864620 180
1864630 180
1864640 180
1864650 180
1864660 180
1864670 180
1864680 180
1864690 180
1864700 180
1864710 180
1864720 180
1864730 180
1864740 180
1864750 180
1864760 179
1864770 179
1864780 179
1864790 179
1864800 179
1864810 179
1864820 178
1864830 178
1864840 178
1864850 178
1864860 178
1864870 178
1864880 178
1864890 178
1864900 178
1864910 177
1864920 177
1864930 177
1864940 177
1864950 177
1864960 177
1864970 177
1864980 177
1864990 177
1865000 177
1865010 177
1865020 177
1865030 177
1865040 177
1865050 177
1865060 177
1865070 177
1865080 177
1865090 177
1865100 177
1865110 177
1865120 177
1865130 177
1865140 178
1865150 178
1865160 178
1865170 178
1865180 178
1865190 178
1865200 179
1865210 179
1865220 179
1865230 179
1865240 179
1865250 178
1865260 178
1865270 178
1865280 178
1865290 178
1865300 178
1865310 178
1865320 178
1865330 178
1865340 177
1865350 177
1865360 177
1865370 177
1865380 178
1865390 178
1865400 177
1865410 177
1865420 177
1865430 177
1865440 176
1865450 176
1865460 176
1865470 176
1865480 176
1865490 176
1865500 176
1865510 176
1865520 176
1865530 176
1865540 176
1865550 176
1865560 176
1865570 176
1865580 176
1865590 176
1865600 176
1865610 176
1865620 176
1865630 176
1865640 176
1865650 176
1865660 176
1865670 176
1865680 176
1865690 176
1865700 176
1865710 176
1865720 176
1865730 175
1865740 175
1865750 175
1865760 175
1865770 175
1865780 175
1865790 175
1865800 175
1865810 175
1865820 175
1865830 175
1865840 175
1865850 175
1865860 175
1865870 175
1865880 174
1865890 174
1865900 175
1865910 175
1865920 175
1865930 175
1865940 175
1865950 175
1865960 175
1865970 175
1865980 175
1865990 175
1866000 175
1866010 175
1866020 175
1866030 175
1866040 175
1866050 175
1866060 175
1866070 175
1866080 175
1866090 175
1866100 175
1866110 175
1866120 175
1866130 175
1866140 175
1866150 175
1866160 175
1866170 175
1866180 175
1866190 176
1866200 176
1866210 176
1866220 177
1866230 177
1866240 177
1866250 178
1866260 178
1866270 178
1866280 178
1866290 178
1866300 178
1866310 178
1866320 178
1866330 178
1866340 178
1866350 178
1866360 178
1866370 177
1866380 177
1866390 177
1866400 177
1866410 177
1866420 177
1866430 177
1866440 177
1866450 177
1866460 177
1866470 176
1866480 176
1866490 176
1866500 176
1866510 176
1866520 175
1866530 175
1866540 175
1866550 175
1866560 174
1866570 174
1866580 174
1866590 174
1866600 174
1866610 174
1866620 174
1866630 174
1866640 174
1866650 174
1866660 174
1866670 174
1866680 174
1866690 174
1866700 174
1866710 174
1866720 174
1866730 174
1866740 174
1866750 174
1866760 174
1866770 174
1866780 175
1866790 175
1866800 175
1866810 175
1866820 176
1866830 176
1866840 176
1866850 176
1866860 176
1866870 176
1866880 176
1866890 176
1866900 176
1866910 176
1866920 176
1866930 176
1866940 176
1866950 176
1866960 176
1866970 176
1866980 176
1866990 176
1867000 176
1867010 176
1867020 176
1867030 176
1867040 176
1867050 176
1867060 176
1867070 176
1867080 176
1867090 175
1867100 175
1867110 175
1867120 175
1867130 175
1867140 175
1867150 175
1867160 175
1867170 175
1867180 175
1867190 175
1867200 175
1867210 175
1867220 175
1867230 175
1867240 175
1867250 175
1867260 175
1867270 175
1867280 175
1867290 175
1867300 175
1867310 175
1867320 175
1867330 175
1867340 174
1867350 174
1867360 174
1867370 174
1867380 174
1867390 174
1867400 174
1867410 173
1867420 173
1867430 173
1867440 173
1867450 173
1867460 173
1867470 173
1867480 173
1867490 173
1867500 173
1867510 173
1867520 173
1867530 173
1867540 173
1867550 173
1867560 173
1867570 173
1867580 173
1867590 173
1867600 173
1867610 173
1867620 173
1867630 173
1867640 173
1867650 173
1867660 173
1867670 173
1867680 173
1867690 173
1867700 173
1867710 173
1867720 173
1867730 172
1867740 172
1867750 172
1867760 172
1867770 172
1867780 172
1867790 172
1867800 172
1867810 172
1867820 172
1867830 171
1867840 171
1867850 171
1867860 171
1867870 171
1867880 171
1867890 171
1867900 171
1867910 171
1867920 171
1867930 171
1867940 171
1867950 171
1867960 172
1867970 173
1867980 173
1867990 172
1868000 171
1868010 171
1868020 172
1868030 172
1868040 172
1868050 172
1868060 172
1868070 172
1868080 172
1868090 172
1868100 172
1868110 172
1868120 173
1868130 173
1868140 173
1868150 173
1868160 173
1868170 173
1868180 173
1868190 173
1868200 173
1868210 173
1868220 173
1868230 173
1868240 173
1868250 173
1868260 173
1868270 173
1868280 173
1868290 173
1868300 173
1868310 173
1868320 173
1868330 173
1868340 173
1868350 173
1868360 173
1868370 173
1868380 173
1868390 173
1868400 173
1868410 173
1868420 173
1868430 173
1868440 173
1868450 173
1868460 173
1868470 173
1868480 173
1868490 172
1868500 172
1868510 172
1868520 172
1868530 172
1868540 172
1868550 172
1868560 172
1868570 172
1868580 172
1868590 172
1868600 172
1868610 171
1868620 171
1868630 171
1868640 171
1868650 171
1868660 171
1868670 171
1868680 171
1868690 171
1868700 171
1868710 171
1868720 171
1868730 171
1868740 171
1868750 171
1868760 171
1868770 170
1868780 170
1868790 170
1868800 170
1868810 170
1868820 170
1868830 169
1868840 169
1868850 170
1868860 170
1868870 170
1868880 170
1868890 170
1868900 170
1868910 170
1868920 170
1868930 170
1868940 170
1868950 170
1868960 170
1868970 169
1868980 169
1868990 169
1869000 169
1869010 169
1869020 169
1869030 168
1869040 168
1869050 168
1869060 168
1869070 168
1869080 169
1869090 168
1869100 168
1869110 167
1869120 168
1869130 168
1869140 168
1869150 168
1869160 168
1869170 167
1869180 167
1869190 167
1869200 167
1869210 168
1869220 168
1869230 168
1869240 167
1869250 167
1869260 168
1869270 168
1869280 168
1869290 168
1869300 168
1869310 168
1869320 168
1869330 168
1869340 168
1869350 168
1869360 169
1869370 169
1869380 169
1869390 170
1869400 170
1869410 170
1869420 173
1869430 173
1869440 177
1869450 181
1869460 181
1869470 183
1869480 184
1869490 184
1869500 185
1869510 186
1869520 186
1869530 186
1869540 187
1869550 187
1869560 188
1869570 188
1869580 189
1869590 189
1869600 189
1869610 190
1869620 191
1869630 191
1869640 191
1869650 192
1869660 192
1869670 193
1869680 194
1869690 194
1869700 194
1869710 194
1869720 194
1869730 192
1869740 191
1869750 191
1869760 190
1869770 189
1869780 189
1869790 189
1869800 188
1869810 188
1869820 187
1869830 187
1869840 187
1869850 186
1869860 186
1869870 186
1869880 185
1869890 185
1869900 185
1869910 185
1869920 184
1869930 184
1869940 184
1869950 184
1869960 184
1869970 184
1869980 184
1869990 184
1870000 184
1870010 184
1870020 184
1870030 185
1870040 185
1870050 185
1870060 185
1870070 185
1870080 185
1870090 185
1870100 185
1870110 185
1870120 185
1870130 185
1870140 184
1870150 184
1870160 184
1870170 184
1870180 184
1870190 184
1870200 184
1870210 185
1870220 185
1870230 186
1870240 186
1870250 186
1870260 187
1870270 188
1870280 188
1870290 189
1870300 190
1870310 190
1870320 191
1870330 192
1870340 192
1870350 193
1870360 193
1870370 193
1870380 194
1870390 195
1870400 195
1870410 196
1870420 196
1870430 196
1870440 196
1870450 195
1870460 195
1870470 195
1870480 195
1870490 195
1870500 195
1870510 195
1870520 195
1870530 195
1870540 195
1870550 195
1870560 196
1870570 196
1870580 196
1870590 196
1870600 195
1870610 195
1870620 195
1870630 194
1870640 194
1870650 193
1870660 192
1870670 192
1870680 191
1870690 191
1870700 190
1870710 190
1870720 190
1870730 191
1870740 193
1870750 195
1870760 197
1870770 200
1870780 200
1870790 202
1870800 205
1870810 205
1870820 207
1870830 208
1870840 208
1870850 210
1870860 212
1870870 212
1870880 213
1870890 214
1870900 214
1870910 214
1870920 215
1870930 215
1870940 216
1870950 217
1870960 217
1870970 217
1870980 218
1870990 218
1871000 219
1871010 220
1871020 220
1871030 220
1871040 221
1871050 221
1871060 221
1871070 221
1871080 221
1871090 221
1871100 221
1871110 221
1871120 220
1871130 220
1871140 220
1871150 220
1871160 219
1871170 219
1871180 219
1871190 219
1871200 219
1871210 218
1871220 218
1871230 218
1871240 217
1871250 217
1871260 217
1871270 217
1871280 217
1871290 217
1871300 217
1871310 217
1871320 216
1871330 216
1871340 216
1871350 216
1871360 215
1871370 215
1871380 215
1871390 215
1871400 215
1871410 215
1871420 215
1871430 215
1871440 214
1871450 214
1871460 214
1871470 212
1871480 211
1871490 211
1871500 212
1871510 212
1871520 212
1871530 213
1871540 212
1871550 212
1871560 212
1871570 212
1871580 212
1871590 212
1871600 212
1871610 212
1871620 211
1871630 211
1871640 211
1871650 211
1871660 210
1871670 210
1871680 210
1871690 210
1871700 210
1871710 209
1871720 209
1871730 209
1871740 209
1871750 208
1871760 208
1871770 208
1871780 208
1871790 208
1871800 208
1871810 208
1871820 208
1871830 209
1871840 209
1871850 209
1871860 209
1871870 209
1871880 209
1871890 210
1871900 210
1871910 210
1871920 210
1871930 210
1871940 210
1871950 210
1871960 210
1871970 210
1871980 210
1871990 210
1872000 210
1872010 210
1872020 210
1872030 210
1872040 210
1872050 210
1872060 210
1872070 210
1872080 210
1872090 210
1872100 210
1872110 210
1872120 210
1872130 209
1872140 209
1872150 209
1872160 209
1872170 209
1872180 208
1872190 208
1872200 208
1872210 208
1872220 208
1872230 208
1872240 207
1872250 207
1872260 207
1872270 206
1872280 206
1872290 206
1872300 205
1872310 205
1872320 205
1872330 205
1872340 204
1872350 204
1872360 204
1872370 204
1872380 204
1872390 203
1872400 203
1872410 203
1872420 203
1872430 203
1872440 203
1872450 203
1872460 203
1872470 202
1872480 202
1872490 202
1872500 202
1872510 201
1872520 201
1872530 201
1872540 201
1872550 201
1872560 200
1872570 200
1872580 200
1872590 200
1872600 199
1872610 199
1872620 199
1872630 199
1872640 199
1872650 199
1872660 198
1872670 198
1872680 198
1872690 198
1872700 198
1872710 198
1872720 197
1872730 197
1872740 197
1872750 197
1872760 197
1872770 196
1872780 196
1872790 196
1872800 196
1872810 196
1872820 196
1872830 196
1872840 195
1872850 195
1872860 195
1872870 195
1872880 195
1872890 195
1872900 194
1872910 194
1872920 194
1872930 194
1872940 194
1872950 194
1872960 194
1872970 193
1872980 193
1872990 193
1873000 193
1873010 192
1873020 192
1873030 192
1873040 192
1873050 192
1873060 192
1873070 191
1873080 191
1873090 191
1873100 191
1873110 191
1873120 190
1873130 190
1873140 190
1873150 190
1873160 190
1873170 190
1873180 189
1873190 189
1873200 189
1873210 189
1873220 189
1873230 189
1873240 188
1873250 188
1873260 188
1873270 188
1873280 188
1873290 188
1873300 188
1873310 188
1873320 188
1873330 188
1873340 188
1873350 188
1873360 188
1873370 188
1873380 188
1873390 187
1873400 187
1873410 187
1873420 187
1873430 187
1873440 187
1873450 187
1873460 187
1873470 187
1873480 187
1873490 187
1873500 187
1873510 187
1873520 187
1873530 187
1873540 187
1873550 187
1873560 186
1873570 186
1873580 186
1873590 186
1873600 186
1873610 186
1873620 186
1873630 186
1873640 186
1873650 186
1873660 185
1873670 185
1873680 185
1873690 185
1873700 185
1873710 185
1873720 185
1873730 185
1873740 185
1873750 185
1873760 185
1873770 185
1873780 185
1873790 185
1873800 184
1873810 184
1873820 184
1873830 184
1873840 184
1873850 184
1873860 184
1873870 183
1873880 183
1873890 183
1873900 183
1873910 183
1873920 183
1873930 183
1873940 183
1873950 183
1873960 183
1873970 183
1873980 182
1873990 182
1874000 182
1874010 182
1874020 182
1874030 182
1874040 182
1874050 182
1874060 182
1874070 182
1874080 182
1874090 182
1874100 182
1874110 182
1874120 182
1874130 182
1874140 182
1874150 182
1874160 182
1874170 182
1874180 182
1874190 182
1874200 182
1874210 182
1874220 182
1874230 182
1874240 182
1874250 182
1874260 182
1874270 182
1874280 182
1874290 182
1874300 182
1874310 183
1874320 183
1874330 182
1874340 182
1874350 182
1874360 183
1874370 183
1874380 183
1874390 183
1874400 183
1874410 183
1874420 183
1874430 183
1874440 183
1874450 183
1874460 183
1874470 183
1874480 183
1874490 183
1874500 183
1874510 183
1874520 183
1874530 183
1874540 182
1874550 183
1874560 183
1874570 183
1874580 183
1874590 183
1874600 183
1874610 183
1874620 183
1874630 183
1874640 183
1874650 183
1874660 183
1874670 183
1874680 183
1874690 183
1874700 183
1874710 183
1874720 183
1874730 183
1874740 183
1874750 183
1874760 183
1874770 183
1874780 183
1874790 183
1874800 183
1874810 183
1874820 183
1874830 183
1874840 183
1874850 183
1874860 183
1874870 182
1874880 182
1874890 182
1874900 182
1874910 182
1874920 182
1874930 182
1874940 182
1874950 182
1874960 182
1874970 182
1874980 182
1874990 182
1875000 182
1875010 182
1875020 182
1875030 182
1875040 182
1875050 182
1875060 182
1875070 182
1875080 182
1875090 182
1875100 182
1875110 181
1875120 181
1875130 181
1875140 181
1875150 181
1875160 181
1875170 181
1875180 181
1875190 181
1875200 181
1875210 181
1875220 181
1875230 181
1875240 181
1875250 180
1875260 180
1875270 180
1875280 180
1875290 180
1875300 180
1875310 180
1875320 180
1875330 180
1875340 180
1875350 180
1875360 180
1875370 179
1875380 179
1875390 180
1875400 180
1875410 180
1875420 179
1875430 179
1875440 179
1875450 179
1875460 180
1875470 180
1875480 180
1875490 180
1875500 180
1875510 180
1875520 179
1875530 179
1875540 179
1875550 179
1875560 179
1875570 179
1875580 179
1875590 179
1875600 179
1875610 179
1875620 179
1875630 179
1875640 179
1875650 179
1875660 179
1875670 179
1875680 179
1875690 179
1875700 179
1875710 179
1875720 179
1875730 179
1875740 179
1875750 179
1875760 179
1875770 179
1875780 179
1875790 179
1875800 179
1875810 179
1875820 179
1875830 179
1875840 179
1875850 179
1875860 180
1875870 180
1875880 180
1875890 180
1875900 180
1875910 180
1875920 180
1875930 180
1875940 180
1875950 180
1875960 180
1875970 180
1875980 179
1875990 179
1876000 179
1876010 179
1876020 179
1876030 179
1876040 179
1876050 179
1876060 179
1876070 179
1876080 179
1876090 179
1876100 179
1876110 179
1876120 179
1876130 179
1876140 179
1876150 179
1876160 179
1876170 179
1876180 179
1876190 179
1876200 179
1876210 179
1876220 179
1876230 179
1876240 179
1876250 179
1876260 179
1876270 179
1876280 179
1876290 179
1876300 179
1876310 179
1876320 179
1876330 179
1876340 179
1876350 179
1876360 178
1876370 178
1876380 178
1876390 178
1876400 178
1876410 178
1876420 178
1876430 178
1876440 178
1876450 177
1876460 177
1876470 177
1876480 177
1876490 177
1876500 177
1876510 177
1876520 176
1876530 176
1876540 176
1876550 176
1876560 176
1876570 176
1876580 176
1876590 176
1876600 176
1876610 176
1876620 176
1876630 176
1876640 176
1876650 176
1876660 176
1876670 176
1876680 176
1876690 176
1876700 176
1876710 176
1876720 176
1876730 176
1876740 176
1876750 176
1876760 176
1876770 176
1876780 176
1876790 176
1876800 176
1876810 175
1876820 175
1876830 175
1876840 175
1876850 175
1876860 175
1876870 175
1876880 175
1876890 175
1876900 175
1876910 175
1876920 175
1876930 175
1876940 175
1876950 175
1876960 175
1876970 175
1876980 175
1876990 175
1877000 175
1877010 175
1877020 175
1877030 175
1877040 175
1877050 175
1877060 175
1877070 175
1877080 175
1877090 175
1877100 175
1877110 175
1877120 175
1877130 175
1877140 175
1877150 175
1877160 175
1877170 175
1877180 175
1877190 175
1877200 175
1877210 175
1877220 175
1877230 175
1877240 175
1877250 175
1877260 175
1877270 175
1877280 175
1877290 175
1877300 175
1877310 175
1877320 175
1877330 175
1877340 175
1877350 175
1877360 175
1877370 175
1877380 175
1877390 175
1877400 175
1877410 175
1877420 175
1877430 174
1877440 174
1877450 175
1877460 174
1877470 174
1877480 174
1877490 174
1877500 174
1877510 174
1877520 174
1877530 174
1877540 174
1877550 174
1877560 174
1877570 174
1877580 174
1877590 174
1877600 174
1877610 174
1877620 174
1877630 174
1877640 174
1877650 174
1877660 173
1877670 173
1877680 173
1877690 173
1877700 173
1877710 173
1877720 173
1877730 173
1877740 173
1877750 173
1877760 173
1877770 173
1877780 173
1877790 173
1877800 173
1877810 173
1877820 173
1877830 173
1877840 173
1877850 173
1877860 173
1877870 173
1877880 172
1877890 172
1877900 172
1877910 172
1877920 172
1877930 172
1877940 173
1877950 173
1877960 173
1877970 173
1877980 172
1877990 172
1878000 172
1878010 172
1878020 172
1878030 172
1878040 172
1878050 172
1878060 172
1878070 172
1878080 172
1878090 172
1878100 172
1878110 172
1878120 172
1878130 172
1878140 172
1878150 172
1878160 172
1878170 172
1878180 172
1878190 173
1878200 173
1878210 173
1878220 173
1878230 173
1878240 173
1878250 173
1878260 173
1878270 173
1878280 173
1878290 173
1878300 173
1878310 173
1878320 173
1878330 173
1878340 173
1878350 173
1878360 173
1878370 172
1878380 172
1878390 172
1878400 172
1878410 172
1878420 172
1878430 172
1878440 172
1878450 172
1878460 172
1878470 172
1878480 172
1878490 172
1878500 172
1878510 172
1878520 172
1878530 172
1878540 172
1878550 172
1878560 172
1878570 172
1878580 172
1878590 172
1878600 172
1878610 172
1878620 172
1878630 172
1878640 172
1878650 172
1878660 172
1878670 172
1878680 172
1878690 172
1878700 172
1878710 172
1878720 172
1878730 172
1878740 172
1878750 171
1878760 171
1878770 171
1878780 171
1878790 171
1878800 172
1878810 171
1878820 171
1878830 171
1878840 171
1878850 171
1878860 171
1878870 171
1878880 171
1878890 171
1878900 171
1878910 171
1878920 171
1878930 171
1878940 171
1878950 171
1878960 171
1878970 171
1878980 171
1878990 171
1879000 170
1879010 170
1879020 170
1879030 170
1879040 170
1879050 170
1879060 170
1879070 170
1879080 170
1879090 170
1879100 170
1879110 170
1879120 170
1879130 169
1879140 168
1879150 168
1879160 168
1879170 170
1879180 170
1879190 169
1879200 169
1879210 169
1879220 169
1879230 169
1879240 169
1879250 169
1879260 169
1879270 169
1879280 169
1879290 169
1879300 169
1879310 169
1879320 169
1879330 169
1879340 169
1879350 169
1879360 169
1879370 169
1879380 169
1879390 169
1879400 170
1879410 170
1879420 170
1879430 170
1879440 170
1879450 170
1879460 170
1879470 170
1879480 170
1879490 170
1879500 170
1879510 170
1879520 170
1879530 170
1879540 170
1879550 170
1879560 170
1879570 170
1879580 170
1879590 170
1879600 170
1879610 170
1879620 170
1879630 170
1879640 170
1879650 170
1879660 170
1879670 170
1879680 170
1879690 170
1879700 170
1879710 170
1879720 170
1879730 170
1879740 170
1879750 170
1879760 170
1879770 170
1879780 171
1879790 171
1879800 171
1879810 172
1879820 172
1879830 172
1879840 172
1879850 172
1879860 172
1879870 172
1879880 172
1879890 172
1879900 172
1879910 172
1879920 172
1879930 171
1879940 171
1879950 171
1879960 171
1879970 171
1879980 171
1879990 170
