1860000 202
1860010 203
1860020 204
1860030 204
1860040 205
1860050 207
1860060 207
1860070 209
1860080 210
1860090 210
1860100 211
1860110 212
1860120 212
1860130 212
1860140 212
1860150 212
1860160 211
1860170 211
1860180 211
1860190 210
1860200 209
1860210 209
1860220 209
1860230 209
1860240 209
1860250 209
1860260 210
1860270 210
1860280 211
1860290 212
1860300 212
1860310 213
1860320 213
1860330 214
1860340 215
1860350 215
1860360 215
1860370 216
1860380 216
1860390 216
1860400 217
1860410 217
1860420 217
1860430 218
1860440 218
1860450 218
1860460 219
1860470 219
1860480 219
1860490 219
1860500 219
1860510 219
1860520 219
1860530 219
1860540 220
1860550 220
1860560 220
1860570 220
1860580 220
1860590 220
1860600 219
1860610 219
1860620 219
1860630 219
1860640 219
1860650 219
1860660 219
1860670 219
1860680 219
1860690 219
1860700 219
1860710 219
1860720 218
1860730 218
1860740 218
1860750 218
1860760 217
1860770 217
1860780 217
1860790 217
1860800 217
1860810 216
1860820 216
1860830 216
1860840 216
1860850 215
1860860 215
1860870 215
1860880 215
1860890 214
1860900 214
1860910 214
1860920 213
1860930 213
1860940 213
1860950 212
1860960 212
1860970 212
1860980 211
1860990 211
1861000 211
1861010 210
1861020 209
1861030 209
1861040 209
1861050 207
1861060 207
1861070 206
1861080 205
1861090 205
1861100 203
1861110 202
1861120 202
1861130 201
1861140 199
1861150 199
1861160 198
1861170 197
1861180 197
1861190 196
1861200 196
1861210 196
1861220 196
1861230 196
1861240 196
1861250 197
1861260 197
1861270 197
1861280 197
1861290 196
1861300 195
1861310 195
1861320 196
1861330 196
1861340 198
1861350 200
1861360 200
1861370 202
1861380 203
1861390 203
1861400 205
1861410 205
1861420 205
1861430 206
1861440 206
1861450 206
1861460 206
1861470 206
1861480 206
1861490 205
1861500 205
1861510 205
1861520 204
1861530 204
1861540 204
1861550 204
1861560 204
1861570 204
1861580 204
1861590 204
1861600 204
1861610 204
1861620 204
1861630 204
1861640 204
1861650 203
1861660 203
1861670 203
1861680 203
1861690 203
1861700 202
1861710 202
1861720 202
1861730 202
1861740 202
1861750 202
1861760 202
1861770 202
1861780 202
1861790 201
1861800 201
1861810 201
1861820 201
1861830 201
1861840 201
1861850 200
1861860 200
1861870 200
1861880 200
1861890 200
1861900 200
1861910 199
1861920 199
1861930 199
1861940 199
1861950 199
1861960 198
1861970 198
1861980 198
1861990 197
1862000 197
1862010 197
1862020 197
1862030 197
1862040 196
1862050 196
1862060 196
1862070 196
1862080 196
1862090 196
1862100 195
1862110 195
1862120 195
1862130 195
1862140 194
1862150 194
1862160 194
1862170 194
1862180 194
1862190 194
1862200 194
1862210 194
1862220 194
1862230 194
1862240 194
1862250 194
1862260 194
1862270 194
1862280 194
1862290 194
1862300 194
1862310 194
1862320 194
1862330 194
1862340 193
1862350 193
1862360 193
1862370 193
1862380 193
1862390 193
1862400 192
1862410 192
1862420 192
1862430 191
1862440 190
1862450 190
1862460 190
1862470 189
1862480 189
1862490 189
1862500 190
1862510 190
1862520 191
1862530 191
1862540 191
1862550 192
1862560 192
1862570 192
1862580 192
1862590 192
1862600 192
1862610 192
1862620 192
1862630 192
1862640 191
1862650 191
1862660 191
1862670 191
1862680 190
1862690 189
1862700 189
1862710 189
1862720 188
1862730 187
1862740 187
1862750 186
1862760 186
1862770 186
1862780 185
1862790 185
1862800 185
1862810 185
1862820 185
1862830 185
1862840 184
1862850 184
1862860 184
1862870 184
1862880 184
1862890 184
1862900 184
1862910 184
1862920 184
1862930 184
1862940 184
1862950 184
1862960 184
1862970 184
1862980 184
1862990 184
1863000 184
1863010 184
1863020 184
1863030 184
1863040 184
1863050 184
1863060 183
1863070 183
1863080 183
1863090 183
1863100 183
1863110 183
1863120 183
1863130 183
1863140 183
1863150 183
1863160 183
1863170 183
1863180 183
1863190 183
1863200 183
1863210 183
1863220 183
1863230 183
1863240 183
1863250 183
1863260 183
1863270 183
1863280 183
1863290 183
1863300 183
1863310 183
1863320 183
1863330 183
1863340 182
1863350 182
1863360 182
1863370 182
1863380 182
1863390 182
1863400 182
1863410 182
1863420 182
1863430 182
1863440 182
1863450 182
1863460 182
1863470 182
1863480 182
1863490 183
1863500 183
1863510 183
1863520 184
1863530 184
1863540 184
1863550 185
1863560 186
1863570 186
1863580 187
1863590 188
1863600 188
1863610 190
1863620 191
1863630 191
1863640 192
1863650 192
1863660 193
1863670 194
1863680 194
1863690 195
1863700 197
1863710 197
1863720 200
1863730 201
1863740 201
1863750 201
1863760 201
1863770 201
1863780 201
1863790 201
1863800 201
1863810 201
1863820 202
1863830 202
1863840 202
1863850 202
1863860 202
1863870 202
1863880 201
1863890 201
1863900 199
1863910 196
1863920 196
1863930 194
1863940 192
1863950 192
1863960 191
1863970 190
1863980 190
1863990 191
1864000 194
1864010 194
1864020 197
1864030 200
1864040 200
1864050 202
1864060 204
1864070 203
1864080 205
1864090 206
1864100 206
1864110 207
1864120 208
1864130 208
1864140 210
1864150 211
1864160 211
1864170 212
1864180 213
1864190 213
1864200 214
1864210 214
1864220 214
1864230 214
1864240 214
1864250 215
1864260 215
1864270 215
1864280 216
1864290 216
1864300 216
1864310 216
1864320 216
1864330 216
1864340 216
1864350 216
1864360 216
1864370 216
1864380 215
1864390 215
1864400 215
1864410 215
1864420 215
1864430 215
1864440 215
1864450 215
1864460 215
1864470 215
1864480 215
1864490 214
1864500 214
1864510 214
1864520 214
1864530 213
1864540 213
1864550 213
1864560 212
1864570 212
1864580 212
1864590 211
1864600 211
1864610 210
1864620 209
1864630 209
1864640 209
1864650 208
1864660 208
1864670 207
1864680 206
1864690 206
1864700 206
1864710 205
1864720 205
1864730 204
1864740 203
1864750 203
1864760 202
1864770 202
1864780 201
1864790 201
1864800 201
1864810 200
1864820 199
1864830 199
1864840 199
1864850 198
1864860 198
1864870 198
1864880 197
1864890 197
1864900 197
1864910 197
1864920 197
1864930 197
1864940 196
1864950 196
1864960 196
1864970 196
1864980 196
1864990 195
1865000 195
1865010 195
1865020 195
1865030 194
1865040 194
1865050 194
1865060 193
1865070 193
1865080 193
1865090 192
1865100 193
1865110 192
1865120 192
1865130 192
1865140 191
1865150 190
1865160 190
1865170 189
1865180 189
1865190 189
1865200 188
1865210 188
1865220 188
1865230 187
1865240 187
1865250 187
1865260 186
1865270 186
1865280 186
1865290 185
1865300 185
1865310 185
1865320 184
1865330 184
1865340 184
1865350 184
1865360 184
1865370 183
1865380 183
1865390 183
1865400 183
1865410 183
1865420 183
1865430 182
1865440 182
1865450 182
1865460 182
1865470 182
1865480 182
1865490 182
1865500 181
1865510 181
1865520 181
1865530 181
1865540 181
1865550 181
1865560 181
1865570 181
1865580 180
1865590 180
1865600 180
1865610 180
1865620 180
1865630 180
1865640 179
1865650 179
1865660 179
1865670 179
1865680 179
1865690 179
1865700 179
1865710 179
1865720 179
1865730 178
1865740 178
1865750 178
1865760 178
1865770 178
1865780 178
1865790 178
1865800 178
1865810 178
1865820 178
1865830 178
1865840 178
1865850 178
1865860 177
1865870 177
1865880 177
1865890 177
1865900 177
1865910 177
1865920 177
1865930 177
1865940 177
1865950 177
1865960 177
1865970 177
1865980 177
1865990 177
1866000 177
1866010 177
1866020 176
1866030 176
1866040 176
1866050 176
1866060 176
1866070 176
1866080 176
1866090 176
1866100 176
1866110 176
1866120 176
1866130 176
1866140 176
1866150 176
1866160 176
1866170 176
1866180 176
1866190 176
1866200 176
1866210 176
1866220 176
1866230 176
1866240 176
1866250 176
1866260 176
1866270 176
1866280 176
1866290 175
1866300 175
1866310 175
1866320 175
1866330 175
1866340 175
1866350 175
1866360 175
1866370 175
1866380 175
1866390 175
1866400 175
1866410 175
1866420 175
1866430 175
1866440 175
1866450 175
1866460 175
1866470 175
1866480 175
1866490 175
1866500 175
1866510 175
1866520 175
1866530 175
1866540 175
1866550 175
1866560 175
1866570 175
1866580 175
1866590 175
1866600 175
1866610 175
1866620 175
1866630 175
1866640 175
1866650 175
1866660 175
1866670 175
1866680 176
1866690 176
1866700 176
1866710 176
1866720 176
1866730 177
1866740 177
1866750 177
1866760 177
1866770 177
1866780 177
1866790 177
1866800 177
1866810 178
1866820 178
1866830 178
1866840 178
1866850 178
1866860 178
1866870 178
1866880 178
1866890 178
1866900 178
1866910 178
1866920 178
1866930 178
1866940 178
1866950 178
1866960 178
1866970 178
1866980 178
1866990 178
1867000 178
1867010 178
1867020 178
1867030 177
1867040 177
1867050 177
1867060 177
1867070 177
1867080 177
1867090 177
1867100 177
1867110 177
1867120 177
1867130 177
1867140 177
1867150 177
1867160 177
1867170 177
1867180 177
1867190 177
1867200 177
1867210 177
1867220 177
1867230 177
1867240 177
1867250 177
1867260 177
1867270 177
1867280 177
1867290 177
1867300 177
1867310 177
1867320 177
1867330 177
1867340 177
1867350 177
1867360 177
1867370 177
1867380 177
1867390 177
1867400 177
1867410 178
1867420 178
1867430 178
1867440 178
1867450 178
1867460 178
1867470 178
1867480 178
1867490 178
1867500 179
1867510 179
1867520 179
1867530 180
1867540 180
1867550 180
1867560 180
1867570 180
1867580 180
1867590 180
1867600 180
1867610 180
1867620 180
1867630 180
1867640 179
1867650 179
1867660 179
1867670 179
1867680 179
1867690 179
1867700 179
1867710 178
1867720 178
1867730 178
1867740 178
1867750 178
1867760 178
1867770 178
1867780 178
1867790 177
1867800 177
1867810 177
1867820 177
1867830 177
1867840 177
1867850 177
1867860 177
1867870 177
1867880 176
1867890 176
1867900 176
1867910 175
1867920 175
1867930 175
1867940 175
1867950 175
1867960 175
1867970 174
1867980 174
1867990 174
1868000 174
1868010 174
1868020 174
1868030 174
1868040 174
1868050 174
1868060 174
1868070 174
1868080 174
1868090 174
1868100 174
1868110 174
1868120 174
1868130 174
1868140 174
1868150 174
1868160 174
1868170 174
1868180 175
1868190 175
1868200 175
1868210 174
1868220 174
1868230 174
1868240 174
1868250 174
1868260 174
1868270 174
1868280 174
1868290 174
1868300 173
1868310 173
1868320 173
1868330 174
1868340 174
1868350 174
1868360 174
1868370 174
1868380 174
1868390 174
1868400 174
1868410 174
1868420 174
1868430 174
1868440 174
1868450 173
1868460 173
1868470 173
1868480 173
1868490 173
1868500 173
1868510 173
1868520 174
1868530 174
1868540 174
1868550 174
1868560 174
1868570 174
1868580 174
1868590 174
1868600 174
1868610 174
1868620 174
1868630 174
1868640 174
1868650 174
1868660 174
1868670 174
1868680 173
1868690 173
1868700 173
1868710 173
1868720 173
1868730 173
1868740 173
1868750 173
1868760 173
1868770 173
1868780 173
1868790 173
1868800 173
1868810 173
1868820 172
1868830 172
1868840 172
1868850 172
1868860 172
1868870 172
1868880 172
1868890 172
1868900 172
1868910 172
1868920 172
1868930 172
1868940 172
1868950 172
1868960 172
1868970 172
1868980 171
1868990 171
1869000 171
1869010 171
1869020 171
1869030 171
1869040 171
1869050 171
1869060 171
1869070 171
1869080 171
1869090 171
1869100 171
1869110 171
1869120 171
1869130 171
1869140 171
1869150 171
1869160 172
1869170 172
1869180 172
1869190 171
1869200 172
1869210 171
1869220 171
1869230 171
1869240 171
1869250 171
1869260 171
1869270 171
1869280 171
1869290 171
1869300 171
1869310 171
1869320 171
1869330 171
1869340 171
1869350 171
1869360 171
1869370 171
1869380 171
1869390 171
1869400 171
1869410 171
1869420 171
1869430 171
1869440 171
1869450 171
1869460 171
1869470 171
1869480 171
1869490 171
1869500 171
1869510 171
1869520 171
1869530 171
1869540 171
1869550 171
1869560 171
1869570 171
1869580 171
1869590 171
1869600 171
1869610 171
1869620 170
1869630 170
1869640 170
1869650 170
1869660 170
1869670 170
1869680 170
1869690 169
1869700 169
1869710 169
1869720 169
1869730 169
1869740 169
1869750 169
1869760 169
1869770 169
1869780 169
1869790 169
1869800 169
1869810 169
1869820 168
1869830 168
1869840 168
1869850 168
1869860 168
1869870 168
1869880 168
1869890 168
1869900 168
1869910 168
1869920 168
1869930 168
1869940 168
1869950 168
1869960 168
1869970 168
1869980 168
1869990 168
1870000 168
1870010 168
1870020 168
1870030 168
1870040 168
1870050 168
1870060 169
1870070 168
1870080 168
1870090 166
1870100 169
1870110 169
1870120 170
1870130 171
1870140 171
1870150 172
1870160 173
1870170 173
1870180 175
1870190 176
1870200 176
1870210 177
1870220 179
1870230 179
1870240 181
1870250 182
1870260 182
1870270 182
1870280 183
1870290 183
1870300 184
1870310 184
1870320 186
1870330 187
1870340 187
1870350 187
1870360 188
1870370 188
1870380 189
1870390 189
1870400 189
1870410 190
1870420 190
1870430 190
1870440 190
1870450 190
1870460 190
1870470 189
1870480 189
1870490 189
1870500 189
1870510 188
1870520 188
1870530 188
1870540 188
1870550 188
1870560 186
1870570 186
1870580 186
1870590 186
1870600 186
1870610 186
1870620 186
1870630 186
1870640 186
1870650 186
1870660 186
1870670 186
1870680 186
1870690 186
1870700 186
1870710 186
1870720 185
1870730 185
1870740 185
1870750 185
1870760 185
1870770 185
1870780 184
1870790 184
1870800 183
1870810 184
1870820 184
1870830 185
1870840 185
1870850 185
1870860 187
1870870 187
1870880 188
1870890 190
1870900 190
1870910 191
1870920 193
1870930 193
1870940 194
1870950 195
1870960 195
1870970 196
1870980 197
1870990 197
1871000 198
1871010 199
1871020 199
1871030 199
1871040 198
1871050 198
1871060 197
1871070 196
1871080 196
1871090 195
1871100 195
1871110 195
1871120 194
1871130 195
1871140 195
1871150 195
1871160 196
1871170 196
1871180 197
1871190 198
1871200 198
1871210 200
1871220 202
1871230 202
1871240 204
1871250 206
1871260 206
1871270 208
1871280 209
1871290 209
1871300 209
1871310 209
1871320 209
1871330 209
1871340 209
1871350 209
1871360 209
1871370 209
1871380 209
1871390 209
1871400 209
1871410 209
1871420 208
1871430 208
1871440 207
1871450 206
1871460 206
1871470 205
1871480 204
1871490 204
1871500 202
1871510 201
1871520 201
1871530 200
1871540 199
1871550 199
1871560 197
1871570 196
1871580 196
1871590 195
1871600 194
1871610 194
1871620 193
1871630 193
1871640 193
1871650 192
1871660 193
1871670 193
1871680 193
1871690 194
1871700 194
1871710 195
1871720 198
1871730 198
1871740 201
1871750 204
1871760 204
1871770 206
1871780 206
1871790 206
1871800 207
1871810 207
1871820 207
1871830 208
1871840 208
1871850 208
1871860 208
1871870 208
1871880 208
1871890 208
1871900 207
1871910 207
1871920 206
1871930 206
1871940 206
1871950 206
1871960 206
1871970 206
1871980 205
1871990 205
1872000 205
1872010 205
1872020 205
1872030 205
1872040 205
1872050 205
1872060 205
1872070 205
1872080 205
1872090 206
1872100 206
1872110 206
1872120 206
1872130 205
1872140 205
1872150 205
1872160 205
1872170 205
1872180 205
1872190 205
1872200 205
1872210 204
1872220 204
1872230 204
1872240 203
1872250 202
1872260 202
1872270 201
1872280 200
1872290 200
1872300 199
1872310 198
1872320 198
1872330 196
1872340 195
1872350 195
1872360 196
1872370 197
1872380 197
1872390 199
1872400 202
1872410 202
1872420 203
1872430 203
1872440 203
1872450 204
1872460 204
1872470 204
1872480 204
1872490 204
1872500 204
1872510 204
1872520 204
1872530 204
1872540 204
1872550 204
1872560 204
1872570 205
1872580 205
1872590 205
1872600 205
1872610 205
1872620 205
1872630 205
1872640 205
1872650 205
1872660 205
1872670 205
1872680 205
1872690 205
1872700 205
1872710 205
1872720 205
1872730 205
1872740 205
1872750 205
1872760 205
1872770 205
1872780 204
1872790 204
1872800 204
1872810 204
1872820 204
1872830 204
1872840 204
1872850 204
1872860 204
1872870 204
1872880 204
1872890 204
1872900 204
1872910 204
1872920 204
1872930 204
1872940 204
1872950 204
1872960 205
1872970 205
1872980 205
1872990 205
1873000 205
1873010 205
1873020 204
1873030 204
1873040 204
1873050 204
1873060 204
1873070 204
1873080 204
1873090 204
1873100 204
1873110 204
1873120 204
1873130 204
1873140 204
1873150 204
1873160 204
1873170 204
1873180 204
1873190 204
1873200 204
1873210 204
1873220 204
1873230 204
1873240 204
1873250 204
1873260 205
1873270 205
1873280 205
1873290 205
1873300 204
1873310 204
1873320 204
1873330 204
1873340 204
1873350 204
1873360 203
1873370 203
1873380 203
1873390 203
1873400 202
1873410 202
1873420 202
1873430 201
1873440 201
1873450 201
1873460 200
1873470 200
1873480 200
1873490 199
1873500 199
1873510 199
1873520 198
1873530 198
1873540 198
1873550 197
1873560 197
1873570 197
1873580 196
1873590 196
1873600 196
1873610 196
1873620 196
1873630 195
1873640 195
1873650 194
1873660 194
1873670 194
1873680 193
1873690 193
1873700 193
1873710 192
1873720 192
1873730 192
1873740 191
1873750 191
1873760 191
1873770 190
1873780 189
1873790 189
1873800 189
1873810 189
1873820 189
1873830 188
1873840 188
1873850 188
1873860 188
1873870 187
1873880 187
1873890 187
1873900 187
1873910 187
1873920 186
1873930 186
1873940 186
1873950 186
1873960 186
1873970 186
1873980 185
1873990 185
1874000 185
1874010 185
1874020 185
1874030 185
1874040 185
1874050 185
1874060 185
1874070 184
1874080 184
1874090 184
1874100 184
1874110 184
1874120 184
1874130 183
1874140 183
1874150 183
1874160 183
1874170 183
1874180 183
1874190 183
1874200 183
1874210 182
1874220 182
1874230 182
1874240 182
1874250 182
1874260 182
1874270 182
1874280 181
1874290 181
1874300 181
1874310 181
1874320 181
1874330 181
1874340 181
1874350 181
1874360 181
1874370 181
1874380 181
1874390 181
1874400 180
1874410 180
1874420 180
1874430 180
1874440 180
1874450 180
1874460 180
1874470 180
1874480 180
1874490 179
1874500 179
1874510 179
1874520 179
1874530 179
1874540 179
1874550 179
1874560 179
1874570 178
1874580 178
1874590 178
1874600 178
1874610 177
1874620 177
1874630 177
1874640 176
1874650 176
1874660 175
1874670 175
1874680 175
1874690 174
1874700 174
1874710 174
1874720 175
1874730 175
1874740 175
1874750 176
1874760 176
1874770 177
1874780 178
1874790 178
1874800 179
1874810 179
1874820 179
1874830 179
1874840 180
1874850 180
1874860 180
1874870 180
1874880 180
1874890 180
1874900 180
1874910 180
1874920 180
1874930 180
1874940 180
1874950 180
1874960 180
1874970 180
1874980 180
1874990 181
1875000 181
1875010 181
1875020 181
1875030 181
1875040 181
1875050 181
1875060 181
1875070 181
1875080 181
1875090 181
1875100 181
1875110 181
1875120 181
1875130 181
1875140 181
1875150 181
1875160 181
1875170 181
1875180 181
1875190 180
1875200 180
1875210 180
1875220 180
1875230 180
1875240 180
1875250 180
1875260 180
1875270 180
1875280 180
1875290 180
1875300 180
1875310 180
1875320 180
1875330 181
1875340 181
1875350 181
1875360 181
1875370 181
1875380 181
1875390 181
1875400 181
1875410 181
1875420 181
1875430 181
1875440 181
1875450 181
1875460 181
1875470 181
1875480 181
1875490 181
1875500 181
1875510 181
1875520 181
1875530 181
1875540 181
1875550 181
1875560 181
1875570 180
1875580 180
1875590 180
1875600 180
1875610 180
1875620 180
1875630 180
1875640 180
1875650 180
1875660 180
1875670 180
1875680 180
1875690 180
1875700 180
1875710 180
1875720 180
1875730 180
1875740 180
1875750 180
1875760 180
1875770 180
1875780 180
1875790 180
1875800 180
1875810 180
1875820 180
1875830 180
1875840 180
1875850 180
1875860 180
1875870 180
1875880 180
1875890 180
1875900 180
1875910 180
1875920 180
1875930 179
1875940 179
1875950 179
1875960 179
1875970 179
1875980 179
1875990 179
1876000 179
1876010 179
1876020 179
1876030 179
1876040 179
1876050 179
1876060 179
1876070 179
1876080 178
1876090 178
1876100 178
1876110 178
1876120 178
1876130 178
1876140 178
1876150 178
1876160 178
1876170 178
1876180 178
1876190 177
1876200 177
1876210 177
1876220 177
1876230 177
1876240 177
1876250 177
1876260 177
1876270 177
1876280 177
1876290 176
1876300 176
1876310 176
1876320 176
1876330 176
1876340 176
1876350 176
1876360 176
1876370 176
1876380 176
1876390 176
1876400 176
1876410 176
1876420 176
1876430 176
1876440 176
1876450 176
1876460 176
1876470 176
1876480 176
1876490 176
1876500 176
1876510 176
1876520 176
1876530 176
1876540 175
1876550 175
1876560 175
1876570 175
1876580 175
1876590 175
1876600 175
1876610 175
1876620 175
1876630 175
1876640 175
1876650 175
1876660 175
1876670 175
1876680 175
1876690 175
1876700 175
1876710 175
1876720 175
1876730 175
1876740 175
1876750 175
1876760 175
1876770 175
1876780 175
1876790 175
1876800 175
1876810 174
1876820 174
1876830 174
1876840 174
1876850 174
1876860 174
1876870 174
1876880 174
1876890 174
1876900 174
1876910 174
1876920 174
1876930 174
1876940 174
1876950 174
1876960 173
1876970 173
1876980 173
1876990 173
1877000 173
1877010 173
1877020 173
1877030 173
1877040 173
1877050 173
1877060 173
1877070 173
1877080 173
1877090 173
1877100 173
1877110 173
1877120 173
1877130 173
1877140 173
1877150 173
1877160 173
1877170 173
1877180 173
1877190 173
1877200 173
1877210 173
1877220 173
1877230 174
1877240 174
1877250 174
1877260 174
1877270 174
1877280 173
1877290 173
1877300 173
1877310 173
1877320 173
1877330 173
1877340 173
1877350 173
1877360 173
1877370 173
1877380 173
1877390 173
1877400 173
1877410 173
1877420 173
1877430 173
1877440 173
1877450 173
1877460 173
1877470 173
1877480 173
1877490 173
1877500 173
1877510 173
1877520 173
1877530 173
1877540 173
1877550 173
1877560 173
1877570 173
1877580 172
1877590 172
1877600 172
1877610 172
1877620 172
1877630 172
1877640 172
1877650 172
1877660 172
1877670 172
1877680 172
1877690 172
1877700 172
1877710 172
1877720 172
1877730 172
1877740 172
1877750 171
1877760 171
1877770 171
1877780 171
1877790 171
1877800 171
1877810 171
1877820 171
1877830 171
1877840 171
1877850 171
1877860 171
1877870 171
1877880 171
1877890 171
1877900 171
1877910 171
1877920 171
1877930 171
1877940 171
1877950 171
1877960 170
1877970 170
1877980 170
1877990 170
1878000 170
1878010 170
1878020 170
1878030 170
1878040 170
1878050 171
1878060 171
1878070 170
1878080 170
1878090 170
1878100 171
1878110 171
1878120 171
1878130 169
1878140 169
1878150 169
1878160 169
1878170 169
1878180 169
1878190 169
1878200 170
1878210 170
1878220 170
1878230 169
1878240 169
1878250 169
1878260 169
1878270 169
1878280 168
1878290 168
1878300 168
1878310 168
1878320 168
1878330 168
1878340 169
1878350 168
1878360 168
1878370 167
1878380 167
1878390 167
1878400 166
1878410 166
1878420 166
1878430 165
1878440 164
1878450 164
1878460 163
1878470 163
1878480 163
1878490 162
1878500 162
1878510 162
1878520 162
1878530 162
1878540 162
1878550 162
1878560 165
1878570 165
1878580 166
1878590 167
1878600 167
1878610 166
1878620 166
1878630 166
1878640 166
1878650 166
1878660 168
1878670 169
1878680 169
1878690 169
1878700 169
1878710 169
1878720 170
1878730 169
1878740 169
1878750 168
1878760 167
1878770 167
1878780 166
1878790 166
1878800 166
1878810 166
1878820 166
1878830 166
1878840 166
1878850 166
1878860 166
1878870 167
1878880 167
1878890 167
1878900 165
1878910 165
1878920 165
1878930 165
1878940 165
1878950 165
1878960 164
1878970 163
1878980 163
1878990 163
1879000 163
1879010 163
1879020 162
1879030 162
1879040 162
1879050 162
1879060 162
1879070 162
1879080 163
1879090 163
1879100 163
1879110 163
1879120 163
1879130 163
1879140 163
1879150 163
1879160 163
1879170 163
1879180 163
1879190 163
1879200 163
1879210 163
1879220 163
1879230 163
1879240 163
1879250 163
1879260 163
1879270 163
1879280 163
1879290 164
1879300 164
1879310 164
1879320 164
1879330 164
1879340 164
1879350 163
1879360 163
1879370 162
1879380 162
1879390 162
1879400 162
1879410 163
1879420 163
1879430 163
1879440 162
1879450 162
1879460 162
1879470 164
1879480 164
1879490 166
1879500 166
1879510 166
1879520 166
1879530 166
1879540 166
1879550 166
1879560 166
1879570 166
1879580 166
1879590 166
1879600 166
1879610 166
1879620 166
1879630 166
1879640 166
1879650 166
1879660 166
1879670 166
1879680 166
1879690 166
1879700 166
1879710 166
1879720 166
1879730 166
1879740 166
1879750 166
1879760 166
1879770 166
1879780 166
1879790 166
1879800 166
1879810 166
1879820 166
1879830 166
1879840 166
1879850 166
1879860 166
1879870 166
1879880 166
1879890 166
1879900 166
1879910 166
1879920 166
1879930 166
1879940 166
1879950 166
1879960 166
1879970 166
1879980 166
1879990 166
1860000 202
1860010 203
1860020 204
1860030 204
1860040 205
1860050 207
1860060 207
1860070 209
1860080 210
1860090 210
1860100 211
1860110 212
1860120 212
1860130 212
1860140 212
1860150 212
1860160 211
1860170 211
1860180 211
1860190 210
1860200 209
1860210 209
1860220 209
1860230 209
1860240 209
1860250 209
1860260 210
1860270 210
1860280 211
1860290 212
1860300 212
1860310 213
1860320 213
1860330 214
1860340 215
1860350 215
1860360 215
1860370 216
1860380 216
1860390 216
1860400 217
1860410 217
1860420 217
1860430 218
1860440 218
1860450 218
1860460 219
1860470 219
1860480 219
1860490 219
1860500 219
1860510 219
1860520 219
1860530 219
1860540 220
1860550 220
1860560 220
1860570 220
1860580 220
1860590 220
1860600 219
1860610 219
1860620 219
1860630 219
1860640 219
1860650 219
1860660 219
1860670 219
1860680 219
1860690 219
1860700 219
1860710 219
1860720 218
1860730 218
1860740 218
1860750 218
1860760 217
1860770 217
1860780 217
1860790 217
1860800 217
1860810 216
1860820 216
1860830 216
1860840 216
1860850 215
1860860 215
1860870 215
1860880 215
1860890 214
1860900 214
1860910 214
1860920 213
1860930 213
1860940 213
1860950 212
1860960 212
1860970 212
1860980 211
1860990 211
1861000 211
1861010 210
1861020 209
1861030 209
1861040 209
1861050 207
1861060 207
1861070 206
1861080 205
1861090 205
1861100 203
1861110 202
1861120 202
1861130 201
1861140 199
1861150 199
1861160 198
1861170 197
1861180 197
1861190 196
1861200 196
1861210 196
1861220 196
1861230 196
1861240 196
1861250 197
1861260 197
1861270 197
1861280 197
1861290 196
1861300 195
1861310 195
1861320 196
1861330 196
1861340 198
1861350 200
1861360 200
1861370 202
1861380 203
1861390 203
1861400 205
1861410 205
1861420 205
1861430 206
1861440 206
1861450 206
1861460 206
1861470 206
1861480 206
1861490 205
1861500 205
1861510 205
1861520 204
1861530 204
1861540 204
1861550 204
1861560 204
1861570 204
1861580 204
1861590 204
1861600 204
1861610 204
1861620 204
1861630 204
1861640 204
1861650 203
1861660 203
1861670 203
1861680 203
1861690 203
1861700 202
1861710 202
1861720 202
1861730 202
1861740 202
1861750 202
1861760 202
1861770 202
1861780 202
1861790 201
1861800 201
1861810 201
1861820 201
1861830 201
1861840 201
1861850 200
1861860 200
1861870 200
1861880 200
1861890 200
1861900 200
1861910 199
1861920 199
1861930 199
1861940 199
1861950 199
1861960 198
1861970 198
1861980 198
1861990 197
1862000 197
1862010 197
1862020 197
1862030 197
1862040 196
1862050 196
1862060 196
1862070 196
1862080 196
1862090 196
1862100 195
1862110 195
1862120 195
1862130 195
1862140 194
1862150 194
1862160 194
1862170 194
1862180 194
1862190 194
1862200 194
1862210 194
1862220 194
1862230 194
1862240 194
1862250 194
1862260 194
1862270 194
1862280 194
1862290 194
1862300 194
1862310 194
1862320 194
1862330 194
1862340 193
1862350 193
1862360 193
1862370 193
1862380 193
1862390 193
1862400 192
1862410 192
1862420 192
1862430 191
1862440 190
1862450 190
1862460 190
1862470 189
1862480 189
1862490 189
1862500 190
1862510 190
1862520 191
1862530 191
1862540 191
1862550 192
1862560 192
1862570 192
1862580 192
1862590 192
1862600 192
1862610 192
1862620 192
1862630 192
1862640 191
1862650 191
1862660 191
1862670 191
1862680 190
1862690 189
1862700 189
1862710 189
1862720 188
1862730 187
1862740 187
1862750 186
1862760 186
1862770 186
1862780 185
1862790 185
1862800 185
1862810 185
1862820 185
1862830 185
1862840 184
1862850 184
1862860 184
1862870 184
1862880 184
1862890 184
1862900 184
1862910 184
1862920 184
1862930 184
1862940 184
1862950 184
1862960 184
1862970 184
1862980 184
1862990 184
1863000 184
1863010 184
1863020 184
1863030 184
1863040 184
1863050 184
1863060 183
1863070 183
1863080 183
1863090 183
1863100 183
1863110 183
1863120 183
1863130 183
1863140 183
1863150 183
1863160 183
1863170 183
1863180 183
1863190 183
1863200 183
1863210 183
1863220 183
1863230 183
1863240 183
1863250 183
1863260 183
1863270 183
1863280 183
1863290 183
1863300 183
1863310 183
1863320 183
1863330 183
1863340 182
1863350 182
1863360 182
1863370 182
1863380 182
1863390 182
1863400 182
1863410 182
1863420 182
1863430 182
1863440 182
1863450 182
1863460 182
1863470 182
1863480 182
1863490 183
1863500 183
1863510 183
1863520 184
1863530 184
1863540 184
1863550 185
1863560 186
1863570 186
1863580 187
1863590 188
1863600 188
1863610 190
1863620 191
1863630 191
1863640 192
1863650 192
1863660 193
1863670 194
1863680 194
1863690 195
1863700 197
1863710 197
1863720 200
1863730 201
1863740 201
1863750 201
1863760 201
1863770 201
1863780 201
1863790 201
1863800 201
1863810 201
1863820 202
1863830 202
1863840 202
1863850 202
1863860 202
1863870 202
1863880 201
1863890 201
1863900 199
1863910 196
1863920 196
1863930 194
1863940 192
1863950 192
1863960 191
1863970 190
1863980 190
1863990 191
1864000 194
1864010 194
1864020 197
1864030 200
1864040 200
1864050 202
1864060 204
1864070 203
1864080 205
1864090 206
1864100 206
1864110 207
1864120 208
1864130 208
1864140 210
1864150 211
1864160 211
1864170 212
1864180 213
1864190 213
1864200 214
1864210 214
1864220 214
1864230 214
1864240 214
1864250 215
1864260 215
1864270 215
1864280 216
1864290 216
1864300 216
1864310 216
1864320 216
1864330 216
1864340 216
1864350 216
1864360 216
1864370 216
1864380 215
1864390 215
1864400 215
1864410 215
1864420 215
1864430 215
1864440 215
1864450 215
1864460 215
1864470 215
1864480 215
1864490 214
1864500 214
1864510 214
1864520 214
1864530 213
1864540 213
1864550 213
1864560 212
1864570 212
1864580 212
1864590 211
1864600 211
1864610 210
1864620 209
1864630 209
1864640 209
1864650 208
1864660 208
1864670 207
1864680 206
1864690 206
1864700 206
1864710 205
1864720 205
1864730 204
1864740 203
1864750 203
1864760 202
1864770 202
1864780 201
1864790 201
1864800 201
1864810 200
1864820 199
1864830 199
1864840 199
1864850 198
1864860 198
1864870 198
1864880 197
1864890 197
1864900 197
1864910 197
1864920 197
1864930 197
1864940 196
1864950 196
1864960 196
1864970 196
1864980 196
1864990 195
1865000 195
1865010 195
1865020 195
1865030 194
1865040 194
1865050 194
1865060 193
1865070 193
1865080 193
1865090 192
1865100 193
1865110 192
1865120 192
1865130 192
1865140 191
1865150 190
1865160 190
1865170 189
1865180 189
1865190 189
1865200 188
1865210 188
1865220 188
1865230 187
1865240 187
1865250 187
1865260 186
1865270 186
1865280 186
1865290 185
1865300 185
1865310 185
1865320 184
1865330 184
1865340 184
1865350 184
1865360 184
1865370 183
1865380 183
1865390 183
1865400 183
1865410 183
1865420 183
1865430 182
1865440 182
1865450 182
1865460 182
1865470 182
1865480 182
1865490 182
1865500 181
1865510 181
1865520 181
1865530 181
1865540 181
1865550 181
1865560 181
1865570 181
1865580 180
1865590 180
1865600 180
1865610 180
1865620 180
1865630 180
1865640 179
1865650 179
1865660 179
1865670 179
1865680 179
1865690 179
1865700 179
1865710 179
1865720 179
1865730 178
1865740 178
1865750 178
1865760 178
1865770 178
1865780 178
1865790 178
1865800 178
1865810 178
1865820 178
1865830 178
1865840 178
1865850 178
1865860 177
1865870 177
1865880 177
1865890 177
1865900 177
1865910 177
1865920 177
1865930 177
1865940 177
1865950 177
1865960 177
1865970 177
1865980 177
1865990 177
1866000 177
1866010 177
1866020 176
1866030 176
1866040 176
1866050 176
1866060 176
1866070 176
1866080 176
1866090 176
1866100 176
1866110 176
1866120 176
1866130 176
1866140 176
1866150 176
1866160 176
1866170 176
1866180 176
1866190 176
1866200 176
1866210 176
1866220 176
1866230 176
1866240 176
1866250 176
1866260 176
1866270 176
1866280 176
1866290 175
1866300 175
1866310 175
1866320 175
1866330 175
1866340 175
1866350 175
1866360 175
1866370 175
1866380 175
1866390 175
1866400 175
1866410 175
1866420 175
1866430 175
1866440 175
1866450 175
1866460 175
1866470 175
1866480 175
1866490 175
1866500 175
1866510 175
1866520 175
1866530 175
1866540 175
1866550 175
1866560 175
1866570 175
1866580 175
1866590 175
1866600 175
1866610 175
1866620 175
1866630 175
1866640 175
1866650 175
1866660 175
1866670 175
1866680 176
1866690 176
1866700 176
1866710 176
1866720 176
1866730 177
1866740 177
1866750 177
1866760 177
1866770 177
1866780 177
1866790 177
1866800 177
1866810 178
1866820 178
1866830 178
1866840 178
1866850 178
1866860 178
1866870 178
1866880 178
1866890 178
1866900 178
1866910 178
1866920 178
1866930 178
1866940 178
1866950 178
1866960 178
1866970 178
1866980 178
1866990 178
1867000 178
1867010 178
1867020 178
1867030 177
1867040 177
1867050 177
1867060 177
1867070 177
1867080 177
1867090 177
1867100 177
1867110 177
1867120 177
1867130 177
1867140 177
1867150 177
1867160 177
1867170 177
1867180 177
1867190 177
1867200 177
1867210 177
1867220 177
1867230 177
1867240 177
1867250 177
1867260 177
1867270 177
1867280 177
1867290 177
1867300 177
1867310 177
1867320 177
1867330 177
1867340 177
1867350 177
1867360 177
1867370 177
1867380 177
1867390 177
1867400 177
1867410 178
1867420 178
1867430 178
1867440 178
1867450 178
1867460 178
1867470 178
1867480 178
1867490 178
1867500 179
1867510 179
1867520 179
1867530 180
1867540 180
1867550 180
1867560 180
1867570 180
1867580 180
1867590 180
1867600 180
1867610 180
1867620 180
1867630 180
1867640 179
1867650 179
1867660 179
1867670 179
1867680 179
1867690 179
1867700 179
1867710 178
1867720 178
1867730 178
1867740 178
1867750 178
1867760 178
1867770 178
1867780 178
1867790 177
1867800 177
1867810 177
1867820 177
1867830 177
1867840 177
1867850 177
1867860 177
1867870 177
1867880 176
1867890 176
1867900 176
1867910 175
1867920 175
1867930 175
1867940 175
1867950 175
1867960 175
1867970 174
1867980 174
1867990 174
1868000 174
1868010 174
1868020 174
1868030 174
1868040 174
1868050 174
1868060 174
1868070 174
1868080 174
1868090 174
1868100 174
1868110 174
1868120 174
1868130 174
1868140 174
1868150 174
1868160 174
1868170 174
1868180 175
1868190 175
1868200 175
1868210 174
1868220 174
1868230 174
1868240 174
1868250 174
1868260 174
1868270 174
1868280 174
1868290 174
1868300 173
1868310 173
1868320 173
1868330 174
1868340 174
1868350 174
1868360 174
1868370 174
1868380 174
1868390 174
1868400 174
1868410 174
1868420 174
1868430 174
1868440 174
1868450 173
1868460 173
1868470 173
1868480 173
1868490 173
1868500 173
1868510 173
1868520 174
1868530 174
1868540 174
1868550 174
1868560 174
1868570 174
1868580 174
1868590 174
1868600 174
1868610 174
1868620 174
1868630 174
1868640 174
1868650 174
1868660 174
1868670 174
1868680 173
1868690 173
1868700 173
1868710 173
1868720 173
1868730 173
1868740 173
1868750 173
1868760 173
1868770 173
1868780 173
1868790 173
1868800 173
1868810 173
1868820 172
1868830 172
1868840 172
1868850 172
1868860 172
1868870 172
1868880 172
1868890 172
1868900 172
1868910 172
1868920 172
1868930 172
1868940 172
1868950 172
1868960 172
1868970 172
1868980 171
1868990 171
1869000 171
1869010 171
1869020 171
1869030 171
1869040 171
1869050 171
1869060 171
1869070 171
1869080 171
1869090 171
1869100 171
1869110 171
1869120 171
1869130 171
1869140 171
1869150 171
1869160 172
1869170 172
1869180 172
1869190 171
1869200 172
1869210 171
1869220 171
1869230 171
1869240 171
1869250 171
1869260 171
1869270 171
1869280 171
1869290 171
1869300 171
1869310 171
1869320 171
1869330 171
1869340 171
1869350 171
1869360 171
1869370 171
1869380 171
1869390 171
1869400 171
1869410 171
1869420 171
1869430 171
1869440 171
1869450 171
1869460 171
1869470 171
1869480 171
1869490 171
1869500 171
1869510 171
1869520 171
1869530 171
1869540 171
1869550 171
1869560 171
1869570 171
1869580 171
1869590 171
1869600 171
1869610 171
1869620 170
1869630 170
1869640 170
1869650 170
1869660 170
1869670 170
1869680 170
1869690 169
1869700 169
1869710 169
1869720 169
1869730 169
1869740 169
1869750 169
1869760 169
1869770 169
1869780 169
1869790 169
1869800 169
1869810 169
1869820 168
1869830 168
1869840 168
1869850 168
1869860 168
1869870 168
1869880 168
1869890 168
1869900 168
1869910 168
1869920 168
1869930 168
1869940 168
1869950 168
1869960 168
1869970 168
1869980 168
1869990 168
1870000 168
1870010 168
1870020 168
1870030 168
1870040 168
1870050 168
1870060 169
1870070 168
1870080 168
1870090 166
1870100 169
1870110 169
1870120 170
1870130 171
1870140 171
1870150 172
1870160 173
1870170 173
1870180 175
1870190 176
1870200 176
1870210 177
1870220 179
1870230 179
1870240 181
1870250 182
1870260 182
1870270 182
1870280 183
1870290 183
1870300 184
1870310 184
1870320 186
1870330 187
1870340 187
1870350 187
1870360 188
1870370 188
1870380 189
1870390 189
1870400 189
1870410 190
1870420 190
1870430 190
1870440 190
1870450 190
1870460 190
1870470 189
1870480 189
1870490 189
1870500 189
1870510 188
1870520 188
1870530 188
1870540 188
1870550 188
1870560 186
1870570 186
1870580 186
1870590 186
1870600 186
1870610 186
1870620 186
1870630 186
1870640 186
1870650 186
1870660 186
1870670 186
1870680 186
1870690 186
1870700 186
1870710 186
1870720 185
1870730 185
1870740 185
1870750 185
1870760 185
1870770 185
1870780 184
1870790 184
1870800 183
1870810 184
1870820 184
1870830 185
1870840 185
1870850 185
1870860 187
1870870 187
1870880 188
1870890 190
1870900 190
1870910 191
1870920 193
1870930 193
1870940 194
1870950 195
1870960 195
1870970 196
1870980 197
1870990 197
1871000 198
1871010 199
1871020 199
1871030 199
1871040 198
1871050 198
1871060 197
1871070 196
1871080 196
1871090 195
1871100 195
1871110 195
1871120 194
1871130 195
1871140 195
1871150 195
1871160 196
1871170 196
1871180 197
1871190 198
1871200 198
1871210 200
1871220 202
1871230 202
1871240 204
1871250 206
1871260 206
1871270 208
1871280 209
1871290 209
1871300 209
1871310 209
1871320 209
1871330 209
1871340 209
1871350 209
1871360 209
1871370 209
1871380 209
1871390 209
1871400 209
1871410 209
1871420 208
1871430 208
1871440 207
1871450 206
1871460 206
1871470 205
1871480 204
1871490 204
1871500 202
1871510 201
1871520 201
1871530 200
1871540 199
1871550 199
1871560 197
1871570 196
1871580 196
1871590 195
1871600 194
1871610 194
1871620 193
1871630 193
1871640 193
1871650 192
1871660 193
1871670 193
1871680 193
1871690 194
1871700 194
1871710 195
1871720 198
1871730 198
1871740 201
1871750 204
1871760 204
1871770 206
1871780 206
1871790 206
1871800 207
1871810 207
1871820 207
1871830 208
1871840 208
1871850 208
1871860 208
1871870 208
1871880 208
1871890 208
1871900 207
1871910 207
1871920 206
1871930 206
1871940 206
1871950 206
1871960 206
1871970 206
1871980 205
1871990 205
1872000 205
1872010 205
1872020 205
1872030 205
1872040 205
1872050 205
1872060 205
1872070 205
1872080 205
1872090 206
1872100 206
1872110 206
1872120 206
1872130 205
1872140 205
1872150 205
1872160 205
1872170 205
1872180 205
1872190 205
1872200 205
1872210 204
1872220 204
1872230 204
1872240 203
1872250 202
1872260 202
1872270 201
1872280 200
1872290 200
1872300 199
1872310 198
1872320 198
1872330 196
1872340 195
1872350 195
1872360 196
1872370 197
1872380 197
1872390 199
1872400 202
1872410 202
1872420 203
1872430 203
1872440 203
1872450 204
1872460 204
1872470 204
1872480 204
1872490 204
1872500 204
1872510 204
1872520 204
1872530 204
1872540 204
1872550 204
1872560 204
1872570 205
1872580 205
1872590 205
1872600 205
1872610 205
1872620 205
1872630 205
1872640 205
1872650 205
1872660 205
1872670 205
1872680 205
1872690 205
1872700 205
1872710 205
1872720 205
1872730 205
1872740 205
1872750 205
1872760 205
1872770 205
1872780 204
1872790 204
1872800 204
1872810 204
1872820 204
1872830 204
1872840 204
1872850 204
1872860 204
1872870 204
1872880 204
1872890 204
1872900 204
1872910 204
1872920 204
1872930 204
1872940 204
1872950 204
1872960 205
1872970 205
1872980 205
1872990 205
1873000 205
1873010 205
1873020 204
1873030 204
1873040 204
1873050 204
1873060 204
1873070 204
1873080 204
1873090 204
1873100 204
1873110 204
1873120 204
1873130 204
1873140 204
1873150 204
1873160 204
1873170 204
1873180 204
1873190 204
1873200 204
1873210 204
1873220 204
1873230 204
1873240 204
1873250 204
1873260 205
1873270 205
1873280 205
1873290 205
1873300 204
1873310 204
1873320 204
1873330 204
1873340 204
1873350 204
1873360 203
1873370 203
1873380 203
1873390 203
1873400 202
1873410 202
1873420 202
1873430 201
1873440 201
1873450 201
1873460 200
1873470 200
1873480 200
1873490 199
1873500 199
1873510 199
1873520 198
1873530 198
1873540 198
1873550 197
1873560 197
1873570 197
1873580 196
1873590 196
1873600 196
1873610 196
1873620 196
1873630 195
1873640 195
1873650 194
1873660 194
1873670 194
1873680 193
1873690 193
1873700 193
1873710 192
1873720 192
1873730 192
1873740 191
1873750 191
1873760 191
1873770 190
1873780 189
1873790 189
1873800 189
1873810 189
1873820 189
1873830 188
1873840 188
1873850 188
1873860 188
1873870 187
1873880 187
1873890 187
1873900 187
1873910 187
1873920 186
1873930 186
1873940 186
1873950 186
1873960 186
1873970 186
1873980 185
1873990 185
1874000 185
1874010 185
1874020 185
1874030 185
1874040 185
1874050 185
1874060 185
1874070 184
1874080 184
1874090 184
1874100 184
1874110 184
1874120 184
1874130 183
1874140 183
1874150 183
1874160 183
1874170 183
1874180 183
1874190 183
1874200 183
1874210 182
1874220 182
1874230 182
1874240 182
1874250 182
1874260 182
1874270 182
1874280 181
1874290 181
1874300 181
1874310 181
1874320 181
1874330 181
1874340 181
1874350 181
1874360 181
1874370 181
1874380 181
1874390 181
1874400 180
1874410 180
1874420 180
1874430 180
1874440 180
1874450 180
1874460 180
1874470 180
1874480 180
1874490 179
1874500 179
1874510 179
1874520 179
1874530 179
1874540 179
1874550 179
1874560 179
1874570 178
1874580 178
1874590 178
1874600 178
1874610 177
1874620 177
1874630 177
1874640 176
1874650 176
1874660 175
1874670 175
1874680 175
1874690 174
1874700 174
1874710 174
1874720 175
1874730 175
1874740 175
1874750 176
1874760 176
1874770 177
1874780 178
1874790 178
1874800 179
1874810 179
1874820 179
1874830 179
1874840 180
1874850 180
1874860 180
1874870 180
1874880 180
1874890 180
1874900 180
1874910 180
1874920 180
1874930 180
1874940 180
1874950 180
1874960 180
1874970 180
1874980 180
1874990 181
1875000 181
1875010 181
1875020 181
1875030 181
1875040 181
1875050 181
1875060 181
1875070 181
1875080 181
1875090 181
1875100 181
1875110 181
1875120 181
1875130 181
1875140 181
1875150 181
1875160 181
1875170 181
1875180 181
1875190 180
1875200 180
1875210 180
1875220 180
1875230 180
1875240 180
1875250 180
1875260 180
1875270 180
1875280 180
1875290 180
1875300 180
1875310 180
1875320 180
1875330 181
1875340 181
1875350 181
1875360 181
1875370 181
1875380 181
1875390 181
1875400 181
1875410 181
1875420 181
1875430 181
1875440 181
1875450 181
1875460 181
1875470 181
1875480 181
1875490 181
1875500 181
1875510 181
1875520 181
1875530 181
1875540 181
1875550 181
1875560 181
1875570 180
1875580 180
1875590 180
1875600 180
1875610 180
1875620 180
1875630 180
1875640 180
1875650 180
1875660 180
1875670 180
1875680 180
1875690 180
1875700 180
1875710 180
1875720 180
1875730 180
1875740 180
1875750 180
1875760 180
1875770 180
1875780 180
1875790 180
1875800 180
1875810 180
1875820 180
1875830 180
1875840 180
1875850 180
1875860 180
1875870 180
1875880 180
1875890 180
1875900 180
1875910 180
1875920 180
1875930 179
1875940 179
1875950 179
1875960 179
1875970 179
1875980 179
1875990 179
1876000 179
1876010 179
1876020 179
1876030 179
1876040 179
1876050 179
1876060 179
1876070 179
1876080 178
1876090 178
1876100 178
1876110 178
1876120 178
1876130 178
1876140 178
1876150 178
1876160 178
1876170 178
1876180 178
1876190 177
1876200 177
1876210 177
1876220 177
1876230 177
1876240 177
1876250 177
1876260 177
1876270 177
1876280 177
1876290 176
1876300 176
1876310 176
1876320 176
1876330 176
1876340 176
1876350 176
1876360 176
1876370 176
1876380 176
1876390 176
1876400 176
1876410 176
1876420 176
1876430 176
1876440 176
1876450 176
1876460 176
1876470 176
1876480 176
1876490 176
1876500 176
1876510 176
1876520 176
1876530 176
1876540 175
1876550 175
1876560 175
1876570 175
1876580 175
1876590 175
1876600 175
1876610 175
1876620 175
1876630 175
1876640 175
1876650 175
1876660 175
1876670 175
1876680 175
1876690 175
1876700 175
1876710 175
1876720 175
1876730 175
1876740 175
1876750 175
1876760 175
1876770 175
1876780 175
1876790 175
1876800 175
1876810 174
1876820 174
1876830 174
1876840 174
1876850 174
1876860 174
1876870 174
1876880 174
1876890 174
1876900 174
1876910 174
1876920 174
1876930 174
1876940 174
1876950 174
1876960 173
1876970 173
1876980 173
1876990 173
1877000 173
1877010 173
1877020 173
1877030 173
1877040 173
1877050 173
1877060 173
1877070 173
1877080 173
1877090 173
1877100 173
1877110 173
1877120 173
1877130 173
1877140 173
1877150 173
1877160 173
1877170 173
1877180 173
1877190 173
1877200 173
1877210 173
1877220 173
1877230 174
1877240 174
1877250 174
1877260 174
1877270 174
1877280 173
1877290 173
1877300 173
1877310 173
1877320 173
1877330 173
1877340 173
1877350 173
1877360 173
1877370 173
1877380 173
1877390 173
1877400 173
1877410 173
1877420 173
1877430 173
1877440 173
1877450 173
1877460 173
1877470 173
1877480 173
1877490 173
1877500 173
1877510 173
1877520 173
1877530 173
1877540 173
1877550 173
1877560 173
1877570 173
1877580 172
1877590 172
1877600 172
1877610 172
1877620 172
1877630 172
1877640 172
1877650 172
1877660 172
1877670 172
1877680 172
1877690 172
1877700 172
1877710 172
1877720 172
1877730 172
1877740 172
1877750 171
1877760 171
1877770 171
1877780 171
1877790 171
1877800 171
1877810 171
1877820 171
1877830 171
1877840 171
1877850 171
1877860 171
1877870 171
1877880 171
1877890 171
1877900 171
1877910 171
1877920 171
1877930 171
1877940 171
1877950 171
1877960 170
1877970 170
1877980 170
1877990 170
1878000 170
1878010 170
1878020 170
1878030 170
1878040 170
1878050 171
1878060 171
1878070 170
1878080 170
1878090 170
1878100 171
1878110 171
1878120 171
1878130 169
1878140 169
1878150 169
1878160 169
1878170 169
1878180 169
1878190 169
1878200 170
1878210 170
1878220 170
1878230 169
1878240 169
1878250 169
1878260 169
1878270 169
1878280 168
1878290 168
1878300 168
1878310 168
1878320 168
1878330 168
1878340 169
1878350 168
1878360 168
1878370 167
1878380 167
1878390 167
1878400 166
1878410 166
1878420 166
1878430 165
1878440 164
1878450 164
1878460 163
1878470 163
1878480 163
1878490 162
1878500 162
1878510 162
1878520 162
1878530 162
1878540 162
1878550 162
1878560 165
1878570 165
1878580 166
1878590 167
1878600 167
1878610 166
1878620 166
1878630 166
1878640 166
1878650 166
1878660 168
1878670 169
1878680 169
1878690 169
1878700 169
1878710 169
1878720 170
1878730 169
1878740 169
1878750 168
1878760 167
1878770 167
1878780 166
1878790 166
1878800 166
1878810 166
1878820 166
1878830 166
1878840 166
1878850 166
1878860 166
1878870 167
1878880 167
1878890 167
1878900 165
1878910 165
1878920 165
1878930 165
1878940 165
1878950 165
1878960 164
1878970 163
1878980 163
1878990 163
1879000 163
1879010 163
1879020 162
1879030 162
1879040 162
1879050 162
1879060 162
1879070 162
1879080 163
1879090 163
1879100 163
1879110 163
1879120 163
1879130 163
1879140 163
1879150 163
1879160 163
1879170 163
1879180 163
1879190 163
1879200 163
1879210 163
1879220 163
1879230 163
1879240 163
1879250 163
1879260 163
1879270 163
1879280 163
1879290 164
1879300 164
1879310 164
1879320 164
1879330 164
1879340 164
1879350 163
1879360 163
1879370 162
1879380 162
1879390 162
1879400 162
1879410 163
1879420 163
1879430 163
1879440 162
1879450 162
1879460 162
1879470 164
1879480 164
1879490 166
1879500 166
1879510 166
1879520 166
1879530 166
1879540 166
1879550 166
1879560 166
1879570 166
1879580 166
1879590 166
1879600 166
1879610 166
1879620 166
1879630 166
1879640 166
1879650 166
1879660 166
1879670 166
1879680 166
1879690 166
1879700 166
1879710 166
1879720 166
1879730 166
1879740 166
1879750 166
1879760 166
1879770 166
1879780 166
1879790 166
1879800 166
1879810 166
1879820 166
1879830 166
1879840 166
1879850 166
1879860 166
1879870 166
1879880 166
1879890 166
1879900 166
1879910 166
1879920 166
1879930 166
1879940 166
1879950 166
1879960 166
1879970 166
1879980 166
1879990 166
