1860000 195
1860010 195
1860020 195
1860030 195
1860040 195
1860050 195
1860060 195
1860070 195
1860080 195
1860090 195
1860100 195
1860110 195
1860120 195
1860130 195
1860140 195
1860150 195
1860160 195
1860170 195
1860180 195
1860190 195
1860200 195
1860210 195
1860220 195
1860230 195
1860240 195
1860250 195
1860260 195
1860270 195
1860280 195
1860290 195
1860300 196
1860310 196
1860320 196
1860330 196
1860340 196
1860350 196
1860360 197
1860370 198
1860380 198
1860390 198
1860400 199
1860410 199
1860420 200
1860430 201
1860440 201
1860450 203
1860460 204
1860470 204
1860480 205
1860490 206
1860500 206
1860510 207
1860520 207
1860530 207
1860540 208
1860550 209
1860560 209
1860570 210
1860580 211
1860590 211
1860600 212
1860610 213
1860620 213
1860630 213
1860640 214
1860650 215
1860660 215
1860670 216
1860680 216
1860690 217
1860700 217
1860710 217
1860720 218
1860730 218
1860740 218
1860750 219
1860760 219
1860770 219
1860780 220
1860790 220
1860800 220
1860810 221
1860820 221
1860830 221
1860840 222
1860850 222
1860860 222
1860870 222
1860880 222
1860890 223
1860900 223
1860910 223
1860920 223
1860930 224
1860940 224
1860950 224
1860960 224
1860970 224
1860980 224
1860990 225
1861000 225
1861010 225
1861020 225
1861030 225
1861040 225
1861050 225
1861060 225
1861070 225
1861080 225
1861090 225
1861100 225
1861110 224
1861120 224
1861130 224
1861140 224
1861150 224
1861160 223
1861170 223
1861180 223
1861190 222
1861200 221
1861210 221
1861220 221
1861230 220
1861240 220
1861250 220
1861260 219
1861270 219
1861280 219
1861290 219
1861300 219
1861310 219
1861320 219
1861330 219
1861340 220
1861350 220
1861360 221
1861370 222
1861380 222
1861390 222
1861400 223
1861410 223
1861420 223
1861430 223
1861440 223
1861450 223
1861460 223
1861470 223
1861480 223
1861490 223
1861500 223
1861510 222
1861520 222
1861530 222
1861540 221
1861550 220
1861560 220
1861570 220
1861580 219
1861590 219
1861600 218
1861610 217
1861620 217
1861630 216
1861640 215
1861650 215
1861660 213
1861670 212
1861680 212
1861690 210
1861700 209
1861710 209
1861720 207
1861730 206
1861740 206
1861750 205
1861760 204
1861770 204
1861780 203
1861790 203
1861800 203
1861810 202
1861820 203
1861830 203
1861840 203
1861850 204
1861860 204
1861870 205
1861880 206
1861890 206
1861900 207
1861910 207
1861920 210
1861930 213
1861940 213
1861950 215
1861960 219
1861970 219
1861980 221
1861990 223
1862000 223
1862010 224
1862020 225
1862030 225
1862040 225
1862050 226
1862060 226
1862070 226
1862080 226
1862090 226
1862100 226
1862110 226
1862120 226
1862130 225
1862140 225
1862150 225
1862160 224
1862170 223
1862180 223
1862190 221
1862200 220
1862210 220
1862220 219
1862230 217
1862240 217
1862250 216
1862260 214
1862270 214
1862280 213
1862290 211
1862300 211
1862310 210
1862320 210
1862330 210
1862340 210
1862350 210
1862360 210
1862370 209
1862380 210
1862390 210
1862400 209
1862410 209
1862420 209
1862430 210
1862440 210
1862450 210
1862460 212
1862470 212
1862480 213
1862490 215
1862500 215
1862510 217
1862520 218
1862530 218
1862540 220
1862550 222
1862560 222
1862570 222
1862580 223
1862590 223
1862600 223
1862610 223
1862620 223
1862630 223
1862640 223
1862650 223
1862660 223
1862670 223
1862680 223
1862690 223
1862700 223
1862710 223
1862720 223
1862730 223
1862740 223
1862750 223
1862760 222
1862770 222
1862780 222
1862790 221
1862800 221
1862810 221
1862820 220
1862830 220
1862840 220
1862850 220
1862860 220
1862870 220
1862880 220
1862890 220
1862900 221
1862910 221
1862920 221
1862930 221
1862940 222
1862950 222
1862960 222
1862970 222
1862980 222
1862990 222
1863000 222
1863010 222
1863020 223
1863030 223
1863040 223
1863050 223
1863060 223
1863070 223
1863080 223
1863090 223
1863100 223
1863110 223
1863120 223
1863130 223
1863140 223
1863150 223
1863160 223
1863170 223
1863180 223
1863190 223
1863200 223
1863210 223
1863220 222
1863230 222
1863240 222
1863250 222
1863260 222
1863270 222
1863280 222
1863290 222
1863300 222
1863310 222
1863320 222
1863330 222
1863340 222
1863350 222
1863360 222
1863370 222
1863380 222
1863390 222
1863400 222
1863410 222
1863420 222
1863430 222
1863440 222
1863450 222
1863460 221
1863470 221
1863480 221
1863490 221
1863500 221
1863510 221
1863520 221
1863530 221
1863540 221
1863550 221
1863560 221
1863570 221
1863580 221
1863590 221
1863600 220
1863610 220
1863620 220
1863630 220
1863640 220
1863650 220
1863660 220
1863670 220
1863680 220
1863690 220
1863700 220
1863710 220
1863720 220
1863730 220
1863740 220
1863750 220
1863760 219
1863770 219
1863780 219
1863790 218
1863800 218
1863810 218
1863820 218
1863830 218
1863840 218
1863850 218
1863860 218
1863870 218
1863880 218
1863890 218
1863900 217
1863910 217
1863920 217
1863930 217
1863940 217
1863950 217
1863960 217
1863970 217
1863980 217
1863990 217
1864000 217
1864010 217
1864020 217
1864030 217
1864040 217
1864050 217
1864060 217
1864070 217
1864080 217
1864090 217
1864100 217
1864110 216
1864120 216
1864130 216
1864140 216
1864150 216
1864160 216
1864170 216
1864180 216
1864190 216
1864200 216
1864210 216
1864220 216
1864230 216
1864240 216
1864250 216
1864260 216
1864270 216
1864280 216
1864290 216
1864300 216
1864310 216
1864320 216
1864330 216
1864340 216
1864350 216
1864360 216
1864370 216
1864380 216
1864390 216
1864400 215
1864410 215
1864420 215
1864430 215
1864440 215
1864450 215
1864460 215
1864470 215
1864480 215
1864490 215
1864500 214
1864510 214
1864520 214
1864530 214
1864540 214
1864550 214
1864560 214
1864570 214
1864580 214
1864590 213
1864600 213
1864610 213
1864620 213
1864630 213
1864640 213
1864650 213
1864660 213
1864670 213
1864680 213
1864690 212
1864700 212
1864710 212
1864720 212
1864730 212
1864740 212
1864750 212
1864760 212
1864770 212
1864780 212
1864790 212
1864800 211
1864810 211
1864820 210
1864830 210
1864840 210
1864850 210
1864860 210
1864870 210
1864880 210
1864890 210
1864900 210
1864910 210
1864920 210
1864930 210
1864940 210
1864950 210
1864960 210
1864970 210
1864980 210
1864990 209
1865000 209
1865010 209
1865020 209
1865030 208
1865040 208
1865050 208
1865060 208
1865070 208
1865080 207
1865090 206
1865100 206
1865110 206
1865120 205
1865130 205
1865140 205
1865150 204
1865160 204
1865170 203
1865180 203
1865190 202
1865200 200
1865210 200
1865220 198
1865230 197
1865240 197
1865250 195
1865260 193
1865270 193
1865280 191
1865290 190
1865300 190
1865310 190
1865320 191
1865330 191
1865340 192
1865350 195
1865360 195
1865370 196
1865380 197
1865390 197
1865400 199
1865410 199
1865420 199
1865430 200
1865440 200
1865450 200
1865460 200
1865470 201
1865480 201
1865490 199
1865500 200
1865510 200
1865520 200
1865530 201
1865540 201
1865550 202
1865560 202
1865570 202
1865580 203
1865590 203
1865600 203
1865610 202
1865620 202
1865630 202
1865640 201
1865650 200
1865660 200
1865670 199
1865680 199
1865690 199
1865700 198
1865710 198
1865720 198
1865730 198
1865740 198
1865750 198
1865760 198
1865770 198
1865780 198
1865790 198
1865800 198
1865810 198
1865820 198
1865830 197
1865840 197
1865850 198
1865860 198
1865870 198
1865880 199
1865890 199
1865900 199
1865910 199
1865920 199
1865930 199
1865940 199
1865950 199
1865960 200
1865970 200
1865980 200
1865990 200
1866000 200
1866010 200
1866020 200
1866030 200
1866040 200
1866050 199
1866060 199
1866070 199
1866080 199
1866090 199
1866100 199
1866110 199
1866120 199
1866130 199
1866140 199
1866150 199
1866160 199
1866170 197
1866180 197
1866190 197
1866200 197
1866210 197
1866220 197
1866230 197
1866240 196
1866250 196
1866260 196
1866270 196
1866280 196
1866290 196
1866300 196
1866310 195
1866320 195
1866330 195
1866340 195
1866350 195
1866360 195
1866370 194
1866380 194
1866390 194
1866400 194
1866410 193
1866420 193
1866430 193
1866440 192
1866450 192
1866460 191
1866470 191
1866480 191
1866490 190
1866500 189
1866510 189
1866520 188
1866530 187
1866540 187
1866550 187
1866560 187
1866570 187
1866580 187
1866590 187
1866600 187
1866610 187
1866620 186
1866630 186
1866640 186
1866650 186
1866660 186
1866670 186
1866680 185
1866690 185
1866700 185
1866710 184
1866720 184
1866730 184
1866740 185
1866750 185
1866760 185
1866770 186
1866780 186
1866790 187
1866800 187
1866810 187
1866820 187
1866830 187
1866840 186
1866850 186
1866860 185
1866870 184
1866880 184
1866890 184
1866900 185
1866910 185
1866920 185
1866930 185
1866940 185
1866950 185
1866960 185
1866970 184
1866980 184
1866990 184
1867000 184
1867010 184
1867020 184
1867030 183
1867040 183
1867050 183
1867060 183
1867070 183
1867080 183
1867090 183
1867100 183
1867110 184
1867120 185
1867130 185
1867140 185
1867150 185
1867160 185
1867170 185
1867180 185
1867190 185
1867200 185
1867210 185
1867220 185
1867230 184
1867240 184
1867250 184
1867260 183
1867270 182
1867280 182
1867290 181
1867300 181
1867310 181
1867320 180
1867330 180
1867340 180
1867350 179
1867360 179
1867370 178
1867380 178
1867390 178
1867400 178
1867410 178
1867420 178
1867430 178
1867440 178
1867450 178
1867460 178
1867470 178
1867480 178
1867490 178
1867500 178
1867510 178
1867520 178
1867530 178
1867540 178
1867550 178
1867560 178
1867570 178
1867580 178
1867590 178
1867600 178
1867610 178
1867620 178
1867630 178
1867640 178
1867650 179
1867660 179
1867670 180
1867680 178
1867690 178
1867700 177
1867710 176
1867720 176
1867730 176
1867740 176
1867750 176
1867760 176
1867770 176
1867780 176
1867790 176
1867800 176
1867810 176
1867820 176
1867830 176
1867840 176
1867850 176
1867860 176
1867870 176
1867880 176
1867890 176
1867900 176
1867910 176
1867920 176
1867930 176
1867940 176
1867950 176
1867960 176
1867970 176
1867980 176
1867990 176
1868000 176
1868010 176
1868020 176
1868030 176
1868040 176
1868050 176
1868060 176
1868070 176
1868080 176
1868090 176
1868100 176
1868110 176
1868120 176
1868130 176
1868140 176
1868150 176
1868160 176
1868170 176
1868180 176
1868190 176
1868200 176
1868210 176
1868220 176
1868230 177
1868240 177
1868250 177
1868260 177
1868270 177
1868280 177
1868290 177
1868300 176
1868310 176
1868320 176
1868330 176
1868340 176
1868350 176
1868360 176
1868370 176
1868380 176
1868390 176
1868400 176
1868410 176
1868420 176
1868430 176
1868440 176
1868450 176
1868460 176
1868470 177
1868480 177
1868490 176
1868500 177
1868510 177
1868520 177
1868530 177
1868540 177
1868550 178
1868560 182
1868570 182
1868580 184
1868590 184
1868600 184
1868610 185
1868620 185
1868630 185
1868640 185
1868650 185
1868660 185
1868670 185
1868680 184
1868690 184
1868700 183
1868710 182
1868720 182
1868730 182
1868740 181
1868750 181
1868760 181
1868770 180
1868780 180
1868790 180
1868800 179
1868810 179
1868820 180
1868830 181
1868840 181
1868850 180
1868860 181
1868870 181
1868880 181
1868890 179
1868900 179
1868910 178
1868920 177
1868930 177
1868940 176
1868950 175
1868960 175
1868970 175
1868980 175
1868990 175
1869000 175
1869010 175
1869020 175
1869030 175
1869040 175
1869050 175
1869060 175
1869070 175
1869080 175
1869090 176
1869100 176
1869110 176
1869120 176
1869130 176
1869140 177
1869150 178
1869160 178
1869170 179
1869180 180
1869190 180
1869200 181
1869210 183
1869220 183
1869230 186
1869240 188
1869250 189
1869260 192
1869270 195
1869280 195
1869290 198
1869300 199
1869310 199
1869320 200
1869330 200
1869340 200
1869350 201
1869360 201
1869370 201
1869380 201
1869390 201
1869400 201
1869410 201
1869420 201
1869430 201
1869440 201
1869450 201
1869460 201
1869470 200
1869480 200
1869490 200
1869500 200
1869510 200
1869520 200
1869530 200
1869540 200
1869550 199
1869560 199
1869570 199
1869580 198
1869590 198
1869600 198
1869610 197
1869620 197
1869630 197
1869640 197
1869650 197
1869660 197
1869670 197
1869680 197
1869690 197
1869700 197
1869710 197
1869720 197
1869730 196
1869740 196
1869750 196
1869760 195
1869770 195
1869780 195
1869790 194
1869800 192
1869810 192
1869820 191
1869830 189
1869840 189
1869850 188
1869860 186
1869870 186
1869880 185
1869890 183
1869900 183
1869910 182
1869920 182
1869930 182
1869940 182
1869950 183
1869960 183
1869970 184
1869980 186
1869990 186
1870000 188
1870010 189
1870020 189
1870030 190
1870040 190
1870050 190
1870060 191
1870070 191
1870080 191
1870090 190
1870100 190
1870110 190
1870120 189
1870130 189
1870140 189
1870150 187
1870160 187
1870170 187
1870180 186
1870190 186
1870200 185
1870210 184
1870220 184
1870230 184
1870240 183
1870250 183
1870260 182
1870270 183
1870280 183
1870290 182
1870300 182
1870310 182
1870320 181
1870330 181
1870340 181
1870350 181
1870360 180
1870370 180
1870380 180
1870390 179
1870400 179
1870410 179
1870420 178
1870430 178
1870440 178
1870450 177
1870460 177
1870470 177
1870480 177
1870490 177
1870500 176
1870510 176
1870520 176
1870530 176
1870540 175
1870550 175
1870560 175
1870570 175
1870580 175
1870590 175
1870600 176
1870610 176
1870620 176
1870630 176
1870640 175
1870650 175
1870660 175
1870670 175
1870680 175
1870690 175
1870700 174
1870710 174
1870720 174
1870730 173
1870740 173
1870750 173
1870760 172
1870770 171
1870780 171
1870790 171
1870800 170
1870810 170
1870820 171
1870830 171
1870840 171
1870850 171
1870860 171
1870870 171
1870880 172
1870890 172
1870900 172
1870910 172
1870920 172
1870930 172
1870940 173
1870950 173
1870960 173
1870970 172
1870980 172
1870990 172
1871000 171
1871010 171
1871020 171
1871030 170
1871040 169
1871050 169
1871060 169
1871070 169
1871080 169
1871090 168
1871100 168
1871110 168
1871120 168
1871130 168
1871140 168
1871150 167
1871160 167
1871170 167
1871180 167
1871190 167
1871200 167
1871210 167
1871220 167
1871230 167
1871240 167
1871250 167
1871260 167
1871270 167
1871280 167
1871290 168
1871300 168
1871310 168
1871320 168
1871330 169
1871340 169
1871350 169
1871360 169
1871370 169
1871380 169
1871390 169
1871400 169
1871410 169
1871420 169
1871430 169
1871440 169
1871450 169
1871460 169
1871470 169
1871480 169
1871490 169
1871500 169
1871510 168
1871520 168
1871530 168
1871540 168
1871550 168
1871560 167
1871570 168
1871580 168
1871590 168
1871600 168
1871610 168
1871620 168
1871630 168
1871640 168
1871650 168
1871660 168
1871670 168
1871680 168
1871690 168
1871700 168
1871710 168
1871720 168
1871730 168
1871740 168
1871750 168
1871760 168
1871770 168
1871780 168
1871790 168
1871800 168
1871810 168
1871820 168
1871830 168
1871840 168
1871850 168
1871860 167
1871870 167
1871880 167
1871890 167
1871900 167
1871910 167
1871920 167
1871930 167
1871940 167
1871950 167
1871960 167
1871970 167
1871980 167
1871990 167
1872000 167
1872010 167
1872020 167
1872030 167
1872040 167
1872050 167
1872060 167
1872070 167
1872080 167
1872090 167
1872100 166
1872110 166
1872120 166
1872130 166
1872140 166
1872150 166
1872160 166
1872170 166
1872180 165
1872190 165
1872200 165
1872210 165
1872220 165
1872230 165
1872240 165
1872250 165
1872260 165
1872270 165
1872280 165
1872290 165
1872300 165
1872310 165
1872320 165
1872330 165
1872340 165
1872350 165
1872360 165
1872370 165
1872380 165
1872390 165
1872400 165
1872410 165
1872420 165
1872430 165
1872440 165
1872450 164
1872460 164
1872470 164
1872480 164
1872490 164
1872500 164
1872510 165
1872520 165
1872530 166
1872540 166
1872550 166
1872560 166
1872570 166
1872580 166
1872590 166
1872600 166
1872610 166
1872620 166
1872630 166
1872640 166
1872650 165
1872660 165
1872670 165
1872680 165
1872690 165
1872700 165
1872710 165
1872720 165
1872730 165
1872740 165
1872750 165
1872760 165
1872770 165
1872780 165
1872790 165
1872800 165
1872810 165
1872820 165
1872830 164
1872840 164
1872850 164
1872860 164
1872870 164
1872880 164
1872890 165
1872900 165
1872910 165
1872920 165
1872930 165
1872940 165
1872950 165
1872960 165
1872970 165
1872980 165
1872990 165
1873000 165
1873010 165
1873020 165
1873030 165
1873040 165
1873050 165
1873060 165
1873070 164
1873080 164
1873090 164
1873100 164
1873110 164
1873120 164
1873130 164
1873140 164
1873150 163
1873160 163
1873170 163
1873180 163
1873190 163
1873200 163
1873210 163
1873220 163
1873230 163
1873240 163
1873250 163
1873260 163
1873270 163
1873280 163
1873290 163
1873300 163
1873310 165
1873320 165
1873330 165
1873340 165
1873350 164
1873360 164
1873370 164
1873380 164
1873390 164
1873400 164
1873410 164
1873420 164
1873430 164
1873440 164
1873450 164
1873460 164
1873470 164
1873480 164
1873490 164
1873500 164
1873510 164
1873520 164
1873530 164
1873540 163
1873550 163
1873560 164
1873570 164
1873580 164
1873590 164
1873600 163
1873610 163
1873620 163
1873630 163
1873640 163
1873650 164
1873660 164
1873670 164
1873680 164
1873690 164
1873700 164
1873710 165
1873720 165
1873730 165
1873740 165
1873750 165
1873760 165
1873770 165
1873780 165
1873790 165
1873800 165
1873810 165
1873820 165
1873830 165
1873840 165
1873850 165
1873860 165
1873870 165
1873880 165
1873890 165
1873900 165
1873910 165
1873920 165
1873930 165
1873940 165
1873950 165
1873960 165
1873970 165
1873980 165
1873990 165
1874000 165
1874010 165
1874020 165
1874030 165
1874040 165
1874050 165
1874060 165
1874070 165
1874080 165
1874090 165
1874100 165
1874110 165
1874120 165
1874130 166
1874140 166
1874150 166
1874160 166
1874170 166
1874180 166
1874190 166
1874200 166
1874210 166
1874220 166
1874230 166
1874240 166
1874250 166
1874260 166
1874270 166
1874280 166
1874290 166
1874300 166
1874310 166
1874320 166
1874330 166
1874340 166
1874350 166
1874360 166
1874370 166
1874380 166
1874390 166
1874400 166
1874410 166
1874420 166
1874430 166
1874440 165
1874450 165
1874460 165
1874470 165
1874480 165
1874490 165
1874500 165
1874510 165
1874520 165
1874530 165
1874540 165
1874550 165
1874560 165
1874570 165
1874580 165
1874590 165
1874600 165
1874610 165
1874620 165
1874630 165
1874640 165
1874650 165
1874660 165
1874670 165
1874680 164
1874690 164
1874700 164
1874710 164
1874720 164
1874730 164
1874740 164
1874750 164
1874760 164
1874770 164
1874780 164
1874790 164
1874800 164
1874810 164
1874820 164
1874830 163
1874840 163
1874850 163
1874860 163
1874870 163
1874880 163
1874890 163
1874900 163
1874910 163
1874920 163
1874930 163
1874940 163
1874950 163
1874960 163
1874970 163
1874980 164
1874990 164
1875000 164
1875010 164
1875020 164
1875030 164
1875040 164
1875050 164
1875060 164
1875070 164
1875080 164
1875090 164
1875100 164
1875110 164
1875120 164
1875130 164
1875140 164
1875150 164
1875160 164
1875170 164
1875180 164
1875190 164
1875200 164
1875210 164
1875220 164
1875230 164
1875240 164
1875250 164
1875260 164
1875270 164
1875280 164
1875290 164
1875300 164
1875310 164
1875320 165
1875330 165
1875340 165
1875350 165
1875360 165
1875370 165
1875380 165
1875390 164
1875400 164
1875410 164
1875420 164
1875430 164
1875440 164
1875450 163
1875460 163
1875470 163
1875480 163
1875490 163
1875500 163
1875510 163
1875520 163
1875530 162
1875540 162
1875550 162
1875560 162
1875570 162
1875580 162
1875590 161
1875600 161
1875610 161
1875620 161
1875630 161
1875640 161
1875650 161
1875660 161
1875670 161
1875680 161
1875690 161
1875700 161
1875710 160
1875720 161
1875730 161
1875740 161
1875750 161
1875760 161
1875770 161
1875780 162
1875790 162
1875800 161
1875810 161
1875820 161
1875830 161
1875840 161
1875850 161
1875860 161
1875870 161
1875880 161
1875890 161
1875900 161
1875910 161
1875920 161
1875930 161
1875940 161
1875950 161
1875960 161
1875970 161
1875980 161
1875990 161
1876000 161
1876010 161
1876020 161
1876030 161
1876040 162
1876050 162
1876060 163
1876070 163
1876080 163
1876090 163
1876100 163
1876110 163
1876120 163
1876130 163
1876140 163
1876150 163
1876160 163
1876170 163
1876180 163
1876190 163
1876200 163
1876210 163
1876220 163
1876230 163
1876240 162
1876250 163
1876260 163
1876270 162
1876280 162
1876290 162
1876300 161
1876310 161
1876320 161
1876330 161
1876340 161
1876350 161
1876360 161
1876370 160
1876380 160
1876390 159
1876400 160
1876410 160
1876420 161
1876430 161
1876440 161
1876450 161
1876460 161
1876470 161
1876480 162
1876490 162
1876500 162
1876510 162
1876520 163
1876530 163
1876540 163
1876550 164
1876560 164
1876570 165
1876580 166
1876590 166
1876600 167
1876610 167
1876620 167
1876630 167
1876640 167
1876650 169
1876660 170
1876670 170
1876680 170
1876690 171
1876700 171
1876710 170
1876720 170
1876730 170
1876740 171
1876750 171
1876760 171
1876770 171
1876780 171
1876790 171
1876800 171
1876810 170
1876820 170
1876830 170
1876840 170
1876850 170
1876860 169
1876870 169
1876880 169
1876890 169
1876900 168
1876910 168
1876920 166
1876930 166
1876940 166
1876950 168
1876960 168
1876970 168
1876980 168
1876990 168
1877000 168
1877010 168
1877020 168
1877030 168
1877040 168
1877050 167
1877060 167
1877070 167
1877080 167
1877090 167
1877100 166
1877110 166
1877120 166
1877130 166
1877140 166
1877150 166
1877160 165
1877170 165
1877180 165
1877190 165
1877200 165
1877210 165
1877220 164
1877230 164
1877240 164
1877250 163
1877260 163
1877270 163
1877280 163
1877290 163
1877300 163
1877310 163
1877320 163
1877330 165
1877340 165
1877350 165
1877360 165
1877370 165
1877380 165
1877390 166
1877400 166
1877410 166
1877420 166
1877430 166
1877440 166
1877450 166
1877460 167
1877470 167
1877480 167
1877490 167
1877500 167
1877510 167
1877520 167
1877530 167
1877540 167
1877550 167
1877560 167
1877570 167
1877580 167
1877590 167
1877600 167
1877610 168
1877620 168
1877630 168
1877640 168
1877650 168
1877660 169
1877670 169
1877680 169
1877690 169
1877700 169
1877710 169
1877720 169
1877730 169
1877740 169
1877750 169
1877760 169
1877770 169
1877780 169
1877790 169
1877800 169
1877810 169
1877820 169
1877830 169
1877840 169
1877850 169
1877860 169
1877870 168
1877880 168
1877890 168
1877900 168
1877910 168
1877920 168
1877930 168
1877940 168
1877950 168
1877960 168
1877970 168
1877980 168
1877990 168
1878000 168
1878010 168
1878020 168
1878030 168
1878040 168
1878050 168
1878060 168
1878070 168
1878080 168
1878090 168
1878100 168
1878110 168
1878120 168
1878130 168
1878140 168
1878150 168
1878160 168
1878170 167
1878180 167
1878190 167
1878200 167
1878210 167
1878220 167
1878230 167
1878240 167
1878250 167
1878260 167
1878270 167
1878280 167
1878290 167
1878300 167
1878310 167
1878320 167
1878330 167
1878340 167
1878350 167
1878360 166
1878370 166
1878380 166
1878390 166
1878400 166
1878410 166
1878420 166
1878430 166
1878440 166
1878450 166
1878460 167
1878470 167
1878480 166
1878490 164
1878500 164
1878510 165
1878520 165
1878530 165
1878540 165
1878550 166
1878560 166
1878570 166
1878580 166
1878590 166
1878600 167
1878610 167
1878620 167
1878630 167
1878640 167
1878650 167
1878660 167
1878670 167
1878680 167
1878690 168
1878700 168
1878710 168
1878720 168
1878730 168
1878740 168
1878750 168
1878760 168
1878770 168
1878780 168
1878790 168
1878800 168
1878810 167
1878820 167
1878830 167
1878840 168
1878850 168
1878860 168
1878870 168
1878880 168
1878890 168
1878900 168
1878910 168
1878920 168
1878930 168
1878940 168
1878950 168
1878960 168
1878970 168
1878980 168
1878990 168
1879000 168
1879010 168
1879020 168
1879030 168
1879040 168
1879050 168
1879060 168
1879070 168
1879080 168
1879090 168
1879100 168
1879110 168
1879120 168
1879130 168
1879140 168
1879150 168
1879160 168
1879170 168
1879180 168
1879190 168
1879200 168
1879210 168
1879220 168
1879230 168
1879240 168
1879250 168
1879260 168
1879270 168
1879280 168
1879290 168
1879300 168
1879310 168
1879320 168
1879330 168
1879340 168
1879350 168
1879360 168
1879370 168
1879380 168
1879390 168
1879400 168
1879410 168
1879420 168
1879430 168
1879440 168
1879450 168
1879460 168
1879470 168
1879480 168
1879490 168
1879500 168
1879510 168
1879520 168
1879530 168
1879540 168
1879550 167
1879560 167
1879570 168
1879580 168
1879590 168
1879600 168
1879610 168
1879620 168
1879630 168
1879640 168
1879650 168
1879660 168
1879670 168
1879680 168
1879690 168
1879700 167
1879710 167
1879720 167
1879730 167
1879740 167
1879750 167
1879760 167
1879770 167
1879780 167
1879790 167
1879800 167
1879810 167
1879820 167
1879830 167
1879840 167
1879850 167
1879860 167
1879870 167
1879880 167
1879890 167
1879900 166
1879910 166
1879920 166
1879930 166
1879940 166
1879950 166
1879960 166
1879970 166
1879980 165
1879990 165
1860000 195
1860010 195
1860020 195
1860030 195
1860040 195
1860050 195
1860060 195
1860070 195
1860080 195
1860090 195
1860100 195
1860110 195
1860120 195
1860130 195
1860140 195
1860150 195
1860160 195
1860170 195
1860180 195
1860190 195
1860200 195
1860210 195
1860220 195
1860230 195
1860240 195
1860250 195
1860260 195
1860270 195
1860280 195
1860290 195
1860300 196
1860310 196
1860320 196
1860330 196
1860340 196
1860350 196
1860360 197
1860370 198
1860380 198
1860390 198
1860400 199
1860410 199
1860420 200
1860430 201
1860440 201
1860450 203
1860460 204
1860470 204
1860480 205
1860490 206
1860500 206
1860510 207
1860520 207
1860530 207
1860540 208
1860550 209
1860560 209
1860570 210
1860580 211
1860590 211
1860600 212
1860610 213
1860620 213
1860630 213
1860640 214
1860650 215
1860660 215
1860670 216
1860680 216
1860690 217
1860700 217
1860710 217
1860720 218
1860730 218
1860740 218
1860750 219
1860760 219
1860770 219
1860780 220
1860790 220
1860800 220
1860810 221
1860820 221
1860830 221
1860840 222
1860850 222
1860860 222
1860870 222
1860880 222
1860890 223
1860900 223
1860910 223
1860920 223
1860930 224
1860940 224
1860950 224
1860960 224
1860970 224
1860980 224
1860990 225
1861000 225
1861010 225
1861020 225
1861030 225
1861040 225
1861050 225
1861060 225
1861070 225
1861080 225
1861090 225
1861100 225
1861110 224
1861120 224
1861130 224
1861140 224
1861150 224
1861160 223
1861170 223
1861180 223
1861190 222
1861200 221
1861210 221
1861220 221
1861230 220
1861240 220
1861250 220
1861260 219
1861270 219
1861280 219
1861290 219
1861300 219
1861310 219
1861320 219
1861330 219
1861340 220
1861350 220
1861360 221
1861370 222
1861380 222
1861390 222
1861400 223
1861410 223
1861420 223
1861430 223
1861440 223
1861450 223
1861460 223
1861470 223
1861480 223
1861490 223
1861500 223
1861510 222
1861520 222
1861530 222
1861540 221
1861550 220
1861560 220
1861570 220
1861580 219
1861590 219
1861600 218
1861610 217
1861620 217
1861630 216
1861640 215
1861650 215
1861660 213
1861670 212
1861680 212
1861690 210
1861700 209
1861710 209
1861720 207
1861730 206
1861740 206
1861750 205
1861760 204
1861770 204
1861780 203
1861790 203
1861800 203
1861810 202
1861820 203
1861830 203
1861840 203
1861850 204
1861860 204
1861870 205
1861880 206
1861890 206
1861900 207
1861910 207
1861920 210
1861930 213
1861940 213
1861950 215
1861960 219
1861970 219
1861980 221
1861990 223
1862000 223
1862010 224
1862020 225
1862030 225
1862040 225
1862050 226
1862060 226
1862070 226
1862080 226
1862090 226
1862100 226
1862110 226
1862120 226
1862130 225
1862140 225
1862150 225
1862160 224
1862170 223
1862180 223
1862190 221
1862200 220
1862210 220
1862220 219
1862230 217
1862240 217
1862250 216
1862260 214
1862270 214
1862280 213
1862290 211
1862300 211
1862310 210
1862320 210
1862330 210
1862340 210
1862350 210
1862360 210
1862370 209
1862380 210
1862390 210
1862400 209
1862410 209
1862420 209
1862430 210
1862440 210
1862450 210
1862460 212
1862470 212
1862480 213
1862490 215
1862500 215
1862510 217
1862520 218
1862530 218
1862540 220
1862550 222
1862560 222
1862570 222
1862580 223
1862590 223
1862600 223
1862610 223
1862620 223
1862630 223
1862640 223
1862650 223
1862660 223
1862670 223
1862680 223
1862690 223
1862700 223
1862710 223
1862720 223
1862730 223
1862740 223
1862750 223
1862760 222
1862770 222
1862780 222
1862790 221
1862800 221
1862810 221
1862820 220
1862830 220
1862840 220
1862850 220
1862860 220
1862870 220
1862880 220
1862890 220
1862900 221
1862910 221
1862920 221
1862930 221
1862940 222
1862950 222
1862960 222
1862970 222
1862980 222
1862990 222
1863000 222
1863010 222
1863020 223
1863030 223
1863040 223
1863050 223
1863060 223
1863070 223
1863080 223
1863090 223
1863100 223
1863110 223
1863120 223
1863130 223
1863140 223
1863150 223
1863160 223
1863170 223
1863180 223
1863190 223
1863200 223
1863210 223
1863220 222
1863230 222
1863240 222
1863250 222
1863260 222
1863270 222
1863280 222
1863290 222
1863300 222
1863310 222
1863320 222
1863330 222
1863340 222
1863350 222
1863360 222
1863370 222
1863380 222
1863390 222
1863400 222
1863410 222
1863420 222
1863430 222
1863440 222
1863450 222
1863460 221
1863470 221
1863480 221
1863490 221
1863500 221
1863510 221
1863520 221
1863530 221
1863540 221
1863550 221
1863560 221
1863570 221
1863580 221
1863590 221
1863600 220
1863610 220
1863620 220
1863630 220
1863640 220
1863650 220
1863660 220
1863670 220
1863680 220
1863690 220
1863700 220
1863710 220
1863720 220
1863730 220
1863740 220
1863750 220
1863760 219
1863770 219
1863780 219
1863790 218
1863800 218
1863810 218
1863820 218
1863830 218
1863840 218
1863850 218
1863860 218
1863870 218
1863880 218
1863890 218
1863900 217
1863910 217
1863920 217
1863930 217
1863940 217
1863950 217
1863960 217
1863970 217
1863980 217
1863990 217
1864000 217
1864010 217
1864020 217
1864030 217
1864040 217
1864050 217
1864060 217
1864070 217
1864080 217
1864090 217
1864100 217
1864110 216
1864120 216
1864130 216
1864140 216
1864150 216
1864160 216
1864170 216
1864180 216
1864190 216
1864200 216
1864210 216
1864220 216
1864230 216
1864240 216
1864250 216
1864260 216
1864270 216
1864280 216
1864290 216
1864300 216
1864310 216
1864320 216
1864330 216
1864340 216
1864350 216
1864360 216
1864370 216
1864380 216
1864390 216
1864400 215
1864410 215
1864420 215
1864430 215
1864440 215
1864450 215
1864460 215
1864470 215
1864480 215
1864490 215
1864500 214
1864510 214
1864520 214
1864530 214
1864540 214
1864550 214
1864560 214
1864570 214
1864580 214
1864590 213
1864600 213
1864610 213
1864620 213
1864630 213
1864640 213
1864650 213
1864660 213
1864670 213
1864680 213
1864690 212
1864700 212
1864710 212
1864720 212
1864730 212
1864740 212
1864750 212
1864760 212
1864770 212
1864780 212
1864790 212
1864800 211
1864810 211
1864820 210
1864830 210
1864840 210
1864850 210
1864860 210
1864870 210
1864880 210
1864890 210
1864900 210
1864910 210
1864920 210
1864930 210
1864940 210
1864950 210
1864960 210
1864970 210
1864980 210
1864990 209
1865000 209
1865010 209
1865020 209
1865030 208
1865040 208
1865050 208
1865060 208
1865070 208
1865080 207
1865090 206
1865100 206
1865110 206
1865120 205
1865130 205
1865140 205
1865150 204
1865160 204
1865170 203
1865180 203
1865190 202
1865200 200
1865210 200
1865220 198
1865230 197
1865240 197
1865250 195
1865260 193
1865270 193
1865280 191
1865290 190
1865300 190
1865310 190
1865320 191
1865330 191
1865340 192
1865350 195
1865360 195
1865370 196
1865380 197
1865390 197
1865400 199
1865410 199
1865420 199
1865430 200
1865440 200
1865450 200
1865460 200
1865470 201
1865480 201
1865490 199
1865500 200
1865510 200
1865520 200
1865530 201
1865540 201
1865550 202
1865560 202
1865570 202
1865580 203
1865590 203
1865600 203
1865610 202
1865620 202
1865630 202
1865640 201
1865650 200
1865660 200
1865670 199
1865680 199
1865690 199
1865700 198
1865710 198
1865720 198
1865730 198
1865740 198
1865750 198
1865760 198
1865770 198
1865780 198
1865790 198
1865800 198
1865810 198
1865820 198
1865830 197
1865840 197
1865850 198
1865860 198
1865870 198
1865880 199
1865890 199
1865900 199
1865910 199
1865920 199
1865930 199
1865940 199
1865950 199
1865960 200
1865970 200
1865980 200
1865990 200
1866000 200
1866010 200
1866020 200
1866030 200
1866040 200
1866050 199
1866060 199
1866070 199
1866080 199
1866090 199
1866100 199
1866110 199
1866120 199
1866130 199
1866140 199
1866150 199
1866160 199
1866170 197
1866180 197
1866190 197
1866200 197
1866210 197
1866220 197
1866230 197
1866240 196
1866250 196
1866260 196
1866270 196
1866280 196
1866290 196
1866300 196
1866310 195
1866320 195
1866330 195
1866340 195
1866350 195
1866360 195
1866370 194
1866380 194
1866390 194
1866400 194
1866410 193
1866420 193
1866430 193
1866440 192
1866450 192
1866460 191
1866470 191
1866480 191
1866490 190
1866500 189
1866510 189
1866520 188
1866530 187
1866540 187
1866550 187
1866560 187
1866570 187
1866580 187
1866590 187
1866600 187
1866610 187
1866620 186
1866630 186
1866640 186
1866650 186
1866660 186
1866670 186
1866680 185
1866690 185
1866700 185
1866710 184
1866720 184
1866730 184
1866740 185
1866750 185
1866760 185
1866770 186
1866780 186
1866790 187
1866800 187
1866810 187
1866820 187
1866830 187
1866840 186
1866850 186
1866860 185
1866870 184
1866880 184
1866890 184
1866900 185
1866910 185
1866920 185
1866930 185
1866940 185
1866950 185
1866960 185
1866970 184
1866980 184
1866990 184
1867000 184
1867010 184
1867020 184
1867030 183
1867040 183
1867050 183
1867060 183
1867070 183
1867080 183
1867090 183
1867100 183
1867110 184
1867120 185
1867130 185
1867140 185
1867150 185
1867160 185
1867170 185
1867180 185
1867190 185
1867200 185
1867210 185
1867220 185
1867230 184
1867240 184
1867250 184
1867260 183
1867270 182
1867280 182
1867290 181
1867300 181
1867310 181
1867320 180
1867330 180
1867340 180
1867350 179
1867360 179
1867370 178
1867380 178
1867390 178
1867400 178
1867410 178
1867420 178
1867430 178
1867440 178
1867450 178
1867460 178
1867470 178
1867480 178
1867490 178
1867500 178
1867510 178
1867520 178
1867530 178
1867540 178
1867550 178
1867560 178
1867570 178
1867580 178
1867590 178
1867600 178
1867610 178
1867620 178
1867630 178
1867640 178
1867650 179
1867660 179
1867670 180
1867680 178
1867690 178
1867700 177
1867710 176
1867720 176
1867730 176
1867740 176
1867750 176
1867760 176
1867770 176
1867780 176
1867790 176
1867800 176
1867810 176
1867820 176
1867830 176
1867840 176
1867850 176
1867860 176
1867870 176
1867880 176
1867890 176
1867900 176
1867910 176
1867920 176
1867930 176
1867940 176
1867950 176
1867960 176
1867970 176
1867980 176
1867990 176
1868000 176
1868010 176
1868020 176
1868030 176
1868040 176
1868050 176
1868060 176
1868070 176
1868080 176
1868090 176
1868100 176
1868110 176
1868120 176
1868130 176
1868140 176
1868150 176
1868160 176
1868170 176
1868180 176
1868190 176
1868200 176
1868210 176
1868220 176
1868230 177
1868240 177
1868250 177
1868260 177
1868270 177
1868280 177
1868290 177
1868300 176
1868310 176
1868320 176
1868330 176
1868340 176
1868350 176
1868360 176
1868370 176
1868380 176
1868390 176
1868400 176
1868410 176
1868420 176
1868430 176
1868440 176
1868450 176
1868460 176
1868470 177
1868480 177
1868490 176
1868500 177
1868510 177
1868520 177
1868530 177
1868540 177
1868550 178
1868560 182
1868570 182
1868580 184
1868590 184
1868600 184
1868610 185
1868620 185
1868630 185
1868640 185
1868650 185
1868660 185
1868670 185
1868680 184
1868690 184
1868700 183
1868710 182
1868720 182
1868730 182
1868740 181
1868750 181
1868760 181
1868770 180
1868780 180
1868790 180
1868800 179
1868810 179
1868820 180
1868830 181
1868840 181
1868850 180
1868860 181
1868870 181
1868880 181
1868890 179
1868900 179
1868910 178
1868920 177
1868930 177
1868940 176
1868950 175
1868960 175
1868970 175
1868980 175
1868990 175
1869000 175
1869010 175
1869020 175
1869030 175
1869040 175
1869050 175
1869060 175
1869070 175
1869080 175
1869090 176
1869100 176
1869110 176
1869120 176
1869130 176
1869140 177
1869150 178
1869160 178
1869170 179
1869180 180
1869190 180
1869200 181
1869210 183
1869220 183
1869230 186
1869240 188
1869250 189
1869260 192
1869270 195
1869280 195
1869290 198
1869300 199
1869310 199
1869320 200
1869330 200
1869340 200
1869350 201
1869360 201
1869370 201
1869380 201
1869390 201
1869400 201
1869410 201
1869420 201
1869430 201
1869440 201
1869450 201
1869460 201
1869470 200
1869480 200
1869490 200
1869500 200
1869510 200
1869520 200
1869530 200
1869540 200
1869550 199
1869560 199
1869570 199
1869580 198
1869590 198
1869600 198
1869610 197
1869620 197
1869630 197
1869640 197
1869650 197
1869660 197
1869670 197
1869680 197
1869690 197
1869700 197
1869710 197
1869720 197
1869730 196
1869740 196
1869750 196
1869760 195
1869770 195
1869780 195
1869790 194
1869800 192
1869810 192
1869820 191
1869830 189
1869840 189
1869850 188
1869860 186
1869870 186
1869880 185
1869890 183
1869900 183
1869910 182
1869920 182
1869930 182
1869940 182
1869950 183
1869960 183
1869970 184
1869980 186
1869990 186
1870000 188
1870010 189
1870020 189
1870030 190
1870040 190
1870050 190
1870060 191
1870070 191
1870080 191
1870090 190
1870100 190
1870110 190
1870120 189
1870130 189
1870140 189
1870150 187
1870160 187
1870170 187
1870180 186
1870190 186
1870200 185
1870210 184
1870220 184
1870230 184
1870240 183
1870250 183
1870260 182
1870270 183
1870280 183
1870290 182
1870300 182
1870310 182
1870320 181
1870330 181
1870340 181
1870350 181
1870360 180
1870370 180
1870380 180
1870390 179
1870400 179
1870410 179
1870420 178
1870430 178
1870440 178
1870450 177
1870460 177
1870470 177
1870480 177
1870490 177
1870500 176
1870510 176
1870520 176
1870530 176
1870540 175
1870550 175
1870560 175
1870570 175
1870580 175
1870590 175
1870600 176
1870610 176
1870620 176
1870630 176
1870640 175
1870650 175
1870660 175
1870670 175
1870680 175
1870690 175
1870700 174
1870710 174
1870720 174
1870730 173
1870740 173
1870750 173
1870760 172
1870770 171
1870780 171
1870790 171
1870800 170
1870810 170
1870820 171
1870830 171
1870840 171
1870850 171
1870860 171
1870870 171
1870880 172
1870890 172
1870900 172
1870910 172
1870920 172
1870930 172
1870940 173
1870950 173
1870960 173
1870970 172
1870980 172
1870990 172
1871000 171
1871010 171
1871020 171
1871030 170
1871040 169
1871050 169
1871060 169
1871070 169
1871080 169
1871090 168
1871100 168
1871110 168
1871120 168
1871130 168
1871140 168
1871150 167
1871160 167
1871170 167
1871180 167
1871190 167
1871200 167
1871210 167
1871220 167
1871230 167
1871240 167
1871250 167
1871260 167
1871270 167
1871280 167
1871290 168
1871300 168
1871310 168
1871320 168
1871330 169
1871340 169
1871350 169
1871360 169
1871370 169
1871380 169
1871390 169
1871400 169
1871410 169
1871420 169
1871430 169
1871440 169
1871450 169
1871460 169
1871470 169
1871480 169
1871490 169
1871500 169
1871510 168
1871520 168
1871530 168
1871540 168
1871550 168
1871560 167
1871570 168
1871580 168
1871590 168
1871600 168
1871610 168
1871620 168
1871630 168
1871640 168
1871650 168
1871660 168
1871670 168
1871680 168
1871690 168
1871700 168
1871710 168
1871720 168
1871730 168
1871740 168
1871750 168
1871760 168
1871770 168
1871780 168
1871790 168
1871800 168
1871810 168
1871820 168
1871830 168
1871840 168
1871850 168
1871860 167
1871870 167
1871880 167
1871890 167
1871900 167
1871910 167
1871920 167
1871930 167
1871940 167
1871950 167
1871960 167
1871970 167
1871980 167
1871990 167
1872000 167
1872010 167
1872020 167
1872030 167
1872040 167
1872050 167
1872060 167
1872070 167
1872080 167
1872090 167
1872100 166
1872110 166
1872120 166
1872130 166
1872140 166
1872150 166
1872160 166
1872170 166
1872180 165
1872190 165
1872200 165
1872210 165
1872220 165
1872230 165
1872240 165
1872250 165
1872260 165
1872270 165
1872280 165
1872290 165
1872300 165
1872310 165
1872320 165
1872330 165
1872340 165
1872350 165
1872360 165
1872370 165
1872380 165
1872390 165
1872400 165
1872410 165
1872420 165
1872430 165
1872440 165
1872450 164
1872460 164
1872470 164
1872480 164
1872490 164
1872500 164
1872510 165
1872520 165
1872530 166
1872540 166
1872550 166
1872560 166
1872570 166
1872580 166
1872590 166
1872600 166
1872610 166
1872620 166
1872630 166
1872640 166
1872650 165
1872660 165
1872670 165
1872680 165
1872690 165
1872700 165
1872710 165
1872720 165
1872730 165
1872740 165
1872750 165
1872760 165
1872770 165
1872780 165
1872790 165
1872800 165
1872810 165
1872820 165
1872830 164
1872840 164
1872850 164
1872860 164
1872870 164
1872880 164
1872890 165
1872900 165
1872910 165
1872920 165
1872930 165
1872940 165
1872950 165
1872960 165
1872970 165
1872980 165
1872990 165
1873000 165
1873010 165
1873020 165
1873030 165
1873040 165
1873050 165
1873060 165
1873070 164
1873080 164
1873090 164
1873100 164
1873110 164
1873120 164
1873130 164
1873140 164
1873150 163
1873160 163
1873170 163
1873180 163
1873190 163
1873200 163
1873210 163
1873220 163
1873230 163
1873240 163
1873250 163
1873260 163
1873270 163
1873280 163
1873290 163
1873300 163
1873310 165
1873320 165
1873330 165
1873340 165
1873350 164
1873360 164
1873370 164
1873380 164
1873390 164
1873400 164
1873410 164
1873420 164
1873430 164
1873440 164
1873450 164
1873460 164
1873470 164
1873480 164
1873490 164
1873500 164
1873510 164
1873520 164
1873530 164
1873540 163
1873550 163
1873560 164
1873570 164
1873580 164
1873590 164
1873600 163
1873610 163
1873620 163
1873630 163
1873640 163
1873650 164
1873660 164
1873670 164
1873680 164
1873690 164
1873700 164
1873710 165
1873720 165
1873730 165
1873740 165
1873750 165
1873760 165
1873770 165
1873780 165
1873790 165
1873800 165
1873810 165
1873820 165
1873830 165
1873840 165
1873850 165
1873860 165
1873870 165
1873880 165
1873890 165
1873900 165
1873910 165
1873920 165
1873930 165
1873940 165
1873950 165
1873960 165
1873970 165
1873980 165
1873990 165
1874000 165
1874010 165
1874020 165
1874030 165
1874040 165
1874050 165
1874060 165
1874070 165
1874080 165
1874090 165
1874100 165
1874110 165
1874120 165
1874130 166
1874140 166
1874150 166
1874160 166
1874170 166
1874180 166
1874190 166
1874200 166
1874210 166
1874220 166
1874230 166
1874240 166
1874250 166
1874260 166
1874270 166
1874280 166
1874290 166
1874300 166
1874310 166
1874320 166
1874330 166
1874340 166
1874350 166
1874360 166
1874370 166
1874380 166
1874390 166
1874400 166
1874410 166
1874420 166
1874430 166
1874440 165
1874450 165
1874460 165
1874470 165
1874480 165
1874490 165
1874500 165
1874510 165
1874520 165
1874530 165
1874540 165
1874550 165
1874560 165
1874570 165
1874580 165
1874590 165
1874600 165
1874610 165
1874620 165
1874630 165
1874640 165
1874650 165
1874660 165
1874670 165
1874680 164
1874690 164
1874700 164
1874710 164
1874720 164
1874730 164
1874740 164
1874750 164
1874760 164
1874770 164
1874780 164
1874790 164
1874800 164
1874810 164
1874820 164
1874830 163
1874840 163
1874850 163
1874860 163
1874870 163
1874880 163
1874890 163
1874900 163
1874910 163
1874920 163
1874930 163
1874940 163
1874950 163
1874960 163
1874970 163
1874980 164
1874990 164
1875000 164
1875010 164
1875020 164
1875030 164
1875040 164
1875050 164
1875060 164
1875070 164
1875080 164
1875090 164
1875100 164
1875110 164
1875120 164
1875130 164
1875140 164
1875150 164
1875160 164
1875170 164
1875180 164
1875190 164
1875200 164
1875210 164
1875220 164
1875230 164
1875240 164
1875250 164
1875260 164
1875270 164
1875280 164
1875290 164
1875300 164
1875310 164
1875320 165
1875330 165
1875340 165
1875350 165
1875360 165
1875370 165
1875380 165
1875390 164
1875400 164
1875410 164
1875420 164
1875430 164
1875440 164
1875450 163
1875460 163
1875470 163
1875480 163
1875490 163
1875500 163
1875510 163
1875520 163
1875530 162
1875540 162
1875550 162
1875560 162
1875570 162
1875580 162
1875590 161
1875600 161
1875610 161
1875620 161
1875630 161
1875640 161
1875650 161
1875660 161
1875670 161
1875680 161
1875690 161
1875700 161
1875710 160
1875720 161
1875730 161
1875740 161
1875750 161
1875760 161
1875770 161
1875780 162
1875790 162
1875800 161
1875810 161
1875820 161
1875830 161
1875840 161
1875850 161
1875860 161
1875870 161
1875880 161
1875890 161
1875900 161
1875910 161
1875920 161
1875930 161
1875940 161
1875950 161
1875960 161
1875970 161
1875980 161
1875990 161
1876000 161
1876010 161
1876020 161
1876030 161
1876040 162
1876050 162
1876060 163
1876070 163
1876080 163
1876090 163
1876100 163
1876110 163
1876120 163
1876130 163
1876140 163
1876150 163
1876160 163
1876170 163
1876180 163
1876190 163
1876200 163
1876210 163
1876220 163
1876230 163
1876240 162
1876250 163
1876260 163
1876270 162
1876280 162
1876290 162
1876300 161
1876310 161
1876320 161
1876330 161
1876340 161
1876350 161
1876360 161
1876370 160
1876380 160
1876390 159
1876400 160
1876410 160
1876420 161
1876430 161
1876440 161
1876450 161
1876460 161
1876470 161
1876480 162
1876490 162
1876500 162
1876510 162
1876520 163
1876530 163
1876540 163
1876550 164
1876560 164
1876570 165
1876580 166
1876590 166
1876600 167
1876610 167
1876620 167
1876630 167
1876640 167
1876650 169
1876660 170
1876670 170
1876680 170
1876690 171
1876700 171
1876710 170
1876720 170
1876730 170
1876740 171
1876750 171
1876760 171
1876770 171
1876780 171
1876790 171
1876800 171
1876810 170
1876820 170
1876830 170
1876840 170
1876850 170
1876860 169
1876870 169
1876880 169
1876890 169
1876900 168
1876910 168
1876920 166
1876930 166
1876940 166
1876950 168
1876960 168
1876970 168
1876980 168
1876990 168
1877000 168
1877010 168
1877020 168
1877030 168
1877040 168
1877050 167
1877060 167
1877070 167
1877080 167
1877090 167
1877100 166
1877110 166
1877120 166
1877130 166
1877140 166
1877150 166
1877160 165
1877170 165
1877180 165
1877190 165
1877200 165
1877210 165
1877220 164
1877230 164
1877240 164
1877250 163
1877260 163
1877270 163
1877280 163
1877290 163
1877300 163
1877310 163
1877320 163
1877330 165
1877340 165
1877350 165
1877360 165
1877370 165
1877380 165
1877390 166
1877400 166
1877410 166
1877420 166
1877430 166
1877440 166
1877450 166
1877460 167
1877470 167
1877480 167
1877490 167
1877500 167
1877510 167
1877520 167
1877530 167
1877540 167
1877550 167
1877560 167
1877570 167
1877580 167
1877590 167
1877600 167
1877610 168
1877620 168
1877630 168
1877640 168
1877650 168
1877660 169
1877670 169
1877680 169
1877690 169
1877700 169
1877710 169
1877720 169
1877730 169
1877740 169
1877750 169
1877760 169
1877770 169
1877780 169
1877790 169
1877800 169
1877810 169
1877820 169
1877830 169
1877840 169
1877850 169
1877860 169
1877870 168
1877880 168
1877890 168
1877900 168
1877910 168
1877920 168
1877930 168
1877940 168
1877950 168
1877960 168
1877970 168
1877980 168
1877990 168
1878000 168
1878010 168
1878020 168
1878030 168
1878040 168
1878050 168
1878060 168
1878070 168
1878080 168
1878090 168
1878100 168
1878110 168
1878120 168
1878130 168
1878140 168
1878150 168
1878160 168
1878170 167
1878180 167
1878190 167
1878200 167
1878210 167
1878220 167
1878230 167
1878240 167
1878250 167
1878260 167
1878270 167
1878280 167
1878290 167
1878300 167
1878310 167
1878320 167
1878330 167
1878340 167
1878350 167
1878360 166
1878370 166
1878380 166
1878390 166
1878400 166
1878410 166
1878420 166
1878430 166
1878440 166
1878450 166
1878460 167
1878470 167
1878480 166
1878490 164
1878500 164
1878510 165
1878520 165
1878530 165
1878540 165
1878550 166
1878560 166
1878570 166
1878580 166
1878590 166
1878600 167
1878610 167
1878620 167
1878630 167
1878640 167
1878650 167
1878660 167
1878670 167
1878680 167
1878690 168
1878700 168
1878710 168
1878720 168
1878730 168
1878740 168
1878750 168
1878760 168
1878770 168
1878780 168
1878790 168
1878800 168
1878810 167
1878820 167
1878830 167
1878840 168
1878850 168
1878860 168
1878870 168
1878880 168
1878890 168
1878900 168
1878910 168
1878920 168
1878930 168
1878940 168
1878950 168
1878960 168
1878970 168
1878980 168
1878990 168
1879000 168
1879010 168
1879020 168
1879030 168
1879040 168
1879050 168
1879060 168
1879070 168
1879080 168
1879090 168
1879100 168
1879110 168
1879120 168
1879130 168
1879140 168
1879150 168
1879160 168
1879170 168
1879180 168
1879190 168
1879200 168
1879210 168
1879220 168
1879230 168
1879240 168
1879250 168
1879260 168
1879270 168
1879280 168
1879290 168
1879300 168
1879310 168
1879320 168
1879330 168
1879340 168
1879350 168
1879360 168
1879370 168
1879380 168
1879390 168
1879400 168
1879410 168
1879420 168
1879430 168
1879440 168
1879450 168
1879460 168
1879470 168
1879480 168
1879490 168
1879500 168
1879510 168
1879520 168
1879530 168
1879540 168
1879550 167
1879560 167
1879570 168
1879580 168
1879590 168
1879600 168
1879610 168
1879620 168
1879630 168
1879640 168
1879650 168
1879660 168
1879670 168
1879680 168
1879690 168
1879700 167
1879710 167
1879720 167
1879730 167
1879740 167
1879750 167
1879760 167
1879770 167
1879780 167
1879790 167
1879800 167
1879810 167
1879820 167
1879830 167
1879840 167
1879850 167
1879860 167
1879870 167
1879880 167
1879890 167
1879900 166
1879910 166
1879920 166
1879930 166
1879940 166
1879950 166
1879960 166
1879970 166
1879980 165
1879990 165
