1860000 214
1860010 213
1860020 213
1860030 213
1860040 212
1860050 212
1860060 212
1860070 211
1860080 211
1860090 210
1860100 210
1860110 210
1860120 209
1860130 208
1860140 208
1860150 208
1860160 207
1860170 207
1860180 206
1860190 206
1860200 206
1860210 205
1860220 205
1860230 205
1860240 203
1860250 203
1860260 203
1860270 202
1860280 202
1860290 202
1860300 201
1860310 200
1860320 200
1860330 199
1860340 199
1860350 199
1860360 198
1860370 197
1860380 197
1860390 196
1860400 196
1860410 196
1860420 195
1860430 194
1860440 194
1860450 194
1860460 194
1860470 193
1860480 193
1860490 193
1860500 193
1860510 193
1860520 193
1860530 193
1860540 193
1860550 193
1860560 193
1860570 193
1860580 193
1860590 193
1860600 193
1860610 193
1860620 193
1860630 193
1860640 193
1860650 193
1860660 193
1860670 193
1860680 193
1860690 193
1860700 193
1860710 192
1860720 192
1860730 192
1860740 192
1860750 192
1860760 192
1860770 192
1860780 192
1860790 192
1860800 192
1860810 192
1860820 192
1860830 192
1860840 192
1860850 192
1860860 193
1860870 192
1860880 192
1860890 192
1860900 192
1860910 192
1860920 191
1860930 192
1860940 192
1860950 192
1860960 192
1860970 192
1860980 192
1860990 192
1861000 192
1861010 192
1861020 192
1861030 192
1861040 192
1861050 192
1861060 192
1861070 192
1861080 192
1861090 192
1861100 192
1861110 192
1861120 192
1861130 192
1861140 192
1861150 192
1861160 193
1861170 193
1861180 193
1861190 193
1861200 193
1861210 194
1861220 194
1861230 194
1861240 195
1861250 196
1861260 196
1861270 196
1861280 197
1861290 199
1861300 200
1861310 200
1861320 200
1861330 201
1861340 202
1861350 202
1861360 203
1861370 203
1861380 203
1861390 202
1861400 201
1861410 201
1861420 199
1861430 198
1861440 198
1861450 197
1861460 197
1861470 197
1861480 198
1861490 199
1861500 199
1861510 202
1861520 203
1861530 203
1861540 205
1861550 205
1861560 207
1861570 208
1861580 208
1861590 209
1861600 209
1861610 209
1861620 210
1861630 211
1861640 211
1861650 211
1861660 211
1861670 211
1861680 211
1861690 212
1861700 212
1861710 212
1861720 212
1861730 212
1861740 212
1861750 212
1861760 212
1861770 212
1861780 212
1861790 212
1861800 212
1861810 211
1861820 211
1861830 211
1861840 211
1861850 211
1861860 211
1861870 210
1861880 210
1861890 210
1861900 210
1861910 210
1861920 210
1861930 209
1861940 209
1861950 208
1861960 207
1861970 207
1861980 205
1861990 204
1862000 204
1862010 202
1862020 201
1862030 201
1862040 199
1862050 198
1862060 198
1862070 197
1862080 197
1862090 196
1862100 195
1862110 195
1862120 194
1862130 193
1862140 193
1862150 193
1862160 193
1862170 193
1862180 193
1862190 193
1862200 193
1862210 193
1862220 193
1862230 193
1862240 192
1862250 192
1862260 192
1862270 192
1862280 193
1862290 193
1862300 194
1862310 195
1862320 195
1862330 197
1862340 200
1862350 200
1862360 205
1862370 207
1862380 207
1862390 208
1862400 209
1862410 209
1862420 209
1862430 210
1862440 210
1862450 210
1862460 211
1862470 211
1862480 211
1862490 211
1862500 211
1862510 211
1862520 211
1862530 211
1862540 211
1862550 210
1862560 210
1862570 210
1862580 209
1862590 209
1862600 208
1862610 207
1862620 207
1862630 206
1862640 206
1862650 207
1862660 208
1862670 210
1862680 210
1862690 211
1862700 211
1862710 211
1862720 211
1862730 211
1862740 211
1862750 211
1862760 211
1862770 212
1862780 212
1862790 212
1862800 212
1862810 212
1862820 212
1862830 212
1862840 212
1862850 212
1862860 211
1862870 210
1862880 210
1862890 209
1862900 207
1862910 207
1862920 206
1862930 205
1862940 205
1862950 204
1862960 203
1862970 203
1862980 202
1862990 202
1863000 202
1863010 203
1863020 204
1863030 204
1863040 205
1863050 207
1863060 207
1863070 208
1863080 209
1863090 209
1863100 211
1863110 212
1863120 212
1863130 214
1863140 215
1863150 215
1863160 216
1863170 217
1863180 217
1863190 217
1863200 217
1863210 218
1863220 218
1863230 218
1863240 219
1863250 219
1863260 219
1863270 219
1863280 219
1863290 219
1863300 220
1863310 220
1863320 220
1863330 220
1863340 220
1863350 220
1863360 220
1863370 220
1863380 220
1863390 220
1863400 220
1863410 220
1863420 220
1863430 220
1863440 220
1863450 220
1863460 220
1863470 220
1863480 220
1863490 220
1863500 220
1863510 220
1863520 220
1863530 220
1863540 220
1863550 220
1863560 220
1863570 219
1863580 219
1863590 219
1863600 219
1863610 219
1863620 219
1863630 219
1863640 219
1863650 219
1863660 219
1863670 219
1863680 219
1863690 219
1863700 219
1863710 219
1863720 219
1863730 219
1863740 219
1863750 219
1863760 219
1863770 219
1863780 219
1863790 219
1863800 219
1863810 219
1863820 219
1863830 219
1863840 219
1863850 219
1863860 219
1863870 219
1863880 219
1863890 219
1863900 219
1863910 219
1863920 219
1863930 219
1863940 219
1863950 219
1863960 218
1863970 218
1863980 218
1863990 218
1864000 218
1864010 218
1864020 218
1864030 218
1864040 218
1864050 218
1864060 218
1864070 218
1864080 218
1864090 218
1864100 217
1864110 217
1864120 217
1864130 217
1864140 217
1864150 217
1864160 217
1864170 217
1864180 217
1864190 217
1864200 217
1864210 217
1864220 217
1864230 217
1864240 217
1864250 217
1864260 217
1864270 217
1864280 217
1864290 217
1864300 217
1864310 217
1864320 217
1864330 217
1864340 217
1864350 217
1864360 217
1864370 217
1864380 217
1864390 217
1864400 217
1864410 217
1864420 217
1864430 217
1864440 217
1864450 217
1864460 217
1864470 217
1864480 217
1864490 217
1864500 217
1864510 217
1864520 216
1864530 216
1864540 216
1864550 216
1864560 216
1864570 216
1864580 216
1864590 216
1864600 216
1864610 216
1864620 216
1864630 216
1864640 216
1864650 216
1864660 216
1864670 216
1864680 216
1864690 216
1864700 216
1864710 216
1864720 216
1864730 216
1864740 216
1864750 217
1864760 217
1864770 217
1864780 217
1864790 217
1864800 217
1864810 217
1864820 217
1864830 217
1864840 216
1864850 216
1864860 216
1864870 216
1864880 216
1864890 216
1864900 216
1864910 216
1864920 216
1864930 216
1864940 216
1864950 216
1864960 216
1864970 216
1864980 216
1864990 216
1865000 216
1865010 215
1865020 215
1865030 215
1865040 215
1865050 215
1865060 215
1865070 215
1865080 214
1865090 214
1865100 214
1865110 214
1865120 214
1865130 214
1865140 214
1865150 214
1865160 214
1865170 213
1865180 213
1865190 213
1865200 213
1865210 213
1865220 213
1865230 213
1865240 213
1865250 213
1865260 212
1865270 212
1865280 212
1865290 212
1865300 212
1865310 212
1865320 211
1865330 211
1865340 211
1865350 210
1865360 210
1865370 210
1865380 210
1865390 209
1865400 209
1865410 209
1865420 208
1865430 208
1865440 208
1865450 207
1865460 206
1865470 206
1865480 206
1865490 206
1865500 206
1865510 205
1865520 205
1865530 205
1865540 205
1865550 204
1865560 204
1865570 204
1865580 204
1865590 204
1865600 203
1865610 203
1865620 203
1865630 203
1865640 202
1865650 202
1865660 202
1865670 202
1865680 202
1865690 202
1865700 201
1865710 201
1865720 201
1865730 201
1865740 201
1865750 201
1865760 201
1865770 202
1865780 202
1865790 202
1865800 202
1865810 202
1865820 203
1865830 203
1865840 203
1865850 203
1865860 203
1865870 203
1865880 204
1865890 204
1865900 204
1865910 205
1865920 205
1865930 205
1865940 205
1865950 206
1865960 206
1865970 206
1865980 207
1865990 207
1866000 207
1866010 208
1866020 208
1866030 208
1866040 209
1866050 209
1866060 209
1866070 209
1866080 209
1866090 209
1866100 209
1866110 209
1866120 210
1866130 210
1866140 210
1866150 210
1866160 209
1866170 209
1866180 209
1866190 208
1866200 206
1866210 206
1866220 205
1866230 205
1866240 205
1866250 204
1866260 205
1866270 205
1866280 205
1866290 205
1866300 205
1866310 206
1866320 206
1866330 206
1866340 207
1866350 207
1866360 207
1866370 208
1866380 208
1866390 208
1866400 209
1866410 209
1866420 209
1866430 209
1866440 209
1866450 209
1866460 210
1866470 210
1866480 210
1866490 210
1866500 210
1866510 209
1866520 209
1866530 209
1866540 209
1866550 209
1866560 209
1866570 208
1866580 208
1866590 208
1866600 207
1866610 207
1866620 207
1866630 207
1866640 206
1866650 206
1866660 206
1866670 205
1866680 205
1866690 205
1866700 204
1866710 204
1866720 203
1866730 203
1866740 203
1866750 203
1866760 202
1866770 202
1866780 202
1866790 202
1866800 202
1866810 202
1866820 202
1866830 202
1866840 202
1866850 202
1866860 202
1866870 202
1866880 202
1866890 202
1866900 202
1866910 202
1866920 202
1866930 201
1866940 201
1866950 201
1866960 201
1866970 201
1866980 201
1866990 201
1867000 201
1867010 201
1867020 201
1867030 201
1867040 201
1867050 201
1867060 201
1867070 201
1867080 201
1867090 201
1867100 201
1867110 201
1867120 201
1867130 201
1867140 201
1867150 201
1867160 201
1867170 201
1867180 201
1867190 200
1867200 200
1867210 200
1867220 200
1867230 200
1867240 200
1867250 200
1867260 200
1867270 200
1867280 199
1867290 199
1867300 199
1867310 199
1867320 199
1867330 199
1867340 199
1867350 199
1867360 199
1867370 199
1867380 199
1867390 199
1867400 198
1867410 198
1867420 198
1867430 198
1867440 198
1867450 198
1867460 197
1867470 197
1867480 197
1867490 196
1867500 196
1867510 196
1867520 195
1867530 195
1867540 195
1867550 195
1867560 194
1867570 194
1867580 194
1867590 194
1867600 193
1867610 193
1867620 193
1867630 192
1867640 192
1867650 192
1867660 192
1867670 191
1867680 191
1867690 191
1867700 191
1867710 191
1867720 190
1867730 190
1867740 190
1867750 190
1867760 189
1867770 189
1867780 189
1867790 189
1867800 189
1867810 189
1867820 188
1867830 189
1867840 189
1867850 188
1867860 188
1867870 188
1867880 188
1867890 188
1867900 188
1867910 188
1867920 188
1867930 188
1867940 188
1867950 188
1867960 188
1867970 188
1867980 188
1867990 188
1868000 188
1868010 188
1868020 188
1868030 188
1868040 188
1868050 188
1868060 188
1868070 188
1868080 189
1868090 189
1868100 189
1868110 190
1868120 190
1868130 190
1868140 191
1868150 191
1868160 191
1868170 190
1868180 190
1868190 189
1868200 189
1868210 189
1868220 190
1868230 190
1868240 190
1868250 189
1868260 189
1868270 189
1868280 188
1868290 188
1868300 188
1868310 187
1868320 187
1868330 187
1868340 186
1868350 186
1868360 186
1868370 186
1868380 185
1868390 185
1868400 185
1868410 184
1868420 184
1868430 184
1868440 183
1868450 183
1868460 183
1868470 182
1868480 182
1868490 182
1868500 181
1868510 181
1868520 180
1868530 180
1868540 180
1868550 180
1868560 179
1868570 179
1868580 179
1868590 179
1868600 179
1868610 179
1868620 178
1868630 178
1868640 178
1868650 178
1868660 178
1868670 178
1868680 178
1868690 178
1868700 177
1868710 177
1868720 177
1868730 177
1868740 177
1868750 177
1868760 177
1868770 177
1868780 177
1868790 177
1868800 177
1868810 177
1868820 177
1868830 177
1868840 177
1868850 176
1868860 176
1868870 176
1868880 176
1868890 176
1868900 176
1868910 176
1868920 176
1868930 176
1868940 176
1868950 176
1868960 175
1868970 175
1868980 175
1868990 175
1869000 175
1869010 175
1869020 175
1869030 174
1869040 174
1869050 174
1869060 174
1869070 174
1869080 173
1869090 173
1869100 173
1869110 173
1869120 173
1869130 173
1869140 172
1869150 172
1869160 172
1869170 171
1869180 171
1869190 171
1869200 171
1869210 171
1869220 171
1869230 170
1869240 170
1869250 170
1869260 170
1869270 170
1869280 170
1869290 170
1869300 170
1869310 170
1869320 170
1869330 170
1869340 170
1869350 170
1869360 170
1869370 170
1869380 170
1869390 170
1869400 170
1869410 170
1869420 170
1869430 170
1869440 170
1869450 170
1869460 170
1869470 170
1869480 170
1869490 170
1869500 170
1869510 170
1869520 170
1869530 170
1869540 170
1869550 170
1869560 170
1869570 170
1869580 170
1869590 170
1869600 170
1869610 171
1869620 172
1869630 172
1869640 173
1869650 172
1869660 172
1869670 172
1869680 172
1869690 172
1869700 171
1869710 171
1869720 171
1869730 171
1869740 170
1869750 170
1869760 170
1869770 170
1869780 170
1869790 170
1869800 170
1869810 170
1869820 170
1869830 170
1869840 169
1869850 169
1869860 169
1869870 169
1869880 169
1869890 169
1869900 169
1869910 169
1869920 169
1869930 169
1869940 169
1869950 169
1869960 169
1869970 168
1869980 168
1869990 168
1870000 168
1870010 168
1870020 168
1870030 168
1870040 168
1870050 168
1870060 168
1870070 168
1870080 167
1870090 167
1870100 167
1870110 167
1870120 167
1870130 167
1870140 167
1870150 167
1870160 167
1870170 167
1870180 167
1870190 167
1870200 167
1870210 167
1870220 167
1870230 167
1870240 167
1870250 167
1870260 167
1870270 168
1870280 168
1870290 167
1870300 167
1870310 167
1870320 165
1870330 165
1870340 167
1870350 168
1870360 168
1870370 168
1870380 168
1870390 168
1870400 167
1870410 167
1870420 167
1870430 167
1870440 167
1870450 167
1870460 166
1870470 166
1870480 166
1870490 166
1870500 166
1870510 166
1870520 166
1870530 166
1870540 166
1870550 166
1870560 166
1870570 166
1870580 166
1870590 166
1870600 166
1870610 166
1870620 166
1870630 166
1870640 166
1870650 166
1870660 166
1870670 166
1870680 166
1870690 166
1870700 166
1870710 166
1870720 166
1870730 166
1870740 166
1870750 166
1870760 166
1870770 166
1870780 166
1870790 166
1870800 166
1870810 166
1870820 166
1870830 166
1870840 166
1870850 166
1870860 166
1870870 166
1870880 166
1870890 166
1870900 166
1870910 166
1870920 166
1870930 166
1870940 166
1870950 166
1870960 165
1870970 165
1870980 165
1870990 165
1871000 165
1871010 165
1871020 165
1871030 165
1871040 165
1871050 165
1871060 166
1871070 166
1871080 166
1871090 166
1871100 166
1871110 167
1871120 167
1871130 167
1871140 167
1871150 167
1871160 167
1871170 167
1871180 167
1871190 167
1871200 167
1871210 167
1871220 167
1871230 167
1871240 167
1871250 167
1871260 167
1871270 167
1871280 167
1871290 168
1871300 168
1871310 168
1871320 168
1871330 168
1871340 168
1871350 168
1871360 169
1871370 169
1871380 169
1871390 169
1871400 169
1871410 169
1871420 169
1871430 169
1871440 169
1871450 169
1871460 169
1871470 169
1871480 169
1871490 169
1871500 170
1871510 170
1871520 170
1871530 171
1871540 171
1871550 172
1871560 171
1871570 171
1871580 172
1871590 172
1871600 172
1871610 173
1871620 173
1871630 173
1871640 174
1871650 174
1871660 174
1871670 175
1871680 176
1871690 176
1871700 177
1871710 177
1871720 177
1871730 177
1871740 177
1871750 177
1871760 178
1871770 178
1871780 178
1871790 178
1871800 177
1871810 177
1871820 176
1871830 174
1871840 174
1871850 173
1871860 174
1871870 174
1871880 174
1871890 174
1871900 174
1871910 175
1871920 178
1871930 178
1871940 179
1871950 180
1871960 180
1871970 181
1871980 181
1871990 182
1872000 183
1872010 183
1872020 184
1872030 184
1872040 184
1872050 185
1872060 185
1872070 185
1872080 185
1872090 185
1872100 185
1872110 185
1872120 185
1872130 185
1872140 185
1872150 185
1872160 185
1872170 185
1872180 184
1872190 184
1872200 184
1872210 183
1872220 183
1872230 182
1872240 181
1872250 181
1872260 180
1872270 179
1872280 179
1872290 178
1872300 177
1872310 177
1872320 177
1872330 176
1872340 176
1872350 176
1872360 175
1872370 175
1872380 175
1872390 174
1872400 174
1872410 174
1872420 174
1872430 174
1872440 173
1872450 173
1872460 173
1872470 173
1872480 173
1872490 173
1872500 173
1872510 173
1872520 173
1872530 173
1872540 173
1872550 173
1872560 173
1872570 173
1872580 173
1872590 174
1872600 174
1872610 174
1872620 174
1872630 174
1872640 175
1872650 175
1872660 175
1872670 175
1872680 176
1872690 176
1872700 177
1872710 177
1872720 177
1872730 178
1872740 179
1872750 179
1872760 180
1872770 181
1872780 181
1872790 181
1872800 182
1872810 182
1872820 182
1872830 183
1872840 183
1872850 183
1872860 184
1872870 184
1872880 184
1872890 185
1872900 185
1872910 184
1872920 183
1872930 183
1872940 184
1872950 184
1872960 184
1872970 185
1872980 186
1872990 186
1873000 186
1873010 186
1873020 186
1873030 187
1873040 187
1873050 187
1873060 187
1873070 187
1873080 187
1873090 187
1873100 187
1873110 187
1873120 187
1873130 187
1873140 186
1873150 186
1873160 186
1873170 186
1873180 186
1873190 186
1873200 186
1873210 185
1873220 185
1873230 185
1873240 185
1873250 183
1873260 182
1873270 184
1873280 184
1873290 184
1873300 184
1873310 184
1873320 185
1873330 185
1873340 185
1873350 184
1873360 184
1873370 184
1873380 184
1873390 184
1873400 184
1873410 183
1873420 183
1873430 183
1873440 183
1873450 182
1873460 182
1873470 182
1873480 182
1873490 182
1873500 181
1873510 181
1873520 181
1873530 181
1873540 182
1873550 182
1873560 182
1873570 182
1873580 182
1873590 181
1873600 181
1873610 181
1873620 181
1873630 181
1873640 181
1873650 181
1873660 181
1873670 181
1873680 182
1873690 182
1873700 182
1873710 183
1873720 183
1873730 184
1873740 184
1873750 184
1873760 185
1873770 185
1873780 185
1873790 186
1873800 186
1873810 186
1873820 186
1873830 187
1873840 187
1873850 187
1873860 187
1873870 187
1873880 187
1873890 187
1873900 187
1873910 188
1873920 187
1873930 187
1873940 187
1873950 188
1873960 188
1873970 188
1873980 188
1873990 188
1874000 189
1874010 189
1874020 189
1874030 189
1874040 190
1874050 190
1874060 190
1874070 190
1874080 190
1874090 190
1874100 191
1874110 191
1874120 191
1874130 191
1874140 191
1874150 191
1874160 191
1874170 191
1874180 191
1874190 191
1874200 191
1874210 191
1874220 191
1874230 190
1874240 190
1874250 190
1874260 189
1874270 189
1874280 189
1874290 188
1874300 187
1874310 187
1874320 186
1874330 186
1874340 186
1874350 185
1874360 184
1874370 184
1874380 184
1874390 183
1874400 183
1874410 183
1874420 182
1874430 182
1874440 182
1874450 181
1874460 181
1874470 181
1874480 180
1874490 180
1874500 179
1874510 179
1874520 179
1874530 178
1874540 178
1874550 178
1874560 177
1874570 177
1874580 177
1874590 177
1874600 176
1874610 176
1874620 176
1874630 175
1874640 175
1874650 175
1874660 175
1874670 175
1874680 175
1874690 175
1874700 175
1874710 175
1874720 175
1874730 175
1874740 174
1874750 174
1874760 174
1874770 174
1874780 174
1874790 174
1874800 173
1874810 173
1874820 173
1874830 173
1874840 173
1874850 173
1874860 172
1874870 172
1874880 172
1874890 172
1874900 172
1874910 171
1874920 171
1874930 171
1874940 170
1874950 170
1874960 170
1874970 169
1874980 168
1874990 168
1875000 167
1875010 167
1875020 167
1875030 166
1875040 167
1875050 167
1875060 167
1875070 169
1875080 169
1875090 170
1875100 171
1875110 171
1875120 172
1875130 173
1875140 173
1875150 173
1875160 174
1875170 174
1875180 174
1875190 175
1875200 175
1875210 175
1875220 175
1875230 175
1875240 175
1875250 175
1875260 175
1875270 175
1875280 175
1875290 174
1875300 173
1875310 173
1875320 173
1875330 173
1875340 173
1875350 173
1875360 174
1875370 174
1875380 174
1875390 174
1875400 174
1875410 175
1875420 175
1875430 175
1875440 173
1875450 172
1875460 172
1875470 172
1875480 172
1875490 172
1875500 172
1875510 171
1875520 171
1875530 171
1875540 171
1875550 171
1875560 171
1875570 170
1875580 170
1875590 173
1875600 173
1875610 173
1875620 173
1875630 173
1875640 173
1875650 173
1875660 173
1875670 173
1875680 173
1875690 173
1875700 173
1875710 173
1875720 173
1875730 173
1875740 172
1875750 172
1875760 172
1875770 172
1875780 172
1875790 172
1875800 171
1875810 171
1875820 171
1875830 171
1875840 171
1875850 171
1875860 171
1875870 171
1875880 170
1875890 170
1875900 170
1875910 170
1875920 170
1875930 170
1875940 170
1875950 170
1875960 170
1875970 170
1875980 170
1875990 170
1876000 170
1876010 170
1876020 170
1876030 170
1876040 170
1876050 170
1876060 170
1876070 170
1876080 170
1876090 170
1876100 170
1876110 170
1876120 170
1876130 170
1876140 170
1876150 170
1876160 170
1876170 170
1876180 170
1876190 170
1876200 170
1876210 170
1876220 170
1876230 170
1876240 170
1876250 169
1876260 169
1876270 169
1876280 169
1876290 169
1876300 169
1876310 169
1876320 169
1876330 169
1876340 169
1876350 169
1876360 169
1876370 169
1876380 170
1876390 169
1876400 169
1876410 169
1876420 169
1876430 169
1876440 169
1876450 169
1876460 169
1876470 169
1876480 169
1876490 169
1876500 169
1876510 169
1876520 169
1876530 166
1876540 166
1876550 166
1876560 166
1876570 166
1876580 166
1876590 167
1876600 166
1876610 166
1876620 165
1876630 165
1876640 165
1876650 165
1876660 166
1876670 166
1876680 166
1876690 166
1876700 166
1876710 167
1876720 167
1876730 167
1876740 167
1876750 167
1876760 167
1876770 167
1876780 167
1876790 167
1876800 164
1876810 164
1876820 164
1876830 164
1876840 164
1876850 164
1876860 164
1876870 166
1876880 166
1876890 166
1876900 166
1876910 166
1876920 165
1876930 165
1876940 165
1876950 165
1876960 165
1876970 165
1876980 165
1876990 165
1877000 165
1877010 165
1877020 165
1877030 164
1877040 164
1877050 164
1877060 164
1877070 164
1877080 164
1877090 163
1877100 163
1877110 163
1877120 162
1877130 162
1877140 162
1877150 162
1877160 162
1877170 162
1877180 161
1877190 161
1877200 161
1877210 161
1877220 161
1877230 161
1877240 160
1877250 161
1877260 161
1877270 160
1877280 160
1877290 160
1877300 160
1877310 160
1877320 160
1877330 160
1877340 160
1877350 160
1877360 160
1877370 160
1877380 160
1877390 160
1877400 160
1877410 160
1877420 160
1877430 160
1877440 160
1877450 160
1877460 160
1877470 160
1877480 160
1877490 160
1877500 160
1877510 160
1877520 160
1877530 160
1877540 160
1877550 160
1877560 161
1877570 161
1877580 161
1877590 161
1877600 161
1877610 161
1877620 161
1877630 161
1877640 161
1877650 161
1877660 162
1877670 162
1877680 162
1877690 162
1877700 162
1877710 162
1877720 162
1877730 162
1877740 162
1877750 162
1877760 162
1877770 162
1877780 161
1877790 161
1877800 161
1877810 161
1877820 161
1877830 161
1877840 161
1877850 161
1877860 160
1877870 160
1877880 160
1877890 159
1877900 159
1877910 159
1877920 159
1877930 159
1877940 159
1877950 158
1877960 158
1877970 158
1877980 158
1877990 158
1878000 158
1878010 158
1878020 158
1878030 158
1878040 158
1878050 158
1878060 158
1878070 158
1878080 158
1878090 158
1878100 159
1878110 159
1878120 159
1878130 159
1878140 159
1878150 158
1878160 158
1878170 158
1878180 158
1878190 158
1878200 158
1878210 158
1878220 158
1878230 158
1878240 158
1878250 159
1878260 159
1878270 159
1878280 159
1878290 159
1878300 159
1878310 158
1878320 158
1878330 158
1878340 159
1878350 159
1878360 158
1878370 158
1878380 158
1878390 158
1878400 158
1878410 158
1878420 158
1878430 158
1878440 158
1878450 158
1878460 158
1878470 158
1878480 158
1878490 158
1878500 158
1878510 158
1878520 159
1878530 159
1878540 160
1878550 160
1878560 160
1878570 160
1878580 160
1878590 160
1878600 160
1878610 160
1878620 161
1878630 166
1878640 166
1878650 167
1878660 162
1878670 162
1878680 161
1878690 160
1878700 160
1878710 160
1878720 160
1878730 160
1878740 159
1878750 159
1878760 159
1878770 159
1878780 159
1878790 159
1878800 159
1878810 159
1878820 159
1878830 159
1878840 159
1878850 159
1878860 159
1878870 159
1878880 159
1878890 159
1878900 160
1878910 160
1878920 160
1878930 160
1878940 160
1878950 161
1878960 161
1878970 161
1878980 161
1878990 161
1879000 161
1879010 161
1879020 161
1879030 161
1879040 161
1879050 161
1879060 161
1879070 161
1879080 161
1879090 161
1879100 161
1879110 161
1879120 161
1879130 161
1879140 161
1879150 161
1879160 161
1879170 161
1879180 161
1879190 160
1879200 160
1879210 161
1879220 160
1879230 160
1879240 160
1879250 160
1879260 161
1879270 160
1879280 161
1879290 161
1879300 160
1879310 160
1879320 160
1879330 160
1879340 160
1879350 160
1879360 160
1879370 161
1879380 161
1879390 160
1879400 160
1879410 160
1879420 160
1879430 160
1879440 160
1879450 160
1879460 160
1879470 160
1879480 160
1879490 160
1879500 160
1879510 160
1879520 159
1879530 159
1879540 158
1879550 158
1879560 158
1879570 157
1879580 157
1879590 157
1879600 157
1879610 157
1879620 157
1879630 157
1879640 157
1879650 157
1879660 158
1879670 158
1879680 158
1879690 160
1879700 160
1879710 159
1879720 159
1879730 159
1879740 158
1879750 158
1879760 158
1879770 158
1879780 158
1879790 158
1879800 158
1879810 158
1879820 158
1879830 159
1879840 159
1879850 159
1879860 159
1879870 159
1879880 159
1879890 158
1879900 158
1879910 158
1879920 158
1879930 158
1879940 158
1879950 158
1879960 158
1879970 158
1879980 158
1879990 158
1860000 214
1860010 213
1860020 213
1860030 213
1860040 212
1860050 212
1860060 212
1860070 211
1860080 211
1860090 210
1860100 210
1860110 210
1860120 209
1860130 208
1860140 208
1860150 208
1860160 207
1860170 207
1860180 206
1860190 206
1860200 206
1860210 205
1860220 205
1860230 205
1860240 203
1860250 203
1860260 203
1860270 202
1860280 202
1860290 202
1860300 201
1860310 200
1860320 200
1860330 199
1860340 199
1860350 199
1860360 198
1860370 197
1860380 197
1860390 196
1860400 196
1860410 196
1860420 195
1860430 194
1860440 194
1860450 194
1860460 194
1860470 193
1860480 193
1860490 193
1860500 193
1860510 193
1860520 193
1860530 193
1860540 193
1860550 193
1860560 193
1860570 193
1860580 193
1860590 193
1860600 193
1860610 193
1860620 193
1860630 193
1860640 193
1860650 193
1860660 193
1860670 193
1860680 193
1860690 193
1860700 193
1860710 192
1860720 192
1860730 192
1860740 192
1860750 192
1860760 192
1860770 192
1860780 192
1860790 192
1860800 192
1860810 192
1860820 192
1860830 192
1860840 192
1860850 192
1860860 193
1860870 192
1860880 192
1860890 192
1860900 192
1860910 192
1860920 191
1860930 192
1860940 192
1860950 192
1860960 192
1860970 192
1860980 192
1860990 192
1861000 192
1861010 192
1861020 192
1861030 192
1861040 192
1861050 192
1861060 192
1861070 192
1861080 192
1861090 192
1861100 192
1861110 192
1861120 192
1861130 192
1861140 192
1861150 192
1861160 193
1861170 193
1861180 193
1861190 193
1861200 193
1861210 194
1861220 194
1861230 194
1861240 195
1861250 196
1861260 196
1861270 196
1861280 197
1861290 199
1861300 200
1861310 200
1861320 200
1861330 201
1861340 202
1861350 202
1861360 203
1861370 203
1861380 203
1861390 202
1861400 201
1861410 201
1861420 199
1861430 198
1861440 198
1861450 197
1861460 197
1861470 197
1861480 198
1861490 199
1861500 199
1861510 202
1861520 203
1861530 203
1861540 205
1861550 205
1861560 207
1861570 208
1861580 208
1861590 209
1861600 209
1861610 209
1861620 210
1861630 211
1861640 211
1861650 211
1861660 211
1861670 211
1861680 211
1861690 212
1861700 212
1861710 212
1861720 212
1861730 212
1861740 212
1861750 212
1861760 212
1861770 212
1861780 212
1861790 212
1861800 212
1861810 211
1861820 211
1861830 211
1861840 211
1861850 211
1861860 211
1861870 210
1861880 210
1861890 210
1861900 210
1861910 210
1861920 210
1861930 209
1861940 209
1861950 208
1861960 207
1861970 207
1861980 205
1861990 204
1862000 204
1862010 202
1862020 201
1862030 201
1862040 199
1862050 198
1862060 198
1862070 197
1862080 197
1862090 196
1862100 195
1862110 195
1862120 194
1862130 193
1862140 193
1862150 193
1862160 193
1862170 193
1862180 193
1862190 193
1862200 193
1862210 193
1862220 193
1862230 193
1862240 192
1862250 192
1862260 192
1862270 192
1862280 193
1862290 193
1862300 194
1862310 195
1862320 195
1862330 197
1862340 200
1862350 200
1862360 205
1862370 207
1862380 207
1862390 208
1862400 209
1862410 209
1862420 209
1862430 210
1862440 210
1862450 210
1862460 211
1862470 211
1862480 211
1862490 211
1862500 211
1862510 211
1862520 211
1862530 211
1862540 211
1862550 210
1862560 210
1862570 210
1862580 209
1862590 209
1862600 208
1862610 207
1862620 207
1862630 206
1862640 206
1862650 207
1862660 208
1862670 210
1862680 210
1862690 211
1862700 211
1862710 211
1862720 211
1862730 211
1862740 211
1862750 211
1862760 211
1862770 212
1862780 212
1862790 212
1862800 212
1862810 212
1862820 212
1862830 212
1862840 212
1862850 212
1862860 211
1862870 210
1862880 210
1862890 209
1862900 207
1862910 207
1862920 206
1862930 205
1862940 205
1862950 204
1862960 203
1862970 203
1862980 202
1862990 202
1863000 202
1863010 203
1863020 204
1863030 204
1863040 205
1863050 207
1863060 207
1863070 208
1863080 209
1863090 209
1863100 211
1863110 212
1863120 212
1863130 214
1863140 215
1863150 215
1863160 216
1863170 217
1863180 217
1863190 217
1863200 217
1863210 218
1863220 218
1863230 218
1863240 219
1863250 219
1863260 219
1863270 219
1863280 219
1863290 219
1863300 220
1863310 220
1863320 220
1863330 220
1863340 220
1863350 220
1863360 220
1863370 220
1863380 220
1863390 220
1863400 220
1863410 220
1863420 220
1863430 220
1863440 220
1863450 220
1863460 220
1863470 220
1863480 220
1863490 220
1863500 220
1863510 220
1863520 220
1863530 220
1863540 220
1863550 220
1863560 220
1863570 219
1863580 219
1863590 219
1863600 219
1863610 219
1863620 219
1863630 219
1863640 219
1863650 219
1863660 219
1863670 219
1863680 219
1863690 219
1863700 219
1863710 219
1863720 219
1863730 219
1863740 219
1863750 219
1863760 219
1863770 219
1863780 219
1863790 219
1863800 219
1863810 219
1863820 219
1863830 219
1863840 219
1863850 219
1863860 219
1863870 219
1863880 219
1863890 219
1863900 219
1863910 219
1863920 219
1863930 219
1863940 219
1863950 219
1863960 218
1863970 218
1863980 218
1863990 218
1864000 218
1864010 218
1864020 218
1864030 218
1864040 218
1864050 218
1864060 218
1864070 218
1864080 218
1864090 218
1864100 217
1864110 217
1864120 217
1864130 217
1864140 217
1864150 217
1864160 217
1864170 217
1864180 217
1864190 217
1864200 217
1864210 217
1864220 217
1864230 217
1864240 217
1864250 217
1864260 217
1864270 217
1864280 217
1864290 217
1864300 217
1864310 217
1864320 217
1864330 217
1864340 217
1864350 217
1864360 217
1864370 217
1864380 217
1864390 217
1864400 217
1864410 217
1864420 217
1864430 217
1864440 217
1864450 217
1864460 217
1864470 217
1864480 217
1864490 217
1864500 217
1864510 217
1864520 216
1864530 216
1864540 216
1864550 216
1864560 216
1864570 216
1864580 216
1864590 216
1864600 216
1864610 216
1864620 216
1864630 216
1864640 216
1864650 216
1864660 216
1864670 216
1864680 216
1864690 216
1864700 216
1864710 216
1864720 216
1864730 216
1864740 216
1864750 217
1864760 217
1864770 217
1864780 217
1864790 217
1864800 217
1864810 217
1864820 217
1864830 217
1864840 216
1864850 216
1864860 216
1864870 216
1864880 216
1864890 216
1864900 216
1864910 216
1864920 216
1864930 216
1864940 216
1864950 216
1864960 216
1864970 216
1864980 216
1864990 216
1865000 216
1865010 215
1865020 215
1865030 215
1865040 215
1865050 215
1865060 215
1865070 215
1865080 214
1865090 214
1865100 214
1865110 214
1865120 214
1865130 214
1865140 214
1865150 214
1865160 214
1865170 213
1865180 213
1865190 213
1865200 213
1865210 213
1865220 213
1865230 213
1865240 213
1865250 213
1865260 212
1865270 212
1865280 212
1865290 212
1865300 212
1865310 212
1865320 211
1865330 211
1865340 211
1865350 210
1865360 210
1865370 210
1865380 210
1865390 209
1865400 209
1865410 209
1865420 208
1865430 208
1865440 208
1865450 207
1865460 206
1865470 206
1865480 206
1865490 206
1865500 206
1865510 205
1865520 205
1865530 205
1865540 205
1865550 204
1865560 204
1865570 204
1865580 204
1865590 204
1865600 203
1865610 203
1865620 203
1865630 203
1865640 202
1865650 202
1865660 202
1865670 202
1865680 202
1865690 202
1865700 201
1865710 201
1865720 201
1865730 201
1865740 201
1865750 201
1865760 201
1865770 202
1865780 202
1865790 202
1865800 202
1865810 202
1865820 203
1865830 203
1865840 203
1865850 203
1865860 203
1865870 203
1865880 204
1865890 204
1865900 204
1865910 205
1865920 205
1865930 205
1865940 205
1865950 206
1865960 206
1865970 206
1865980 207
1865990 207
1866000 207
1866010 208
1866020 208
1866030 208
1866040 209
1866050 209
1866060 209
1866070 209
1866080 209
1866090 209
1866100 209
1866110 209
1866120 210
1866130 210
1866140 210
1866150 210
1866160 209
1866170 209
1866180 209
1866190 208
1866200 206
1866210 206
1866220 205
1866230 205
1866240 205
1866250 204
1866260 205
1866270 205
1866280 205
1866290 205
1866300 205
1866310 206
1866320 206
1866330 206
1866340 207
1866350 207
1866360 207
1866370 208
1866380 208
1866390 208
1866400 209
1866410 209
1866420 209
1866430 209
1866440 209
1866450 209
1866460 210
1866470 210
1866480 210
1866490 210
1866500 210
1866510 209
1866520 209
1866530 209
1866540 209
1866550 209
1866560 209
1866570 208
1866580 208
1866590 208
1866600 207
1866610 207
1866620 207
1866630 207
1866640 206
1866650 206
1866660 206
1866670 205
1866680 205
1866690 205
1866700 204
1866710 204
1866720 203
1866730 203
1866740 203
1866750 203
1866760 202
1866770 202
1866780 202
1866790 202
1866800 202
1866810 202
1866820 202
1866830 202
1866840 202
1866850 202
1866860 202
1866870 202
1866880 202
1866890 202
1866900 202
1866910 202
1866920 202
1866930 201
1866940 201
1866950 201
1866960 201
1866970 201
1866980 201
1866990 201
1867000 201
1867010 201
1867020 201
1867030 201
1867040 201
1867050 201
1867060 201
1867070 201
1867080 201
1867090 201
1867100 201
1867110 201
1867120 201
1867130 201
1867140 201
1867150 201
1867160 201
1867170 201
1867180 201
1867190 200
1867200 200
1867210 200
1867220 200
1867230 200
1867240 200
1867250 200
1867260 200
1867270 200
1867280 199
1867290 199
1867300 199
1867310 199
1867320 199
1867330 199
1867340 199
1867350 199
1867360 199
1867370 199
1867380 199
1867390 199
1867400 198
1867410 198
1867420 198
1867430 198
1867440 198
1867450 198
1867460 197
1867470 197
1867480 197
1867490 196
1867500 196
1867510 196
1867520 195
1867530 195
1867540 195
1867550 195
1867560 194
1867570 194
1867580 194
1867590 194
1867600 193
1867610 193
1867620 193
1867630 192
1867640 192
1867650 192
1867660 192
1867670 191
1867680 191
1867690 191
1867700 191
1867710 191
1867720 190
1867730 190
1867740 190
1867750 190
1867760 189
1867770 189
1867780 189
1867790 189
1867800 189
1867810 189
1867820 188
1867830 189
1867840 189
1867850 188
1867860 188
1867870 188
1867880 188
1867890 188
1867900 188
1867910 188
1867920 188
1867930 188
1867940 188
1867950 188
1867960 188
1867970 188
1867980 188
1867990 188
1868000 188
1868010 188
1868020 188
1868030 188
1868040 188
1868050 188
1868060 188
1868070 188
1868080 189
1868090 189
1868100 189
1868110 190
1868120 190
1868130 190
1868140 191
1868150 191
1868160 191
1868170 190
1868180 190
1868190 189
1868200 189
1868210 189
1868220 190
1868230 190
1868240 190
1868250 189
1868260 189
1868270 189
1868280 188
1868290 188
1868300 188
1868310 187
1868320 187
1868330 187
1868340 186
1868350 186
1868360 186
1868370 186
1868380 185
1868390 185
1868400 185
1868410 184
1868420 184
1868430 184
1868440 183
1868450 183
1868460 183
1868470 182
1868480 182
1868490 182
1868500 181
1868510 181
1868520 180
1868530 180
1868540 180
1868550 180
1868560 179
1868570 179
1868580 179
1868590 179
1868600 179
1868610 179
1868620 178
1868630 178
1868640 178
1868650 178
1868660 178
1868670 178
1868680 178
1868690 178
1868700 177
1868710 177
1868720 177
1868730 177
1868740 177
1868750 177
1868760 177
1868770 177
1868780 177
1868790 177
1868800 177
1868810 177
1868820 177
1868830 177
1868840 177
1868850 176
1868860 176
1868870 176
1868880 176
1868890 176
1868900 176
1868910 176
1868920 176
1868930 176
1868940 176
1868950 176
1868960 175
1868970 175
1868980 175
1868990 175
1869000 175
1869010 175
1869020 175
1869030 174
1869040 174
1869050 174
1869060 174
1869070 174
1869080 173
1869090 173
1869100 173
1869110 173
1869120 173
1869130 173
1869140 172
1869150 172
1869160 172
1869170 171
1869180 171
1869190 171
1869200 171
1869210 171
1869220 171
1869230 170
1869240 170
1869250 170
1869260 170
1869270 170
1869280 170
1869290 170
1869300 170
1869310 170
1869320 170
1869330 170
1869340 170
1869350 170
1869360 170
1869370 170
1869380 170
1869390 170
1869400 170
1869410 170
1869420 170
1869430 170
1869440 170
1869450 170
1869460 170
1869470 170
1869480 170
1869490 170
1869500 170
1869510 170
1869520 170
1869530 170
1869540 170
1869550 170
1869560 170
1869570 170
1869580 170
1869590 170
1869600 170
1869610 171
1869620 172
1869630 172
1869640 173
1869650 172
1869660 172
1869670 172
1869680 172
1869690 172
1869700 171
1869710 171
1869720 171
1869730 171
1869740 170
1869750 170
1869760 170
1869770 170
1869780 170
1869790 170
1869800 170
1869810 170
1869820 170
1869830 170
1869840 169
1869850 169
1869860 169
1869870 169
1869880 169
1869890 169
1869900 169
1869910 169
1869920 169
1869930 169
1869940 169
1869950 169
1869960 169
1869970 168
1869980 168
1869990 168
1870000 168
1870010 168
1870020 168
1870030 168
1870040 168
1870050 168
1870060 168
1870070 168
1870080 167
1870090 167
1870100 167
1870110 167
1870120 167
1870130 167
1870140 167
1870150 167
1870160 167
1870170 167
1870180 167
1870190 167
1870200 167
1870210 167
1870220 167
1870230 167
1870240 167
1870250 167
1870260 167
1870270 168
1870280 168
1870290 167
1870300 167
1870310 167
1870320 165
1870330 165
1870340 167
1870350 168
1870360 168
1870370 168
1870380 168
1870390 168
1870400 167
1870410 167
1870420 167
1870430 167
1870440 167
1870450 167
1870460 166
1870470 166
1870480 166
1870490 166
1870500 166
1870510 166
1870520 166
1870530 166
1870540 166
1870550 166
1870560 166
1870570 166
1870580 166
1870590 166
1870600 166
1870610 166
1870620 166
1870630 166
1870640 166
1870650 166
1870660 166
1870670 166
1870680 166
1870690 166
1870700 166
1870710 166
1870720 166
1870730 166
1870740 166
1870750 166
1870760 166
1870770 166
1870780 166
1870790 166
1870800 166
1870810 166
1870820 166
1870830 166
1870840 166
1870850 166
1870860 166
1870870 166
1870880 166
1870890 166
1870900 166
1870910 166
1870920 166
1870930 166
1870940 166
1870950 166
1870960 165
1870970 165
1870980 165
1870990 165
1871000 165
1871010 165
1871020 165
1871030 165
1871040 165
1871050 165
1871060 166
1871070 166
1871080 166
1871090 166
1871100 166
1871110 167
1871120 167
1871130 167
1871140 167
1871150 167
1871160 167
1871170 167
1871180 167
1871190 167
1871200 167
1871210 167
1871220 167
1871230 167
1871240 167
1871250 167
1871260 167
1871270 167
1871280 167
1871290 168
1871300 168
1871310 168
1871320 168
1871330 168
1871340 168
1871350 168
1871360 169
1871370 169
1871380 169
1871390 169
1871400 169
1871410 169
1871420 169
1871430 169
1871440 169
1871450 169
1871460 169
1871470 169
1871480 169
1871490 169
1871500 170
1871510 170
1871520 170
1871530 171
1871540 171
1871550 172
1871560 171
1871570 171
1871580 172
1871590 172
1871600 172
1871610 173
1871620 173
1871630 173
1871640 174
1871650 174
1871660 174
1871670 175
1871680 176
1871690 176
1871700 177
1871710 177
1871720 177
1871730 177
1871740 177
1871750 177
1871760 178
1871770 178
1871780 178
1871790 178
1871800 177
1871810 177
1871820 176
1871830 174
1871840 174
1871850 173
1871860 174
1871870 174
1871880 174
1871890 174
1871900 174
1871910 175
1871920 178
1871930 178
1871940 179
1871950 180
1871960 180
1871970 181
1871980 181
1871990 182
1872000 183
1872010 183
1872020 184
1872030 184
1872040 184
1872050 185
1872060 185
1872070 185
1872080 185
1872090 185
1872100 185
1872110 185
1872120 185
1872130 185
1872140 185
1872150 185
1872160 185
1872170 185
1872180 184
1872190 184
1872200 184
1872210 183
1872220 183
1872230 182
1872240 181
1872250 181
1872260 180
1872270 179
1872280 179
1872290 178
1872300 177
1872310 177
1872320 177
1872330 176
1872340 176
1872350 176
1872360 175
1872370 175
1872380 175
1872390 174
1872400 174
1872410 174
1872420 174
1872430 174
1872440 173
1872450 173
1872460 173
1872470 173
1872480 173
1872490 173
1872500 173
1872510 173
1872520 173
1872530 173
1872540 173
1872550 173
1872560 173
1872570 173
1872580 173
1872590 174
1872600 174
1872610 174
1872620 174
1872630 174
1872640 175
1872650 175
1872660 175
1872670 175
1872680 176
1872690 176
1872700 177
1872710 177
1872720 177
1872730 178
1872740 179
1872750 179
1872760 180
1872770 181
1872780 181
1872790 181
1872800 182
1872810 182
1872820 182
1872830 183
1872840 183
1872850 183
1872860 184
1872870 184
1872880 184
1872890 185
1872900 185
1872910 184
1872920 183
1872930 183
1872940 184
1872950 184
1872960 184
1872970 185
1872980 186
1872990 186
1873000 186
1873010 186
1873020 186
1873030 187
1873040 187
1873050 187
1873060 187
1873070 187
1873080 187
1873090 187
1873100 187
1873110 187
1873120 187
1873130 187
1873140 186
1873150 186
1873160 186
1873170 186
1873180 186
1873190 186
1873200 186
1873210 185
1873220 185
1873230 185
1873240 185
1873250 183
1873260 182
1873270 184
1873280 184
1873290 184
1873300 184
1873310 184
1873320 185
1873330 185
1873340 185
1873350 184
1873360 184
1873370 184
1873380 184
1873390 184
1873400 184
1873410 183
1873420 183
1873430 183
1873440 183
1873450 182
1873460 182
1873470 182
1873480 182
1873490 182
1873500 181
1873510 181
1873520 181
1873530 181
1873540 182
1873550 182
1873560 182
1873570 182
1873580 182
1873590 181
1873600 181
1873610 181
1873620 181
1873630 181
1873640 181
1873650 181
1873660 181
1873670 181
1873680 182
1873690 182
1873700 182
1873710 183
1873720 183
1873730 184
1873740 184
1873750 184
1873760 185
1873770 185
1873780 185
1873790 186
1873800 186
1873810 186
1873820 186
1873830 187
1873840 187
1873850 187
1873860 187
1873870 187
1873880 187
1873890 187
1873900 187
1873910 188
1873920 187
1873930 187
1873940 187
1873950 188
1873960 188
1873970 188
1873980 188
1873990 188
1874000 189
1874010 189
1874020 189
1874030 189
1874040 190
1874050 190
1874060 190
1874070 190
1874080 190
1874090 190
1874100 191
1874110 191
1874120 191
1874130 191
1874140 191
1874150 191
1874160 191
1874170 191
1874180 191
1874190 191
1874200 191
1874210 191
1874220 191
1874230 190
1874240 190
1874250 190
1874260 189
1874270 189
1874280 189
1874290 188
1874300 187
1874310 187
1874320 186
1874330 186
1874340 186
1874350 185
1874360 184
1874370 184
1874380 184
1874390 183
1874400 183
1874410 183
1874420 182
1874430 182
1874440 182
1874450 181
1874460 181
1874470 181
1874480 180
1874490 180
1874500 179
1874510 179
1874520 179
1874530 178
1874540 178
1874550 178
1874560 177
1874570 177
1874580 177
1874590 177
1874600 176
1874610 176
1874620 176
1874630 175
1874640 175
1874650 175
1874660 175
1874670 175
1874680 175
1874690 175
1874700 175
1874710 175
1874720 175
1874730 175
1874740 174
1874750 174
1874760 174
1874770 174
1874780 174
1874790 174
1874800 173
1874810 173
1874820 173
1874830 173
1874840 173
1874850 173
1874860 172
1874870 172
1874880 172
1874890 172
1874900 172
1874910 171
1874920 171
1874930 171
1874940 170
1874950 170
1874960 170
1874970 169
1874980 168
1874990 168
1875000 167
1875010 167
1875020 167
1875030 166
1875040 167
1875050 167
1875060 167
1875070 169
1875080 169
1875090 170
1875100 171
1875110 171
1875120 172
1875130 173
1875140 173
1875150 173
1875160 174
1875170 174
1875180 174
1875190 175
1875200 175
1875210 175
1875220 175
1875230 175
1875240 175
1875250 175
1875260 175
1875270 175
1875280 175
1875290 174
1875300 173
1875310 173
1875320 173
1875330 173
1875340 173
1875350 173
1875360 174
1875370 174
1875380 174
1875390 174
1875400 174
1875410 175
1875420 175
1875430 175
1875440 173
1875450 172
1875460 172
1875470 172
1875480 172
1875490 172
1875500 172
1875510 171
1875520 171
1875530 171
1875540 171
1875550 171
1875560 171
1875570 170
1875580 170
1875590 173
1875600 173
1875610 173
1875620 173
1875630 173
1875640 173
1875650 173
1875660 173
1875670 173
1875680 173
1875690 173
1875700 173
1875710 173
1875720 173
1875730 173
1875740 172
1875750 172
1875760 172
1875770 172
1875780 172
1875790 172
1875800 171
1875810 171
1875820 171
1875830 171
1875840 171
1875850 171
1875860 171
1875870 171
1875880 170
1875890 170
1875900 170
1875910 170
1875920 170
1875930 170
1875940 170
1875950 170
1875960 170
1875970 170
1875980 170
1875990 170
1876000 170
1876010 170
1876020 170
1876030 170
1876040 170
1876050 170
1876060 170
1876070 170
1876080 170
1876090 170
1876100 170
1876110 170
1876120 170
1876130 170
1876140 170
1876150 170
1876160 170
1876170 170
1876180 170
1876190 170
1876200 170
1876210 170
1876220 170
1876230 170
1876240 170
1876250 169
1876260 169
1876270 169
1876280 169
1876290 169
1876300 169
1876310 169
1876320 169
1876330 169
1876340 169
1876350 169
1876360 169
1876370 169
1876380 170
1876390 169
1876400 169
1876410 169
1876420 169
1876430 169
1876440 169
1876450 169
1876460 169
1876470 169
1876480 169
1876490 169
1876500 169
1876510 169
1876520 169
1876530 166
1876540 166
1876550 166
1876560 166
1876570 166
1876580 166
1876590 167
1876600 166
1876610 166
1876620 165
1876630 165
1876640 165
1876650 165
1876660 166
1876670 166
1876680 166
1876690 166
1876700 166
1876710 167
1876720 167
1876730 167
1876740 167
1876750 167
1876760 167
1876770 167
1876780 167
1876790 167
1876800 164
1876810 164
1876820 164
1876830 164
1876840 164
1876850 164
1876860 164
1876870 166
1876880 166
1876890 166
1876900 166
1876910 166
1876920 165
1876930 165
1876940 165
1876950 165
1876960 165
1876970 165
1876980 165
1876990 165
1877000 165
1877010 165
1877020 165
1877030 164
1877040 164
1877050 164
1877060 164
1877070 164
1877080 164
1877090 163
1877100 163
1877110 163
1877120 162
1877130 162
1877140 162
1877150 162
1877160 162
1877170 162
1877180 161
1877190 161
1877200 161
1877210 161
1877220 161
1877230 161
1877240 160
1877250 161
1877260 161
1877270 160
1877280 160
1877290 160
1877300 160
1877310 160
1877320 160
1877330 160
1877340 160
1877350 160
1877360 160
1877370 160
1877380 160
1877390 160
1877400 160
1877410 160
1877420 160
1877430 160
1877440 160
1877450 160
1877460 160
1877470 160
1877480 160
1877490 160
1877500 160
1877510 160
1877520 160
1877530 160
1877540 160
1877550 160
1877560 161
1877570 161
1877580 161
1877590 161
1877600 161
1877610 161
1877620 161
1877630 161
1877640 161
1877650 161
1877660 162
1877670 162
1877680 162
1877690 162
1877700 162
1877710 162
1877720 162
1877730 162
1877740 162
1877750 162
1877760 162
1877770 162
1877780 161
1877790 161
1877800 161
1877810 161
1877820 161
1877830 161
1877840 161
1877850 161
1877860 160
1877870 160
1877880 160
1877890 159
1877900 159
1877910 159
1877920 159
1877930 159
1877940 159
1877950 158
1877960 158
1877970 158
1877980 158
1877990 158
1878000 158
1878010 158
1878020 158
1878030 158
1878040 158
1878050 158
1878060 158
1878070 158
1878080 158
1878090 158
1878100 159
1878110 159
1878120 159
1878130 159
1878140 159
1878150 158
1878160 158
1878170 158
1878180 158
1878190 158
1878200 158
1878210 158
1878220 158
1878230 158
1878240 158
1878250 159
1878260 159
1878270 159
1878280 159
1878290 159
1878300 159
1878310 158
1878320 158
1878330 158
1878340 159
1878350 159
1878360 158
1878370 158
1878380 158
1878390 158
1878400 158
1878410 158
1878420 158
1878430 158
1878440 158
1878450 158
1878460 158
1878470 158
1878480 158
1878490 158
1878500 158
1878510 158
1878520 159
1878530 159
1878540 160
1878550 160
1878560 160
1878570 160
1878580 160
1878590 160
1878600 160
1878610 160
1878620 161
1878630 166
1878640 166
1878650 167
1878660 162
1878670 162
1878680 161
1878690 160
1878700 160
1878710 160
1878720 160
1878730 160
1878740 159
1878750 159
1878760 159
1878770 159
1878780 159
1878790 159
1878800 159
1878810 159
1878820 159
1878830 159
1878840 159
1878850 159
1878860 159
1878870 159
1878880 159
1878890 159
1878900 160
1878910 160
1878920 160
1878930 160
1878940 160
1878950 161
1878960 161
1878970 161
1878980 161
1878990 161
1879000 161
1879010 161
1879020 161
1879030 161
1879040 161
1879050 161
1879060 161
1879070 161
1879080 161
1879090 161
1879100 161
1879110 161
1879120 161
1879130 161
1879140 161
1879150 161
1879160 161
1879170 161
1879180 161
1879190 160
1879200 160
1879210 161
1879220 160
1879230 160
1879240 160
1879250 160
1879260 161
1879270 160
1879280 161
1879290 161
1879300 160
1879310 160
1879320 160
1879330 160
1879340 160
1879350 160
1879360 160
1879370 161
1879380 161
1879390 160
1879400 160
1879410 160
1879420 160
1879430 160
1879440 160
1879450 160
1879460 160
1879470 160
1879480 160
1879490 160
1879500 160
1879510 160
1879520 159
1879530 159
1879540 158
1879550 158
1879560 158
1879570 157
1879580 157
1879590 157
1879600 157
1879610 157
1879620 157
1879630 157
1879640 157
1879650 157
1879660 158
1879670 158
1879680 158
1879690 160
1879700 160
1879710 159
1879720 159
1879730 159
1879740 158
1879750 158
1879760 158
1879770 158
1879780 158
1879790 158
1879800 158
1879810 158
1879820 158
1879830 159
1879840 159
1879850 159
1879860 159
1879870 159
1879880 159
1879890 158
1879900 158
1879910 158
1879920 158
1879930 158
1879940 158
1879950 158
1879960 158
1879970 158
1879980 158
1879990 158
