1860000 214
1860010 214
1860020 214
1860030 214
1860040 214
1860050 213
1860060 213
1860070 213
1860080 212
1860090 212
1860100 212
1860110 211
1860120 211
1860130 211
1860140 211
1860150 210
1860160 210
1860170 210
1860180 209
1860190 209
1860200 209
1860210 208
1860220 208
1860230 207
1860240 207
1860250 207
1860260 206
1860270 205
1860280 205
1860290 205
1860300 205
1860310 205
1860320 204
1860330 204
1860340 203
1860350 203
1860360 203
1860370 202
1860380 201
1860390 201
1860400 201
1860410 200
1860420 200
1860430 200
1860440 199
1860450 199
1860460 199
1860470 198
1860480 198
1860490 198
1860500 197
1860510 197
1860520 197
1860530 196
1860540 196
1860550 196
1860560 195
1860570 195
1860580 195
1860590 194
1860600 194
1860610 194
1860620 194
1860630 194
1860640 194
1860650 194
1860660 194
1860670 194
1860680 193
1860690 193
1860700 193
1860710 193
1860720 193
1860730 193
1860740 193
1860750 193
1860760 193
1860770 194
1860780 194
1860790 194
1860800 194
1860810 194
1860820 194
1860830 194
1860840 193
1860850 192
1860860 192
1860870 194
1860880 194
1860890 194
1860900 194
1860910 194
1860920 194
1860930 194
1860940 193
1860950 193
1860960 193
1860970 193
1860980 193
1860990 193
1861000 192
1861010 192
1861020 192
1861030 192
1861040 192
1861050 192
1861060 192
1861070 192
1861080 192
1861090 191
1861100 191
1861110 191
1861120 191
1861130 191
1861140 191
1861150 191
1861160 191
1861170 191
1861180 191
1861190 191
1861200 191
1861210 191
1861220 191
1861230 191
1861240 191
1861250 191
1861260 191
1861270 191
1861280 191
1861290 191
1861300 191
1861310 191
1861320 190
1861330 190
1861340 190
1861350 191
1861360 191
1861370 191
1861380 191
1861390 191
1861400 191
1861410 191
1861420 191
1861430 191
1861440 191
1861450 191
1861460 191
1861470 191
1861480 191
1861490 191
1861500 190
1861510 190
1861520 190
1861530 190
1861540 190
1861550 190
1861560 190
1861570 190
1861580 190
1861590 190
1861600 190
1861610 191
1861620 191
1861630 191
1861640 190
1861650 190
1861660 190
1861670 191
1861680 191
1861690 192
1861700 191
1861710 191
1861720 191
1861730 191
1861740 191
1861750 191
1861760 190
1861770 190
1861780 190
1861790 190
1861800 190
1861810 190
1861820 190
1861830 190
1861840 190
1861850 190
1861860 190
1861870 190
1861880 190
1861890 190
1861900 190
1861910 191
1861920 191
1861930 191
1861940 192
1861950 192
1861960 193
1861970 193
1861980 193
1861990 194
1862000 195
1862010 195
1862020 196
1862030 197
1862040 199
1862050 200
1862060 201
1862070 201
1862080 201
1862090 201
1862100 201
1862110 200
1862120 199
1862130 199
1862140 198
1862150 197
1862160 197
1862170 196
1862180 195
1862190 195
1862200 193
1862210 192
1862220 192
1862230 191
1862240 191
1862250 191
1862260 190
1862270 190
1862280 190
1862290 192
1862300 196
1862310 196
1862320 198
1862330 198
1862340 198
1862350 198
1862360 201
1862370 201
1862380 202
1862390 203
1862400 203
1862410 204
1862420 204
1862430 204
1862440 205
1862450 205
1862460 205
1862470 205
1862480 204
1862490 204
1862500 204
1862510 204
1862520 204
1862530 203
1862540 203
1862550 203
1862560 202
1862570 202
1862580 202
1862590 201
1862600 201
1862610 200
1862620 200
1862630 200
1862640 198
1862650 197
1862660 197
1862670 196
1862680 196
1862690 196
1862700 196
1862710 196
1862720 196
1862730 199
1862740 199
1862750 199
1862760 199
1862770 200
1862780 200
1862790 200
1862800 200
1862810 200
1862820 200
1862830 199
1862840 199
1862850 199
1862860 198
1862870 198
1862880 196
1862890 195
1862900 195
1862910 194
1862920 194
1862930 194
1862940 194
1862950 195
1862960 195
1862970 197
1862980 199
1862990 199
1863000 201
1863010 202
1863020 202
1863030 204
1863040 204
1863050 205
1863060 207
1863070 207
1863080 209
1863090 209
1863100 209
1863110 210
1863120 211
1863130 211
1863140 212
1863150 212
1863160 212
1863170 213
1863180 213
1863190 213
1863200 214
1863210 214
1863220 214
1863230 215
1863240 215
1863250 215
1863260 216
1863270 216
1863280 216
1863290 217
1863300 218
1863310 218
1863320 218
1863330 218
1863340 218
1863350 219
1863360 219
1863370 219
1863380 219
1863390 220
1863400 220
1863410 220
1863420 220
1863430 220
1863440 220
1863450 220
1863460 220
1863470 221
1863480 221
1863490 221
1863500 221
1863510 221
1863520 221
1863530 221
1863540 221
1863550 221
1863560 221
1863570 221
1863580 221
1863590 221
1863600 221
1863610 221
1863620 221
1863630 221
1863640 221
1863650 221
1863660 221
1863670 221
1863680 221
1863690 221
1863700 221
1863710 221
1863720 221
1863730 221
1863740 221
1863750 221
1863760 221
1863770 221
1863780 221
1863790 221
1863800 221
1863810 221
1863820 220
1863830 220
1863840 220
1863850 220
1863860 220
1863870 220
1863880 220
1863890 221
1863900 221
1863910 221
1863920 221
1863930 221
1863940 220
1863950 220
1863960 220
1863970 220
1863980 220
1863990 220
1864000 220
1864010 220
1864020 220
1864030 220
1864040 220
1864050 220
1864060 220
1864070 220
1864080 220
1864090 220
1864100 220
1864110 219
1864120 219
1864130 219
1864140 219
1864150 219
1864160 219
1864170 219
1864180 219
1864190 219
1864200 219
1864210 219
1864220 219
1864230 219
1864240 219
1864250 219
1864260 219
1864270 219
1864280 219
1864290 219
1864300 219
1864310 219
1864320 219
1864330 219
1864340 219
1864350 218
1864360 218
1864370 218
1864380 218
1864390 218
1864400 218
1864410 218
1864420 218
1864430 218
1864440 218
1864450 218
1864460 218
1864470 218
1864480 218
1864490 218
1864500 218
1864510 218
1864520 218
1864530 218
1864540 218
1864550 218
1864560 218
1864570 218
1864580 218
1864590 218
1864600 218
1864610 218
1864620 218
1864630 218
1864640 218
1864650 218
1864660 218
1864670 218
1864680 218
1864690 218
1864700 218
1864710 218
1864720 218
1864730 218
1864740 218
1864750 218
1864760 218
1864770 217
1864780 217
1864790 217
1864800 217
1864810 217
1864820 217
1864830 217
1864840 217
1864850 217
1864860 217
1864870 217
1864880 216
1864890 216
1864900 216
1864910 216
1864920 216
1864930 216
1864940 215
1864950 215
1864960 215
1864970 214
1864980 214
1864990 214
1865000 213
1865010 213
1865020 213
1865030 212
1865040 212
1865050 212
1865060 211
1865070 211
1865080 211
1865090 211
1865100 210
1865110 210
1865120 210
1865130 210
1865140 210
1865150 211
1865160 211
1865170 211
1865180 210
1865190 210
1865200 210
1865210 210
1865220 210
1865230 210
1865240 210
1865250 210
1865260 210
1865270 210
1865280 210
1865290 209
1865300 209
1865310 209
1865320 209
1865330 208
1865340 208
1865350 208
1865360 207
1865370 207
1865380 207
1865390 206
1865400 206
1865410 205
1865420 204
1865430 204
1865440 203
1865450 202
1865460 202
1865470 201
1865480 200
1865490 201
1865500 200
1865510 199
1865520 199
1865530 198
1865540 197
1865550 197
1865560 196
1865570 195
1865580 195
1865590 195
1865600 194
1865610 194
1865620 193
1865630 193
1865640 193
1865650 192
1865660 192
1865670 192
1865680 192
1865690 191
1865700 191
1865710 191
1865720 191
1865730 191
1865740 191
1865750 191
1865760 191
1865770 191
1865780 191
1865790 191
1865800 191
1865810 191
1865820 191
1865830 192
1865840 192
1865850 192
1865860 193
1865870 193
1865880 193
1865890 193
1865900 193
1865910 194
1865920 194
1865930 194
1865940 194
1865950 194
1865960 194
1865970 195
1865980 195
1865990 195
1866000 196
1866010 196
1866020 196
1866030 196
1866040 196
1866050 196
1866060 196
1866070 196
1866080 196
1866090 196
1866100 196
1866110 196
1866120 196
1866130 196
1866140 196
1866150 195
1866160 194
1866170 194
1866180 196
1866190 195
1866200 195
1866210 194
1866220 193
1866230 193
1866240 192
1866250 192
1866260 192
1866270 191
1866280 191
1866290 191
1866300 191
1866310 191
1866320 191
1866330 191
1866340 191
1866350 191
1866360 192
1866370 192
1866380 192
1866390 192
1866400 192
1866410 192
1866420 192
1866430 192
1866440 192
1866450 192
1866460 192
1866470 192
1866480 192
1866490 192
1866500 193
1866510 194
1866520 194
1866530 195
1866540 196
1866550 196
1866560 196
1866570 196
1866580 196
1866590 197
1866600 197
1866610 197
1866620 197
1866630 196
1866640 196
1866650 196
1866660 196
1866670 196
1866680 196
1866690 197
1866700 197
1866710 197
1866720 197
1866730 197
1866740 197
1866750 197
1866760 197
1866770 198
1866780 198
1866790 198
1866800 198
1866810 198
1866820 198
1866830 199
1866840 199
1866850 199
1866860 199
1866870 199
1866880 199
1866890 199
1866900 199
1866910 199
1866920 199
1866930 199
1866940 199
1866950 198
1866960 198
1866970 198
1866980 198
1866990 198
1867000 198
1867010 198
1867020 198
1867030 199
1867040 199
1867050 199
1867060 199
1867070 199
1867080 199
1867090 199
1867100 199
1867110 199
1867120 199
1867130 199
1867140 199
1867150 199
1867160 199
1867170 199
1867180 199
1867190 199
1867200 199
1867210 199
1867220 199
1867230 199
1867240 199
1867250 199
1867260 199
1867270 198
1867280 198
1867290 198
1867300 198
1867310 198
1867320 198
1867330 197
1867340 197
1867350 197
1867360 197
1867370 197
1867380 197
1867390 196
1867400 196
1867410 196
1867420 196
1867430 195
1867440 195
1867450 195
1867460 195
1867470 195
1867480 194
1867490 194
1867500 194
1867510 193
1867520 193
1867530 193
1867540 193
1867550 193
1867560 192
1867570 192
1867580 192
1867590 191
1867600 190
1867610 190
1867620 190
1867630 189
1867640 189
1867650 188
1867660 188
1867670 188
1867680 187
1867690 187
1867700 187
1867710 186
1867720 186
1867730 186
1867740 185
1867750 185
1867760 185
1867770 185
1867780 184
1867790 184
1867800 184
1867810 184
1867820 184
1867830 183
1867840 183
1867850 183
1867860 183
1867870 182
1867880 182
1867890 183
1867900 182
1867910 182
1867920 182
1867930 182
1867940 182
1867950 182
1867960 182
1867970 182
1867980 182
1867990 182
1868000 182
1868010 181
1868020 181
1868030 181
1868040 181
1868050 181
1868060 181
1868070 181
1868080 181
1868090 182
1868100 182
1868110 182
1868120 182
1868130 182
1868140 182
1868150 182
1868160 182
1868170 182
1868180 182
1868190 183
1868200 183
1868210 183
1868220 183
1868230 184
1868240 184
1868250 184
1868260 184
1868270 184
1868280 184
1868290 184
1868300 183
1868310 183
1868320 183
1868330 183
1868340 183
1868350 183
1868360 183
1868370 182
1868380 182
1868390 182
1868400 182
1868410 182
1868420 181
1868430 181
1868440 181
1868450 181
1868460 181
1868470 181
1868480 180
1868490 180
1868500 180
1868510 180
1868520 180
1868530 180
1868540 179
1868550 179
1868560 179
1868570 179
1868580 179
1868590 179
1868600 179
1868610 179
1868620 179
1868630 178
1868640 178
1868650 178
1868660 178
1868670 178
1868680 178
1868690 177
1868700 177
1868710 177
1868720 177
1868730 177
1868740 177
1868750 177
1868760 177
1868770 177
1868780 177
1868790 177
1868800 176
1868810 176
1868820 176
1868830 176
1868840 176
1868850 176
1868860 176
1868870 176
1868880 176
1868890 176
1868900 176
1868910 176
1868920 176
1868930 176
1868940 176
1868950 176
1868960 176
1868970 176
1868980 176
1868990 176
1869000 176
1869010 175
1869020 175
1869030 175
1869040 175
1869050 175
1869060 175
1869070 175
1869080 175
1869090 175
1869100 175
1869110 175
1869120 174
1869130 174
1869140 174
1869150 174
1869160 174
1869170 174
1869180 174
1869190 173
1869200 173
1869210 173
1869220 173
1869230 173
1869240 173
1869250 172
1869260 172
1869270 172
1869280 172
1869290 172
1869300 172
1869310 171
1869320 171
1869330 171
1869340 171
1869350 171
1869360 170
1869370 170
1869380 170
1869390 170
1869400 170
1869410 170
1869420 169
1869430 169
1869440 169
1869450 169
1869460 169
1869470 169
1869480 169
1869490 169
1869500 169
1869510 169
1869520 169
1869530 169
1869540 169
1869550 169
1869560 169
1869570 170
1869580 169
1869590 169
1869600 171
1869610 171
1869620 171
1869630 171
1869640 172
1869650 172
1869660 172
1869670 172
1869680 172
1869690 172
1869700 172
1869710 172
1869720 171
1869730 171
1869740 171
1869750 171
1869760 171
1869770 171
1869780 171
1869790 171
1869800 170
1869810 170
1869820 170
1869830 170
1869840 170
1869850 170
1869860 170
1869870 169
1869880 169
1869890 169
1869900 169
1869910 169
1869920 168
1869930 168
1869940 168
1869950 168
1869960 168
1869970 168
1869980 168
1869990 167
1870000 167
1870010 167
1870020 167
1870030 167
1870040 167
1870050 167
1870060 167
1870070 167
1870080 167
1870090 167
1870100 167
1870110 167
1870120 167
1870130 167
1870140 167
1870150 167
1870160 168
1870170 168
1870180 168
1870190 168
1870200 168
1870210 166
1870220 166
1870230 166
1870240 169
1870250 169
1870260 169
1870270 168
1870280 168
1870290 168
1870300 168
1870310 168
1870320 168
1870330 169
1870340 169
1870350 169
1870360 169
1870370 169
1870380 169
1870390 169
1870400 169
1870410 169
1870420 169
1870430 169
1870440 169
1870450 170
1870460 170
1870470 170
1870480 170
1870490 170
1870500 170
1870510 170
1870520 169
1870530 169
1870540 169
1870550 168
1870560 168
1870570 167
1870580 166
1870590 166
1870600 166
1870610 166
1870620 166
1870630 166
1870640 166
1870650 166
1870660 166
1870670 166
1870680 166
1870690 166
1870700 166
1870710 166
1870720 166
1870730 166
1870740 166
1870750 166
1870760 166
1870770 166
1870780 166
1870790 166
1870800 166
1870810 166
1870820 166
1870830 166
1870840 166
1870850 166
1870860 166
1870870 166
1870880 166
1870890 166
1870900 166
1870910 166
1870920 167
1870930 167
1870940 167
1870950 167
1870960 167
1870970 167
1870980 168
1870990 168
1871000 168
1871010 169
1871020 169
1871030 169
1871040 170
1871050 171
1871060 171
1871070 172
1871080 173
1871090 173
1871100 175
1871110 177
1871120 177
1871130 178
1871140 179
1871150 179
1871160 180
1871170 180
1871180 180
1871190 180
1871200 181
1871210 181
1871220 181
1871230 181
1871240 181
1871250 182
1871260 182
1871270 182
1871280 180
1871290 181
1871300 181
1871310 181
1871320 181
1871330 182
1871340 182
1871350 182
1871360 182
1871370 183
1871380 183
1871390 183
1871400 183
1871410 183
1871420 182
1871430 182
1871440 182
1871450 181
1871460 180
1871470 180
1871480 179
1871490 178
1871500 178
1871510 177
1871520 175
1871530 175
1871540 175
1871550 175
1871560 175
1871570 176
1871580 177
1871590 177
1871600 178
1871610 181
1871620 183
1871630 185
1871640 186
1871650 186
1871660 187
1871670 188
1871680 188
1871690 189
1871700 189
1871710 189
1871720 189
1871730 189
1871740 189
1871750 189
1871760 189
1871770 189
1871780 189
1871790 188
1871800 188
1871810 187
1871820 186
1871830 186
1871840 184
1871850 184
1871860 184
1871870 185
1871880 185
1871890 186
1871900 187
1871910 187
1871920 188
1871930 188
1871940 188
1871950 188
1871960 188
1871970 188
1871980 188
1871990 188
1872000 188
1872010 188
1872020 188
1872030 188
1872040 188
1872050 188
1872060 188
1872070 188
1872080 188
1872090 188
1872100 189
1872110 189
1872120 189
1872130 189
1872140 189
1872150 189
1872160 189
1872170 189
1872180 189
1872190 189
1872200 189
1872210 189
1872220 189
1872230 189
1872240 189
1872250 188
1872260 188
1872270 188
1872280 187
1872290 187
1872300 186
1872310 186
1872320 185
1872330 185
1872340 184
1872350 184
1872360 184
1872370 183
1872380 182
1872390 182
1872400 181
1872410 181
1872420 180
1872430 179
1872440 179
1872450 178
1872460 177
1872470 177
1872480 176
1872490 176
1872500 176
1872510 176
1872520 176
1872530 176
1872540 177
1872550 178
1872560 178
1872570 179
1872580 180
1872590 180
1872600 181
1872610 181
1872620 181
1872630 181
1872640 181
1872650 181
1872660 181
1872670 182
1872680 182
1872690 182
1872700 182
1872710 182
1872720 183
1872730 183
1872740 183
1872750 183
1872760 184
1872770 184
1872780 185
1872790 185
1872800 185
1872810 185
1872820 186
1872830 186
1872840 186
1872850 187
1872860 187
1872870 188
1872880 189
1872890 189
1872900 190
1872910 191
1872920 191
1872930 192
1872940 193
1872950 193
1872960 194
1872970 194
1872980 194
1872990 195
1873000 195
1873010 196
1873020 196
1873030 196
1873040 196
1873050 196
1873060 196
1873070 196
1873080 196
1873090 196
1873100 196
1873110 195
1873120 195
1873130 195
1873140 195
1873150 195
1873160 194
1873170 194
1873180 194
1873190 194
1873200 193
1873210 193
1873220 193
1873230 192
1873240 192
1873250 192
1873260 192
1873270 192
1873280 192
1873290 192
1873300 192
1873310 191
1873320 190
1873330 190
1873340 190
1873350 190
1873360 190
1873370 190
1873380 189
1873390 189
1873400 189
1873410 189
1873420 189
1873430 189
1873440 188
1873450 188
1873460 188
1873470 188
1873480 188
1873490 188
1873500 188
1873510 188
1873520 187
1873530 187
1873540 187
1873550 187
1873560 187
1873570 187
1873580 187
1873590 187
1873600 187
1873610 187
1873620 187
1873630 187
1873640 187
1873650 186
1873660 186
1873670 186
1873680 186
1873690 186
1873700 186
1873710 186
1873720 186
1873730 186
1873740 186
1873750 186
1873760 186
1873770 186
1873780 186
1873790 187
1873800 187
1873810 187
1873820 187
1873830 187
1873840 187
1873850 188
1873860 188
1873870 188
1873880 188
1873890 188
1873900 188
1873910 189
1873920 189
1873930 189
1873940 189
1873950 189
1873960 189
1873970 189
1873980 190
1873990 190
1874000 190
1874010 190
1874020 190
1874030 189
1874040 189
1874050 189
1874060 189
1874070 189
1874080 189
1874090 189
1874100 188
1874110 188
1874120 188
1874130 188
1874140 187
1874150 187
1874160 187
1874170 187
1874180 187
1874190 186
1874200 186
1874210 186
1874220 185
1874230 185
1874240 185
1874250 185
1874260 184
1874270 184
1874280 184
1874290 184
1874300 184
1874310 183
1874320 184
1874330 184
1874340 183
1874350 183
1874360 183
1874370 183
1874380 182
1874390 182
1874400 182
1874410 182
1874420 182
1874430 181
1874440 181
1874450 181
1874460 181
1874470 181
1874480 181
1874490 180
1874500 180
1874510 180
1874520 180
1874530 180
1874540 180
1874550 179
1874560 179
1874570 179
1874580 179
1874590 179
1874600 179
1874610 178
1874620 178
1874630 178
1874640 178
1874650 178
1874660 178
1874670 177
1874680 177
1874690 177
1874700 177
1874710 177
1874720 177
1874730 176
1874740 176
1874750 176
1874760 176
1874770 176
1874780 175
1874790 175
1874800 175
1874810 175
1874820 175
1874830 175
1874840 175
1874850 175
1874860 175
1874870 175
1874880 175
1874890 175
1874900 175
1874910 174
1874920 174
1874930 174
1874940 173
1874950 173
1874960 172
1874970 171
1874980 171
1874990 170
1875000 169
1875010 169
1875020 169
1875030 169
1875040 169
1875050 169
1875060 170
1875070 170
1875080 170
1875090 171
1875100 171
1875110 172
1875120 173
1875130 173
1875140 174
1875150 174
1875160 175
1875170 176
1875180 176
1875190 176
1875200 177
1875210 177
1875220 177
1875230 177
1875240 177
1875250 177
1875260 178
1875270 178
1875280 178
1875290 178
1875300 178
1875310 178
1875320 178
1875330 178
1875340 178
1875350 178
1875360 178
1875370 178
1875380 178
1875390 178
1875400 177
1875410 177
1875420 177
1875430 177
1875440 177
1875450 177
1875460 177
1875470 177
1875480 177
1875490 177
1875500 177
1875510 177
1875520 177
1875530 177
1875540 177
1875550 176
1875560 177
1875570 177
1875580 177
1875590 177
1875600 177
1875610 177
1875620 177
1875630 177
1875640 177
1875650 177
1875660 177
1875670 177
1875680 177
1875690 177
1875700 177
1875710 177
1875720 177
1875730 177
1875740 177
1875750 177
1875760 177
1875770 177
1875780 177
1875790 177
1875800 177
1875810 177
1875820 176
1875830 176
1875840 176
1875850 176
1875860 176
1875870 176
1875880 176
1875890 176
1875900 176
1875910 176
1875920 176
1875930 176
1875940 176
1875950 176
1875960 176
1875970 176
1875980 176
1875990 175
1876000 175
1876010 175
1876020 175
1876030 175
1876040 175
1876050 175
1876060 175
1876070 175
1876080 175
1876090 175
1876100 175
1876110 175
1876120 175
1876130 175
1876140 175
1876150 174
1876160 174
1876170 174
1876180 174
1876190 174
1876200 174
1876210 174
1876220 174
1876230 174
1876240 174
1876250 173
1876260 173
1876270 173
1876280 173
1876290 173
1876300 173
1876310 173
1876320 173
1876330 173
1876340 173
1876350 173
1876360 173
1876370 173
1876380 173
1876390 173
1876400 173
1876410 173
1876420 173
1876430 173
1876440 172
1876450 172
1876460 172
1876470 172
1876480 172
1876490 172
1876500 172
1876510 172
1876520 172
1876530 172
1876540 172
1876550 172
1876560 172
1876570 172
1876580 172
1876590 172
1876600 172
1876610 172
1876620 172
1876630 172
1876640 171
1876650 171
1876660 171
1876670 171
1876680 171
1876690 171
1876700 170
1876710 170
1876720 170
1876730 170
1876740 170
1876750 170
1876760 170
1876770 170
1876780 170
1876790 169
1876800 169
1876810 169
1876820 169
1876830 169
1876840 169
1876850 168
1876860 168
1876870 168
1876880 168
1876890 168
1876900 168
1876910 168
1876920 168
1876930 168
1876940 168
1876950 168
1876960 167
1876970 167
1876980 167
1876990 167
1877000 166
1877010 166
1877020 166
1877030 166
1877040 166
1877050 166
1877060 166
1877070 166
1877080 166
1877090 166
1877100 166
1877110 166
1877120 166
1877130 166
1877140 163
1877150 162
1877160 162
1877170 162
1877180 166
1877190 166
1877200 167
1877210 167
1877220 167
1877230 167
1877240 167
1877250 167
1877260 167
1877270 165
1877280 165
1877290 165
1877300 166
1877310 166
1877320 166
1877330 166
1877340 166
1877350 166
1877360 166
1877370 166
1877380 166
1877390 166
1877400 166
1877410 166
1877420 166
1877430 166
1877440 166
1877450 166
1877460 165
1877470 165
1877480 165
1877490 165
1877500 165
1877510 165
1877520 165
1877530 165
1877540 165
1877550 165
1877560 165
1877570 165
1877580 165
1877590 165
1877600 165
1877610 165
1877620 165
1877630 165
1877640 165
1877650 165
1877660 165
1877670 165
1877680 165
1877690 165
1877700 165
1877710 165
1877720 165
1877730 165
1877740 165
1877750 165
1877760 165
1877770 165
1877780 165
1877790 165
1877800 165
1877810 165
1877820 165
1877830 165
1877840 165
1877850 165
1877860 164
1877870 164
1877880 164
1877890 164
1877900 164
1877910 163
1877920 163
1877930 163
1877940 163
1877950 163
1877960 162
1877970 162
1877980 162
1877990 161
1878000 161
1878010 161
1878020 160
1878030 160
1878040 160
1878050 160
1878060 160
1878070 160
1878080 159
1878090 159
1878100 159
1878110 159
1878120 159
1878130 159
1878140 159
1878150 159
1878160 159
1878170 159
1878180 159
1878190 159
1878200 159
1878210 159
1878220 159
1878230 159
1878240 159
1878250 159
1878260 159
1878270 160
1878280 160
1878290 160
1878300 160
1878310 160
1878320 160
1878330 160
1878340 160
1878350 160
1878360 160
1878370 160
1878380 160
1878390 160
1878400 160
1878410 160
1878420 160
1878430 160
1878440 160
1878450 160
1878460 160
1878470 160
1878480 160
1878490 158
1878500 158
1878510 158
1878520 160
1878530 160
1878540 160
1878550 160
1878560 160
1878570 160
1878580 160
1878590 160
1878600 160
1878610 160
1878620 159
1878630 159
1878640 157
1878650 157
1878660 158
1878670 159
1878680 164
1878690 164
1878700 167
1878710 164
1878720 164
1878730 160
1878740 158
1878750 158
1878760 157
1878770 157
1878780 157
1878790 157
1878800 157
1878810 157
1878820 157
1878830 157
1878840 157
1878850 157
1878860 157
1878870 157
1878880 157
1878890 157
1878900 157
1878910 157
1878920 157
1878930 157
1878940 157
1878950 157
1878960 157
1878970 157
1878980 157
1878990 157
1879000 157
1879010 157
1879020 157
1879030 157
1879040 157
1879050 157
1879060 157
1879070 157
1879080 157
1879090 157
1879100 157
1879110 157
1879120 157
1879130 157
1879140 157
1879150 157
1879160 157
1879170 157
1879180 157
1879190 157
1879200 156
1879210 156
1879220 156
1879230 156
1879240 156
1879250 156
1879260 156
1879270 156
1879280 156
1879290 156
1879300 156
1879310 156
1879320 156
1879330 156
1879340 156
1879350 156
1879360 156
1879370 156
1879380 156
1879390 156
1879400 156
1879410 156
1879420 156
1879430 156
1879440 156
1879450 156
1879460 156
1879470 156
1879480 156
1879490 156
1879500 156
1879510 156
1879520 156
1879530 156
1879540 156
1879550 156
1879560 156
1879570 156
1879580 156
1879590 156
1879600 156
1879610 156
1879620 156
1879630 156
1879640 156
1879650 156
1879660 156
1879670 156
1879680 156
1879690 156
1879700 156
1879710 156
1879720 156
1879730 158
1879740 159
1879750 159
1879760 158
1879770 158
1879780 158
1879790 157
1879800 158
1879810 158
1879820 157
1879830 157
1879840 157
1879850 157
1879860 157
1879870 157
1879880 157
1879890 157
1879900 157
1879910 157
1879920 157
1879930 157
1879940 158
1879950 156
1879960 156
1879970 156
1879980 156
1879990 156
1860000 214
1860010 214
1860020 214
1860030 214
1860040 214
1860050 213
1860060 213
1860070 213
1860080 212
1860090 212
1860100 212
1860110 211
1860120 211
1860130 211
1860140 211
1860150 210
1860160 210
1860170 210
1860180 209
1860190 209
1860200 209
1860210 208
1860220 208
1860230 207
1860240 207
1860250 207
1860260 206
1860270 205
1860280 205
1860290 205
1860300 205
1860310 205
1860320 204
1860330 204
1860340 203
1860350 203
1860360 203
1860370 202
1860380 201
1860390 201
1860400 201
1860410 200
1860420 200
1860430 200
1860440 199
1860450 199
1860460 199
1860470 198
1860480 198
1860490 198
1860500 197
1860510 197
1860520 197
1860530 196
1860540 196
1860550 196
1860560 195
1860570 195
1860580 195
1860590 194
1860600 194
1860610 194
1860620 194
1860630 194
1860640 194
1860650 194
1860660 194
1860670 194
1860680 193
1860690 193
1860700 193
1860710 193
1860720 193
1860730 193
1860740 193
1860750 193
1860760 193
1860770 194
1860780 194
1860790 194
1860800 194
1860810 194
1860820 194
1860830 194
1860840 193
1860850 192
1860860 192
1860870 194
1860880 194
1860890 194
1860900 194
1860910 194
1860920 194
1860930 194
1860940 193
1860950 193
1860960 193
1860970 193
1860980 193
1860990 193
1861000 192
1861010 192
1861020 192
1861030 192
1861040 192
1861050 192
1861060 192
1861070 192
1861080 192
1861090 191
1861100 191
1861110 191
1861120 191
1861130 191
1861140 191
1861150 191
1861160 191
1861170 191
1861180 191
1861190 191
1861200 191
1861210 191
1861220 191
1861230 191
1861240 191
1861250 191
1861260 191
1861270 191
1861280 191
1861290 191
1861300 191
1861310 191
1861320 190
1861330 190
1861340 190
1861350 191
1861360 191
1861370 191
1861380 191
1861390 191
1861400 191
1861410 191
1861420 191
1861430 191
1861440 191
1861450 191
1861460 191
1861470 191
1861480 191
1861490 191
1861500 190
1861510 190
1861520 190
1861530 190
1861540 190
1861550 190
1861560 190
1861570 190
1861580 190
1861590 190
1861600 190
1861610 191
1861620 191
1861630 191
1861640 190
1861650 190
1861660 190
1861670 191
1861680 191
1861690 192
1861700 191
1861710 191
1861720 191
1861730 191
1861740 191
1861750 191
1861760 190
1861770 190
1861780 190
1861790 190
1861800 190
1861810 190
1861820 190
1861830 190
1861840 190
1861850 190
1861860 190
1861870 190
1861880 190
1861890 190
1861900 190
1861910 191
1861920 191
1861930 191
1861940 192
1861950 192
1861960 193
1861970 193
1861980 193
1861990 194
1862000 195
1862010 195
1862020 196
1862030 197
1862040 199
1862050 200
1862060 201
1862070 201
1862080 201
1862090 201
1862100 201
1862110 200
1862120 199
1862130 199
1862140 198
1862150 197
1862160 197
1862170 196
1862180 195
1862190 195
1862200 193
1862210 192
1862220 192
1862230 191
1862240 191
1862250 191
1862260 190
1862270 190
1862280 190
1862290 192
1862300 196
1862310 196
1862320 198
1862330 198
1862340 198
1862350 198
1862360 201
1862370 201
1862380 202
1862390 203
1862400 203
1862410 204
1862420 204
1862430 204
1862440 205
1862450 205
1862460 205
1862470 205
1862480 204
1862490 204
1862500 204
1862510 204
1862520 204
1862530 203
1862540 203
1862550 203
1862560 202
1862570 202
1862580 202
1862590 201
1862600 201
1862610 200
1862620 200
1862630 200
1862640 198
1862650 197
1862660 197
1862670 196
1862680 196
1862690 196
1862700 196
1862710 196
1862720 196
1862730 199
1862740 199
1862750 199
1862760 199
1862770 200
1862780 200
1862790 200
1862800 200
1862810 200
1862820 200
1862830 199
1862840 199
1862850 199
1862860 198
1862870 198
1862880 196
1862890 195
1862900 195
1862910 194
1862920 194
1862930 194
1862940 194
1862950 195
1862960 195
1862970 197
1862980 199
1862990 199
1863000 201
1863010 202
1863020 202
1863030 204
1863040 204
1863050 205
1863060 207
1863070 207
1863080 209
1863090 209
1863100 209
1863110 210
1863120 211
1863130 211
1863140 212
1863150 212
1863160 212
1863170 213
1863180 213
1863190 213
1863200 214
1863210 214
1863220 214
1863230 215
1863240 215
1863250 215
1863260 216
1863270 216
1863280 216
1863290 217
1863300 218
1863310 218
1863320 218
1863330 218
1863340 218
1863350 219
1863360 219
1863370 219
1863380 219
1863390 220
1863400 220
1863410 220
1863420 220
1863430 220
1863440 220
1863450 220
1863460 220
1863470 221
1863480 221
1863490 221
1863500 221
1863510 221
1863520 221
1863530 221
1863540 221
1863550 221
1863560 221
1863570 221
1863580 221
1863590 221
1863600 221
1863610 221
1863620 221
1863630 221
1863640 221
1863650 221
1863660 221
1863670 221
1863680 221
1863690 221
1863700 221
1863710 221
1863720 221
1863730 221
1863740 221
1863750 221
1863760 221
1863770 221
1863780 221
1863790 221
1863800 221
1863810 221
1863820 220
1863830 220
1863840 220
1863850 220
1863860 220
1863870 220
1863880 220
1863890 221
1863900 221
1863910 221
1863920 221
1863930 221
1863940 220
1863950 220
1863960 220
1863970 220
1863980 220
1863990 220
1864000 220
1864010 220
1864020 220
1864030 220
1864040 220
1864050 220
1864060 220
1864070 220
1864080 220
1864090 220
1864100 220
1864110 219
1864120 219
1864130 219
1864140 219
1864150 219
1864160 219
1864170 219
1864180 219
1864190 219
1864200 219
1864210 219
1864220 219
1864230 219
1864240 219
1864250 219
1864260 219
1864270 219
1864280 219
1864290 219
1864300 219
1864310 219
1864320 219
1864330 219
1864340 219
1864350 218
1864360 218
1864370 218
1864380 218
1864390 218
1864400 218
1864410 218
1864420 218
1864430 218
1864440 218
1864450 218
1864460 218
1864470 218
1864480 218
1864490 218
1864500 218
1864510 218
1864520 218
1864530 218
1864540 218
1864550 218
1864560 218
1864570 218
1864580 218
1864590 218
1864600 218
1864610 218
1864620 218
1864630 218
1864640 218
1864650 218
1864660 218
1864670 218
1864680 218
1864690 218
1864700 218
1864710 218
1864720 218
1864730 218
1864740 218
1864750 218
1864760 218
1864770 217
1864780 217
1864790 217
1864800 217
1864810 217
1864820 217
1864830 217
1864840 217
1864850 217
1864860 217
1864870 217
1864880 216
1864890 216
1864900 216
1864910 216
1864920 216
1864930 216
1864940 215
1864950 215
1864960 215
1864970 214
1864980 214
1864990 214
1865000 213
1865010 213
1865020 213
1865030 212
1865040 212
1865050 212
1865060 211
1865070 211
1865080 211
1865090 211
1865100 210
1865110 210
1865120 210
1865130 210
1865140 210
1865150 211
1865160 211
1865170 211
1865180 210
1865190 210
1865200 210
1865210 210
1865220 210
1865230 210
1865240 210
1865250 210
1865260 210
1865270 210
1865280 210
1865290 209
1865300 209
1865310 209
1865320 209
1865330 208
1865340 208
1865350 208
1865360 207
1865370 207
1865380 207
1865390 206
1865400 206
1865410 205
1865420 204
1865430 204
1865440 203
1865450 202
1865460 202
1865470 201
1865480 200
1865490 201
1865500 200
1865510 199
1865520 199
1865530 198
1865540 197
1865550 197
1865560 196
1865570 195
1865580 195
1865590 195
1865600 194
1865610 194
1865620 193
1865630 193
1865640 193
1865650 192
1865660 192
1865670 192
1865680 192
1865690 191
1865700 191
1865710 191
1865720 191
1865730 191
1865740 191
1865750 191
1865760 191
1865770 191
1865780 191
1865790 191
1865800 191
1865810 191
1865820 191
1865830 192
1865840 192
1865850 192
1865860 193
1865870 193
1865880 193
1865890 193
1865900 193
1865910 194
1865920 194
1865930 194
1865940 194
1865950 194
1865960 194
1865970 195
1865980 195
1865990 195
1866000 196
1866010 196
1866020 196
1866030 196
1866040 196
1866050 196
1866060 196
1866070 196
1866080 196
1866090 196
1866100 196
1866110 196
1866120 196
1866130 196
1866140 196
1866150 195
1866160 194
1866170 194
1866180 196
1866190 195
1866200 195
1866210 194
1866220 193
1866230 193
1866240 192
1866250 192
1866260 192
1866270 191
1866280 191
1866290 191
1866300 191
1866310 191
1866320 191
1866330 191
1866340 191
1866350 191
1866360 192
1866370 192
1866380 192
1866390 192
1866400 192
1866410 192
1866420 192
1866430 192
1866440 192
1866450 192
1866460 192
1866470 192
1866480 192
1866490 192
1866500 193
1866510 194
1866520 194
1866530 195
1866540 196
1866550 196
1866560 196
1866570 196
1866580 196
1866590 197
1866600 197
1866610 197
1866620 197
1866630 196
1866640 196
1866650 196
1866660 196
1866670 196
1866680 196
1866690 197
1866700 197
1866710 197
1866720 197
1866730 197
1866740 197
1866750 197
1866760 197
1866770 198
1866780 198
1866790 198
1866800 198
1866810 198
1866820 198
1866830 199
1866840 199
1866850 199
1866860 199
1866870 199
1866880 199
1866890 199
1866900 199
1866910 199
1866920 199
1866930 199
1866940 199
1866950 198
1866960 198
1866970 198
1866980 198
1866990 198
1867000 198
1867010 198
1867020 198
1867030 199
1867040 199
1867050 199
1867060 199
1867070 199
1867080 199
1867090 199
1867100 199
1867110 199
1867120 199
1867130 199
1867140 199
1867150 199
1867160 199
1867170 199
1867180 199
1867190 199
1867200 199
1867210 199
1867220 199
1867230 199
1867240 199
1867250 199
1867260 199
1867270 198
1867280 198
1867290 198
1867300 198
1867310 198
1867320 198
1867330 197
1867340 197
1867350 197
1867360 197
1867370 197
1867380 197
1867390 196
1867400 196
1867410 196
1867420 196
1867430 195
1867440 195
1867450 195
1867460 195
1867470 195
1867480 194
1867490 194
1867500 194
1867510 193
1867520 193
1867530 193
1867540 193
1867550 193
1867560 192
1867570 192
1867580 192
1867590 191
1867600 190
1867610 190
1867620 190
1867630 189
1867640 189
1867650 188
1867660 188
1867670 188
1867680 187
1867690 187
1867700 187
1867710 186
1867720 186
1867730 186
1867740 185
1867750 185
1867760 185
1867770 185
1867780 184
1867790 184
1867800 184
1867810 184
1867820 184
1867830 183
1867840 183
1867850 183
1867860 183
1867870 182
1867880 182
1867890 183
1867900 182
1867910 182
1867920 182
1867930 182
1867940 182
1867950 182
1867960 182
1867970 182
1867980 182
1867990 182
1868000 182
1868010 181
1868020 181
1868030 181
1868040 181
1868050 181
1868060 181
1868070 181
1868080 181
1868090 182
1868100 182
1868110 182
1868120 182
1868130 182
1868140 182
1868150 182
1868160 182
1868170 182
1868180 182
1868190 183
1868200 183
1868210 183
1868220 183
1868230 184
1868240 184
1868250 184
1868260 184
1868270 184
1868280 184
1868290 184
1868300 183
1868310 183
1868320 183
1868330 183
1868340 183
1868350 183
1868360 183
1868370 182
1868380 182
1868390 182
1868400 182
1868410 182
1868420 181
1868430 181
1868440 181
1868450 181
1868460 181
1868470 181
1868480 180
1868490 180
1868500 180
1868510 180
1868520 180
1868530 180
1868540 179
1868550 179
1868560 179
1868570 179
1868580 179
1868590 179
1868600 179
1868610 179
1868620 179
1868630 178
1868640 178
1868650 178
1868660 178
1868670 178
1868680 178
1868690 177
1868700 177
1868710 177
1868720 177
1868730 177
1868740 177
1868750 177
1868760 177
1868770 177
1868780 177
1868790 177
1868800 176
1868810 176
1868820 176
1868830 176
1868840 176
1868850 176
1868860 176
1868870 176
1868880 176
1868890 176
1868900 176
1868910 176
1868920 176
1868930 176
1868940 176
1868950 176
1868960 176
1868970 176
1868980 176
1868990 176
1869000 176
1869010 175
1869020 175
1869030 175
1869040 175
1869050 175
1869060 175
1869070 175
1869080 175
1869090 175
1869100 175
1869110 175
1869120 174
1869130 174
1869140 174
1869150 174
1869160 174
1869170 174
1869180 174
1869190 173
1869200 173
1869210 173
1869220 173
1869230 173
1869240 173
1869250 172
1869260 172
1869270 172
1869280 172
1869290 172
1869300 172
1869310 171
1869320 171
1869330 171
1869340 171
1869350 171
1869360 170
1869370 170
1869380 170
1869390 170
1869400 170
1869410 170
1869420 169
1869430 169
1869440 169
1869450 169
1869460 169
1869470 169
1869480 169
1869490 169
1869500 169
1869510 169
1869520 169
1869530 169
1869540 169
1869550 169
1869560 169
1869570 170
1869580 169
1869590 169
1869600 171
1869610 171
1869620 171
1869630 171
1869640 172
1869650 172
1869660 172
1869670 172
1869680 172
1869690 172
1869700 172
1869710 172
1869720 171
1869730 171
1869740 171
1869750 171
1869760 171
1869770 171
1869780 171
1869790 171
1869800 170
1869810 170
1869820 170
1869830 170
1869840 170
1869850 170
1869860 170
1869870 169
1869880 169
1869890 169
1869900 169
1869910 169
1869920 168
1869930 168
1869940 168
1869950 168
1869960 168
1869970 168
1869980 168
1869990 167
1870000 167
1870010 167
1870020 167
1870030 167
1870040 167
1870050 167
1870060 167
1870070 167
1870080 167
1870090 167
1870100 167
1870110 167
1870120 167
1870130 167
1870140 167
1870150 167
1870160 168
1870170 168
1870180 168
1870190 168
1870200 168
1870210 166
1870220 166
1870230 166
1870240 169
1870250 169
1870260 169
1870270 168
1870280 168
1870290 168
1870300 168
1870310 168
1870320 168
1870330 169
1870340 169
1870350 169
1870360 169
1870370 169
1870380 169
1870390 169
1870400 169
1870410 169
1870420 169
1870430 169
1870440 169
1870450 170
1870460 170
1870470 170
1870480 170
1870490 170
1870500 170
1870510 170
1870520 169
1870530 169
1870540 169
1870550 168
1870560 168
1870570 167
1870580 166
1870590 166
1870600 166
1870610 166
1870620 166
1870630 166
1870640 166
1870650 166
1870660 166
1870670 166
1870680 166
1870690 166
1870700 166
1870710 166
1870720 166
1870730 166
1870740 166
1870750 166
1870760 166
1870770 166
1870780 166
1870790 166
1870800 166
1870810 166
1870820 166
1870830 166
1870840 166
1870850 166
1870860 166
1870870 166
1870880 166
1870890 166
1870900 166
1870910 166
1870920 167
1870930 167
1870940 167
1870950 167
1870960 167
1870970 167
1870980 168
1870990 168
1871000 168
1871010 169
1871020 169
1871030 169
1871040 170
1871050 171
1871060 171
1871070 172
1871080 173
1871090 173
1871100 175
1871110 177
1871120 177
1871130 178
1871140 179
1871150 179
1871160 180
1871170 180
1871180 180
1871190 180
1871200 181
1871210 181
1871220 181
1871230 181
1871240 181
1871250 182
1871260 182
1871270 182
1871280 180
1871290 181
1871300 181
1871310 181
1871320 181
1871330 182
1871340 182
1871350 182
1871360 182
1871370 183
1871380 183
1871390 183
1871400 183
1871410 183
1871420 182
1871430 182
1871440 182
1871450 181
1871460 180
1871470 180
1871480 179
1871490 178
1871500 178
1871510 177
1871520 175
1871530 175
1871540 175
1871550 175
1871560 175
1871570 176
1871580 177
1871590 177
1871600 178
1871610 181
1871620 183
1871630 185
1871640 186
1871650 186
1871660 187
1871670 188
1871680 188
1871690 189
1871700 189
1871710 189
1871720 189
1871730 189
1871740 189
1871750 189
1871760 189
1871770 189
1871780 189
1871790 188
1871800 188
1871810 187
1871820 186
1871830 186
1871840 184
1871850 184
1871860 184
1871870 185
1871880 185
1871890 186
1871900 187
1871910 187
1871920 188
1871930 188
1871940 188
1871950 188
1871960 188
1871970 188
1871980 188
1871990 188
1872000 188
1872010 188
1872020 188
1872030 188
1872040 188
1872050 188
1872060 188
1872070 188
1872080 188
1872090 188
1872100 189
1872110 189
1872120 189
1872130 189
1872140 189
1872150 189
1872160 189
1872170 189
1872180 189
1872190 189
1872200 189
1872210 189
1872220 189
1872230 189
1872240 189
1872250 188
1872260 188
1872270 188
1872280 187
1872290 187
1872300 186
1872310 186
1872320 185
1872330 185
1872340 184
1872350 184
1872360 184
1872370 183
1872380 182
1872390 182
1872400 181
1872410 181
1872420 180
1872430 179
1872440 179
1872450 178
1872460 177
1872470 177
1872480 176
1872490 176
1872500 176
1872510 176
1872520 176
1872530 176
1872540 177
1872550 178
1872560 178
1872570 179
1872580 180
1872590 180
1872600 181
1872610 181
1872620 181
1872630 181
1872640 181
1872650 181
1872660 181
1872670 182
1872680 182
1872690 182
1872700 182
1872710 182
1872720 183
1872730 183
1872740 183
1872750 183
1872760 184
1872770 184
1872780 185
1872790 185
1872800 185
1872810 185
1872820 186
1872830 186
1872840 186
1872850 187
1872860 187
1872870 188
1872880 189
1872890 189
1872900 190
1872910 191
1872920 191
1872930 192
1872940 193
1872950 193
1872960 194
1872970 194
1872980 194
1872990 195
1873000 195
1873010 196
1873020 196
1873030 196
1873040 196
1873050 196
1873060 196
1873070 196
1873080 196
1873090 196
1873100 196
1873110 195
1873120 195
1873130 195
1873140 195
1873150 195
1873160 194
1873170 194
1873180 194
1873190 194
1873200 193
1873210 193
1873220 193
1873230 192
1873240 192
1873250 192
1873260 192
1873270 192
1873280 192
1873290 192
1873300 192
1873310 191
1873320 190
1873330 190
1873340 190
1873350 190
1873360 190
1873370 190
1873380 189
1873390 189
1873400 189
1873410 189
1873420 189
1873430 189
1873440 188
1873450 188
1873460 188
1873470 188
1873480 188
1873490 188
1873500 188
1873510 188
1873520 187
1873530 187
1873540 187
1873550 187
1873560 187
1873570 187
1873580 187
1873590 187
1873600 187
1873610 187
1873620 187
1873630 187
1873640 187
1873650 186
1873660 186
1873670 186
1873680 186
1873690 186
1873700 186
1873710 186
1873720 186
1873730 186
1873740 186
1873750 186
1873760 186
1873770 186
1873780 186
1873790 187
1873800 187
1873810 187
1873820 187
1873830 187
1873840 187
1873850 188
1873860 188
1873870 188
1873880 188
1873890 188
1873900 188
1873910 189
1873920 189
1873930 189
1873940 189
1873950 189
1873960 189
1873970 189
1873980 190
1873990 190
1874000 190
1874010 190
1874020 190
1874030 189
1874040 189
1874050 189
1874060 189
1874070 189
1874080 189
1874090 189
1874100 188
1874110 188
1874120 188
1874130 188
1874140 187
1874150 187
1874160 187
1874170 187
1874180 187
1874190 186
1874200 186
1874210 186
1874220 185
1874230 185
1874240 185
1874250 185
1874260 184
1874270 184
1874280 184
1874290 184
1874300 184
1874310 183
1874320 184
1874330 184
1874340 183
1874350 183
1874360 183
1874370 183
1874380 182
1874390 182
1874400 182
1874410 182
1874420 182
1874430 181
1874440 181
1874450 181
1874460 181
1874470 181
1874480 181
1874490 180
1874500 180
1874510 180
1874520 180
1874530 180
1874540 180
1874550 179
1874560 179
1874570 179
1874580 179
1874590 179
1874600 179
1874610 178
1874620 178
1874630 178
1874640 178
1874650 178
1874660 178
1874670 177
1874680 177
1874690 177
1874700 177
1874710 177
1874720 177
1874730 176
1874740 176
1874750 176
1874760 176
1874770 176
1874780 175
1874790 175
1874800 175
1874810 175
1874820 175
1874830 175
1874840 175
1874850 175
1874860 175
1874870 175
1874880 175
1874890 175
1874900 175
1874910 174
1874920 174
1874930 174
1874940 173
1874950 173
1874960 172
1874970 171
1874980 171
1874990 170
1875000 169
1875010 169
1875020 169
1875030 169
1875040 169
1875050 169
1875060 170
1875070 170
1875080 170
1875090 171
1875100 171
1875110 172
1875120 173
1875130 173
1875140 174
1875150 174
1875160 175
1875170 176
1875180 176
1875190 176
1875200 177
1875210 177
1875220 177
1875230 177
1875240 177
1875250 177
1875260 178
1875270 178
1875280 178
1875290 178
1875300 178
1875310 178
1875320 178
1875330 178
1875340 178
1875350 178
1875360 178
1875370 178
1875380 178
1875390 178
1875400 177
1875410 177
1875420 177
1875430 177
1875440 177
1875450 177
1875460 177
1875470 177
1875480 177
1875490 177
1875500 177
1875510 177
1875520 177
1875530 177
1875540 177
1875550 176
1875560 177
1875570 177
1875580 177
1875590 177
1875600 177
1875610 177
1875620 177
1875630 177
1875640 177
1875650 177
1875660 177
1875670 177
1875680 177
1875690 177
1875700 177
1875710 177
1875720 177
1875730 177
1875740 177
1875750 177
1875760 177
1875770 177
1875780 177
1875790 177
1875800 177
1875810 177
1875820 176
1875830 176
1875840 176
1875850 176
1875860 176
1875870 176
1875880 176
1875890 176
1875900 176
1875910 176
1875920 176
1875930 176
1875940 176
1875950 176
1875960 176
1875970 176
1875980 176
1875990 175
1876000 175
1876010 175
1876020 175
1876030 175
1876040 175
1876050 175
1876060 175
1876070 175
1876080 175
1876090 175
1876100 175
1876110 175
1876120 175
1876130 175
1876140 175
1876150 174
1876160 174
1876170 174
1876180 174
1876190 174
1876200 174
1876210 174
1876220 174
1876230 174
1876240 174
1876250 173
1876260 173
1876270 173
1876280 173
1876290 173
1876300 173
1876310 173
1876320 173
1876330 173
1876340 173
1876350 173
1876360 173
1876370 173
1876380 173
1876390 173
1876400 173
1876410 173
1876420 173
1876430 173
1876440 172
1876450 172
1876460 172
1876470 172
1876480 172
1876490 172
1876500 172
1876510 172
1876520 172
1876530 172
1876540 172
1876550 172
1876560 172
1876570 172
1876580 172
1876590 172
1876600 172
1876610 172
1876620 172
1876630 172
1876640 171
1876650 171
1876660 171
1876670 171
1876680 171
1876690 171
1876700 170
1876710 170
1876720 170
1876730 170
1876740 170
1876750 170
1876760 170
1876770 170
1876780 170
1876790 169
1876800 169
1876810 169
1876820 169
1876830 169
1876840 169
1876850 168
1876860 168
1876870 168
1876880 168
1876890 168
1876900 168
1876910 168
1876920 168
1876930 168
1876940 168
1876950 168
1876960 167
1876970 167
1876980 167
1876990 167
1877000 166
1877010 166
1877020 166
1877030 166
1877040 166
1877050 166
1877060 166
1877070 166
1877080 166
1877090 166
1877100 166
1877110 166
1877120 166
1877130 166
1877140 163
1877150 162
1877160 162
1877170 162
1877180 166
1877190 166
1877200 167
1877210 167
1877220 167
1877230 167
1877240 167
1877250 167
1877260 167
1877270 165
1877280 165
1877290 165
1877300 166
1877310 166
1877320 166
1877330 166
1877340 166
1877350 166
1877360 166
1877370 166
1877380 166
1877390 166
1877400 166
1877410 166
1877420 166
1877430 166
1877440 166
1877450 166
1877460 165
1877470 165
1877480 165
1877490 165
1877500 165
1877510 165
1877520 165
1877530 165
1877540 165
1877550 165
1877560 165
1877570 165
1877580 165
1877590 165
1877600 165
1877610 165
1877620 165
1877630 165
1877640 165
1877650 165
1877660 165
1877670 165
1877680 165
1877690 165
1877700 165
1877710 165
1877720 165
1877730 165
1877740 165
1877750 165
1877760 165
1877770 165
1877780 165
1877790 165
1877800 165
1877810 165
1877820 165
1877830 165
1877840 165
1877850 165
1877860 164
1877870 164
1877880 164
1877890 164
1877900 164
1877910 163
1877920 163
1877930 163
1877940 163
1877950 163
1877960 162
1877970 162
1877980 162
1877990 161
1878000 161
1878010 161
1878020 160
1878030 160
1878040 160
1878050 160
1878060 160
1878070 160
1878080 159
1878090 159
1878100 159
1878110 159
1878120 159
1878130 159
1878140 159
1878150 159
1878160 159
1878170 159
1878180 159
1878190 159
1878200 159
1878210 159
1878220 159
1878230 159
1878240 159
1878250 159
1878260 159
1878270 160
1878280 160
1878290 160
1878300 160
1878310 160
1878320 160
1878330 160
1878340 160
1878350 160
1878360 160
1878370 160
1878380 160
1878390 160
1878400 160
1878410 160
1878420 160
1878430 160
1878440 160
1878450 160
1878460 160
1878470 160
1878480 160
1878490 158
1878500 158
1878510 158
1878520 160
1878530 160
1878540 160
1878550 160
1878560 160
1878570 160
1878580 160
1878590 160
1878600 160
1878610 160
1878620 159
1878630 159
1878640 157
1878650 157
1878660 158
1878670 159
1878680 164
1878690 164
1878700 167
1878710 164
1878720 164
1878730 160
1878740 158
1878750 158
1878760 157
1878770 157
1878780 157
1878790 157
1878800 157
1878810 157
1878820 157
1878830 157
1878840 157
1878850 157
1878860 157
1878870 157
1878880 157
1878890 157
1878900 157
1878910 157
1878920 157
1878930 157
1878940 157
1878950 157
1878960 157
1878970 157
1878980 157
1878990 157
1879000 157
1879010 157
1879020 157
1879030 157
1879040 157
1879050 157
1879060 157
1879070 157
1879080 157
1879090 157
1879100 157
1879110 157
1879120 157
1879130 157
1879140 157
1879150 157
1879160 157
1879170 157
1879180 157
1879190 157
1879200 156
1879210 156
1879220 156
1879230 156
1879240 156
1879250 156
1879260 156
1879270 156
1879280 156
1879290 156
1879300 156
1879310 156
1879320 156
1879330 156
1879340 156
1879350 156
1879360 156
1879370 156
1879380 156
1879390 156
1879400 156
1879410 156
1879420 156
1879430 156
1879440 156
1879450 156
1879460 156
1879470 156
1879480 156
1879490 156
1879500 156
1879510 156
1879520 156
1879530 156
1879540 156
1879550 156
1879560 156
1879570 156
1879580 156
1879590 156
1879600 156
1879610 156
1879620 156
1879630 156
1879640 156
1879650 156
1879660 156
1879670 156
1879680 156
1879690 156
1879700 156
1879710 156
1879720 156
1879730 158
1879740 159
1879750 159
1879760 158
1879770 158
1879780 158
1879790 157
1879800 158
1879810 158
1879820 157
1879830 157
1879840 157
1879850 157
1879860 157
1879870 157
1879880 157
1879890 157
1879900 157
1879910 157
1879920 157
1879930 157
1879940 158
1879950 156
1879960 156
1879970 156
1879980 156
1879990 156
