1860000 249
1860010 250
1860020 250
1860030 250
1860040 250
1860050 250
1860060 250
1860070 250
1860080 250
1860090 250
1860100 250
1860110 250
1860120 249
1860130 249
1860140 249
1860150 249
1860160 248
1860170 248
1860180 247
1860190 246
1860200 246
1860210 245
1860220 244
1860230 244
1860240 243
1860250 242
1860260 242
1860270 241
1860280 241
1860290 241
1860300 240
1860310 239
1860320 239
1860330 239
1860340 239
1860350 238
1860360 238
1860370 238
1860380 237
1860390 237
1860400 237
1860410 237
1860420 236
1860430 236
1860440 236
1860450 236
1860460 236
1860470 235
1860480 235
1860490 235
1860500 235
1860510 234
1860520 234
1860530 234
1860540 234
1860550 234
1860560 234
1860570 233
1860580 233
1860590 233
1860600 233
1860610 233
1860620 233
1860630 233
1860640 233
1860650 233
1860660 233
1860670 233
1860680 233
1860690 232
1860700 232
1860710 232
1860720 232
1860730 232
1860740 232
1860750 232
1860760 232
1860770 232
1860780 231
1860790 231
1860800 231
1860810 232
1860820 232
1860830 232
1860840 232
1860850 232
1860860 232
1860870 232
1860880 232
1860890 233
1860900 233
1860910 233
1860920 234
1860930 234
1860940 235
1860950 235
1860960 235
1860970 236
1860980 236
1860990 236
1861000 237
1861010 237
1861020 237
1861030 237
1861040 236
1861050 236
1861060 235
1861070 234
1861080 234
1861090 233
1861100 231
1861110 231
1861120 230
1861130 229
1861140 229
1861150 228
1861160 227
1861170 227
1861180 226
1861190 227
1861200 227
1861210 228
1861220 230
1861230 230
1861240 231
1861250 234
1861260 234
1861270 235
1861280 236
1861290 236
1861300 236
1861310 237
1861320 237
1861330 237
1861340 237
1861350 237
1861360 237
1861370 237
1861380 237
1861390 238
1861400 238
1861410 238
1861420 239
1861430 240
1861440 241
1861450 242
1861460 242
1861470 243
1861480 244
1861490 244
1861500 245
1861510 246
1861520 246
1861530 247
1861540 247
1861550 247
1861560 247
1861570 248
1861580 248
1861590 248
1861600 248
1861610 248
1861620 248
1861630 248
1861640 248
1861650 248
1861660 248
1861670 248
1861680 248
1861690 248
1861700 248
1861710 248
1861720 248
1861730 248
1861740 248
1861750 248
1861760 248
1861770 248
1861780 248
1861790 248
1861800 248
1861810 248
1861820 248
1861830 248
1861840 248
1861850 248
1861860 248
1861870 248
1861880 248
1861890 248
1861900 248
1861910 248
1861920 248
1861930 248
1861940 248
1861950 248
1861960 248
1861970 248
1861980 249
1861990 249
1862000 249
1862010 249
1862020 249
1862030 249
1862040 249
1862050 249
1862060 248
1862070 248
1862080 248
1862090 248
1862100 248
1862110 248
1862120 248
1862130 248
1862140 248
1862150 247
1862160 247
1862170 247
1862180 247
1862190 247
1862200 247
1862210 246
1862220 246
1862230 246
1862240 246
1862250 245
1862260 245
1862270 245
1862280 245
1862290 245
1862300 244
1862310 244
1862320 244
1862330 244
1862340 243
1862350 243
1862360 243
1862370 243
1862380 243
1862390 242
1862400 242
1862410 242
1862420 241
1862430 241
1862440 241
1862450 240
1862460 239
1862470 240
1862480 239
1862490 239
1862500 239
1862510 238
1862520 238
1862530 237
1862540 236
1862550 236
1862560 235
1862570 234
1862580 234
1862590 233
1862600 231
1862610 231
1862620 230
1862630 229
1862640 229
1862650 227
1862660 226
1862670 226
1862680 225
1862690 224
1862700 224
1862710 223
1862720 221
1862730 221
1862740 220
1862750 221
1862760 221
1862770 222
1862780 223
1862790 223
1862800 225
1862810 226
1862820 225
1862830 225
1862840 226
1862850 226
1862860 225
1862870 225
1862880 225
1862890 225
1862900 225
1862910 225
1862920 225
1862930 224
1862940 224
1862950 224
1862960 224
1862970 224
1862980 224
1862990 223
1863000 223
1863010 223
1863020 223
1863030 223
1863040 223
1863050 223
1863060 222
1863070 222
1863080 222
1863090 221
1863100 221
1863110 221
1863120 220
1863130 220
1863140 220
1863150 219
1863160 219
1863170 219
1863180 218
1863190 218
1863200 218
1863210 217
1863220 217
1863230 217
1863240 216
1863250 216
1863260 216
1863270 216
1863280 215
1863290 215
1863300 214
1863310 214
1863320 214
1863330 213
1863340 213
1863350 213
1863360 212
1863370 212
1863380 212
1863390 212
1863400 212
1863410 212
1863420 212
1863430 211
1863440 211
1863450 211
1863460 210
1863470 210
1863480 210
1863490 209
1863500 209
1863510 208
1863520 208
1863530 208
1863540 207
1863550 207
1863560 207
1863570 206
1863580 206
1863590 205
1863600 204
1863610 204
1863620 204
1863630 203
1863640 203
1863650 202
1863660 201
1863670 201
1863680 200
1863690 199
1863700 199
1863710 197
1863720 196
1863730 196
1863740 195
1863750 194
1863760 194
1863770 192
1863780 191
1863790 191
1863800 191
1863810 191
1863820 191
1863830 191
1863840 192
1863850 192
1863860 191
1863870 193
1863880 193
1863890 196
1863900 198
1863910 198
1863920 198
1863930 198
1863940 198
1863950 198
1863960 198
1863970 198
1863980 197
1863990 197
1864000 197
1864010 197
1864020 196
1864030 196
1864040 196
1864050 195
1864060 195
1864070 194
1864080 193
1864090 193
1864100 192
1864110 192
1864120 191
1864130 191
1864140 191
1864150 190
1864160 189
1864170 189
1864180 188
1864190 187
1864200 186
1864210 186
1864220 187
1864230 187
1864240 187
1864250 187
1864260 187
1864270 188
1864280 188
1864290 188
1864300 188
1864310 188
1864320 188
1864330 188
1864340 188
1864350 188
1864360 188
1864370 187
1864380 187
1864390 187
1864400 187
1864410 187
1864420 187
1864430 187
1864440 187
1864450 187
1864460 187
1864470 187
1864480 187
1864490 188
1864500 188
1864510 188
1864520 188
1864530 188
1864540 188
1864550 188
1864560 188
1864570 188
1864580 188
1864590 188
1864600 189
1864610 189
1864620 189
1864630 188
1864640 188
1864650 188
1864660 188
1864670 188
1864680 187
1864690 187
1864700 187
1864710 186
1864720 186
1864730 186
1864740 185
1864750 185
1864760 185
1864770 184
1864780 184
1864790 184
1864800 184
1864810 184
1864820 184
1864830 183
1864840 183
1864850 183
1864860 183
1864870 183
1864880 183
1864890 182
1864900 181
1864910 181
1864920 181
1864930 181
1864940 181
1864950 181
1864960 181
1864970 181
1864980 181
1864990 181
1865000 181
1865010 181
1865020 181
1865030 181
1865040 181
1865050 181
1865060 181
1865070 181
1865080 181
1865090 181
1865100 181
1865110 181
1865120 181
1865130 181
1865140 181
1865150 181
1865160 181
1865170 181
1865180 181
1865190 181
1865200 181
1865210 181
1865220 181
1865230 181
1865240 181
1865250 181
1865260 181
1865270 181
1865280 181
1865290 181
1865300 181
1865310 182
1865320 182
1865330 184
1865340 184
1865350 184
1865360 182
1865370 181
1865380 181
1865390 181
1865400 181
1865410 181
1865420 181
1865430 181
1865440 181
1865450 181
1865460 181
1865470 181
1865480 181
1865490 181
1865500 181
1865510 181
1865520 181
1865530 181
1865540 180
1865550 181
1865560 181
1865570 181
1865580 181
1865590 181
1865600 182
1865610 182
1865620 182
1865630 182
1865640 182
1865650 182
1865660 182
1865670 182
1865680 182
1865690 182
1865700 182
1865710 182
1865720 183
1865730 183
1865740 183
1865750 184
1865760 184
1865770 185
1865780 186
1865790 186
1865800 188
1865810 189
1865820 189
1865830 190
1865840 191
1865850 191
1865860 193
1865870 194
1865880 194
1865890 195
1865900 197
1865910 197
1865920 199
1865930 200
1865940 200
1865950 201
1865960 202
1865970 202
1865980 203
1865990 204
1866000 204
1866010 205
1866020 206
1866030 206
1866040 207
1866050 208
1866060 208
1866070 208
1866080 209
1866090 209
1866100 209
1866110 210
1866120 210
1866130 210
1866140 209
1866150 209
1866160 209
1866170 209
1866180 209
1866190 208
1866200 208
1866210 208
1866220 207
1866230 206
1866240 206
1866250 206
1866260 206
1866270 205
1866280 204
1866290 204
1866300 203
1866310 203
1866320 203
1866330 202
1866340 201
1866350 201
1866360 201
1866370 200
1866380 200
1866390 199
1866400 198
1866410 198
1866420 198
1866430 197
1866440 197
1866450 196
1866460 195
1866470 195
1866480 194
1866490 193
1866500 193
1866510 192
1866520 191
1866530 191
1866540 190
1866550 190
1866560 190
1866570 189
1866580 189
1866590 189
1866600 188
1866610 189
1866620 189
1866630 188
1866640 188
1866650 188
1866660 189
1866670 189
1866680 189
1866690 189
1866700 190
1866710 190
1866720 190
1866730 191
1866740 191
1866750 192
1866760 193
1866770 193
1866780 194
1866790 194
1866800 195
1866810 195
1866820 195
1866830 196
1866840 197
1866850 197
1866860 198
1866870 199
1866880 199
1866890 200
1866900 200
1866910 200
1866920 201
1866930 202
1866940 202
1866950 203
1866960 204
1866970 204
1866980 205
1866990 206
1867000 206
1867010 207
1867020 208
1867030 208
1867040 209
1867050 210
1867060 210
1867070 211
1867080 212
1867090 212
1867100 213
1867110 214
1867120 214
1867130 215
1867140 216
1867150 216
1867160 217
1867170 218
1867180 218
1867190 218
1867200 219
1867210 219
1867220 219
1867230 219
1867240 219
1867250 220
1867260 220
1867270 220
1867280 221
1867290 221
1867300 221
1867310 221
1867320 221
1867330 222
1867340 222
1867350 222
1867360 222
1867370 222
1867380 222
1867390 222
1867400 222
1867410 222
1867420 222
1867430 222
1867440 222
1867450 222
1867460 222
1867470 222
1867480 222
1867490 222
1867500 222
1867510 221
1867520 221
1867530 221
1867540 220
1867550 220
1867560 220
1867570 219
1867580 217
1867590 217
1867600 216
1867610 214
1867620 214
1867630 212
1867640 211
1867650 211
1867660 210
1867670 209
1867680 209
1867690 206
1867700 205
1867710 205
1867720 207
1867730 208
1867740 208
1867750 209
1867760 209
1867770 209
1867780 210
1867790 211
1867800 211
1867810 212
1867820 213
1867830 213
1867840 214
1867850 214
1867860 214
1867870 215
1867880 215
1867890 211
1867900 209
1867910 209
1867920 210
1867930 216
1867940 216
1867950 216
1867960 215
1867970 215
1867980 215
1867990 215
1868000 215
1868010 214
1868020 214
1868030 214
1868040 213
1868050 212
1868060 212
1868070 211
1868080 210
1868090 210
1868100 209
1868110 208
1868120 208
1868130 207
1868140 206
1868150 206
1868160 206
1868170 205
1868180 205
1868190 205
1868200 205
1868210 205
1868220 206
1868230 207
1868240 207
1868250 207
1868260 208
1868270 208
1868280 209
1868290 209
1868300 209
1868310 211
1868320 212
1868330 212
1868340 212
1868350 213
1868360 213
1868370 213
1868380 214
1868390 214
1868400 214
1868410 214
1868420 215
1868430 215
1868440 215
1868450 215
1868460 215
1868470 215
1868480 216
1868490 216
1868500 216
1868510 216
1868520 216
1868530 216
1868540 216
1868550 216
1868560 216
1868570 216
1868580 216
1868590 216
1868600 216
1868610 216
1868620 216
1868630 216
1868640 216
1868650 216
1868660 216
1868670 216
1868680 216
1868690 216
1868700 215
1868710 215
1868720 215
1868730 215
1868740 215
1868750 215
1868760 215
1868770 215
1868780 215
1868790 215
1868800 215
1868810 214
1868820 214
1868830 214
1868840 214
1868850 213
1868860 213
1868870 213
1868880 213
1868890 213
1868900 213
1868910 213
1868920 213
1868930 213
1868940 213
1868950 213
1868960 213
1868970 213
1868980 213
1868990 213
1869000 214
1869010 214
1869020 214
1869030 214
1869040 214
1869050 214
1869060 214
1869070 214
1869080 214
1869090 214
1869100 214
1869110 214
1869120 214
1869130 214
1869140 213
1869150 213
1869160 213
1869170 213
1869180 213
1869190 213
1869200 213
1869210 213
1869220 213
1869230 213
1869240 213
1869250 213
1869260 213
1869270 213
1869280 212
1869290 212
1869300 212
1869310 212
1869320 212
1869330 212
1869340 212
1869350 212
1869360 212
1869370 212
1869380 212
1869390 212
1869400 212
1869410 212
1869420 212
1869430 211
1869440 211
1869450 211
1869460 211
1869470 211
1869480 211
1869490 210
1869500 210
1869510 209
1869520 209
1869530 209
1869540 208
1869550 207
1869560 207
1869570 207
1869580 206
1869590 206
1869600 205
1869610 204
1869620 204
1869630 204
1869640 203
1869650 203
1869660 202
1869670 201
1869680 200
1869690 199
1869700 198
1869710 198
1869720 198
1869730 197
1869740 197
1869750 196
1869760 196
1869770 196
1869780 195
1869790 194
1869800 194
1869810 193
1869820 193
1869830 193
1869840 192
1869850 192
1869860 192
1869870 191
1869880 191
1869890 191
1869900 190
1869910 190
1869920 190
1869930 189
1869940 188
1869950 188
1869960 188
1869970 187
1869980 187
1869990 187
1870000 187
1870010 187
1870020 186
1870030 186
1870040 186
1870050 185
1870060 185
1870070 185
1870080 185
1870090 185
1870100 184
1870110 184
1870120 184
1870130 184
1870140 183
1870150 183
1870160 183
1870170 183
1870180 183
1870190 183
1870200 182
1870210 182
1870220 182
1870230 182
1870240 182
1870250 182
1870260 182
1870270 182
1870280 181
1870290 181
1870300 181
1870310 181
1870320 182
1870330 182
1870340 182
1870350 182
1870360 183
1870370 183
1870380 184
1870390 184
1870400 185
1870410 186
1870420 186
1870430 187
1870440 188
1870450 188
1870460 189
1870470 191
1870480 191
1870490 192
1870500 194
1870510 194
1870520 195
1870530 199
1870540 199
1870550 202
1870560 202
1870570 203
1870580 204
1870590 204
1870600 205
1870610 206
1870620 206
1870630 206
1870640 206
1870650 206
1870660 206
1870670 206
1870680 206
1870690 206
1870700 205
1870710 205
1870720 205
1870730 205
1870740 205
1870750 206
1870760 207
1870770 207
1870780 208
1870790 208
1870800 208
1870810 209
1870820 209
1870830 209
1870840 209
1870850 208
1870860 208
1870870 208
1870880 208
1870890 208
1870900 208
1870910 208
1870920 208
1870930 208
1870940 208
1870950 208
1870960 208
1870970 207
1870980 207
1870990 207
1871000 207
1871010 207
1871020 207
1871030 207
1871040 207
1871050 207
1871060 206
1871070 206
1871080 206
1871090 206
1871100 206
1871110 205
1871120 205
1871130 205
1871140 205
1871150 205
1871160 205
1871170 205
1871180 205
1871190 205
1871200 205
1871210 205
1871220 205
1871230 205
1871240 205
1871250 204
1871260 204
1871270 204
1871280 204
1871290 204
1871300 204
1871310 204
1871320 204
1871330 204
1871340 204
1871350 204
1871360 204
1871370 204
1871380 204
1871390 204
1871400 203
1871410 203
1871420 203
1871430 203
1871440 202
1871450 202
1871460 202
1871470 202
1871480 202
1871490 201
1871500 201
1871510 201
1871520 200
1871530 199
1871540 199
1871550 197
1871560 196
1871570 196
1871580 194
1871590 193
1871600 193
1871610 191
1871620 191
1871630 190
1871640 189
1871650 189
1871660 188
1871670 187
1871680 187
1871690 187
1871700 187
1871710 187
1871720 188
1871730 190
1871740 190
1871750 194
1871760 195
1871770 195
1871780 195
1871790 196
1871800 196
1871810 197
1871820 198
1871830 198
1871840 199
1871850 200
1871860 200
1871870 201
1871880 201
1871890 201
1871900 202
1871910 202
1871920 202
1871930 202
1871940 202
1871950 202
1871960 202
1871970 202
1871980 202
1871990 202
1872000 202
1872010 202
1872020 202
1872030 201
1872040 201
1872050 201
1872060 201
1872070 201
1872080 200
1872090 199
1872100 199
1872110 198
1872120 195
1872130 195
1872140 190
1872150 190
1872160 185
1872170 186
1872180 186
1872190 190
1872200 195
1872210 195
1872220 196
1872230 197
1872240 197
1872250 197
1872260 196
1872270 196
1872280 196
1872290 197
1872300 197
1872310 197
1872320 197
1872330 197
1872340 199
1872350 200
1872360 200
1872370 202
1872380 202
1872390 202
1872400 201
1872410 199
1872420 199
1872430 199
1872440 198
1872450 198
1872460 198
1872470 195
1872480 195
1872490 193
1872500 194
1872510 194
1872520 195
1872530 199
1872540 199
1872550 199
1872560 197
1872570 197
1872580 200
1872590 201
1872600 201
1872610 201
1872620 201
1872630 201
1872640 201
1872650 200
1872660 200
1872670 200
1872680 200
1872690 199
1872700 200
1872710 200
1872720 201
1872730 200
1872740 200
1872750 200
1872760 200
1872770 200
1872780 200
1872790 198
1872800 198
1872810 195
1872820 192
1872830 192
1872840 195
1872850 197
1872860 197
1872870 199
1872880 199
1872890 199
1872900 199
1872910 199
1872920 199
1872930 199
1872940 199
1872950 199
1872960 199
1872970 198
1872980 198
1872990 197
1873000 197
1873010 197
1873020 197
1873030 197
1873040 197
1873050 197
1873060 198
1873070 198
1873080 198
1873090 198
1873100 198
1873110 198
1873120 198
1873130 198
1873140 198
1873150 198
1873160 198
1873170 198
1873180 198
1873190 198
1873200 198
1873210 198
1873220 198
1873230 198
1873240 198
1873250 198
1873260 197
1873270 197
1873280 197
1873290 196
1873300 196
1873310 196
1873320 196
1873330 196
1873340 196
1873350 196
1873360 196
1873370 196
1873380 196
1873390 196
1873400 196
1873410 195
1873420 195
1873430 194
1873440 193
1873450 193
1873460 191
1873470 190
1873480 190
1873490 188
1873500 186
1873510 186
1873520 185
1873530 184
1873540 184
1873550 182
1873560 181
1873570 181
1873580 181
1873590 180
1873600 180
1873610 179
1873620 180
1873630 180
1873640 181
1873650 181
1873660 181
1873670 182
1873680 182
1873690 182
1873700 183
1873710 184
1873720 184
1873730 186
1873740 187
1873750 187
1873760 189
1873770 189
1873780 190
1873790 192
1873800 192
1873810 193
1873820 194
1873830 194
1873840 195
1873850 196
1873860 196
1873870 196
1873880 196
1873890 196
1873900 197
1873910 197
1873920 197
1873930 197
1873940 197
1873950 197
1873960 197
1873970 197
1873980 197
1873990 198
1874000 198
1874010 198
1874020 198
1874030 198
1874040 198
1874050 199
1874060 198
1874070 199
1874080 199
1874090 199
1874100 199
1874110 199
1874120 199
1874130 199
1874140 199
1874150 199
1874160 199
1874170 199
1874180 199
1874190 199
1874200 199
1874210 199
1874220 199
1874230 199
1874240 199
1874250 199
1874260 199
1874270 199
1874280 199
1874290 199
1874300 199
1874310 198
1874320 198
1874330 198
1874340 198
1874350 198
1874360 198
1874370 197
1874380 197
1874390 197
1874400 197
1874410 197
1874420 197
1874430 196
1874440 196
1874450 196
1874460 196
1874470 196
1874480 196
1874490 195
1874500 195
1874510 195
1874520 195
1874530 195
1874540 195
1874550 194
1874560 194
1874570 194
1874580 194
1874590 194
1874600 194
1874610 193
1874620 193
1874630 193
1874640 193
1874650 193
1874660 193
1874670 192
1874680 192
1874690 192
1874700 192
1874710 192
1874720 192
1874730 191
1874740 191
1874750 191
1874760 191
1874770 191
1874780 191
1874790 190
1874800 190
1874810 190
1874820 190
1874830 190
1874840 190
1874850 190
1874860 190
1874870 189
1874880 189
1874890 189
1874900 189
1874910 189
1874920 189
1874930 189
1874940 189
1874950 189
1874960 189
1874970 189
1874980 189
1874990 189
1875000 188
1875010 188
1875020 188
1875030 188
1875040 188
1875050 187
1875060 187
1875070 187
1875080 187
1875090 187
1875100 187
1875110 187
1875120 186
1875130 186
1875140 186
1875150 186
1875160 186
1875170 186
1875180 185
1875190 185
1875200 185
1875210 185
1875220 185
1875230 185
1875240 184
1875250 184
1875260 184
1875270 184
1875280 184
1875290 184
1875300 184
1875310 184
1875320 183
1875330 183
1875340 183
1875350 183
1875360 183
1875370 183
1875380 182
1875390 182
1875400 182
1875410 182
1875420 182
1875430 182
1875440 181
1875450 181
1875460 181
1875470 181
1875480 181
1875490 181
1875500 180
1875510 180
1875520 180
1875530 180
1875540 180
1875550 180
1875560 180
1875570 180
1875580 179
1875590 179
1875600 179
1875610 179
1875620 179
1875630 179
1875640 178
1875650 178
1875660 178
1875670 178
1875680 178
1875690 178
1875700 177
1875710 177
1875720 177
1875730 177
1875740 177
1875750 177
1875760 177
1875770 176
1875780 176
1875790 176
1875800 176
1875810 176
1875820 176
1875830 176
1875840 176
1875850 176
1875860 175
1875870 175
1875880 175
1875890 175
1875900 175
1875910 175
1875920 175
1875930 175
1875940 175
1875950 175
1875960 174
1875970 174
1875980 174
1875990 174
1876000 174
1876010 174
1876020 174
1876030 174
1876040 174
1876050 174
1876060 174
1876070 174
1876080 173
1876090 173
1876100 173
1876110 173
1876120 173
1876130 173
1876140 173
1876150 173
1876160 173
1876170 173
1876180 173
1876190 173
1876200 173
1876210 173
1876220 173
1876230 173
1876240 173
1876250 173
1876260 173
1876270 172
1876280 172
1876290 172
1876300 172
1876310 172
1876320 172
1876330 172
1876340 172
1876350 172
1876360 172
1876370 172
1876380 172
1876390 172
1876400 172
1876410 172
1876420 172
1876430 172
1876440 172
1876450 172
1876460 172
1876470 172
1876480 172
1876490 172
1876500 173
1876510 173
1876520 172
1876530 172
1876540 172
1876550 172
1876560 172
1876570 172
1876580 172
1876590 172
1876600 172
1876610 172
1876620 171
1876630 171
1876640 171
1876650 171
1876660 171
1876670 171
1876680 171
1876690 171
1876700 171
1876710 170
1876720 170
1876730 170
1876740 170
1876750 170
1876760 170
1876770 170
1876780 170
1876790 170
1876800 170
1876810 170
1876820 170
1876830 170
1876840 170
1876850 170
1876860 170
1876870 170
1876880 170
1876890 170
1876900 170
1876910 170
1876920 170
1876930 170
1876940 170
1876950 169
1876960 169
1876970 170
1876980 170
1876990 169
1877000 169
1877010 169
1877020 169
1877030 169
1877040 169
1877050 169
1877060 169
1877070 169
1877080 169
1877090 169
1877100 169
1877110 169
1877120 169
1877130 169
1877140 169
1877150 169
1877160 169
1877170 169
1877180 169
1877190 169
1877200 169
1877210 169
1877220 169
1877230 169
1877240 169
1877250 169
1877260 169
1877270 169
1877280 169
1877290 169
1877300 169
1877310 169
1877320 169
1877330 169
1877340 169
1877350 169
1877360 169
1877370 169
1877380 169
1877390 169
1877400 169
1877410 168
1877420 168
1877430 168
1877440 168
1877450 168
1877460 168
1877470 168
1877480 168
1877490 168
1877500 168
1877510 168
1877520 168
1877530 168
1877540 168
1877550 168
1877560 168
1877570 168
1877580 168
1877590 168
1877600 168
1877610 168
1877620 168
1877630 168
1877640 168
1877650 168
1877660 168
1877670 168
1877680 168
1877690 168
1877700 168
1877710 168
1877720 168
1877730 168
1877740 168
1877750 168
1877760 168
1877770 168
1877780 168
1877790 168
1877800 168
1877810 168
1877820 168
1877830 168
1877840 168
1877850 168
1877860 168
1877870 168
1877880 168
1877890 168
1877900 168
1877910 167
1877920 167
1877930 167
1877940 167
1877950 168
1877960 168
1877970 168
1877980 168
1877990 168
1878000 168
1878010 168
1878020 168
1878030 168
1878040 168
1878050 168
1878060 168
1878070 168
1878080 168
1878090 168
1878100 168
1878110 169
1878120 167
1878130 167
1878140 167
1878150 168
1878160 168
1878170 168
1878180 168
1878190 168
1878200 168
1878210 168
1878220 168
1878230 168
1878240 167
1878250 167
1878260 167
1878270 167
1878280 167
1878290 167
1878300 167
1878310 167
1878320 167
1878330 167
1878340 167
1878350 167
1878360 167
1878370 167
1878380 167
1878390 167
1878400 167
1878410 167
1878420 167
1878430 167
1878440 167
1878450 167
1878460 167
1878470 167
1878480 167
1878490 167
1878500 167
1878510 167
1878520 167
1878530 167
1878540 167
1878550 167
1878560 167
1878570 167
1878580 167
1878590 167
1878600 167
1878610 167
1878620 167
1878630 167
1878640 167
1878650 167
1878660 167
1878670 167
1878680 167
1878690 167
1878700 167
1878710 167
1878720 167
1878730 167
1878740 167
1878750 167
1878760 167
1878770 167
1878780 167
1878790 168
1878800 168
1878810 168
1878820 168
1878830 168
1878840 168
1878850 168
1878860 168
1878870 168
1878880 168
1878890 168
1878900 168
1878910 168
1878920 168
1878930 168
1878940 168
1878950 168
1878960 168
1878970 168
1878980 168
1878990 168
1879000 168
1879010 168
1879020 168
1879030 168
1879040 168
1879050 168
1879060 168
1879070 168
1879080 168
1879090 168
1879100 168
1879110 168
1879120 168
1879130 168
1879140 168
1879150 168
1879160 168
1879170 168
1879180 168
1879190 168
1879200 168
1879210 168
1879220 168
1879230 168
1879240 168
1879250 168
1879260 167
1879270 167
1879280 167
1879290 167
1879300 167
1879310 167
1879320 168
1879330 168
1879340 168
1879350 167
1879360 168
1879370 168
1879380 167
1879390 167
1879400 167
1879410 167
1879420 167
1879430 167
1879440 167
1879450 167
1879460 167
1879470 167
1879480 167
1879490 167
1879500 167
1879510 167
1879520 167
1879530 167
1879540 167
1879550 167
1879560 167
1879570 167
1879580 167
1879590 166
1879600 166
1879610 166
1879620 166
1879630 166
1879640 166
1879650 166
1879660 166
1879670 166
1879680 165
1879690 165
1879700 165
1879710 165
1879720 165
1879730 165
1879740 164
1879750 164
1879760 164
1879770 163
1879780 163
1879790 163
1879800 163
1879810 163
1879820 163
1879830 163
1879840 163
1879850 162
1879860 162
1879870 162
1879880 162
1879890 161
1879900 161
1879910 161
1879920 161
1879930 161
1879940 161
1879950 161
1879960 161
1879970 160
1879980 160
1879990 160
1860000 249
1860010 250
1860020 250
1860030 250
1860040 250
1860050 250
1860060 250
1860070 250
1860080 250
1860090 250
1860100 250
1860110 250
1860120 249
1860130 249
1860140 249
1860150 249
1860160 248
1860170 248
1860180 247
1860190 246
1860200 246
1860210 245
1860220 244
1860230 244
1860240 243
1860250 242
1860260 242
1860270 241
1860280 241
1860290 241
1860300 240
1860310 239
1860320 239
1860330 239
1860340 239
1860350 238
1860360 238
1860370 238
1860380 237
1860390 237
1860400 237
1860410 237
1860420 236
1860430 236
1860440 236
1860450 236
1860460 236
1860470 235
1860480 235
1860490 235
1860500 235
1860510 234
1860520 234
1860530 234
1860540 234
1860550 234
1860560 234
1860570 233
1860580 233
1860590 233
1860600 233
1860610 233
1860620 233
1860630 233
1860640 233
1860650 233
1860660 233
1860670 233
1860680 233
1860690 232
1860700 232
1860710 232
1860720 232
1860730 232
1860740 232
1860750 232
1860760 232
1860770 232
1860780 231
1860790 231
1860800 231
1860810 232
1860820 232
1860830 232
1860840 232
1860850 232
1860860 232
1860870 232
1860880 232
1860890 233
1860900 233
1860910 233
1860920 234
1860930 234
1860940 235
1860950 235
1860960 235
1860970 236
1860980 236
1860990 236
1861000 237
1861010 237
1861020 237
1861030 237
1861040 236
1861050 236
1861060 235
1861070 234
1861080 234
1861090 233
1861100 231
1861110 231
1861120 230
1861130 229
1861140 229
1861150 228
1861160 227
1861170 227
1861180 226
1861190 227
1861200 227
1861210 228
1861220 230
1861230 230
1861240 231
1861250 234
1861260 234
1861270 235
1861280 236
1861290 236
1861300 236
1861310 237
1861320 237
1861330 237
1861340 237
1861350 237
1861360 237
1861370 237
1861380 237
1861390 238
1861400 238
1861410 238
1861420 239
1861430 240
1861440 241
1861450 242
1861460 242
1861470 243
1861480 244
1861490 244
1861500 245
1861510 246
1861520 246
1861530 247
1861540 247
1861550 247
1861560 247
1861570 248
1861580 248
1861590 248
1861600 248
1861610 248
1861620 248
1861630 248
1861640 248
1861650 248
1861660 248
1861670 248
1861680 248
1861690 248
1861700 248
1861710 248
1861720 248
1861730 248
1861740 248
1861750 248
1861760 248
1861770 248
1861780 248
1861790 248
1861800 248
1861810 248
1861820 248
1861830 248
1861840 248
1861850 248
1861860 248
1861870 248
1861880 248
1861890 248
1861900 248
1861910 248
1861920 248
1861930 248
1861940 248
1861950 248
1861960 248
1861970 248
1861980 249
1861990 249
1862000 249
1862010 249
1862020 249
1862030 249
1862040 249
1862050 249
1862060 248
1862070 248
1862080 248
1862090 248
1862100 248
1862110 248
1862120 248
1862130 248
1862140 248
1862150 247
1862160 247
1862170 247
1862180 247
1862190 247
1862200 247
1862210 246
1862220 246
1862230 246
1862240 246
1862250 245
1862260 245
1862270 245
1862280 245
1862290 245
1862300 244
1862310 244
1862320 244
1862330 244
1862340 243
1862350 243
1862360 243
1862370 243
1862380 243
1862390 242
1862400 242
1862410 242
1862420 241
1862430 241
1862440 241
1862450 240
1862460 239
1862470 240
1862480 239
1862490 239
1862500 239
1862510 238
1862520 238
1862530 237
1862540 236
1862550 236
1862560 235
1862570 234
1862580 234
1862590 233
1862600 231
1862610 231
1862620 230
1862630 229
1862640 229
1862650 227
1862660 226
1862670 226
1862680 225
1862690 224
1862700 224
1862710 223
1862720 221
1862730 221
1862740 220
1862750 221
1862760 221
1862770 222
1862780 223
1862790 223
1862800 225
1862810 226
1862820 225
1862830 225
1862840 226
1862850 226
1862860 225
1862870 225
1862880 225
1862890 225
1862900 225
1862910 225
1862920 225
1862930 224
1862940 224
1862950 224
1862960 224
1862970 224
1862980 224
1862990 223
1863000 223
1863010 223
1863020 223
1863030 223
1863040 223
1863050 223
1863060 222
1863070 222
1863080 222
1863090 221
1863100 221
1863110 221
1863120 220
1863130 220
1863140 220
1863150 219
1863160 219
1863170 219
1863180 218
1863190 218
1863200 218
1863210 217
1863220 217
1863230 217
1863240 216
1863250 216
1863260 216
1863270 216
1863280 215
1863290 215
1863300 214
1863310 214
1863320 214
1863330 213
1863340 213
1863350 213
1863360 212
1863370 212
1863380 212
1863390 212
1863400 212
1863410 212
1863420 212
1863430 211
1863440 211
1863450 211
1863460 210
1863470 210
1863480 210
1863490 209
1863500 209
1863510 208
1863520 208
1863530 208
1863540 207
1863550 207
1863560 207
1863570 206
1863580 206
1863590 205
1863600 204
1863610 204
1863620 204
1863630 203
1863640 203
1863650 202
1863660 201
1863670 201
1863680 200
1863690 199
1863700 199
1863710 197
1863720 196
1863730 196
1863740 195
1863750 194
1863760 194
1863770 192
1863780 191
1863790 191
1863800 191
1863810 191
1863820 191
1863830 191
1863840 192
1863850 192
1863860 191
1863870 193
1863880 193
1863890 196
1863900 198
1863910 198
1863920 198
1863930 198
1863940 198
1863950 198
1863960 198
1863970 198
1863980 197
1863990 197
1864000 197
1864010 197
1864020 196
1864030 196
1864040 196
1864050 195
1864060 195
1864070 194
1864080 193
1864090 193
1864100 192
1864110 192
1864120 191
1864130 191
1864140 191
1864150 190
1864160 189
1864170 189
1864180 188
1864190 187
1864200 186
1864210 186
1864220 187
1864230 187
1864240 187
1864250 187
1864260 187
1864270 188
1864280 188
1864290 188
1864300 188
1864310 188
1864320 188
1864330 188
1864340 188
1864350 188
1864360 188
1864370 187
1864380 187
1864390 187
1864400 187
1864410 187
1864420 187
1864430 187
1864440 187
1864450 187
1864460 187
1864470 187
1864480 187
1864490 188
1864500 188
1864510 188
1864520 188
1864530 188
1864540 188
1864550 188
1864560 188
1864570 188
1864580 188
1864590 188
1864600 189
1864610 189
1864620 189
1864630 188
1864640 188
1864650 188
1864660 188
1864670 188
1864680 187
1864690 187
1864700 187
1864710 186
1864720 186
1864730 186
1864740 185
1864750 185
1864760 185
1864770 184
1864780 184
1864790 184
1864800 184
1864810 184
1864820 184
1864830 183
1864840 183
1864850 183
1864860 183
1864870 183
1864880 183
1864890 182
1864900 181
1864910 181
1864920 181
1864930 181
1864940 181
1864950 181
1864960 181
1864970 181
1864980 181
1864990 181
1865000 181
1865010 181
1865020 181
1865030 181
1865040 181
1865050 181
1865060 181
1865070 181
1865080 181
1865090 181
1865100 181
1865110 181
1865120 181
1865130 181
1865140 181
1865150 181
1865160 181
1865170 181
1865180 181
1865190 181
1865200 181
1865210 181
1865220 181
1865230 181
1865240 181
1865250 181
1865260 181
1865270 181
1865280 181
1865290 181
1865300 181
1865310 182
1865320 182
1865330 184
1865340 184
1865350 184
1865360 182
1865370 181
1865380 181
1865390 181
1865400 181
1865410 181
1865420 181
1865430 181
1865440 181
1865450 181
1865460 181
1865470 181
1865480 181
1865490 181
1865500 181
1865510 181
1865520 181
1865530 181
1865540 180
1865550 181
1865560 181
1865570 181
1865580 181
1865590 181
1865600 182
1865610 182
1865620 182
1865630 182
1865640 182
1865650 182
1865660 182
1865670 182
1865680 182
1865690 182
1865700 182
1865710 182
1865720 183
1865730 183
1865740 183
1865750 184
1865760 184
1865770 185
1865780 186
1865790 186
1865800 188
1865810 189
1865820 189
1865830 190
1865840 191
1865850 191
1865860 193
1865870 194
1865880 194
1865890 195
1865900 197
1865910 197
1865920 199
1865930 200
1865940 200
1865950 201
1865960 202
1865970 202
1865980 203
1865990 204
1866000 204
1866010 205
1866020 206
1866030 206
1866040 207
1866050 208
1866060 208
1866070 208
1866080 209
1866090 209
1866100 209
1866110 210
1866120 210
1866130 210
1866140 209
1866150 209
1866160 209
1866170 209
1866180 209
1866190 208
1866200 208
1866210 208
1866220 207
1866230 206
1866240 206
1866250 206
1866260 206
1866270 205
1866280 204
1866290 204
1866300 203
1866310 203
1866320 203
1866330 202
1866340 201
1866350 201
1866360 201
1866370 200
1866380 200
1866390 199
1866400 198
1866410 198
1866420 198
1866430 197
1866440 197
1866450 196
1866460 195
1866470 195
1866480 194
1866490 193
1866500 193
1866510 192
1866520 191
1866530 191
1866540 190
1866550 190
1866560 190
1866570 189
1866580 189
1866590 189
1866600 188
1866610 189
1866620 189
1866630 188
1866640 188
1866650 188
1866660 189
1866670 189
1866680 189
1866690 189
1866700 190
1866710 190
1866720 190
1866730 191
1866740 191
1866750 192
1866760 193
1866770 193
1866780 194
1866790 194
1866800 195
1866810 195
1866820 195
1866830 196
1866840 197
1866850 197
1866860 198
1866870 199
1866880 199
1866890 200
1866900 200
1866910 200
1866920 201
1866930 202
1866940 202
1866950 203
1866960 204
1866970 204
1866980 205
1866990 206
1867000 206
1867010 207
1867020 208
1867030 208
1867040 209
1867050 210
1867060 210
1867070 211
1867080 212
1867090 212
1867100 213
1867110 214
1867120 214
1867130 215
1867140 216
1867150 216
1867160 217
1867170 218
1867180 218
1867190 218
1867200 219
1867210 219
1867220 219
1867230 219
1867240 219
1867250 220
1867260 220
1867270 220
1867280 221
1867290 221
1867300 221
1867310 221
1867320 221
1867330 222
1867340 222
1867350 222
1867360 222
1867370 222
1867380 222
1867390 222
1867400 222
1867410 222
1867420 222
1867430 222
1867440 222
1867450 222
1867460 222
1867470 222
1867480 222
1867490 222
1867500 222
1867510 221
1867520 221
1867530 221
1867540 220
1867550 220
1867560 220
1867570 219
1867580 217
1867590 217
1867600 216
1867610 214
1867620 214
1867630 212
1867640 211
1867650 211
1867660 210
1867670 209
1867680 209
1867690 206
1867700 205
1867710 205
1867720 207
1867730 208
1867740 208
1867750 209
1867760 209
1867770 209
1867780 210
1867790 211
1867800 211
1867810 212
1867820 213
1867830 213
1867840 214
1867850 214
1867860 214
1867870 215
1867880 215
1867890 211
1867900 209
1867910 209
1867920 210
1867930 216
1867940 216
1867950 216
1867960 215
1867970 215
1867980 215
1867990 215
1868000 215
1868010 214
1868020 214
1868030 214
1868040 213
1868050 212
1868060 212
1868070 211
1868080 210
1868090 210
1868100 209
1868110 208
1868120 208
1868130 207
1868140 206
1868150 206
1868160 206
1868170 205
1868180 205
1868190 205
1868200 205
1868210 205
1868220 206
1868230 207
1868240 207
1868250 207
1868260 208
1868270 208
1868280 209
1868290 209
1868300 209
1868310 211
1868320 212
1868330 212
1868340 212
1868350 213
1868360 213
1868370 213
1868380 214
1868390 214
1868400 214
1868410 214
1868420 215
1868430 215
1868440 215
1868450 215
1868460 215
1868470 215
1868480 216
1868490 216
1868500 216
1868510 216
1868520 216
1868530 216
1868540 216
1868550 216
1868560 216
1868570 216
1868580 216
1868590 216
1868600 216
1868610 216
1868620 216
1868630 216
1868640 216
1868650 216
1868660 216
1868670 216
1868680 216
1868690 216
1868700 215
1868710 215
1868720 215
1868730 215
1868740 215
1868750 215
1868760 215
1868770 215
1868780 215
1868790 215
1868800 215
1868810 214
1868820 214
1868830 214
1868840 214
1868850 213
1868860 213
1868870 213
1868880 213
1868890 213
1868900 213
1868910 213
1868920 213
1868930 213
1868940 213
1868950 213
1868960 213
1868970 213
1868980 213
1868990 213
1869000 214
1869010 214
1869020 214
1869030 214
1869040 214
1869050 214
1869060 214
1869070 214
1869080 214
1869090 214
1869100 214
1869110 214
1869120 214
1869130 214
1869140 213
1869150 213
1869160 213
1869170 213
1869180 213
1869190 213
1869200 213
1869210 213
1869220 213
1869230 213
1869240 213
1869250 213
1869260 213
1869270 213
1869280 212
1869290 212
1869300 212
1869310 212
1869320 212
1869330 212
1869340 212
1869350 212
1869360 212
1869370 212
1869380 212
1869390 212
1869400 212
1869410 212
1869420 212
1869430 211
1869440 211
1869450 211
1869460 211
1869470 211
1869480 211
1869490 210
1869500 210
1869510 209
1869520 209
1869530 209
1869540 208
1869550 207
1869560 207
1869570 207
1869580 206
1869590 206
1869600 205
1869610 204
1869620 204
1869630 204
1869640 203
1869650 203
1869660 202
1869670 201
1869680 200
1869690 199
1869700 198
1869710 198
1869720 198
1869730 197
1869740 197
1869750 196
1869760 196
1869770 196
1869780 195
1869790 194
1869800 194
1869810 193
1869820 193
1869830 193
1869840 192
1869850 192
1869860 192
1869870 191
1869880 191
1869890 191
1869900 190
1869910 190
1869920 190
1869930 189
1869940 188
1869950 188
1869960 188
1869970 187
1869980 187
1869990 187
1870000 187
1870010 187
1870020 186
1870030 186
1870040 186
1870050 185
1870060 185
1870070 185
1870080 185
1870090 185
1870100 184
1870110 184
1870120 184
1870130 184
1870140 183
1870150 183
1870160 183
1870170 183
1870180 183
1870190 183
1870200 182
1870210 182
1870220 182
1870230 182
1870240 182
1870250 182
1870260 182
1870270 182
1870280 181
1870290 181
1870300 181
1870310 181
1870320 182
1870330 182
1870340 182
1870350 182
1870360 183
1870370 183
1870380 184
1870390 184
1870400 185
1870410 186
1870420 186
1870430 187
1870440 188
1870450 188
1870460 189
1870470 191
1870480 191
1870490 192
1870500 194
1870510 194
1870520 195
1870530 199
1870540 199
1870550 202
1870560 202
1870570 203
1870580 204
1870590 204
1870600 205
1870610 206
1870620 206
1870630 206
1870640 206
1870650 206
1870660 206
1870670 206
1870680 206
1870690 206
1870700 205
1870710 205
1870720 205
1870730 205
1870740 205
1870750 206
1870760 207
1870770 207
1870780 208
1870790 208
1870800 208
1870810 209
1870820 209
1870830 209
1870840 209
1870850 208
1870860 208
1870870 208
1870880 208
1870890 208
1870900 208
1870910 208
1870920 208
1870930 208
1870940 208
1870950 208
1870960 208
1870970 207
1870980 207
1870990 207
1871000 207
1871010 207
1871020 207
1871030 207
1871040 207
1871050 207
1871060 206
1871070 206
1871080 206
1871090 206
1871100 206
1871110 205
1871120 205
1871130 205
1871140 205
1871150 205
1871160 205
1871170 205
1871180 205
1871190 205
1871200 205
1871210 205
1871220 205
1871230 205
1871240 205
1871250 204
1871260 204
1871270 204
1871280 204
1871290 204
1871300 204
1871310 204
1871320 204
1871330 204
1871340 204
1871350 204
1871360 204
1871370 204
1871380 204
1871390 204
1871400 203
1871410 203
1871420 203
1871430 203
1871440 202
1871450 202
1871460 202
1871470 202
1871480 202
1871490 201
1871500 201
1871510 201
1871520 200
1871530 199
1871540 199
1871550 197
1871560 196
1871570 196
1871580 194
1871590 193
1871600 193
1871610 191
1871620 191
1871630 190
1871640 189
1871650 189
1871660 188
1871670 187
1871680 187
1871690 187
1871700 187
1871710 187
1871720 188
1871730 190
1871740 190
1871750 194
1871760 195
1871770 195
1871780 195
1871790 196
1871800 196
1871810 197
1871820 198
1871830 198
1871840 199
1871850 200
1871860 200
1871870 201
1871880 201
1871890 201
1871900 202
1871910 202
1871920 202
1871930 202
1871940 202
1871950 202
1871960 202
1871970 202
1871980 202
1871990 202
1872000 202
1872010 202
1872020 202
1872030 201
1872040 201
1872050 201
1872060 201
1872070 201
1872080 200
1872090 199
1872100 199
1872110 198
1872120 195
1872130 195
1872140 190
1872150 190
1872160 185
1872170 186
1872180 186
1872190 190
1872200 195
1872210 195
1872220 196
1872230 197
1872240 197
1872250 197
1872260 196
1872270 196
1872280 196
1872290 197
1872300 197
1872310 197
1872320 197
1872330 197
1872340 199
1872350 200
1872360 200
1872370 202
1872380 202
1872390 202
1872400 201
1872410 199
1872420 199
1872430 199
1872440 198
1872450 198
1872460 198
1872470 195
1872480 195
1872490 193
1872500 194
1872510 194
1872520 195
1872530 199
1872540 199
1872550 199
1872560 197
1872570 197
1872580 200
1872590 201
1872600 201
1872610 201
1872620 201
1872630 201
1872640 201
1872650 200
1872660 200
1872670 200
1872680 200
1872690 199
1872700 200
1872710 200
1872720 201
1872730 200
1872740 200
1872750 200
1872760 200
1872770 200
1872780 200
1872790 198
1872800 198
1872810 195
1872820 192
1872830 192
1872840 195
1872850 197
1872860 197
1872870 199
1872880 199
1872890 199
1872900 199
1872910 199
1872920 199
1872930 199
1872940 199
1872950 199
1872960 199
1872970 198
1872980 198
1872990 197
1873000 197
1873010 197
1873020 197
1873030 197
1873040 197
1873050 197
1873060 198
1873070 198
1873080 198
1873090 198
1873100 198
1873110 198
1873120 198
1873130 198
1873140 198
1873150 198
1873160 198
1873170 198
1873180 198
1873190 198
1873200 198
1873210 198
1873220 198
1873230 198
1873240 198
1873250 198
1873260 197
1873270 197
1873280 197
1873290 196
1873300 196
1873310 196
1873320 196
1873330 196
1873340 196
1873350 196
1873360 196
1873370 196
1873380 196
1873390 196
1873400 196
1873410 195
1873420 195
1873430 194
1873440 193
1873450 193
1873460 191
1873470 190
1873480 190
1873490 188
1873500 186
1873510 186
1873520 185
1873530 184
1873540 184
1873550 182
1873560 181
1873570 181
1873580 181
1873590 180
1873600 180
1873610 179
1873620 180
1873630 180
1873640 181
1873650 181
1873660 181
1873670 182
1873680 182
1873690 182
1873700 183
1873710 184
1873720 184
1873730 186
1873740 187
1873750 187
1873760 189
1873770 189
1873780 190
1873790 192
1873800 192
1873810 193
1873820 194
1873830 194
1873840 195
1873850 196
1873860 196
1873870 196
1873880 196
1873890 196
1873900 197
1873910 197
1873920 197
1873930 197
1873940 197
1873950 197
1873960 197
1873970 197
1873980 197
1873990 198
1874000 198
1874010 198
1874020 198
1874030 198
1874040 198
1874050 199
1874060 198
1874070 199
1874080 199
1874090 199
1874100 199
1874110 199
1874120 199
1874130 199
1874140 199
1874150 199
1874160 199
1874170 199
1874180 199
1874190 199
1874200 199
1874210 199
1874220 199
1874230 199
1874240 199
1874250 199
1874260 199
1874270 199
1874280 199
1874290 199
1874300 199
1874310 198
1874320 198
1874330 198
1874340 198
1874350 198
1874360 198
1874370 197
1874380 197
1874390 197
1874400 197
1874410 197
1874420 197
1874430 196
1874440 196
1874450 196
1874460 196
1874470 196
1874480 196
1874490 195
1874500 195
1874510 195
1874520 195
1874530 195
1874540 195
1874550 194
1874560 194
1874570 194
1874580 194
1874590 194
1874600 194
1874610 193
1874620 193
1874630 193
1874640 193
1874650 193
1874660 193
1874670 192
1874680 192
1874690 192
1874700 192
1874710 192
1874720 192
1874730 191
1874740 191
1874750 191
1874760 191
1874770 191
1874780 191
1874790 190
1874800 190
1874810 190
1874820 190
1874830 190
1874840 190
1874850 190
1874860 190
1874870 189
1874880 189
1874890 189
1874900 189
1874910 189
1874920 189
1874930 189
1874940 189
1874950 189
1874960 189
1874970 189
1874980 189
1874990 189
1875000 188
1875010 188
1875020 188
1875030 188
1875040 188
1875050 187
1875060 187
1875070 187
1875080 187
1875090 187
1875100 187
1875110 187
1875120 186
1875130 186
1875140 186
1875150 186
1875160 186
1875170 186
1875180 185
1875190 185
1875200 185
1875210 185
1875220 185
1875230 185
1875240 184
1875250 184
1875260 184
1875270 184
1875280 184
1875290 184
1875300 184
1875310 184
1875320 183
1875330 183
1875340 183
1875350 183
1875360 183
1875370 183
1875380 182
1875390 182
1875400 182
1875410 182
1875420 182
1875430 182
1875440 181
1875450 181
1875460 181
1875470 181
1875480 181
1875490 181
1875500 180
1875510 180
1875520 180
1875530 180
1875540 180
1875550 180
1875560 180
1875570 180
1875580 179
1875590 179
1875600 179
1875610 179
1875620 179
1875630 179
1875640 178
1875650 178
1875660 178
1875670 178
1875680 178
1875690 178
1875700 177
1875710 177
1875720 177
1875730 177
1875740 177
1875750 177
1875760 177
1875770 176
1875780 176
1875790 176
1875800 176
1875810 176
1875820 176
1875830 176
1875840 176
1875850 176
1875860 175
1875870 175
1875880 175
1875890 175
1875900 175
1875910 175
1875920 175
1875930 175
1875940 175
1875950 175
1875960 174
1875970 174
1875980 174
1875990 174
1876000 174
1876010 174
1876020 174
1876030 174
1876040 174
1876050 174
1876060 174
1876070 174
1876080 173
1876090 173
1876100 173
1876110 173
1876120 173
1876130 173
1876140 173
1876150 173
1876160 173
1876170 173
1876180 173
1876190 173
1876200 173
1876210 173
1876220 173
1876230 173
1876240 173
1876250 173
1876260 173
1876270 172
1876280 172
1876290 172
1876300 172
1876310 172
1876320 172
1876330 172
1876340 172
1876350 172
1876360 172
1876370 172
1876380 172
1876390 172
1876400 172
1876410 172
1876420 172
1876430 172
1876440 172
1876450 172
1876460 172
1876470 172
1876480 172
1876490 172
1876500 173
1876510 173
1876520 172
1876530 172
1876540 172
1876550 172
1876560 172
1876570 172
1876580 172
1876590 172
1876600 172
1876610 172
1876620 171
1876630 171
1876640 171
1876650 171
1876660 171
1876670 171
1876680 171
1876690 171
1876700 171
1876710 170
1876720 170
1876730 170
1876740 170
1876750 170
1876760 170
1876770 170
1876780 170
1876790 170
1876800 170
1876810 170
1876820 170
1876830 170
1876840 170
1876850 170
1876860 170
1876870 170
1876880 170
1876890 170
1876900 170
1876910 170
1876920 170
1876930 170
1876940 170
1876950 169
1876960 169
1876970 170
1876980 170
1876990 169
1877000 169
1877010 169
1877020 169
1877030 169
1877040 169
1877050 169
1877060 169
1877070 169
1877080 169
1877090 169
1877100 169
1877110 169
1877120 169
1877130 169
1877140 169
1877150 169
1877160 169
1877170 169
1877180 169
1877190 169
1877200 169
1877210 169
1877220 169
1877230 169
1877240 169
1877250 169
1877260 169
1877270 169
1877280 169
1877290 169
1877300 169
1877310 169
1877320 169
1877330 169
1877340 169
1877350 169
1877360 169
1877370 169
1877380 169
1877390 169
1877400 169
1877410 168
1877420 168
1877430 168
1877440 168
1877450 168
1877460 168
1877470 168
1877480 168
1877490 168
1877500 168
1877510 168
1877520 168
1877530 168
1877540 168
1877550 168
1877560 168
1877570 168
1877580 168
1877590 168
1877600 168
1877610 168
1877620 168
1877630 168
1877640 168
1877650 168
1877660 168
1877670 168
1877680 168
1877690 168
1877700 168
1877710 168
1877720 168
1877730 168
1877740 168
1877750 168
1877760 168
1877770 168
1877780 168
1877790 168
1877800 168
1877810 168
1877820 168
1877830 168
1877840 168
1877850 168
1877860 168
1877870 168
1877880 168
1877890 168
1877900 168
1877910 167
1877920 167
1877930 167
1877940 167
1877950 168
1877960 168
1877970 168
1877980 168
1877990 168
1878000 168
1878010 168
1878020 168
1878030 168
1878040 168
1878050 168
1878060 168
1878070 168
1878080 168
1878090 168
1878100 168
1878110 169
1878120 167
1878130 167
1878140 167
1878150 168
1878160 168
1878170 168
1878180 168
1878190 168
1878200 168
1878210 168
1878220 168
1878230 168
1878240 167
1878250 167
1878260 167
1878270 167
1878280 167
1878290 167
1878300 167
1878310 167
1878320 167
1878330 167
1878340 167
1878350 167
1878360 167
1878370 167
1878380 167
1878390 167
1878400 167
1878410 167
1878420 167
1878430 167
1878440 167
1878450 167
1878460 167
1878470 167
1878480 167
1878490 167
1878500 167
1878510 167
1878520 167
1878530 167
1878540 167
1878550 167
1878560 167
1878570 167
1878580 167
1878590 167
1878600 167
1878610 167
1878620 167
1878630 167
1878640 167
1878650 167
1878660 167
1878670 167
1878680 167
1878690 167
1878700 167
1878710 167
1878720 167
1878730 167
1878740 167
1878750 167
1878760 167
1878770 167
1878780 167
1878790 168
1878800 168
1878810 168
1878820 168
1878830 168
1878840 168
1878850 168
1878860 168
1878870 168
1878880 168
1878890 168
1878900 168
1878910 168
1878920 168
1878930 168
1878940 168
1878950 168
1878960 168
1878970 168
1878980 168
1878990 168
1879000 168
1879010 168
1879020 168
1879030 168
1879040 168
1879050 168
1879060 168
1879070 168
1879080 168
1879090 168
1879100 168
1879110 168
1879120 168
1879130 168
1879140 168
1879150 168
1879160 168
1879170 168
1879180 168
1879190 168
1879200 168
1879210 168
1879220 168
1879230 168
1879240 168
1879250 168
1879260 167
1879270 167
1879280 167
1879290 167
1879300 167
1879310 167
1879320 168
1879330 168
1879340 168
1879350 167
1879360 168
1879370 168
1879380 167
1879390 167
1879400 167
1879410 167
1879420 167
1879430 167
1879440 167
1879450 167
1879460 167
1879470 167
1879480 167
1879490 167
1879500 167
1879510 167
1879520 167
1879530 167
1879540 167
1879550 167
1879560 167
1879570 167
1879580 167
1879590 166
1879600 166
1879610 166
1879620 166
1879630 166
1879640 166
1879650 166
1879660 166
1879670 166
1879680 165
1879690 165
1879700 165
1879710 165
1879720 165
1879730 165
1879740 164
1879750 164
1879760 164
1879770 163
1879780 163
1879790 163
1879800 163
1879810 163
1879820 163
1879830 163
1879840 163
1879850 162
1879860 162
1879870 162
1879880 162
1879890 161
1879900 161
1879910 161
1879920 161
1879930 161
1879940 161
1879950 161
1879960 161
1879970 160
1879980 160
1879990 160
