1860000 254
1860010 254
1860020 254
1860030 253
1860040 253
1860050 253
1860060 253
1860070 253
1860080 253
1860090 253
1860100 252
1860110 252
1860120 252
1860130 252
1860140 252
1860150 252
1860160 252
1860170 252
1860180 252
1860190 252
1860200 251
1860210 251
1860220 251
1860230 251
1860240 251
1860250 251
1860260 251
1860270 250
1860280 250
1860290 250
1860300 250
1860310 250
1860320 250
1860330 250
1860340 250
1860350 249
1860360 249
1860370 249
1860380 250
1860390 250
1860400 250
1860410 250
1860420 250
1860430 250
1860440 250
1860450 250
1860460 250
1860470 251
1860480 251
1860490 251
1860500 252
1860510 252
1860520 252
1860530 252
1860540 252
1860550 252
1860560 253
1860570 253
1860580 253
1860590 253
1860600 253
1860610 253
1860620 254
1860630 254
1860640 254
1860650 254
1860660 254
1860670 254
1860680 254
1860690 254
1860700 255
1860710 255
1860720 255
1860730 255
1860740 255
1860750 255
1860760 256
1860770 256
1860780 256
1860790 256
1860800 256
1860810 256
1860820 256
1860830 257
1860840 257
1860850 257
1860860 257
1860870 257
1860880 257
1860890 257
1860900 257
1860910 257
1860920 257
1860930 257
1860940 257
1860950 256
1860960 256
1860970 256
1860980 256
1860990 256
1861000 255
1861010 255
1861020 255
1861030 255
1861040 254
1861050 254
1861060 254
1861070 254
1861080 254
1861090 253
1861100 253
1861110 253
1861120 253
1861130 253
1861140 253
1861150 253
1861160 253
1861170 253
1861180 253
1861190 253
1861200 253
1861210 253
1861220 253
1861230 253
1861240 253
1861250 253
1861260 253
1861270 254
1861280 254
1861290 254
1861300 254
1861310 254
1861320 254
1861330 254
1861340 254
1861350 254
1861360 254
1861370 254
1861380 254
1861390 254
1861400 254
1861410 254
1861420 253
1861430 253
1861440 253
1861450 252
1861460 252
1861470 252
1861480 251
1861490 251
1861500 250
1861510 248
1861520 248
1861530 246
1861540 244
1861550 244
1861560 242
1861570 240
1861580 240
1861590 238
1861600 237
1861610 237
1861620 235
1861630 233
1861640 233
1861650 231
1861660 228
1861670 228
1861680 226
1861690 224
1861700 224
1861710 223
1861720 222
1861730 222
1861740 222
1861750 222
1861760 224
1861770 225
1861780 225
1861790 228
1861800 231
1861810 231
1861820 233
1861830 235
1861840 235
1861850 237
1861860 237
1861870 237
1861880 237
1861890 234
1861900 234
1861910 235
1861920 235
1861930 235
1861940 236
1861950 238
1861960 238
1861970 239
1861980 240
1861990 240
1862000 240
1862010 240
1862020 240
1862030 241
1862040 241
1862050 241
1862060 240
1862070 240
1862080 240
1862090 240
1862100 240
1862110 240
1862120 240
1862130 240
1862140 240
1862150 240
1862160 240
1862170 240
1862180 239
1862190 239
1862200 239
1862210 238
1862220 238
1862230 238
1862240 237
1862250 236
1862260 236
1862270 236
1862280 236
1862290 235
1862300 234
1862310 234
1862320 234
1862330 233
1862340 233
1862350 232
1862360 232
1862370 232
1862380 232
1862390 232
1862400 232
1862410 232
1862420 232
1862430 232
1862440 232
1862450 232
1862460 232
1862470 232
1862480 233
1862490 233
1862500 233
1862510 233
1862520 233
1862530 233
1862540 232
1862550 232
1862560 232
1862570 232
1862580 232
1862590 231
1862600 231
1862610 231
1862620 230
1862630 230
1862640 230
1862650 229
1862660 229
1862670 229
1862680 228
1862690 228
1862700 228
1862710 227
1862720 226
1862730 226
1862740 226
1862750 225
1862760 225
1862770 224
1862780 223
1862790 223
1862800 223
1862810 223
1862820 222
1862830 221
1862840 221
1862850 220
1862860 219
1862870 219
1862880 218
1862890 217
1862900 217
1862910 216
1862920 215
1862930 217
1862940 216
1862950 215
1862960 215
1862970 214
1862980 213
1862990 213
1863000 212
1863010 211
1863020 211
1863030 210
1863040 209
1863050 209
1863060 208
1863070 207
1863080 207
1863090 206
1863100 205
1863110 205
1863120 203
1863130 202
1863140 202
1863150 201
1863160 200
1863170 200
1863180 200
1863190 201
1863200 201
1863210 203
1863220 206
1863230 206
1863240 207
1863250 208
1863260 208
1863270 207
1863280 208
1863290 208
1863300 209
1863310 209
1863320 209
1863330 208
1863340 208
1863350 208
1863360 208
1863370 208
1863380 207
1863390 206
1863400 206
1863410 206
1863420 205
1863430 205
1863440 205
1863450 204
1863460 204
1863470 203
1863480 203
1863490 203
1863500 202
1863510 202
1863520 202
1863530 201
1863540 201
1863550 201
1863560 200
1863570 200
1863580 200
1863590 199
1863600 199
1863610 199
1863620 198
1863630 197
1863640 197
1863650 196
1863660 195
1863670 195
1863680 194
1863690 193
1863700 193
1863710 192
1863720 192
1863730 192
1863740 192
1863750 193
1863760 193
1863770 193
1863780 193
1863790 193
1863800 193
1863810 193
1863820 193
1863830 192
1863840 192
1863850 192
1863860 191
1863870 191
1863880 191
1863890 190
1863900 190
1863910 190
1863920 190
1863930 190
1863940 189
1863950 189
1863960 189
1863970 187
1863980 187
1863990 187
1864000 187
1864010 186
1864020 186
1864030 186
1864040 185
1864050 185
1864060 185
1864070 184
1864080 184
1864090 184
1864100 184
1864110 184
1864120 184
1864130 184
1864140 184
1864150 184
1864160 184
1864170 184
1864180 184
1864190 184
1864200 184
1864210 184
1864220 184
1864230 184
1864240 184
1864250 184
1864260 184
1864270 186
1864280 188
1864290 188
1864300 189
1864310 191
1864320 191
1864330 192
1864340 192
1864350 192
1864360 192
1864370 192
1864380 192
1864390 192
1864400 192
1864410 192
1864420 191
1864430 191
1864440 191
1864450 191
1864460 191
1864470 191
1864480 190
1864490 190
1864500 190
1864510 189
1864520 189
1864530 189
1864540 188
1864550 188
1864560 187
1864570 186
1864580 186
1864590 184
1864600 182
1864610 182
1864620 182
1864630 182
1864640 182
1864650 182
1864660 182
1864670 182
1864680 182
1864690 183
1864700 183
1864710 182
1864720 182
1864730 182
1864740 182
1864750 182
1864760 182
1864770 182
1864780 182
1864790 182
1864800 182
1864810 182
1864820 182
1864830 182
1864840 182
1864850 182
1864860 182
1864870 182
1864880 182
1864890 182
1864900 181
1864910 181
1864920 181
1864930 181
1864940 181
1864950 181
1864960 181
1864970 181
1864980 181
1864990 181
1865000 181
1865010 181
1865020 181
1865030 181
1865040 181
1865050 181
1865060 181
1865070 181
1865080 181
1865090 181
1865100 182
1865110 182
1865120 186
1865130 188
1865140 188
1865150 191
1865160 194
1865170 194
1865180 197
1865190 200
1865200 200
1865210 202
1865220 205
1865230 205
1865240 206
1865250 208
1865260 208
1865270 208
1865280 207
1865290 207
1865300 206
1865310 205
1865320 205
1865330 203
1865340 204
1865350 204
1865360 202
1865370 200
1865380 200
1865390 198
1865400 196
1865410 196
1865420 196
1865430 196
1865440 196
1865450 197
1865460 199
1865470 199
1865480 202
1865490 202
1865500 205
1865510 208
1865520 208
1865530 211
1865540 213
1865550 213
1865560 215
1865570 216
1865580 216
1865590 216
1865600 216
1865610 216
1865620 216
1865630 215
1865640 215
1865650 213
1865660 211
1865670 211
1865680 208
1865690 205
1865700 205
1865710 203
1865720 201
1865730 201
1865740 199
1865750 197
1865760 197
1865770 198
1865780 199
1865790 199
1865800 200
1865810 204
1865820 204
1865830 207
1865840 210
1865850 210
1865860 212
1865870 214
1865880 214
1865890 215
1865900 215
1865910 215
1865920 215
1865930 214
1865940 214
1865950 214
1865960 214
1865970 214
1865980 214
1865990 213
1866000 213
1866010 213
1866020 213
1866030 212
1866040 211
1866050 211
1866060 211
1866070 210
1866080 210
1866090 210
1866100 209
1866110 209
1866120 208
1866130 208
1866140 208
1866150 207
1866160 207
1866170 207
1866180 206
1866190 205
1866200 205
1866210 205
1866220 204
1866230 204
1866240 203
1866250 202
1866260 202
1866270 201
1866280 200
1866290 200
1866300 198
1866310 197
1866320 197
1866330 196
1866340 196
1866350 196
1866360 195
1866370 194
1866380 194
1866390 194
1866400 193
1866410 193
1866420 193
1866430 193
1866440 193
1866450 193
1866460 193
1866470 193
1866480 193
1866490 194
1866500 194
1866510 194
1866520 194
1866530 194
1866540 194
1866550 193
1866560 193
1866570 193
1866580 193
1866590 193
1866600 192
1866610 192
1866620 192
1866630 192
1866640 192
1866650 192
1866660 192
1866670 192
1866680 192
1866690 191
1866700 191
1866710 192
1866720 192
1866730 192
1866740 192
1866750 192
1866760 192
1866770 192
1866780 192
1866790 192
1866800 192
1866810 192
1866820 192
1866830 192
1866840 192
1866850 192
1866860 192
1866870 192
1866880 192
1866890 192
1866900 193
1866910 193
1866920 193
1866930 194
1866940 194
1866950 194
1866960 195
1866970 195
1866980 196
1866990 197
1867000 197
1867010 197
1867020 198
1867030 198
1867040 199
1867050 200
1867060 199
1867070 200
1867080 201
1867090 201
1867100 202
1867110 202
1867120 203
1867130 204
1867140 204
1867150 205
1867160 206
1867170 206
1867180 207
1867190 208
1867200 208
1867210 209
1867220 211
1867230 211
1867240 212
1867250 213
1867260 213
1867270 215
1867280 216
1867290 216
1867300 218
1867310 219
1867320 219
1867330 220
1867340 221
1867350 221
1867360 222
1867370 222
1867380 222
1867390 222
1867400 222
1867410 222
1867420 223
1867430 223
1867440 223
1867450 223
1867460 223
1867470 223
1867480 223
1867490 224
1867500 224
1867510 224
1867520 224
1867530 224
1867540 224
1867550 224
1867560 224
1867570 224
1867580 224
1867590 224
1867600 224
1867610 224
1867620 224
1867630 224
1867640 224
1867650 225
1867660 225
1867670 225
1867680 225
1867690 225
1867700 225
1867710 225
1867720 225
1867730 225
1867740 225
1867750 225
1867760 225
1867770 225
1867780 225
1867790 225
1867800 225
1867810 225
1867820 225
1867830 225
1867840 225
1867850 225
1867860 225
1867870 225
1867880 225
1867890 225
1867900 225
1867910 225
1867920 223
1867930 223
1867940 223
1867950 223
1867960 223
1867970 223
1867980 223
1867990 223
1868000 223
1868010 222
1868020 222
1868030 222
1868040 221
1868050 221
1868060 221
1868070 221
1868080 221
1868090 221
1868100 221
1868110 220
1868120 220
1868130 220
1868140 220
1868150 220
1868160 220
1868170 220
1868180 221
1868190 221
1868200 221
1868210 222
1868220 222
1868230 222
1868240 222
1868250 223
1868260 223
1868270 223
1868280 223
1868290 223
1868300 223
1868310 223
1868320 223
1868330 223
1868340 223
1868350 223
1868360 224
1868370 224
1868380 224
1868390 224
1868400 223
1868410 223
1868420 224
1868430 223
1868440 223
1868450 223
1868460 223
1868470 223
1868480 223
1868490 223
1868500 223
1868510 223
1868520 223
1868530 223
1868540 223
1868550 223
1868560 223
1868570 222
1868580 222
1868590 222
1868600 222
1868610 222
1868620 222
1868630 222
1868640 222
1868650 222
1868660 222
1868670 222
1868680 222
1868690 221
1868700 221
1868710 221
1868720 221
1868730 221
1868740 221
1868750 221
1868760 221
1868770 221
1868780 221
1868790 221
1868800 221
1868810 221
1868820 221
1868830 220
1868840 220
1868850 220
1868860 220
1868870 220
1868880 220
1868890 219
1868900 219
1868910 219
1868920 219
1868930 218
1868940 218
1868950 218
1868960 217
1868970 217
1868980 217
1868990 216
1869000 216
1869010 216
1869020 215
1869030 215
1869040 214
1869050 213
1869060 213
1869070 212
1869080 211
1869090 211
1869100 210
1869110 209
1869120 209
1869130 208
1869140 207
1869150 207
1869160 205
1869170 205
1869180 205
1869190 204
1869200 204
1869210 204
1869220 203
1869230 203
1869240 202
1869250 202
1869260 202
1869270 201
1869280 200
1869290 200
1869300 199
1869310 199
1869320 199
1869330 198
1869340 198
1869350 198
1869360 197
1869370 197
1869380 197
1869390 196
1869400 196
1869410 196
1869420 196
1869430 195
1869440 195
1869450 195
1869460 194
1869470 194
1869480 194
1869490 194
1869500 194
1869510 194
1869520 195
1869530 195
1869540 196
1869550 197
1869560 197
1869570 198
1869580 199
1869590 199
1869600 199
1869610 199
1869620 199
1869630 198
1869640 199
1869650 199
1869660 199
1869670 200
1869680 200
1869690 201
1869700 202
1869710 202
1869720 203
1869730 204
1869740 204
1869750 205
1869760 206
1869770 206
1869780 206
1869790 206
1869800 206
1869810 205
1869820 205
1869830 204
1869840 204
1869850 204
1869860 203
1869870 201
1869880 201
1869890 200
1869900 199
1869910 199
1869920 197
1869930 196
1869940 196
1869950 195
1869960 194
1869970 194
1869980 192
1869990 191
1870000 191
1870010 190
1870020 189
1870030 189
1870040 188
1870050 187
1870060 187
1870070 186
1870080 185
1870090 185
1870100 185
1870110 185
1870120 185
1870130 185
1870140 184
1870150 184
1870160 184
1870170 184
1870180 184
1870190 184
1870200 184
1870210 184
1870220 184
1870230 185
1870240 185
1870250 186
1870260 188
1870270 188
1870280 190
1870290 192
1870300 192
1870310 194
1870320 194
1870330 197
1870340 200
1870350 200
1870360 203
1870370 206
1870380 206
1870390 208
1870400 211
1870410 211
1870420 214
1870430 215
1870440 215
1870450 215
1870460 215
1870470 215
1870480 215
1870490 215
1870500 215
1870510 216
1870520 216
1870530 216
1870540 216
1870550 216
1870560 216
1870570 216
1870580 216
1870590 216
1870600 215
1870610 215
1870620 215
1870630 215
1870640 215
1870650 215
1870660 215
1870670 215
1870680 215
1870690 215
1870700 215
1870710 215
1870720 215
1870730 215
1870740 215
1870750 214
1870760 214
1870770 214
1870780 214
1870790 214
1870800 214
1870810 214
1870820 214
1870830 214
1870840 213
1870850 213
1870860 213
1870870 213
1870880 213
1870890 213
1870900 213
1870910 213
1870920 212
1870930 212
1870940 212
1870950 212
1870960 212
1870970 212
1870980 212
1870990 212
1871000 212
1871010 211
1871020 211
1871030 211
1871040 211
1871050 211
1871060 211
1871070 211
1871080 210
1871090 210
1871100 210
1871110 210
1871120 210
1871130 210
1871140 209
1871150 209
1871160 209
1871170 209
1871180 209
1871190 208
1871200 208
1871210 208
1871220 207
1871230 207
1871240 207
1871250 206
1871260 205
1871270 205
1871280 204
1871290 203
1871300 203
1871310 203
1871320 202
1871330 202
1871340 201
1871350 200
1871360 200
1871370 200
1871380 200
1871390 200
1871400 200
1871410 200
1871420 201
1871430 201
1871440 201
1871450 201
1871460 202
1871470 202
1871480 203
1871490 202
1871500 202
1871510 202
1871520 200
1871530 200
1871540 199
1871550 198
1871560 198
1871570 196
1871580 196
1871590 196
1871600 195
1871610 197
1871620 197
1871630 197
1871640 198
1871650 198
1871660 200
1871670 202
1871680 202
1871690 204
1871700 205
1871710 205
1871720 207
1871730 207
1871740 207
1871750 207
1871760 207
1871770 207
1871780 207
1871790 207
1871800 207
1871810 207
1871820 207
1871830 207
1871840 207
1871850 207
1871860 207
1871870 207
1871880 207
1871890 207
1871900 207
1871910 207
1871920 207
1871930 207
1871940 207
1871950 207
1871960 207
1871970 207
1871980 206
1871990 206
1872000 206
1872010 206
1872020 206
1872030 206
1872040 206
1872050 206
1872060 206
1872070 206
1872080 205
1872090 205
1872100 206
1872110 206
1872120 206
1872130 206
1872140 206
1872150 206
1872160 206
1872170 206
1872180 206
1872190 206
1872200 206
1872210 206
1872220 206
1872230 206
1872240 206
1872250 206
1872260 206
1872270 206
1872280 206
1872290 206
1872300 206
1872310 206
1872320 206
1872330 206
1872340 206
1872350 206
1872360 206
1872370 206
1872380 206
1872390 206
1872400 206
1872410 206
1872420 206
1872430 206
1872440 206
1872450 206
1872460 206
1872470 206
1872480 206
1872490 206
1872500 206
1872510 206
1872520 206
1872530 206
1872540 206
1872550 206
1872560 206
1872570 206
1872580 206
1872590 206
1872600 206
1872610 205
1872620 205
1872630 205
1872640 205
1872650 205
1872660 205
1872670 205
1872680 205
1872690 205
1872700 204
1872710 204
1872720 204
1872730 204
1872740 204
1872750 204
1872760 204
1872770 204
1872780 204
1872790 204
1872800 204
1872810 204
1872820 203
1872830 204
1872840 204
1872850 203
1872860 203
1872870 203
1872880 203
1872890 203
1872900 203
1872910 203
1872920 203
1872930 203
1872940 203
1872950 203
1872960 203
1872970 203
1872980 203
1872990 203
1873000 203
1873010 203
1873020 202
1873030 202
1873040 202
1873050 202
1873060 202
1873070 202
1873080 202
1873090 202
1873100 202
1873110 202
1873120 202
1873130 202
1873140 202
1873150 202
1873160 202
1873170 202
1873180 202
1873190 202
1873200 202
1873210 202
1873220 202
1873230 202
1873240 202
1873250 202
1873260 202
1873270 202
1873280 202
1873290 202
1873300 202
1873310 202
1873320 202
1873330 202
1873340 201
1873350 200
1873360 200
1873370 200
1873380 199
1873390 199
1873400 198
1873410 196
1873420 196
1873430 195
1873440 194
1873450 194
1873460 192
1873470 191
1873480 191
1873490 190
1873500 190
1873510 189
1873520 188
1873530 188
1873540 188
1873550 188
1873560 188
1873570 189
1873580 190
1873590 190
1873600 191
1873610 192
1873620 192
1873630 193
1873640 195
1873650 195
1873660 196
1873670 198
1873680 198
1873690 199
1873700 200
1873710 200
1873720 200
1873730 201
1873740 201
1873750 201
1873760 201
1873770 201
1873780 201
1873790 201
1873800 201
1873810 201
1873820 201
1873830 201
1873840 200
1873850 200
1873860 200
1873870 200
1873880 200
1873890 200
1873900 200
1873910 200
1873920 200
1873930 200
1873940 200
1873950 200
1873960 200
1873970 199
1873980 199
1873990 199
1874000 199
1874010 199
1874020 199
1874030 199
1874040 199
1874050 199
1874060 199
1874070 199
1874080 198
1874090 198
1874100 198
1874110 198
1874120 198
1874130 198
1874140 198
1874150 198
1874160 198
1874170 198
1874180 198
1874190 197
1874200 197
1874210 197
1874220 197
1874230 197
1874240 197
1874250 197
1874260 197
1874270 197
1874280 196
1874290 196
1874300 196
1874310 196
1874320 196
1874330 196
1874340 195
1874350 195
1874360 195
1874370 195
1874380 195
1874390 195
1874400 194
1874410 194
1874420 194
1874430 194
1874440 194
1874450 194
1874460 193
1874470 193
1874480 193
1874490 193
1874500 193
1874510 193
1874520 193
1874530 193
1874540 193
1874550 192
1874560 192
1874570 192
1874580 192
1874590 192
1874600 192
1874610 192
1874620 192
1874630 192
1874640 191
1874650 191
1874660 191
1874670 191
1874680 191
1874690 191
1874700 191
1874710 191
1874720 191
1874730 191
1874740 191
1874750 191
1874760 191
1874770 191
1874780 191
1874790 190
1874800 190
1874810 190
1874820 190
1874830 190
1874840 190
1874850 190
1874860 190
1874870 190
1874880 190
1874890 190
1874900 190
1874910 190
1874920 190
1874930 190
1874940 190
1874950 190
1874960 189
1874970 189
1874980 189
1874990 189
1875000 189
1875010 189
1875020 188
1875030 188
1875040 188
1875050 188
1875060 188
1875070 188
1875080 187
1875090 187
1875100 187
1875110 187
1875120 187
1875130 187
1875140 187
1875150 187
1875160 187
1875170 186
1875180 186
1875190 186
1875200 186
1875210 186
1875220 186
1875230 186
1875240 186
1875250 185
1875260 185
1875270 185
1875280 185
1875290 184
1875300 184
1875310 184
1875320 184
1875330 184
1875340 183
1875350 183
1875360 183
1875370 183
1875380 183
1875390 183
1875400 182
1875410 182
1875420 182
1875430 181
1875440 181
1875450 181
1875460 181
1875470 181
1875480 181
1875490 180
1875500 180
1875510 180
1875520 180
1875530 179
1875540 179
1875550 179
1875560 179
1875570 179
1875580 178
1875590 178
1875600 178
1875610 178
1875620 178
1875630 178
1875640 178
1875650 178
1875660 177
1875670 177
1875680 177
1875690 177
1875700 177
1875710 177
1875720 177
1875730 177
1875740 177
1875750 177
1875760 177
1875770 177
1875780 177
1875790 177
1875800 177
1875810 176
1875820 176
1875830 176
1875840 176
1875850 176
1875860 176
1875870 176
1875880 175
1875890 175
1875900 175
1875910 175
1875920 175
1875930 175
1875940 175
1875950 175
1875960 174
1875970 174
1875980 174
1875990 174
1876000 174
1876010 174
1876020 174
1876030 174
1876040 174
1876050 174
1876060 174
1876070 174
1876080 173
1876090 173
1876100 173
1876110 173
1876120 173
1876130 173
1876140 172
1876150 172
1876160 172
1876170 172
1876180 172
1876190 172
1876200 172
1876210 172
1876220 171
1876230 171
1876240 171
1876250 171
1876260 171
1876270 171
1876280 171
1876290 171
1876300 171
1876310 171
1876320 171
1876330 171
1876340 171
1876350 171
1876360 171
1876370 171
1876380 170
1876390 170
1876400 170
1876410 170
1876420 170
1876430 170
1876440 170
1876450 170
1876460 170
1876470 170
1876480 170
1876490 170
1876500 170
1876510 170
1876520 170
1876530 170
1876540 170
1876550 170
1876560 170
1876570 170
1876580 170
1876590 170
1876600 170
1876610 170
1876620 170
1876630 170
1876640 170
1876650 169
1876660 169
1876670 169
1876680 169
1876690 169
1876700 169
1876710 169
1876720 169
1876730 169
1876740 169
1876750 169
1876760 169
1876770 169
1876780 169
1876790 169
1876800 169
1876810 169
1876820 169
1876830 169
1876840 169
1876850 169
1876860 169
1876870 168
1876880 168
1876890 168
1876900 168
1876910 168
1876920 168
1876930 168
1876940 168
1876950 168
1876960 168
1876970 168
1876980 168
1876990 168
1877000 168
1877010 168
1877020 168
1877030 168
1877040 168
1877050 168
1877060 168
1877070 168
1877080 168
1877090 168
1877100 168
1877110 168
1877120 168
1877130 168
1877140 167
1877150 168
1877160 168
1877170 167
1877180 167
1877190 167
1877200 167
1877210 167
1877220 167
1877230 167
1877240 167
1877250 167
1877260 167
1877270 167
1877280 167
1877290 167
1877300 167
1877310 168
1877320 168
1877330 168
1877340 167
1877350 167
1877360 167
1877370 167
1877380 167
1877390 167
1877400 167
1877410 167
1877420 167
1877430 167
1877440 167
1877450 167
1877460 167
1877470 168
1877480 168
1877490 168
1877500 168
1877510 168
1877520 168
1877530 168
1877540 168
1877550 168
1877560 168
1877570 168
1877580 168
1877590 168
1877600 168
1877610 168
1877620 168
1877630 168
1877640 168
1877650 168
1877660 168
1877670 168
1877680 168
1877690 168
1877700 167
1877710 167
1877720 167
1877730 167
1877740 167
1877750 167
1877760 167
1877770 167
1877780 167
1877790 167
1877800 167
1877810 167
1877820 167
1877830 167
1877840 167
1877850 167
1877860 167
1877870 167
1877880 167
1877890 167
1877900 166
1877910 167
1877920 167
1877930 167
1877940 167
1877950 167
1877960 166
1877970 166
1877980 166
1877990 166
1878000 167
1878010 167
1878020 166
1878030 167
1878040 167
1878050 166
1878060 166
1878070 166
1878080 166
1878090 166
1878100 166
1878110 166
1878120 166
1878130 166
1878140 166
1878150 166
1878160 166
1878170 166
1878180 166
1878190 166
1878200 166
1878210 166
1878220 166
1878230 166
1878240 166
1878250 166
1878260 166
1878270 166
1878280 166
1878290 166
1878300 166
1878310 166
1878320 166
1878330 166
1878340 166
1878350 166
1878360 166
1878370 166
1878380 166
1878390 166
1878400 166
1878410 166
1878420 166
1878430 166
1878440 166
1878450 166
1878460 166
1878470 166
1878480 166
1878490 166
1878500 166
1878510 166
1878520 166
1878530 166
1878540 166
1878550 166
1878560 166
1878570 166
1878580 166
1878590 166
1878600 166
1878610 167
1878620 166
1878630 166
1878640 167
1878650 167
1878660 167
1878670 167
1878680 167
1878690 167
1878700 167
1878710 167
1878720 167
1878730 167
1878740 167
1878750 167
1878760 167
1878770 167
1878780 167
1878790 167
1878800 167
1878810 167
1878820 167
1878830 167
1878840 167
1878850 167
1878860 167
1878870 167
1878880 168
1878890 168
1878900 168
1878910 168
1878920 168
1878930 168
1878940 168
1878950 168
1878960 168
1878970 168
1878980 168
1878990 168
1879000 168
1879010 168
1879020 168
1879030 168
1879040 168
1879050 168
1879060 168
1879070 168
1879080 168
1879090 168
1879100 168
1879110 168
1879120 168
1879130 168
1879140 168
1879150 168
1879160 168
1879170 168
1879180 168
1879190 168
1879200 169
1879210 168
1879220 168
1879230 168
1879240 168
1879250 168
1879260 168
1879270 168
1879280 168
1879290 168
1879300 168
1879310 168
1879320 168
1879330 168
1879340 168
1879350 168
1879360 168
1879370 168
1879380 168
1879390 168
1879400 168
1879410 168
1879420 168
1879430 168
1879440 168
1879450 168
1879460 168
1879470 168
1879480 168
1879490 168
1879500 168
1879510 168
1879520 168
1879530 167
1879540 167
1879550 167
1879560 167
1879570 167
1879580 167
1879590 166
1879600 166
1879610 166
1879620 166
1879630 166
1879640 165
1879650 165
1879660 165
1879670 165
1879680 164
1879690 164
1879700 164
1879710 164
1879720 164
1879730 163
1879740 163
1879750 163
1879760 163
1879770 162
1879780 162
1879790 162
1879800 162
1879810 162
1879820 161
1879830 161
1879840 161
1879850 161
1879860 161
1879870 161
1879880 161
1879890 161
1879900 161
1879910 160
1879920 160
1879930 160
1879940 160
1879950 160
1879960 160
1879970 160
1879980 160
1879990 160
1860000 254
1860010 254
1860020 254
1860030 253
1860040 253
1860050 253
1860060 253
1860070 253
1860080 253
1860090 253
1860100 252
1860110 252
1860120 252
1860130 252
1860140 252
1860150 252
1860160 252
1860170 252
1860180 252
1860190 252
1860200 251
1860210 251
1860220 251
1860230 251
1860240 251
1860250 251
1860260 251
1860270 250
1860280 250
1860290 250
1860300 250
1860310 250
1860320 250
1860330 250
1860340 250
1860350 249
1860360 249
1860370 249
1860380 250
1860390 250
1860400 250
1860410 250
1860420 250
1860430 250
1860440 250
1860450 250
1860460 250
1860470 251
1860480 251
1860490 251
1860500 252
1860510 252
1860520 252
1860530 252
1860540 252
1860550 252
1860560 253
1860570 253
1860580 253
1860590 253
1860600 253
1860610 253
1860620 254
1860630 254
1860640 254
1860650 254
1860660 254
1860670 254
1860680 254
1860690 254
1860700 255
1860710 255
1860720 255
1860730 255
1860740 255
1860750 255
1860760 256
1860770 256
1860780 256
1860790 256
1860800 256
1860810 256
1860820 256
1860830 257
1860840 257
1860850 257
1860860 257
1860870 257
1860880 257
1860890 257
1860900 257
1860910 257
1860920 257
1860930 257
1860940 257
1860950 256
1860960 256
1860970 256
1860980 256
1860990 256
1861000 255
1861010 255
1861020 255
1861030 255
1861040 254
1861050 254
1861060 254
1861070 254
1861080 254
1861090 253
1861100 253
1861110 253
1861120 253
1861130 253
1861140 253
1861150 253
1861160 253
1861170 253
1861180 253
1861190 253
1861200 253
1861210 253
1861220 253
1861230 253
1861240 253
1861250 253
1861260 253
1861270 254
1861280 254
1861290 254
1861300 254
1861310 254
1861320 254
1861330 254
1861340 254
1861350 254
1861360 254
1861370 254
1861380 254
1861390 254
1861400 254
1861410 254
1861420 253
1861430 253
1861440 253
1861450 252
1861460 252
1861470 252
1861480 251
1861490 251
1861500 250
1861510 248
1861520 248
1861530 246
1861540 244
1861550 244
1861560 242
1861570 240
1861580 240
1861590 238
1861600 237
1861610 237
1861620 235
1861630 233
1861640 233
1861650 231
1861660 228
1861670 228
1861680 226
1861690 224
1861700 224
1861710 223
1861720 222
1861730 222
1861740 222
1861750 222
1861760 224
1861770 225
1861780 225
1861790 228
1861800 231
1861810 231
1861820 233
1861830 235
1861840 235
1861850 237
1861860 237
1861870 237
1861880 237
1861890 234
1861900 234
1861910 235
1861920 235
1861930 235
1861940 236
1861950 238
1861960 238
1861970 239
1861980 240
1861990 240
1862000 240
1862010 240
1862020 240
1862030 241
1862040 241
1862050 241
1862060 240
1862070 240
1862080 240
1862090 240
1862100 240
1862110 240
1862120 240
1862130 240
1862140 240
1862150 240
1862160 240
1862170 240
1862180 239
1862190 239
1862200 239
1862210 238
1862220 238
1862230 238
1862240 237
1862250 236
1862260 236
1862270 236
1862280 236
1862290 235
1862300 234
1862310 234
1862320 234
1862330 233
1862340 233
1862350 232
1862360 232
1862370 232
1862380 232
1862390 232
1862400 232
1862410 232
1862420 232
1862430 232
1862440 232
1862450 232
1862460 232
1862470 232
1862480 233
1862490 233
1862500 233
1862510 233
1862520 233
1862530 233
1862540 232
1862550 232
1862560 232
1862570 232
1862580 232
1862590 231
1862600 231
1862610 231
1862620 230
1862630 230
1862640 230
1862650 229
1862660 229
1862670 229
1862680 228
1862690 228
1862700 228
1862710 227
1862720 226
1862730 226
1862740 226
1862750 225
1862760 225
1862770 224
1862780 223
1862790 223
1862800 223
1862810 223
1862820 222
1862830 221
1862840 221
1862850 220
1862860 219
1862870 219
1862880 218
1862890 217
1862900 217
1862910 216
1862920 215
1862930 217
1862940 216
1862950 215
1862960 215
1862970 214
1862980 213
1862990 213
1863000 212
1863010 211
1863020 211
1863030 210
1863040 209
1863050 209
1863060 208
1863070 207
1863080 207
1863090 206
1863100 205
1863110 205
1863120 203
1863130 202
1863140 202
1863150 201
1863160 200
1863170 200
1863180 200
1863190 201
1863200 201
1863210 203
1863220 206
1863230 206
1863240 207
1863250 208
1863260 208
1863270 207
1863280 208
1863290 208
1863300 209
1863310 209
1863320 209
1863330 208
1863340 208
1863350 208
1863360 208
1863370 208
1863380 207
1863390 206
1863400 206
1863410 206
1863420 205
1863430 205
1863440 205
1863450 204
1863460 204
1863470 203
1863480 203
1863490 203
1863500 202
1863510 202
1863520 202
1863530 201
1863540 201
1863550 201
1863560 200
1863570 200
1863580 200
1863590 199
1863600 199
1863610 199
1863620 198
1863630 197
1863640 197
1863650 196
1863660 195
1863670 195
1863680 194
1863690 193
1863700 193
1863710 192
1863720 192
1863730 192
1863740 192
1863750 193
1863760 193
1863770 193
1863780 193
1863790 193
1863800 193
1863810 193
1863820 193
1863830 192
1863840 192
1863850 192
1863860 191
1863870 191
1863880 191
1863890 190
1863900 190
1863910 190
1863920 190
1863930 190
1863940 189
1863950 189
1863960 189
1863970 187
1863980 187
1863990 187
1864000 187
1864010 186
1864020 186
1864030 186
1864040 185
1864050 185
1864060 185
1864070 184
1864080 184
1864090 184
1864100 184
1864110 184
1864120 184
1864130 184
1864140 184
1864150 184
1864160 184
1864170 184
1864180 184
1864190 184
1864200 184
1864210 184
1864220 184
1864230 184
1864240 184
1864250 184
1864260 184
1864270 186
1864280 188
1864290 188
1864300 189
1864310 191
1864320 191
1864330 192
1864340 192
1864350 192
1864360 192
1864370 192
1864380 192
1864390 192
1864400 192
1864410 192
1864420 191
1864430 191
1864440 191
1864450 191
1864460 191
1864470 191
1864480 190
1864490 190
1864500 190
1864510 189
1864520 189
1864530 189
1864540 188
1864550 188
1864560 187
1864570 186
1864580 186
1864590 184
1864600 182
1864610 182
1864620 182
1864630 182
1864640 182
1864650 182
1864660 182
1864670 182
1864680 182
1864690 183
1864700 183
1864710 182
1864720 182
1864730 182
1864740 182
1864750 182
1864760 182
1864770 182
1864780 182
1864790 182
1864800 182
1864810 182
1864820 182
1864830 182
1864840 182
1864850 182
1864860 182
1864870 182
1864880 182
1864890 182
1864900 181
1864910 181
1864920 181
1864930 181
1864940 181
1864950 181
1864960 181
1864970 181
1864980 181
1864990 181
1865000 181
1865010 181
1865020 181
1865030 181
1865040 181
1865050 181
1865060 181
1865070 181
1865080 181
1865090 181
1865100 182
1865110 182
1865120 186
1865130 188
1865140 188
1865150 191
1865160 194
1865170 194
1865180 197
1865190 200
1865200 200
1865210 202
1865220 205
1865230 205
1865240 206
1865250 208
1865260 208
1865270 208
1865280 207
1865290 207
1865300 206
1865310 205
1865320 205
1865330 203
1865340 204
1865350 204
1865360 202
1865370 200
1865380 200
1865390 198
1865400 196
1865410 196
1865420 196
1865430 196
1865440 196
1865450 197
1865460 199
1865470 199
1865480 202
1865490 202
1865500 205
1865510 208
1865520 208
1865530 211
1865540 213
1865550 213
1865560 215
1865570 216
1865580 216
1865590 216
1865600 216
1865610 216
1865620 216
1865630 215
1865640 215
1865650 213
1865660 211
1865670 211
1865680 208
1865690 205
1865700 205
1865710 203
1865720 201
1865730 201
1865740 199
1865750 197
1865760 197
1865770 198
1865780 199
1865790 199
1865800 200
1865810 204
1865820 204
1865830 207
1865840 210
1865850 210
1865860 212
1865870 214
1865880 214
1865890 215
1865900 215
1865910 215
1865920 215
1865930 214
1865940 214
1865950 214
1865960 214
1865970 214
1865980 214
1865990 213
1866000 213
1866010 213
1866020 213
1866030 212
1866040 211
1866050 211
1866060 211
1866070 210
1866080 210
1866090 210
1866100 209
1866110 209
1866120 208
1866130 208
1866140 208
1866150 207
1866160 207
1866170 207
1866180 206
1866190 205
1866200 205
1866210 205
1866220 204
1866230 204
1866240 203
1866250 202
1866260 202
1866270 201
1866280 200
1866290 200
1866300 198
1866310 197
1866320 197
1866330 196
1866340 196
1866350 196
1866360 195
1866370 194
1866380 194
1866390 194
1866400 193
1866410 193
1866420 193
1866430 193
1866440 193
1866450 193
1866460 193
1866470 193
1866480 193
1866490 194
1866500 194
1866510 194
1866520 194
1866530 194
1866540 194
1866550 193
1866560 193
1866570 193
1866580 193
1866590 193
1866600 192
1866610 192
1866620 192
1866630 192
1866640 192
1866650 192
1866660 192
1866670 192
1866680 192
1866690 191
1866700 191
1866710 192
1866720 192
1866730 192
1866740 192
1866750 192
1866760 192
1866770 192
1866780 192
1866790 192
1866800 192
1866810 192
1866820 192
1866830 192
1866840 192
1866850 192
1866860 192
1866870 192
1866880 192
1866890 192
1866900 193
1866910 193
1866920 193
1866930 194
1866940 194
1866950 194
1866960 195
1866970 195
1866980 196
1866990 197
1867000 197
1867010 197
1867020 198
1867030 198
1867040 199
1867050 200
1867060 199
1867070 200
1867080 201
1867090 201
1867100 202
1867110 202
1867120 203
1867130 204
1867140 204
1867150 205
1867160 206
1867170 206
1867180 207
1867190 208
1867200 208
1867210 209
1867220 211
1867230 211
1867240 212
1867250 213
1867260 213
1867270 215
1867280 216
1867290 216
1867300 218
1867310 219
1867320 219
1867330 220
1867340 221
1867350 221
1867360 222
1867370 222
1867380 222
1867390 222
1867400 222
1867410 222
1867420 223
1867430 223
1867440 223
1867450 223
1867460 223
1867470 223
1867480 223
1867490 224
1867500 224
1867510 224
1867520 224
1867530 224
1867540 224
1867550 224
1867560 224
1867570 224
1867580 224
1867590 224
1867600 224
1867610 224
1867620 224
1867630 224
1867640 224
1867650 225
1867660 225
1867670 225
1867680 225
1867690 225
1867700 225
1867710 225
1867720 225
1867730 225
1867740 225
1867750 225
1867760 225
1867770 225
1867780 225
1867790 225
1867800 225
1867810 225
1867820 225
1867830 225
1867840 225
1867850 225
1867860 225
1867870 225
1867880 225
1867890 225
1867900 225
1867910 225
1867920 223
1867930 223
1867940 223
1867950 223
1867960 223
1867970 223
1867980 223
1867990 223
1868000 223
1868010 222
1868020 222
1868030 222
1868040 221
1868050 221
1868060 221
1868070 221
1868080 221
1868090 221
1868100 221
1868110 220
1868120 220
1868130 220
1868140 220
1868150 220
1868160 220
1868170 220
1868180 221
1868190 221
1868200 221
1868210 222
1868220 222
1868230 222
1868240 222
1868250 223
1868260 223
1868270 223
1868280 223
1868290 223
1868300 223
1868310 223
1868320 223
1868330 223
1868340 223
1868350 223
1868360 224
1868370 224
1868380 224
1868390 224
1868400 223
1868410 223
1868420 224
1868430 223
1868440 223
1868450 223
1868460 223
1868470 223
1868480 223
1868490 223
1868500 223
1868510 223
1868520 223
1868530 223
1868540 223
1868550 223
1868560 223
1868570 222
1868580 222
1868590 222
1868600 222
1868610 222
1868620 222
1868630 222
1868640 222
1868650 222
1868660 222
1868670 222
1868680 222
1868690 221
1868700 221
1868710 221
1868720 221
1868730 221
1868740 221
1868750 221
1868760 221
1868770 221
1868780 221
1868790 221
1868800 221
1868810 221
1868820 221
1868830 220
1868840 220
1868850 220
1868860 220
1868870 220
1868880 220
1868890 219
1868900 219
1868910 219
1868920 219
1868930 218
1868940 218
1868950 218
1868960 217
1868970 217
1868980 217
1868990 216
1869000 216
1869010 216
1869020 215
1869030 215
1869040 214
1869050 213
1869060 213
1869070 212
1869080 211
1869090 211
1869100 210
1869110 209
1869120 209
1869130 208
1869140 207
1869150 207
1869160 205
1869170 205
1869180 205
1869190 204
1869200 204
1869210 204
1869220 203
1869230 203
1869240 202
1869250 202
1869260 202
1869270 201
1869280 200
1869290 200
1869300 199
1869310 199
1869320 199
1869330 198
1869340 198
1869350 198
1869360 197
1869370 197
1869380 197
1869390 196
1869400 196
1869410 196
1869420 196
1869430 195
1869440 195
1869450 195
1869460 194
1869470 194
1869480 194
1869490 194
1869500 194
1869510 194
1869520 195
1869530 195
1869540 196
1869550 197
1869560 197
1869570 198
1869580 199
1869590 199
1869600 199
1869610 199
1869620 199
1869630 198
1869640 199
1869650 199
1869660 199
1869670 200
1869680 200
1869690 201
1869700 202
1869710 202
1869720 203
1869730 204
1869740 204
1869750 205
1869760 206
1869770 206
1869780 206
1869790 206
1869800 206
1869810 205
1869820 205
1869830 204
1869840 204
1869850 204
1869860 203
1869870 201
1869880 201
1869890 200
1869900 199
1869910 199
1869920 197
1869930 196
1869940 196
1869950 195
1869960 194
1869970 194
1869980 192
1869990 191
1870000 191
1870010 190
1870020 189
1870030 189
1870040 188
1870050 187
1870060 187
1870070 186
1870080 185
1870090 185
1870100 185
1870110 185
1870120 185
1870130 185
1870140 184
1870150 184
1870160 184
1870170 184
1870180 184
1870190 184
1870200 184
1870210 184
1870220 184
1870230 185
1870240 185
1870250 186
1870260 188
1870270 188
1870280 190
1870290 192
1870300 192
1870310 194
1870320 194
1870330 197
1870340 200
1870350 200
1870360 203
1870370 206
1870380 206
1870390 208
1870400 211
1870410 211
1870420 214
1870430 215
1870440 215
1870450 215
1870460 215
1870470 215
1870480 215
1870490 215
1870500 215
1870510 216
1870520 216
1870530 216
1870540 216
1870550 216
1870560 216
1870570 216
1870580 216
1870590 216
1870600 215
1870610 215
1870620 215
1870630 215
1870640 215
1870650 215
1870660 215
1870670 215
1870680 215
1870690 215
1870700 215
1870710 215
1870720 215
1870730 215
1870740 215
1870750 214
1870760 214
1870770 214
1870780 214
1870790 214
1870800 214
1870810 214
1870820 214
1870830 214
1870840 213
1870850 213
1870860 213
1870870 213
1870880 213
1870890 213
1870900 213
1870910 213
1870920 212
1870930 212
1870940 212
1870950 212
1870960 212
1870970 212
1870980 212
1870990 212
1871000 212
1871010 211
1871020 211
1871030 211
1871040 211
1871050 211
1871060 211
1871070 211
1871080 210
1871090 210
1871100 210
1871110 210
1871120 210
1871130 210
1871140 209
1871150 209
1871160 209
1871170 209
1871180 209
1871190 208
1871200 208
1871210 208
1871220 207
1871230 207
1871240 207
1871250 206
1871260 205
1871270 205
1871280 204
1871290 203
1871300 203
1871310 203
1871320 202
1871330 202
1871340 201
1871350 200
1871360 200
1871370 200
1871380 200
1871390 200
1871400 200
1871410 200
1871420 201
1871430 201
1871440 201
1871450 201
1871460 202
1871470 202
1871480 203
1871490 202
1871500 202
1871510 202
1871520 200
1871530 200
1871540 199
1871550 198
1871560 198
1871570 196
1871580 196
1871590 196
1871600 195
1871610 197
1871620 197
1871630 197
1871640 198
1871650 198
1871660 200
1871670 202
1871680 202
1871690 204
1871700 205
1871710 205
1871720 207
1871730 207
1871740 207
1871750 207
1871760 207
1871770 207
1871780 207
1871790 207
1871800 207
1871810 207
1871820 207
1871830 207
1871840 207
1871850 207
1871860 207
1871870 207
1871880 207
1871890 207
1871900 207
1871910 207
1871920 207
1871930 207
1871940 207
1871950 207
1871960 207
1871970 207
1871980 206
1871990 206
1872000 206
1872010 206
1872020 206
1872030 206
1872040 206
1872050 206
1872060 206
1872070 206
1872080 205
1872090 205
1872100 206
1872110 206
1872120 206
1872130 206
1872140 206
1872150 206
1872160 206
1872170 206
1872180 206
1872190 206
1872200 206
1872210 206
1872220 206
1872230 206
1872240 206
1872250 206
1872260 206
1872270 206
1872280 206
1872290 206
1872300 206
1872310 206
1872320 206
1872330 206
1872340 206
1872350 206
1872360 206
1872370 206
1872380 206
1872390 206
1872400 206
1872410 206
1872420 206
1872430 206
1872440 206
1872450 206
1872460 206
1872470 206
1872480 206
1872490 206
1872500 206
1872510 206
1872520 206
1872530 206
1872540 206
1872550 206
1872560 206
1872570 206
1872580 206
1872590 206
1872600 206
1872610 205
1872620 205
1872630 205
1872640 205
1872650 205
1872660 205
1872670 205
1872680 205
1872690 205
1872700 204
1872710 204
1872720 204
1872730 204
1872740 204
1872750 204
1872760 204
1872770 204
1872780 204
1872790 204
1872800 204
1872810 204
1872820 203
1872830 204
1872840 204
1872850 203
1872860 203
1872870 203
1872880 203
1872890 203
1872900 203
1872910 203
1872920 203
1872930 203
1872940 203
1872950 203
1872960 203
1872970 203
1872980 203
1872990 203
1873000 203
1873010 203
1873020 202
1873030 202
1873040 202
1873050 202
1873060 202
1873070 202
1873080 202
1873090 202
1873100 202
1873110 202
1873120 202
1873130 202
1873140 202
1873150 202
1873160 202
1873170 202
1873180 202
1873190 202
1873200 202
1873210 202
1873220 202
1873230 202
1873240 202
1873250 202
1873260 202
1873270 202
1873280 202
1873290 202
1873300 202
1873310 202
1873320 202
1873330 202
1873340 201
1873350 200
1873360 200
1873370 200
1873380 199
1873390 199
1873400 198
1873410 196
1873420 196
1873430 195
1873440 194
1873450 194
1873460 192
1873470 191
1873480 191
1873490 190
1873500 190
1873510 189
1873520 188
1873530 188
1873540 188
1873550 188
1873560 188
1873570 189
1873580 190
1873590 190
1873600 191
1873610 192
1873620 192
1873630 193
1873640 195
1873650 195
1873660 196
1873670 198
1873680 198
1873690 199
1873700 200
1873710 200
1873720 200
1873730 201
1873740 201
1873750 201
1873760 201
1873770 201
1873780 201
1873790 201
1873800 201
1873810 201
1873820 201
1873830 201
1873840 200
1873850 200
1873860 200
1873870 200
1873880 200
1873890 200
1873900 200
1873910 200
1873920 200
1873930 200
1873940 200
1873950 200
1873960 200
1873970 199
1873980 199
1873990 199
1874000 199
1874010 199
1874020 199
1874030 199
1874040 199
1874050 199
1874060 199
1874070 199
1874080 198
1874090 198
1874100 198
1874110 198
1874120 198
1874130 198
1874140 198
1874150 198
1874160 198
1874170 198
1874180 198
1874190 197
1874200 197
1874210 197
1874220 197
1874230 197
1874240 197
1874250 197
1874260 197
1874270 197
1874280 196
1874290 196
1874300 196
1874310 196
1874320 196
1874330 196
1874340 195
1874350 195
1874360 195
1874370 195
1874380 195
1874390 195
1874400 194
1874410 194
1874420 194
1874430 194
1874440 194
1874450 194
1874460 193
1874470 193
1874480 193
1874490 193
1874500 193
1874510 193
1874520 193
1874530 193
1874540 193
1874550 192
1874560 192
1874570 192
1874580 192
1874590 192
1874600 192
1874610 192
1874620 192
1874630 192
1874640 191
1874650 191
1874660 191
1874670 191
1874680 191
1874690 191
1874700 191
1874710 191
1874720 191
1874730 191
1874740 191
1874750 191
1874760 191
1874770 191
1874780 191
1874790 190
1874800 190
1874810 190
1874820 190
1874830 190
1874840 190
1874850 190
1874860 190
1874870 190
1874880 190
1874890 190
1874900 190
1874910 190
1874920 190
1874930 190
1874940 190
1874950 190
1874960 189
1874970 189
1874980 189
1874990 189
1875000 189
1875010 189
1875020 188
1875030 188
1875040 188
1875050 188
1875060 188
1875070 188
1875080 187
1875090 187
1875100 187
1875110 187
1875120 187
1875130 187
1875140 187
1875150 187
1875160 187
1875170 186
1875180 186
1875190 186
1875200 186
1875210 186
1875220 186
1875230 186
1875240 186
1875250 185
1875260 185
1875270 185
1875280 185
1875290 184
1875300 184
1875310 184
1875320 184
1875330 184
1875340 183
1875350 183
1875360 183
1875370 183
1875380 183
1875390 183
1875400 182
1875410 182
1875420 182
1875430 181
1875440 181
1875450 181
1875460 181
1875470 181
1875480 181
1875490 180
1875500 180
1875510 180
1875520 180
1875530 179
1875540 179
1875550 179
1875560 179
1875570 179
1875580 178
1875590 178
1875600 178
1875610 178
1875620 178
1875630 178
1875640 178
1875650 178
1875660 177
1875670 177
1875680 177
1875690 177
1875700 177
1875710 177
1875720 177
1875730 177
1875740 177
1875750 177
1875760 177
1875770 177
1875780 177
1875790 177
1875800 177
1875810 176
1875820 176
1875830 176
1875840 176
1875850 176
1875860 176
1875870 176
1875880 175
1875890 175
1875900 175
1875910 175
1875920 175
1875930 175
1875940 175
1875950 175
1875960 174
1875970 174
1875980 174
1875990 174
1876000 174
1876010 174
1876020 174
1876030 174
1876040 174
1876050 174
1876060 174
1876070 174
1876080 173
1876090 173
1876100 173
1876110 173
1876120 173
1876130 173
1876140 172
1876150 172
1876160 172
1876170 172
1876180 172
1876190 172
1876200 172
1876210 172
1876220 171
1876230 171
1876240 171
1876250 171
1876260 171
1876270 171
1876280 171
1876290 171
1876300 171
1876310 171
1876320 171
1876330 171
1876340 171
1876350 171
1876360 171
1876370 171
1876380 170
1876390 170
1876400 170
1876410 170
1876420 170
1876430 170
1876440 170
1876450 170
1876460 170
1876470 170
1876480 170
1876490 170
1876500 170
1876510 170
1876520 170
1876530 170
1876540 170
1876550 170
1876560 170
1876570 170
1876580 170
1876590 170
1876600 170
1876610 170
1876620 170
1876630 170
1876640 170
1876650 169
1876660 169
1876670 169
1876680 169
1876690 169
1876700 169
1876710 169
1876720 169
1876730 169
1876740 169
1876750 169
1876760 169
1876770 169
1876780 169
1876790 169
1876800 169
1876810 169
1876820 169
1876830 169
1876840 169
1876850 169
1876860 169
1876870 168
1876880 168
1876890 168
1876900 168
1876910 168
1876920 168
1876930 168
1876940 168
1876950 168
1876960 168
1876970 168
1876980 168
1876990 168
1877000 168
1877010 168
1877020 168
1877030 168
1877040 168
1877050 168
1877060 168
1877070 168
1877080 168
1877090 168
1877100 168
1877110 168
1877120 168
1877130 168
1877140 167
1877150 168
1877160 168
1877170 167
1877180 167
1877190 167
1877200 167
1877210 167
1877220 167
1877230 167
1877240 167
1877250 167
1877260 167
1877270 167
1877280 167
1877290 167
1877300 167
1877310 168
1877320 168
1877330 168
1877340 167
1877350 167
1877360 167
1877370 167
1877380 167
1877390 167
1877400 167
1877410 167
1877420 167
1877430 167
1877440 167
1877450 167
1877460 167
1877470 168
1877480 168
1877490 168
1877500 168
1877510 168
1877520 168
1877530 168
1877540 168
1877550 168
1877560 168
1877570 168
1877580 168
1877590 168
1877600 168
1877610 168
1877620 168
1877630 168
1877640 168
1877650 168
1877660 168
1877670 168
1877680 168
1877690 168
1877700 167
1877710 167
1877720 167
1877730 167
1877740 167
1877750 167
1877760 167
1877770 167
1877780 167
1877790 167
1877800 167
1877810 167
1877820 167
1877830 167
1877840 167
1877850 167
1877860 167
1877870 167
1877880 167
1877890 167
1877900 166
1877910 167
1877920 167
1877930 167
1877940 167
1877950 167
1877960 166
1877970 166
1877980 166
1877990 166
1878000 167
1878010 167
1878020 166
1878030 167
1878040 167
1878050 166
1878060 166
1878070 166
1878080 166
1878090 166
1878100 166
1878110 166
1878120 166
1878130 166
1878140 166
1878150 166
1878160 166
1878170 166
1878180 166
1878190 166
1878200 166
1878210 166
1878220 166
1878230 166
1878240 166
1878250 166
1878260 166
1878270 166
1878280 166
1878290 166
1878300 166
1878310 166
1878320 166
1878330 166
1878340 166
1878350 166
1878360 166
1878370 166
1878380 166
1878390 166
1878400 166
1878410 166
1878420 166
1878430 166
1878440 166
1878450 166
1878460 166
1878470 166
1878480 166
1878490 166
1878500 166
1878510 166
1878520 166
1878530 166
1878540 166
1878550 166
1878560 166
1878570 166
1878580 166
1878590 166
1878600 166
1878610 167
1878620 166
1878630 166
1878640 167
1878650 167
1878660 167
1878670 167
1878680 167
1878690 167
1878700 167
1878710 167
1878720 167
1878730 167
1878740 167
1878750 167
1878760 167
1878770 167
1878780 167
1878790 167
1878800 167
1878810 167
1878820 167
1878830 167
1878840 167
1878850 167
1878860 167
1878870 167
1878880 168
1878890 168
1878900 168
1878910 168
1878920 168
1878930 168
1878940 168
1878950 168
1878960 168
1878970 168
1878980 168
1878990 168
1879000 168
1879010 168
1879020 168
1879030 168
1879040 168
1879050 168
1879060 168
1879070 168
1879080 168
1879090 168
1879100 168
1879110 168
1879120 168
1879130 168
1879140 168
1879150 168
1879160 168
1879170 168
1879180 168
1879190 168
1879200 169
1879210 168
1879220 168
1879230 168
1879240 168
1879250 168
1879260 168
1879270 168
1879280 168
1879290 168
1879300 168
1879310 168
1879320 168
1879330 168
1879340 168
1879350 168
1879360 168
1879370 168
1879380 168
1879390 168
1879400 168
1879410 168
1879420 168
1879430 168
1879440 168
1879450 168
1879460 168
1879470 168
1879480 168
1879490 168
1879500 168
1879510 168
1879520 168
1879530 167
1879540 167
1879550 167
1879560 167
1879570 167
1879580 167
1879590 166
1879600 166
1879610 166
1879620 166
1879630 166
1879640 165
1879650 165
1879660 165
1879670 165
1879680 164
1879690 164
1879700 164
1879710 164
1879720 164
1879730 163
1879740 163
1879750 163
1879760 163
1879770 162
1879780 162
1879790 162
1879800 162
1879810 162
1879820 161
1879830 161
1879840 161
1879850 161
1879860 161
1879870 161
1879880 161
1879890 161
1879900 161
1879910 160
1879920 160
1879930 160
1879940 160
1879950 160
1879960 160
1879970 160
1879980 160
1879990 160
