1860000 253
1860010 253
1860020 252
1860030 252
1860040 252
1860050 252
1860060 252
1860070 251
1860080 251
1860090 251
1860100 251
1860110 251
1860120 250
1860130 250
1860140 250
1860150 249
1860160 249
1860170 249
1860180 248
1860190 248
1860200 248
1860210 248
1860220 247
1860230 247
1860240 247
1860250 247
1860260 247
1860270 247
1860280 246
1860290 246
1860300 246
1860310 246
1860320 246
1860330 246
1860340 246
1860350 246
1860360 246
1860370 245
1860380 245
1860390 246
1860400 246
1860410 246
1860420 246
1860430 246
1860440 246
1860450 246
1860460 247
1860470 247
1860480 247
1860490 247
1860500 247
1860510 247
1860520 248
1860530 248
1860540 248
1860550 248
1860560 248
1860570 248
1860580 249
1860590 249
1860600 250
1860610 250
1860620 250
1860630 250
1860640 250
1860650 250
1860660 250
1860670 250
1860680 250
1860690 251
1860700 251
1860710 251
1860720 251
1860730 251
1860740 251
1860750 251
1860760 251
1860770 251
1860780 251
1860790 251
1860800 251
1860810 251
1860820 251
1860830 252
1860840 252
1860850 252
1860860 252
1860870 252
1860880 252
1860890 252
1860900 252
1860910 252
1860920 252
1860930 253
1860940 253
1860950 253
1860960 253
1860970 253
1860980 252
1860990 252
1861000 252
1861010 251
1861020 251
1861030 251
1861040 250
1861050 249
1861060 249
1861070 248
1861080 247
1861090 247
1861100 246
1861110 245
1861120 245
1861130 245
1861140 244
1861150 244
1861160 244
1861170 245
1861180 245
1861190 245
1861200 245
1861210 247
1861220 248
1861230 248
1861240 249
1861250 250
1861260 250
1861270 251
1861280 252
1861290 252
1861300 252
1861310 253
1861320 253
1861330 253
1861340 253
1861350 253
1861360 254
1861370 254
1861380 254
1861390 254
1861400 254
1861410 254
1861420 253
1861430 253
1861440 253
1861450 252
1861460 251
1861470 251
1861480 248
1861490 246
1861500 246
1861510 244
1861520 241
1861530 241
1861540 239
1861550 236
1861560 236
1861570 234
1861580 231
1861590 231
1861600 230
1861610 229
1861620 229
1861630 227
1861640 227
1861650 227
1861660 227
1861670 227
1861680 227
1861690 229
1861700 232
1861710 232
1861720 233
1861730 233
1861740 233
1861750 234
1861760 234
1861770 236
1861780 239
1861790 239
1861800 241
1861810 244
1861820 244
1861830 246
1861840 247
1861850 247
1861860 247
1861870 247
1861880 247
1861890 247
1861900 247
1861910 247
1861920 246
1861930 246
1861940 246
1861950 246
1861960 246
1861970 245
1861980 245
1861990 245
1862000 245
1862010 245
1862020 244
1862030 244
1862040 244
1862050 244
1862060 244
1862070 244
1862080 244
1862090 244
1862100 244
1862110 243
1862120 243
1862130 243
1862140 243
1862150 243
1862160 243
1862170 242
1862180 242
1862190 242
1862200 241
1862210 241
1862220 241
1862230 241
1862240 241
1862250 241
1862260 241
1862270 240
1862280 239
1862290 239
1862300 239
1862310 237
1862320 237
1862330 236
1862340 232
1862350 232
1862360 231
1862370 230
1862380 230
1862390 229
1862400 228
1862410 228
1862420 227
1862430 226
1862440 226
1862450 225
1862460 225
1862470 225
1862480 225
1862490 226
1862500 226
1862510 226
1862520 226
1862530 226
1862540 227
1862550 226
1862560 226
1862570 226
1862580 226
1862590 226
1862600 225
1862610 224
1862620 224
1862630 224
1862640 223
1862650 223
1862660 222
1862670 221
1862680 221
1862690 220
1862700 219
1862710 219
1862720 218
1862730 217
1862740 217
1862750 216
1862760 215
1862770 215
1862780 214
1862790 214
1862800 213
1862810 213
1862820 213
1862830 212
1862840 211
1862850 211
1862860 210
1862870 209
1862880 209
1862890 209
1862900 208
1862910 208
1862920 208
1862930 207
1862940 207
1862950 207
1862960 206
1862970 206
1862980 205
1862990 205
1863000 205
1863010 205
1863020 204
1863030 204
1863040 204
1863050 204
1863060 204
1863070 204
1863080 204
1863090 204
1863100 206
1863110 209
1863120 209
1863130 210
1863140 210
1863150 210
1863160 210
1863170 211
1863180 211
1863190 211
1863200 212
1863210 212
1863220 213
1863230 213
1863240 213
1863250 213
1863260 213
1863270 213
1863280 213
1863290 213
1863300 213
1863310 213
1863320 213
1863330 213
1863340 213
1863350 213
1863360 212
1863370 212
1863380 212
1863390 211
1863400 211
1863410 211
1863420 210
1863430 210
1863440 210
1863450 209
1863460 209
1863470 209
1863480 208
1863490 208
1863500 208
1863510 207
1863520 206
1863530 206
1863540 205
1863550 204
1863560 204
1863570 204
1863580 203
1863590 203
1863600 202
1863610 201
1863620 201
1863630 200
1863640 199
1863650 199
1863660 198
1863670 197
1863680 197
1863690 197
1863700 196
1863710 196
1863720 196
1863730 197
1863740 197
1863750 196
1863760 196
1863770 196
1863780 196
1863790 196
1863800 196
1863810 196
1863820 195
1863830 195
1863840 195
1863850 195
1863860 195
1863870 194
1863880 194
1863890 194
1863900 193
1863910 193
1863920 193
1863930 192
1863940 192
1863950 191
1863960 191
1863970 191
1863980 190
1863990 189
1864000 189
1864010 188
1864020 187
1864030 187
1864040 186
1864050 186
1864060 186
1864070 186
1864080 186
1864090 186
1864100 186
1864110 185
1864120 185
1864130 185
1864140 185
1864150 185
1864160 184
1864170 184
1864180 184
1864190 184
1864200 184
1864210 184
1864220 184
1864230 184
1864240 184
1864250 184
1864260 184
1864270 184
1864280 184
1864290 184
1864300 184
1864310 185
1864320 185
1864330 185
1864340 186
1864350 187
1864360 187
1864370 187
1864380 188
1864390 189
1864400 189
1864410 189
1864420 189
1864430 189
1864440 189
1864450 189
1864460 189
1864470 189
1864480 188
1864490 188
1864500 188
1864510 187
1864520 187
1864530 187
1864540 186
1864550 186
1864560 186
1864570 185
1864580 185
1864590 185
1864600 183
1864610 182
1864620 182
1864630 182
1864640 182
1864650 182
1864660 182
1864670 182
1864680 182
1864690 182
1864700 182
1864710 182
1864720 182
1864730 182
1864740 182
1864750 182
1864760 182
1864770 182
1864780 182
1864790 182
1864800 182
1864810 182
1864820 182
1864830 182
1864840 182
1864850 182
1864860 182
1864870 181
1864880 181
1864890 181
1864900 181
1864910 182
1864920 182
1864930 182
1864940 182
1864950 181
1864960 181
1864970 181
1864980 181
1864990 181
1865000 181
1865010 181
1865020 181
1865030 181
1865040 181
1865050 181
1865060 181
1865070 181
1865080 181
1865090 181
1865100 182
1865110 184
1865120 184
1865130 187
1865140 187
1865150 187
1865160 189
1865170 190
1865180 190
1865190 190
1865200 190
1865210 190
1865220 190
1865230 187
1865240 187
1865250 185
1865260 185
1865270 185
1865280 185
1865290 185
1865300 185
1865310 185
1865320 185
1865330 185
1865340 186
1865350 186
1865360 186
1865370 186
1865380 188
1865390 188
1865400 191
1865410 194
1865420 194
1865430 197
1865440 200
1865450 200
1865460 202
1865470 202
1865480 204
1865490 205
1865500 205
1865510 205
1865520 206
1865530 206
1865540 205
1865550 206
1865560 206
1865570 205
1865580 205
1865590 205
1865600 205
1865610 204
1865620 204
1865630 203
1865640 202
1865650 202
1865660 201
1865670 199
1865680 199
1865690 198
1865700 196
1865710 196
1865720 194
1865730 193
1865740 193
1865750 192
1865760 191
1865770 192
1865780 192
1865790 193
1865800 193
1865810 195
1865820 199
1865830 199
1865840 203
1865850 207
1865860 207
1865870 210
1865880 212
1865890 212
1865900 212
1865910 213
1865920 213
1865930 213
1865940 213
1865950 213
1865960 213
1865970 214
1865980 214
1865990 214
1866000 214
1866010 213
1866020 213
1866030 213
1866040 213
1866050 212
1866060 212
1866070 212
1866080 211
1866090 211
1866100 210
1866110 210
1866120 210
1866130 209
1866140 208
1866150 208
1866160 208
1866170 208
1866180 208
1866190 207
1866200 207
1866210 207
1866220 206
1866230 206
1866240 206
1866250 205
1866260 204
1866270 204
1866280 204
1866290 203
1866300 203
1866310 202
1866320 202
1866330 202
1866340 201
1866350 200
1866360 200
1866370 199
1866380 198
1866390 198
1866400 197
1866410 196
1866420 196
1866430 195
1866440 194
1866450 194
1866460 192
1866470 192
1866480 192
1866490 191
1866500 191
1866510 191
1866520 191
1866530 191
1866540 191
1866550 191
1866560 191
1866570 191
1866580 191
1866590 191
1866600 191
1866610 191
1866620 191
1866630 191
1866640 191
1866650 191
1866660 191
1866670 191
1866680 191
1866690 191
1866700 191
1866710 191
1866720 191
1866730 191
1866740 191
1866750 191
1866760 191
1866770 191
1866780 191
1866790 192
1866800 192
1866810 192
1866820 192
1866830 192
1866840 193
1866850 194
1866860 194
1866870 195
1866880 196
1866890 196
1866900 197
1866910 197
1866920 197
1866930 198
1866940 199
1866950 199
1866960 200
1866970 201
1866980 201
1866990 202
1867000 203
1867010 203
1867020 204
1867030 205
1867040 205
1867050 205
1867060 206
1867070 206
1867080 206
1867090 206
1867100 207
1867110 208
1867120 208
1867130 209
1867140 210
1867150 210
1867160 211
1867170 212
1867180 212
1867190 213
1867200 214
1867210 214
1867220 216
1867230 217
1867240 217
1867250 218
1867260 219
1867270 219
1867280 220
1867290 220
1867300 220
1867310 221
1867320 221
1867330 221
1867340 222
1867350 222
1867360 222
1867370 222
1867380 222
1867390 222
1867400 223
1867410 223
1867420 223
1867430 223
1867440 223
1867450 223
1867460 223
1867470 223
1867480 223
1867490 223
1867500 223
1867510 223
1867520 223
1867530 223
1867540 223
1867550 222
1867560 222
1867570 222
1867580 222
1867590 222
1867600 222
1867610 223
1867620 223
1867630 223
1867640 223
1867650 223
1867660 223
1867670 223
1867680 223
1867690 223
1867700 223
1867710 223
1867720 223
1867730 223
1867740 223
1867750 223
1867760 223
1867770 223
1867780 223
1867790 223
1867800 223
1867810 223
1867820 223
1867830 223
1867840 223
1867850 223
1867860 223
1867870 223
1867880 223
1867890 223
1867900 223
1867910 221
1867920 221
1867930 222
1867940 222
1867950 222
1867960 222
1867970 221
1867980 221
1867990 220
1868000 220
1868010 220
1868020 220
1868030 219
1868040 219
1868050 219
1868060 219
1868070 219
1868080 217
1868090 217
1868100 217
1868110 216
1868120 215
1868130 215
1868140 214
1868150 214
1868160 215
1868170 215
1868180 215
1868190 216
1868200 216
1868210 216
1868220 217
1868230 218
1868240 218
1868250 219
1868260 219
1868270 219
1868280 220
1868290 220
1868300 220
1868310 221
1868320 221
1868330 221
1868340 221
1868350 221
1868360 221
1868370 221
1868380 221
1868390 221
1868400 221
1868410 221
1868420 221
1868430 221
1868440 221
1868450 221
1868460 221
1868470 221
1868480 221
1868490 221
1868500 221
1868510 221
1868520 221
1868530 221
1868540 221
1868550 221
1868560 221
1868570 221
1868580 221
1868590 220
1868600 220
1868610 220
1868620 220
1868630 220
1868640 220
1868650 220
1868660 220
1868670 220
1868680 220
1868690 220
1868700 220
1868710 220
1868720 220
1868730 220
1868740 220
1868750 219
1868760 219
1868770 219
1868780 219
1868790 219
1868800 219
1868810 219
1868820 219
1868830 219
1868840 219
1868850 219
1868860 219
1868870 219
1868880 218
1868890 218
1868900 218
1868910 218
1868920 218
1868930 218
1868940 217
1868950 217
1868960 217
1868970 217
1868980 217
1868990 217
1869000 216
1869010 216
1869020 216
1869030 215
1869040 215
1869050 214
1869060 213
1869070 213
1869080 213
1869090 212
1869100 212
1869110 211
1869120 211
1869130 211
1869140 210
1869150 210
1869160 210
1869170 209
1869180 209
1869190 207
1869200 207
1869210 207
1869220 206
1869230 206
1869240 206
1869250 206
1869260 205
1869270 205
1869280 205
1869290 205
1869300 205
1869310 204
1869320 204
1869330 204
1869340 204
1869350 204
1869360 204
1869370 203
1869380 202
1869390 202
1869400 201
1869410 200
1869420 200
1869430 198
1869440 197
1869450 197
1869460 197
1869470 196
1869480 196
1869490 195
1869500 194
1869510 194
1869520 194
1869530 193
1869540 193
1869550 192
1869560 192
1869570 192
1869580 192
1869590 191
1869600 191
1869610 191
1869620 191
1869630 191
1869640 191
1869650 192
1869660 192
1869670 192
1869680 192
1869690 192
1869700 193
1869710 193
1869720 193
1869730 194
1869740 195
1869750 195
1869760 196
1869770 196
1869780 196
1869790 196
1869800 196
1869810 196
1869820 197
1869830 197
1869840 198
1869850 199
1869860 199
1869870 201
1869880 202
1869890 202
1869900 202
1869910 201
1869920 201
1869930 200
1869940 198
1869950 198
1869960 196
1869970 195
1869980 195
1869990 193
1870000 192
1870010 192
1870020 191
1870030 189
1870040 189
1870050 188
1870060 187
1870070 187
1870080 185
1870090 184
1870100 184
1870110 184
1870120 184
1870130 184
1870140 184
1870150 184
1870160 184
1870170 184
1870180 184
1870190 184
1870200 184
1870210 185
1870220 185
1870230 187
1870240 189
1870250 189
1870260 191
1870270 192
1870280 192
1870290 194
1870300 194
1870310 196
1870320 198
1870330 198
1870340 200
1870350 203
1870360 203
1870370 206
1870380 208
1870390 208
1870400 209
1870410 211
1870420 211
1870430 211
1870440 212
1870450 212
1870460 213
1870470 213
1870480 213
1870490 213
1870500 214
1870510 214
1870520 214
1870530 214
1870540 214
1870550 214
1870560 214
1870570 214
1870580 214
1870590 214
1870600 214
1870610 214
1870620 214
1870630 214
1870640 214
1870650 213
1870660 213
1870670 213
1870680 213
1870690 213
1870700 213
1870710 213
1870720 213
1870730 213
1870740 213
1870750 213
1870760 213
1870770 213
1870780 213
1870790 212
1870800 212
1870810 212
1870820 212
1870830 212
1870840 212
1870850 212
1870860 212
1870870 211
1870880 211
1870890 212
1870900 211
1870910 211
1870920 211
1870930 211
1870940 211
1870950 211
1870960 211
1870970 211
1870980 211
1870990 211
1871000 210
1871010 210
1871020 210
1871030 210
1871040 210
1871050 210
1871060 210
1871070 210
1871080 210
1871090 210
1871100 210
1871110 210
1871120 210
1871130 210
1871140 210
1871150 209
1871160 209
1871170 209
1871180 209
1871190 209
1871200 209
1871210 209
1871220 209
1871230 208
1871240 208
1871250 208
1871260 208
1871270 207
1871280 207
1871290 207
1871300 206
1871310 206
1871320 205
1871330 204
1871340 204
1871350 203
1871360 203
1871370 202
1871380 201
1871390 201
1871400 200
1871410 199
1871420 199
1871430 198
1871440 197
1871450 197
1871460 196
1871470 195
1871480 195
1871490 194
1871500 194
1871510 194
1871520 193
1871530 194
1871540 194
1871550 193
1871560 193
1871570 193
1871580 193
1871590 193
1871600 193
1871610 193
1871620 195
1871630 195
1871640 197
1871650 198
1871660 198
1871670 200
1871680 202
1871690 202
1871700 203
1871710 204
1871720 204
1871730 205
1871740 206
1871750 206
1871760 206
1871770 206
1871780 206
1871790 206
1871800 206
1871810 206
1871820 206
1871830 206
1871840 206
1871850 206
1871860 206
1871870 206
1871880 206
1871890 206
1871900 206
1871910 206
1871920 206
1871930 206
1871940 206
1871950 206
1871960 206
1871970 206
1871980 206
1871990 206
1872000 205
1872010 205
1872020 205
1872030 205
1872040 205
1872050 204
1872060 204
1872070 204
1872080 203
1872090 203
1872100 203
1872110 201
1872120 202
1872130 202
1872140 202
1872150 203
1872160 203
1872170 204
1872180 204
1872190 204
1872200 204
1872210 204
1872220 204
1872230 204
1872240 205
1872250 205
1872260 205
1872270 205
1872280 205
1872290 205
1872300 205
1872310 205
1872320 205
1872330 205
1872340 205
1872350 205
1872360 205
1872370 205
1872380 205
1872390 205
1872400 205
1872410 205
1872420 205
1872430 205
1872440 205
1872450 205
1872460 205
1872470 205
1872480 205
1872490 205
1872500 205
1872510 205
1872520 205
1872530 205
1872540 205
1872550 205
1872560 205
1872570 205
1872580 205
1872590 205
1872600 205
1872610 205
1872620 205
1872630 205
1872640 205
1872650 204
1872660 204
1872670 204
1872680 204
1872690 204
1872700 204
1872710 204
1872720 204
1872730 203
1872740 203
1872750 203
1872760 203
1872770 203
1872780 203
1872790 203
1872800 203
1872810 203
1872820 202
1872830 202
1872840 202
1872850 202
1872860 202
1872870 202
1872880 202
1872890 202
1872900 202
1872910 202
1872920 202
1872930 202
1872940 202
1872950 202
1872960 202
1872970 202
1872980 202
1872990 202
1873000 202
1873010 202
1873020 202
1873030 201
1873040 201
1873050 200
1873060 201
1873070 201
1873080 201
1873090 201
1873100 201
1873110 201
1873120 201
1873130 201
1873140 201
1873150 201
1873160 201
1873170 201
1873180 201
1873190 201
1873200 201
1873210 201
1873220 201
1873230 201
1873240 201
1873250 201
1873260 201
1873270 201
1873280 201
1873290 201
1873300 201
1873310 201
1873320 201
1873330 201
1873340 201
1873350 200
1873360 199
1873370 199
1873380 198
1873390 197
1873400 197
1873410 196
1873420 195
1873430 195
1873440 194
1873450 193
1873460 193
1873470 192
1873480 191
1873490 191
1873500 190
1873510 190
1873520 189
1873530 188
1873540 188
1873550 187
1873560 186
1873570 186
1873580 186
1873590 186
1873600 186
1873610 186
1873620 186
1873630 186
1873640 187
1873650 189
1873660 189
1873670 190
1873680 193
1873690 193
1873700 195
1873710 198
1873720 198
1873730 199
1873740 200
1873750 200
1873760 201
1873770 201
1873780 201
1873790 202
1873800 202
1873810 202
1873820 201
1873830 201
1873840 201
1873850 201
1873860 201
1873870 201
1873880 201
1873890 201
1873900 201
1873910 201
1873920 201
1873930 201
1873940 200
1873950 200
1873960 200
1873970 200
1873980 200
1873990 200
1874000 200
1874010 200
1874020 200
1874030 200
1874040 200
1874050 200
1874060 199
1874070 199
1874080 199
1874090 199
1874100 199
1874110 199
1874120 199
1874130 199
1874140 199
1874150 199
1874160 199
1874170 199
1874180 198
1874190 198
1874200 198
1874210 198
1874220 198
1874230 198
1874240 198
1874250 198
1874260 197
1874270 197
1874280 197
1874290 197
1874300 197
1874310 197
1874320 197
1874330 196
1874340 196
1874350 196
1874360 196
1874370 196
1874380 196
1874390 195
1874400 195
1874410 195
1874420 195
1874430 195
1874440 195
1874450 194
1874460 194
1874470 194
1874480 194
1874490 194
1874500 194
1874510 193
1874520 193
1874530 193
1874540 193
1874550 193
1874560 193
1874570 193
1874580 192
1874590 192
1874600 192
1874610 192
1874620 192
1874630 192
1874640 191
1874650 191
1874660 191
1874670 191
1874680 191
1874690 191
1874700 191
1874710 190
1874720 190
1874730 190
1874740 190
1874750 190
1874760 190
1874770 190
1874780 190
1874790 190
1874800 190
1874810 190
1874820 189
1874830 189
1874840 189
1874850 189
1874860 189
1874870 189
1874880 189
1874890 189
1874900 189
1874910 189
1874920 189
1874930 189
1874940 189
1874950 189
1874960 189
1874970 189
1874980 189
1874990 189
1875000 189
1875010 189
1875020 189
1875030 188
1875040 188
1875050 188
1875060 188
1875070 188
1875080 188
1875090 187
1875100 187
1875110 187
1875120 187
1875130 187
1875140 187
1875150 186
1875160 186
1875170 186
1875180 186
1875190 186
1875200 186
1875210 186
1875220 186
1875230 185
1875240 185
1875250 185
1875260 185
1875270 185
1875280 185
1875290 185
1875300 184
1875310 184
1875320 184
1875330 184
1875340 184
1875350 184
1875360 183
1875370 183
1875380 183
1875390 183
1875400 183
1875410 183
1875420 182
1875430 182
1875440 182
1875450 182
1875460 182
1875470 182
1875480 181
1875490 181
1875500 181
1875510 181
1875520 181
1875530 180
1875540 180
1875550 180
1875560 179
1875570 179
1875580 179
1875590 179
1875600 178
1875610 178
1875620 178
1875630 178
1875640 178
1875650 178
1875660 178
1875670 177
1875680 177
1875690 177
1875700 177
1875710 177
1875720 177
1875730 177
1875740 176
1875750 176
1875760 176
1875770 176
1875780 176
1875790 176
1875800 176
1875810 176
1875820 175
1875830 175
1875840 175
1875850 175
1875860 175
1875870 175
1875880 175
1875890 175
1875900 175
1875910 174
1875920 174
1875930 175
1875940 174
1875950 174
1875960 174
1875970 174
1875980 174
1875990 174
1876000 174
1876010 174
1876020 174
1876030 174
1876040 174
1876050 174
1876060 174
1876070 173
1876080 173
1876090 173
1876100 173
1876110 173
1876120 173
1876130 173
1876140 173
1876150 173
1876160 173
1876170 172
1876180 172
1876190 172
1876200 172
1876210 172
1876220 172
1876230 172
1876240 172
1876250 172
1876260 171
1876270 171
1876280 171
1876290 171
1876300 171
1876310 171
1876320 171
1876330 171
1876340 171
1876350 171
1876360 171
1876370 171
1876380 171
1876390 171
1876400 171
1876410 171
1876420 170
1876430 170
1876440 170
1876450 170
1876460 170
1876470 170
1876480 170
1876490 170
1876500 170
1876510 170
1876520 170
1876530 170
1876540 170
1876550 170
1876560 170
1876570 170
1876580 170
1876590 170
1876600 170
1876610 170
1876620 170
1876630 170
1876640 170
1876650 170
1876660 170
1876670 170
1876680 169
1876690 169
1876700 169
1876710 169
1876720 169
1876730 169
1876740 169
1876750 169
1876760 169
1876770 169
1876780 169
1876790 169
1876800 169
1876810 169
1876820 169
1876830 169
1876840 169
1876850 169
1876860 169
1876870 169
1876880 169
1876890 168
1876900 168
1876910 168
1876920 168
1876930 168
1876940 168
1876950 168
1876960 168
1876970 168
1876980 168
1876990 168
1877000 168
1877010 168
1877020 168
1877030 168
1877040 168
1877050 168
1877060 168
1877070 168
1877080 168
1877090 168
1877100 168
1877110 168
1877120 168
1877130 168
1877140 168
1877150 168
1877160 168
1877170 168
1877180 168
1877190 168
1877200 168
1877210 168
1877220 168
1877230 168
1877240 168
1877250 168
1877260 168
1877270 168
1877280 168
1877290 168
1877300 168
1877310 168
1877320 168
1877330 168
1877340 168
1877350 168
1877360 168
1877370 168
1877380 168
1877390 168
1877400 168
1877410 168
1877420 168
1877430 168
1877440 168
1877450 168
1877460 168
1877470 168
1877480 168
1877490 168
1877500 168
1877510 167
1877520 167
1877530 167
1877540 167
1877550 167
1877560 167
1877570 167
1877580 167
1877590 167
1877600 168
1877610 168
1877620 167
1877630 167
1877640 167
1877650 167
1877660 168
1877670 168
1877680 167
1877690 168
1877700 168
1877710 168
1877720 167
1877730 167
1877740 167
1877750 167
1877760 167
1877770 167
1877780 167
1877790 167
1877800 167
1877810 167
1877820 167
1877830 167
1877840 167
1877850 167
1877860 167
1877870 167
1877880 167
1877890 167
1877900 167
1877910 168
1877920 167
1877930 167
1877940 167
1877950 167
1877960 167
1877970 167
1877980 167
1877990 167
1878000 167
1878010 167
1878020 167
1878030 168
1878040 167
1878050 167
1878060 166
1878070 168
1878080 168
1878090 167
1878100 167
1878110 167
1878120 167
1878130 167
1878140 167
1878150 167
1878160 166
1878170 166
1878180 166
1878190 166
1878200 166
1878210 166
1878220 166
1878230 166
1878240 166
1878250 166
1878260 166
1878270 166
1878280 166
1878290 166
1878300 166
1878310 166
1878320 166
1878330 166
1878340 166
1878350 166
1878360 166
1878370 166
1878380 166
1878390 166
1878400 166
1878410 166
1878420 166
1878430 166
1878440 166
1878450 166
1878460 166
1878470 166
1878480 166
1878490 166
1878500 166
1878510 166
1878520 166
1878530 166
1878540 166
1878550 166
1878560 167
1878570 167
1878580 167
1878590 167
1878600 167
1878610 167
1878620 167
1878630 167
1878640 167
1878650 167
1878660 167
1878670 167
1878680 167
1878690 167
1878700 167
1878710 167
1878720 167
1878730 167
1878740 167
1878750 167
1878760 167
1878770 167
1878780 167
1878790 167
1878800 167
1878810 167
1878820 167
1878830 167
1878840 167
1878850 167
1878860 167
1878870 167
1878880 167
1878890 168
1878900 168
1878910 168
1878920 168
1878930 168
1878940 168
1878950 168
1878960 168
1878970 168
1878980 168
1878990 168
1879000 168
1879010 168
1879020 168
1879030 168
1879040 168
1879050 168
1879060 168
1879070 168
1879080 168
1879090 168
1879100 168
1879110 168
1879120 168
1879130 168
1879140 168
1879150 168
1879160 168
1879170 168
1879180 168
1879190 168
1879200 168
1879210 168
1879220 168
1879230 168
1879240 168
1879250 168
1879260 168
1879270 168
1879280 168
1879290 168
1879300 168
1879310 168
1879320 168
1879330 168
1879340 168
1879350 168
1879360 168
1879370 168
1879380 168
1879390 168
1879400 168
1879410 168
1879420 168
1879430 168
1879440 168
1879450 168
1879460 168
1879470 168
1879480 168
1879490 168
1879500 168
1879510 168
1879520 168
1879530 167
1879540 167
1879550 167
1879560 167
1879570 167
1879580 167
1879590 167
1879600 166
1879610 166
1879620 166
1879630 166
1879640 166
1879650 166
1879660 165
1879670 165
1879680 165
1879690 164
1879700 164
1879710 164
1879720 164
1879730 164
1879740 164
1879750 163
1879760 163
1879770 163
1879780 163
1879790 163
1879800 162
1879810 162
1879820 162
1879830 162
1879840 162
1879850 162
1879860 162
1879870 161
1879880 161
1879890 161
1879900 161
1879910 161
1879920 160
1879930 160
1879940 160
1879950 160
1879960 160
1879970 160
1879980 160
1879990 160
1860000 253
1860010 253
1860020 252
1860030 252
1860040 252
1860050 252
1860060 252
1860070 251
1860080 251
1860090 251
1860100 251
1860110 251
1860120 250
1860130 250
1860140 250
1860150 249
1860160 249
1860170 249
1860180 248
1860190 248
1860200 248
1860210 248
1860220 247
1860230 247
1860240 247
1860250 247
1860260 247
1860270 247
1860280 246
1860290 246
1860300 246
1860310 246
1860320 246
1860330 246
1860340 246
1860350 246
1860360 246
1860370 245
1860380 245
1860390 246
1860400 246
1860410 246
1860420 246
1860430 246
1860440 246
1860450 246
1860460 247
1860470 247
1860480 247
1860490 247
1860500 247
1860510 247
1860520 248
1860530 248
1860540 248
1860550 248
1860560 248
1860570 248
1860580 249
1860590 249
1860600 250
1860610 250
1860620 250
1860630 250
1860640 250
1860650 250
1860660 250
1860670 250
1860680 250
1860690 251
1860700 251
1860710 251
1860720 251
1860730 251
1860740 251
1860750 251
1860760 251
1860770 251
1860780 251
1860790 251
1860800 251
1860810 251
1860820 251
1860830 252
1860840 252
1860850 252
1860860 252
1860870 252
1860880 252
1860890 252
1860900 252
1860910 252
1860920 252
1860930 253
1860940 253
1860950 253
1860960 253
1860970 253
1860980 252
1860990 252
1861000 252
1861010 251
1861020 251
1861030 251
1861040 250
1861050 249
1861060 249
1861070 248
1861080 247
1861090 247
1861100 246
1861110 245
1861120 245
1861130 245
1861140 244
1861150 244
1861160 244
1861170 245
1861180 245
1861190 245
1861200 245
1861210 247
1861220 248
1861230 248
1861240 249
1861250 250
1861260 250
1861270 251
1861280 252
1861290 252
1861300 252
1861310 253
1861320 253
1861330 253
1861340 253
1861350 253
1861360 254
1861370 254
1861380 254
1861390 254
1861400 254
1861410 254
1861420 253
1861430 253
1861440 253
1861450 252
1861460 251
1861470 251
1861480 248
1861490 246
1861500 246
1861510 244
1861520 241
1861530 241
1861540 239
1861550 236
1861560 236
1861570 234
1861580 231
1861590 231
1861600 230
1861610 229
1861620 229
1861630 227
1861640 227
1861650 227
1861660 227
1861670 227
1861680 227
1861690 229
1861700 232
1861710 232
1861720 233
1861730 233
1861740 233
1861750 234
1861760 234
1861770 236
1861780 239
1861790 239
1861800 241
1861810 244
1861820 244
1861830 246
1861840 247
1861850 247
1861860 247
1861870 247
1861880 247
1861890 247
1861900 247
1861910 247
1861920 246
1861930 246
1861940 246
1861950 246
1861960 246
1861970 245
1861980 245
1861990 245
1862000 245
1862010 245
1862020 244
1862030 244
1862040 244
1862050 244
1862060 244
1862070 244
1862080 244
1862090 244
1862100 244
1862110 243
1862120 243
1862130 243
1862140 243
1862150 243
1862160 243
1862170 242
1862180 242
1862190 242
1862200 241
1862210 241
1862220 241
1862230 241
1862240 241
1862250 241
1862260 241
1862270 240
1862280 239
1862290 239
1862300 239
1862310 237
1862320 237
1862330 236
1862340 232
1862350 232
1862360 231
1862370 230
1862380 230
1862390 229
1862400 228
1862410 228
1862420 227
1862430 226
1862440 226
1862450 225
1862460 225
1862470 225
1862480 225
1862490 226
1862500 226
1862510 226
1862520 226
1862530 226
1862540 227
1862550 226
1862560 226
1862570 226
1862580 226
1862590 226
1862600 225
1862610 224
1862620 224
1862630 224
1862640 223
1862650 223
1862660 222
1862670 221
1862680 221
1862690 220
1862700 219
1862710 219
1862720 218
1862730 217
1862740 217
1862750 216
1862760 215
1862770 215
1862780 214
1862790 214
1862800 213
1862810 213
1862820 213
1862830 212
1862840 211
1862850 211
1862860 210
1862870 209
1862880 209
1862890 209
1862900 208
1862910 208
1862920 208
1862930 207
1862940 207
1862950 207
1862960 206
1862970 206
1862980 205
1862990 205
1863000 205
1863010 205
1863020 204
1863030 204
1863040 204
1863050 204
1863060 204
1863070 204
1863080 204
1863090 204
1863100 206
1863110 209
1863120 209
1863130 210
1863140 210
1863150 210
1863160 210
1863170 211
1863180 211
1863190 211
1863200 212
1863210 212
1863220 213
1863230 213
1863240 213
1863250 213
1863260 213
1863270 213
1863280 213
1863290 213
1863300 213
1863310 213
1863320 213
1863330 213
1863340 213
1863350 213
1863360 212
1863370 212
1863380 212
1863390 211
1863400 211
1863410 211
1863420 210
1863430 210
1863440 210
1863450 209
1863460 209
1863470 209
1863480 208
1863490 208
1863500 208
1863510 207
1863520 206
1863530 206
1863540 205
1863550 204
1863560 204
1863570 204
1863580 203
1863590 203
1863600 202
1863610 201
1863620 201
1863630 200
1863640 199
1863650 199
1863660 198
1863670 197
1863680 197
1863690 197
1863700 196
1863710 196
1863720 196
1863730 197
1863740 197
1863750 196
1863760 196
1863770 196
1863780 196
1863790 196
1863800 196
1863810 196
1863820 195
1863830 195
1863840 195
1863850 195
1863860 195
1863870 194
1863880 194
1863890 194
1863900 193
1863910 193
1863920 193
1863930 192
1863940 192
1863950 191
1863960 191
1863970 191
1863980 190
1863990 189
1864000 189
1864010 188
1864020 187
1864030 187
1864040 186
1864050 186
1864060 186
1864070 186
1864080 186
1864090 186
1864100 186
1864110 185
1864120 185
1864130 185
1864140 185
1864150 185
1864160 184
1864170 184
1864180 184
1864190 184
1864200 184
1864210 184
1864220 184
1864230 184
1864240 184
1864250 184
1864260 184
1864270 184
1864280 184
1864290 184
1864300 184
1864310 185
1864320 185
1864330 185
1864340 186
1864350 187
1864360 187
1864370 187
1864380 188
1864390 189
1864400 189
1864410 189
1864420 189
1864430 189
1864440 189
1864450 189
1864460 189
1864470 189
1864480 188
1864490 188
1864500 188
1864510 187
1864520 187
1864530 187
1864540 186
1864550 186
1864560 186
1864570 185
1864580 185
1864590 185
1864600 183
1864610 182
1864620 182
1864630 182
1864640 182
1864650 182
1864660 182
1864670 182
1864680 182
1864690 182
1864700 182
1864710 182
1864720 182
1864730 182
1864740 182
1864750 182
1864760 182
1864770 182
1864780 182
1864790 182
1864800 182
1864810 182
1864820 182
1864830 182
1864840 182
1864850 182
1864860 182
1864870 181
1864880 181
1864890 181
1864900 181
1864910 182
1864920 182
1864930 182
1864940 182
1864950 181
1864960 181
1864970 181
1864980 181
1864990 181
1865000 181
1865010 181
1865020 181
1865030 181
1865040 181
1865050 181
1865060 181
1865070 181
1865080 181
1865090 181
1865100 182
1865110 184
1865120 184
1865130 187
1865140 187
1865150 187
1865160 189
1865170 190
1865180 190
1865190 190
1865200 190
1865210 190
1865220 190
1865230 187
1865240 187
1865250 185
1865260 185
1865270 185
1865280 185
1865290 185
1865300 185
1865310 185
1865320 185
1865330 185
1865340 186
1865350 186
1865360 186
1865370 186
1865380 188
1865390 188
1865400 191
1865410 194
1865420 194
1865430 197
1865440 200
1865450 200
1865460 202
1865470 202
1865480 204
1865490 205
1865500 205
1865510 205
1865520 206
1865530 206
1865540 205
1865550 206
1865560 206
1865570 205
1865580 205
1865590 205
1865600 205
1865610 204
1865620 204
1865630 203
1865640 202
1865650 202
1865660 201
1865670 199
1865680 199
1865690 198
1865700 196
1865710 196
1865720 194
1865730 193
1865740 193
1865750 192
1865760 191
1865770 192
1865780 192
1865790 193
1865800 193
1865810 195
1865820 199
1865830 199
1865840 203
1865850 207
1865860 207
1865870 210
1865880 212
1865890 212
1865900 212
1865910 213
1865920 213
1865930 213
1865940 213
1865950 213
1865960 213
1865970 214
1865980 214
1865990 214
1866000 214
1866010 213
1866020 213
1866030 213
1866040 213
1866050 212
1866060 212
1866070 212
1866080 211
1866090 211
1866100 210
1866110 210
1866120 210
1866130 209
1866140 208
1866150 208
1866160 208
1866170 208
1866180 208
1866190 207
1866200 207
1866210 207
1866220 206
1866230 206
1866240 206
1866250 205
1866260 204
1866270 204
1866280 204
1866290 203
1866300 203
1866310 202
1866320 202
1866330 202
1866340 201
1866350 200
1866360 200
1866370 199
1866380 198
1866390 198
1866400 197
1866410 196
1866420 196
1866430 195
1866440 194
1866450 194
1866460 192
1866470 192
1866480 192
1866490 191
1866500 191
1866510 191
1866520 191
1866530 191
1866540 191
1866550 191
1866560 191
1866570 191
1866580 191
1866590 191
1866600 191
1866610 191
1866620 191
1866630 191
1866640 191
1866650 191
1866660 191
1866670 191
1866680 191
1866690 191
1866700 191
1866710 191
1866720 191
1866730 191
1866740 191
1866750 191
1866760 191
1866770 191
1866780 191
1866790 192
1866800 192
1866810 192
1866820 192
1866830 192
1866840 193
1866850 194
1866860 194
1866870 195
1866880 196
1866890 196
1866900 197
1866910 197
1866920 197
1866930 198
1866940 199
1866950 199
1866960 200
1866970 201
1866980 201
1866990 202
1867000 203
1867010 203
1867020 204
1867030 205
1867040 205
1867050 205
1867060 206
1867070 206
1867080 206
1867090 206
1867100 207
1867110 208
1867120 208
1867130 209
1867140 210
1867150 210
1867160 211
1867170 212
1867180 212
1867190 213
1867200 214
1867210 214
1867220 216
1867230 217
1867240 217
1867250 218
1867260 219
1867270 219
1867280 220
1867290 220
1867300 220
1867310 221
1867320 221
1867330 221
1867340 222
1867350 222
1867360 222
1867370 222
1867380 222
1867390 222
1867400 223
1867410 223
1867420 223
1867430 223
1867440 223
1867450 223
1867460 223
1867470 223
1867480 223
1867490 223
1867500 223
1867510 223
1867520 223
1867530 223
1867540 223
1867550 222
1867560 222
1867570 222
1867580 222
1867590 222
1867600 222
1867610 223
1867620 223
1867630 223
1867640 223
1867650 223
1867660 223
1867670 223
1867680 223
1867690 223
1867700 223
1867710 223
1867720 223
1867730 223
1867740 223
1867750 223
1867760 223
1867770 223
1867780 223
1867790 223
1867800 223
1867810 223
1867820 223
1867830 223
1867840 223
1867850 223
1867860 223
1867870 223
1867880 223
1867890 223
1867900 223
1867910 221
1867920 221
1867930 222
1867940 222
1867950 222
1867960 222
1867970 221
1867980 221
1867990 220
1868000 220
1868010 220
1868020 220
1868030 219
1868040 219
1868050 219
1868060 219
1868070 219
1868080 217
1868090 217
1868100 217
1868110 216
1868120 215
1868130 215
1868140 214
1868150 214
1868160 215
1868170 215
1868180 215
1868190 216
1868200 216
1868210 216
1868220 217
1868230 218
1868240 218
1868250 219
1868260 219
1868270 219
1868280 220
1868290 220
1868300 220
1868310 221
1868320 221
1868330 221
1868340 221
1868350 221
1868360 221
1868370 221
1868380 221
1868390 221
1868400 221
1868410 221
1868420 221
1868430 221
1868440 221
1868450 221
1868460 221
1868470 221
1868480 221
1868490 221
1868500 221
1868510 221
1868520 221
1868530 221
1868540 221
1868550 221
1868560 221
1868570 221
1868580 221
1868590 220
1868600 220
1868610 220
1868620 220
1868630 220
1868640 220
1868650 220
1868660 220
1868670 220
1868680 220
1868690 220
1868700 220
1868710 220
1868720 220
1868730 220
1868740 220
1868750 219
1868760 219
1868770 219
1868780 219
1868790 219
1868800 219
1868810 219
1868820 219
1868830 219
1868840 219
1868850 219
1868860 219
1868870 219
1868880 218
1868890 218
1868900 218
1868910 218
1868920 218
1868930 218
1868940 217
1868950 217
1868960 217
1868970 217
1868980 217
1868990 217
1869000 216
1869010 216
1869020 216
1869030 215
1869040 215
1869050 214
1869060 213
1869070 213
1869080 213
1869090 212
1869100 212
1869110 211
1869120 211
1869130 211
1869140 210
1869150 210
1869160 210
1869170 209
1869180 209
1869190 207
1869200 207
1869210 207
1869220 206
1869230 206
1869240 206
1869250 206
1869260 205
1869270 205
1869280 205
1869290 205
1869300 205
1869310 204
1869320 204
1869330 204
1869340 204
1869350 204
1869360 204
1869370 203
1869380 202
1869390 202
1869400 201
1869410 200
1869420 200
1869430 198
1869440 197
1869450 197
1869460 197
1869470 196
1869480 196
1869490 195
1869500 194
1869510 194
1869520 194
1869530 193
1869540 193
1869550 192
1869560 192
1869570 192
1869580 192
1869590 191
1869600 191
1869610 191
1869620 191
1869630 191
1869640 191
1869650 192
1869660 192
1869670 192
1869680 192
1869690 192
1869700 193
1869710 193
1869720 193
1869730 194
1869740 195
1869750 195
1869760 196
1869770 196
1869780 196
1869790 196
1869800 196
1869810 196
1869820 197
1869830 197
1869840 198
1869850 199
1869860 199
1869870 201
1869880 202
1869890 202
1869900 202
1869910 201
1869920 201
1869930 200
1869940 198
1869950 198
1869960 196
1869970 195
1869980 195
1869990 193
1870000 192
1870010 192
1870020 191
1870030 189
1870040 189
1870050 188
1870060 187
1870070 187
1870080 185
1870090 184
1870100 184
1870110 184
1870120 184
1870130 184
1870140 184
1870150 184
1870160 184
1870170 184
1870180 184
1870190 184
1870200 184
1870210 185
1870220 185
1870230 187
1870240 189
1870250 189
1870260 191
1870270 192
1870280 192
1870290 194
1870300 194
1870310 196
1870320 198
1870330 198
1870340 200
1870350 203
1870360 203
1870370 206
1870380 208
1870390 208
1870400 209
1870410 211
1870420 211
1870430 211
1870440 212
1870450 212
1870460 213
1870470 213
1870480 213
1870490 213
1870500 214
1870510 214
1870520 214
1870530 214
1870540 214
1870550 214
1870560 214
1870570 214
1870580 214
1870590 214
1870600 214
1870610 214
1870620 214
1870630 214
1870640 214
1870650 213
1870660 213
1870670 213
1870680 213
1870690 213
1870700 213
1870710 213
1870720 213
1870730 213
1870740 213
1870750 213
1870760 213
1870770 213
1870780 213
1870790 212
1870800 212
1870810 212
1870820 212
1870830 212
1870840 212
1870850 212
1870860 212
1870870 211
1870880 211
1870890 212
1870900 211
1870910 211
1870920 211
1870930 211
1870940 211
1870950 211
1870960 211
1870970 211
1870980 211
1870990 211
1871000 210
1871010 210
1871020 210
1871030 210
1871040 210
1871050 210
1871060 210
1871070 210
1871080 210
1871090 210
1871100 210
1871110 210
1871120 210
1871130 210
1871140 210
1871150 209
1871160 209
1871170 209
1871180 209
1871190 209
1871200 209
1871210 209
1871220 209
1871230 208
1871240 208
1871250 208
1871260 208
1871270 207
1871280 207
1871290 207
1871300 206
1871310 206
1871320 205
1871330 204
1871340 204
1871350 203
1871360 203
1871370 202
1871380 201
1871390 201
1871400 200
1871410 199
1871420 199
1871430 198
1871440 197
1871450 197
1871460 196
1871470 195
1871480 195
1871490 194
1871500 194
1871510 194
1871520 193
1871530 194
1871540 194
1871550 193
1871560 193
1871570 193
1871580 193
1871590 193
1871600 193
1871610 193
1871620 195
1871630 195
1871640 197
1871650 198
1871660 198
1871670 200
1871680 202
1871690 202
1871700 203
1871710 204
1871720 204
1871730 205
1871740 206
1871750 206
1871760 206
1871770 206
1871780 206
1871790 206
1871800 206
1871810 206
1871820 206
1871830 206
1871840 206
1871850 206
1871860 206
1871870 206
1871880 206
1871890 206
1871900 206
1871910 206
1871920 206
1871930 206
1871940 206
1871950 206
1871960 206
1871970 206
1871980 206
1871990 206
1872000 205
1872010 205
1872020 205
1872030 205
1872040 205
1872050 204
1872060 204
1872070 204
1872080 203
1872090 203
1872100 203
1872110 201
1872120 202
1872130 202
1872140 202
1872150 203
1872160 203
1872170 204
1872180 204
1872190 204
1872200 204
1872210 204
1872220 204
1872230 204
1872240 205
1872250 205
1872260 205
1872270 205
1872280 205
1872290 205
1872300 205
1872310 205
1872320 205
1872330 205
1872340 205
1872350 205
1872360 205
1872370 205
1872380 205
1872390 205
1872400 205
1872410 205
1872420 205
1872430 205
1872440 205
1872450 205
1872460 205
1872470 205
1872480 205
1872490 205
1872500 205
1872510 205
1872520 205
1872530 205
1872540 205
1872550 205
1872560 205
1872570 205
1872580 205
1872590 205
1872600 205
1872610 205
1872620 205
1872630 205
1872640 205
1872650 204
1872660 204
1872670 204
1872680 204
1872690 204
1872700 204
1872710 204
1872720 204
1872730 203
1872740 203
1872750 203
1872760 203
1872770 203
1872780 203
1872790 203
1872800 203
1872810 203
1872820 202
1872830 202
1872840 202
1872850 202
1872860 202
1872870 202
1872880 202
1872890 202
1872900 202
1872910 202
1872920 202
1872930 202
1872940 202
1872950 202
1872960 202
1872970 202
1872980 202
1872990 202
1873000 202
1873010 202
1873020 202
1873030 201
1873040 201
1873050 200
1873060 201
1873070 201
1873080 201
1873090 201
1873100 201
1873110 201
1873120 201
1873130 201
1873140 201
1873150 201
1873160 201
1873170 201
1873180 201
1873190 201
1873200 201
1873210 201
1873220 201
1873230 201
1873240 201
1873250 201
1873260 201
1873270 201
1873280 201
1873290 201
1873300 201
1873310 201
1873320 201
1873330 201
1873340 201
1873350 200
1873360 199
1873370 199
1873380 198
1873390 197
1873400 197
1873410 196
1873420 195
1873430 195
1873440 194
1873450 193
1873460 193
1873470 192
1873480 191
1873490 191
1873500 190
1873510 190
1873520 189
1873530 188
1873540 188
1873550 187
1873560 186
1873570 186
1873580 186
1873590 186
1873600 186
1873610 186
1873620 186
1873630 186
1873640 187
1873650 189
1873660 189
1873670 190
1873680 193
1873690 193
1873700 195
1873710 198
1873720 198
1873730 199
1873740 200
1873750 200
1873760 201
1873770 201
1873780 201
1873790 202
1873800 202
1873810 202
1873820 201
1873830 201
1873840 201
1873850 201
1873860 201
1873870 201
1873880 201
1873890 201
1873900 201
1873910 201
1873920 201
1873930 201
1873940 200
1873950 200
1873960 200
1873970 200
1873980 200
1873990 200
1874000 200
1874010 200
1874020 200
1874030 200
1874040 200
1874050 200
1874060 199
1874070 199
1874080 199
1874090 199
1874100 199
1874110 199
1874120 199
1874130 199
1874140 199
1874150 199
1874160 199
1874170 199
1874180 198
1874190 198
1874200 198
1874210 198
1874220 198
1874230 198
1874240 198
1874250 198
1874260 197
1874270 197
1874280 197
1874290 197
1874300 197
1874310 197
1874320 197
1874330 196
1874340 196
1874350 196
1874360 196
1874370 196
1874380 196
1874390 195
1874400 195
1874410 195
1874420 195
1874430 195
1874440 195
1874450 194
1874460 194
1874470 194
1874480 194
1874490 194
1874500 194
1874510 193
1874520 193
1874530 193
1874540 193
1874550 193
1874560 193
1874570 193
1874580 192
1874590 192
1874600 192
1874610 192
1874620 192
1874630 192
1874640 191
1874650 191
1874660 191
1874670 191
1874680 191
1874690 191
1874700 191
1874710 190
1874720 190
1874730 190
1874740 190
1874750 190
1874760 190
1874770 190
1874780 190
1874790 190
1874800 190
1874810 190
1874820 189
1874830 189
1874840 189
1874850 189
1874860 189
1874870 189
1874880 189
1874890 189
1874900 189
1874910 189
1874920 189
1874930 189
1874940 189
1874950 189
1874960 189
1874970 189
1874980 189
1874990 189
1875000 189
1875010 189
1875020 189
1875030 188
1875040 188
1875050 188
1875060 188
1875070 188
1875080 188
1875090 187
1875100 187
1875110 187
1875120 187
1875130 187
1875140 187
1875150 186
1875160 186
1875170 186
1875180 186
1875190 186
1875200 186
1875210 186
1875220 186
1875230 185
1875240 185
1875250 185
1875260 185
1875270 185
1875280 185
1875290 185
1875300 184
1875310 184
1875320 184
1875330 184
1875340 184
1875350 184
1875360 183
1875370 183
1875380 183
1875390 183
1875400 183
1875410 183
1875420 182
1875430 182
1875440 182
1875450 182
1875460 182
1875470 182
1875480 181
1875490 181
1875500 181
1875510 181
1875520 181
1875530 180
1875540 180
1875550 180
1875560 179
1875570 179
1875580 179
1875590 179
1875600 178
1875610 178
1875620 178
1875630 178
1875640 178
1875650 178
1875660 178
1875670 177
1875680 177
1875690 177
1875700 177
1875710 177
1875720 177
1875730 177
1875740 176
1875750 176
1875760 176
1875770 176
1875780 176
1875790 176
1875800 176
1875810 176
1875820 175
1875830 175
1875840 175
1875850 175
1875860 175
1875870 175
1875880 175
1875890 175
1875900 175
1875910 174
1875920 174
1875930 175
1875940 174
1875950 174
1875960 174
1875970 174
1875980 174
1875990 174
1876000 174
1876010 174
1876020 174
1876030 174
1876040 174
1876050 174
1876060 174
1876070 173
1876080 173
1876090 173
1876100 173
1876110 173
1876120 173
1876130 173
1876140 173
1876150 173
1876160 173
1876170 172
1876180 172
1876190 172
1876200 172
1876210 172
1876220 172
1876230 172
1876240 172
1876250 172
1876260 171
1876270 171
1876280 171
1876290 171
1876300 171
1876310 171
1876320 171
1876330 171
1876340 171
1876350 171
1876360 171
1876370 171
1876380 171
1876390 171
1876400 171
1876410 171
1876420 170
1876430 170
1876440 170
1876450 170
1876460 170
1876470 170
1876480 170
1876490 170
1876500 170
1876510 170
1876520 170
1876530 170
1876540 170
1876550 170
1876560 170
1876570 170
1876580 170
1876590 170
1876600 170
1876610 170
1876620 170
1876630 170
1876640 170
1876650 170
1876660 170
1876670 170
1876680 169
1876690 169
1876700 169
1876710 169
1876720 169
1876730 169
1876740 169
1876750 169
1876760 169
1876770 169
1876780 169
1876790 169
1876800 169
1876810 169
1876820 169
1876830 169
1876840 169
1876850 169
1876860 169
1876870 169
1876880 169
1876890 168
1876900 168
1876910 168
1876920 168
1876930 168
1876940 168
1876950 168
1876960 168
1876970 168
1876980 168
1876990 168
1877000 168
1877010 168
1877020 168
1877030 168
1877040 168
1877050 168
1877060 168
1877070 168
1877080 168
1877090 168
1877100 168
1877110 168
1877120 168
1877130 168
1877140 168
1877150 168
1877160 168
1877170 168
1877180 168
1877190 168
1877200 168
1877210 168
1877220 168
1877230 168
1877240 168
1877250 168
1877260 168
1877270 168
1877280 168
1877290 168
1877300 168
1877310 168
1877320 168
1877330 168
1877340 168
1877350 168
1877360 168
1877370 168
1877380 168
1877390 168
1877400 168
1877410 168
1877420 168
1877430 168
1877440 168
1877450 168
1877460 168
1877470 168
1877480 168
1877490 168
1877500 168
1877510 167
1877520 167
1877530 167
1877540 167
1877550 167
1877560 167
1877570 167
1877580 167
1877590 167
1877600 168
1877610 168
1877620 167
1877630 167
1877640 167
1877650 167
1877660 168
1877670 168
1877680 167
1877690 168
1877700 168
1877710 168
1877720 167
1877730 167
1877740 167
1877750 167
1877760 167
1877770 167
1877780 167
1877790 167
1877800 167
1877810 167
1877820 167
1877830 167
1877840 167
1877850 167
1877860 167
1877870 167
1877880 167
1877890 167
1877900 167
1877910 168
1877920 167
1877930 167
1877940 167
1877950 167
1877960 167
1877970 167
1877980 167
1877990 167
1878000 167
1878010 167
1878020 167
1878030 168
1878040 167
1878050 167
1878060 166
1878070 168
1878080 168
1878090 167
1878100 167
1878110 167
1878120 167
1878130 167
1878140 167
1878150 167
1878160 166
1878170 166
1878180 166
1878190 166
1878200 166
1878210 166
1878220 166
1878230 166
1878240 166
1878250 166
1878260 166
1878270 166
1878280 166
1878290 166
1878300 166
1878310 166
1878320 166
1878330 166
1878340 166
1878350 166
1878360 166
1878370 166
1878380 166
1878390 166
1878400 166
1878410 166
1878420 166
1878430 166
1878440 166
1878450 166
1878460 166
1878470 166
1878480 166
1878490 166
1878500 166
1878510 166
1878520 166
1878530 166
1878540 166
1878550 166
1878560 167
1878570 167
1878580 167
1878590 167
1878600 167
1878610 167
1878620 167
1878630 167
1878640 167
1878650 167
1878660 167
1878670 167
1878680 167
1878690 167
1878700 167
1878710 167
1878720 167
1878730 167
1878740 167
1878750 167
1878760 167
1878770 167
1878780 167
1878790 167
1878800 167
1878810 167
1878820 167
1878830 167
1878840 167
1878850 167
1878860 167
1878870 167
1878880 167
1878890 168
1878900 168
1878910 168
1878920 168
1878930 168
1878940 168
1878950 168
1878960 168
1878970 168
1878980 168
1878990 168
1879000 168
1879010 168
1879020 168
1879030 168
1879040 168
1879050 168
1879060 168
1879070 168
1879080 168
1879090 168
1879100 168
1879110 168
1879120 168
1879130 168
1879140 168
1879150 168
1879160 168
1879170 168
1879180 168
1879190 168
1879200 168
1879210 168
1879220 168
1879230 168
1879240 168
1879250 168
1879260 168
1879270 168
1879280 168
1879290 168
1879300 168
1879310 168
1879320 168
1879330 168
1879340 168
1879350 168
1879360 168
1879370 168
1879380 168
1879390 168
1879400 168
1879410 168
1879420 168
1879430 168
1879440 168
1879450 168
1879460 168
1879470 168
1879480 168
1879490 168
1879500 168
1879510 168
1879520 168
1879530 167
1879540 167
1879550 167
1879560 167
1879570 167
1879580 167
1879590 167
1879600 166
1879610 166
1879620 166
1879630 166
1879640 166
1879650 166
1879660 165
1879670 165
1879680 165
1879690 164
1879700 164
1879710 164
1879720 164
1879730 164
1879740 164
1879750 163
1879760 163
1879770 163
1879780 163
1879790 163
1879800 162
1879810 162
1879820 162
1879830 162
1879840 162
1879850 162
1879860 162
1879870 161
1879880 161
1879890 161
1879900 161
1879910 161
1879920 160
1879930 160
1879940 160
1879950 160
1879960 160
1879970 160
1879980 160
1879990 160
