1860000 252
1860010 252
1860020 252
1860030 252
1860040 251
1860050 251
1860060 251
1860070 251
1860080 250
1860090 250
1860100 250
1860110 249
1860120 249
1860130 249
1860140 248
1860150 248
1860160 247
1860170 247
1860180 247
1860190 246
1860200 246
1860210 246
1860220 245
1860230 245
1860240 245
1860250 244
1860260 244
1860270 244
1860280 243
1860290 243
1860300 243
1860310 243
1860320 242
1860330 242
1860340 242
1860350 242
1860360 242
1860370 242
1860380 242
1860390 242
1860400 242
1860410 242
1860420 242
1860430 242
1860440 242
1860450 243
1860460 243
1860470 243
1860480 244
1860490 244
1860500 244
1860510 244
1860520 244
1860530 244
1860540 245
1860550 245
1860560 245
1860570 245
1860580 245
1860590 245
1860600 245
1860610 246
1860620 246
1860630 246
1860640 246
1860650 246
1860660 246
1860670 246
1860680 246
1860690 246
1860700 246
1860710 246
1860720 246
1860730 247
1860740 247
1860750 247
1860760 247
1860770 247
1860780 246
1860790 246
1860800 247
1860810 247
1860820 248
1860830 248
1860840 248
1860850 248
1860860 248
1860870 248
1860880 248
1860890 248
1860900 248
1860910 249
1860920 249
1860930 249
1860940 249
1860950 249
1860960 249
1860970 249
1860980 248
1860990 248
1861000 248
1861010 247
1861020 246
1861030 246
1861040 245
1861050 244
1861060 244
1861070 243
1861080 242
1861090 242
1861100 241
1861110 240
1861120 240
1861130 239
1861140 240
1861150 240
1861160 240
1861170 240
1861180 240
1861190 240
1861200 242
1861210 242
1861220 243
1861230 245
1861240 245
1861250 246
1861260 247
1861270 247
1861280 248
1861290 249
1861300 249
1861310 249
1861320 250
1861330 250
1861340 250
1861350 251
1861360 251
1861370 251
1861380 251
1861390 251
1861400 251
1861410 252
1861420 252
1861430 252
1861440 252
1861450 252
1861460 252
1861470 252
1861480 252
1861490 252
1861500 252
1861510 251
1861520 249
1861530 249
1861540 248
1861550 246
1861560 246
1861570 245
1861580 244
1861590 244
1861600 243
1861610 243
1861620 243
1861630 242
1861640 240
1861650 240
1861660 239
1861670 240
1861680 240
1861690 241
1861700 244
1861710 244
1861720 246
1861730 247
1861740 247
1861750 248
1861760 249
1861770 249
1861780 249
1861790 249
1861800 249
1861810 250
1861820 249
1861830 249
1861840 249
1861850 249
1861860 249
1861870 249
1861880 248
1861890 248
1861900 248
1861910 248
1861920 248
1861930 248
1861940 248
1861950 248
1861960 247
1861970 247
1861980 247
1861990 247
1862000 247
1862010 247
1862020 247
1862030 246
1862040 246
1862050 246
1862060 246
1862070 246
1862080 246
1862090 246
1862100 245
1862110 245
1862120 245
1862130 245
1862140 245
1862150 245
1862160 245
1862170 244
1862180 244
1862190 244
1862200 244
1862210 244
1862220 244
1862230 243
1862240 243
1862250 243
1862260 243
1862270 243
1862280 242
1862290 241
1862300 241
1862310 240
1862320 240
1862330 240
1862340 238
1862350 238
1862360 238
1862370 236
1862380 234
1862390 234
1862400 232
1862410 230
1862420 230
1862430 229
1862440 227
1862450 227
1862460 226
1862470 225
1862480 225
1862490 224
1862500 223
1862510 223
1862520 223
1862530 222
1862540 222
1862550 222
1862560 221
1862570 221
1862580 221
1862590 221
1862600 221
1862610 220
1862620 220
1862630 219
1862640 218
1862650 218
1862660 218
1862670 217
1862680 217
1862690 216
1862700 215
1862710 215
1862720 214
1862730 214
1862740 214
1862750 213
1862760 212
1862770 212
1862780 211
1862790 211
1862800 211
1862810 212
1862820 212
1862830 212
1862840 212
1862850 212
1862860 212
1862870 212
1862880 211
1862890 211
1862900 210
1862910 210
1862920 210
1862930 209
1862940 210
1862950 210
1862960 211
1862970 211
1862980 211
1862990 212
1863000 213
1863010 213
1863020 213
1863030 213
1863040 213
1863050 213
1863060 212
1863070 212
1863080 212
1863090 213
1863100 213
1863110 213
1863120 213
1863130 213
1863140 214
1863150 214
1863160 214
1863170 214
1863180 214
1863190 215
1863200 215
1863210 215
1863220 214
1863230 214
1863240 214
1863250 214
1863260 214
1863270 214
1863280 214
1863290 214
1863300 214
1863310 214
1863320 213
1863330 213
1863340 213
1863350 213
1863360 213
1863370 213
1863380 212
1863390 212
1863400 212
1863410 211
1863420 211
1863430 211
1863440 210
1863450 210
1863460 209
1863470 208
1863480 208
1863490 208
1863500 207
1863510 207
1863520 206
1863530 204
1863540 204
1863550 203
1863560 202
1863570 202
1863580 202
1863590 201
1863600 201
1863610 200
1863620 200
1863630 200
1863640 200
1863650 200
1863660 200
1863670 199
1863680 199
1863690 199
1863700 199
1863710 199
1863720 198
1863730 198
1863740 198
1863750 198
1863760 197
1863770 197
1863780 197
1863790 197
1863800 197
1863810 196
1863820 195
1863830 195
1863840 195
1863850 194
1863860 194
1863870 193
1863880 192
1863890 192
1863900 192
1863910 191
1863920 192
1863930 191
1863940 190
1863950 190
1863960 189
1863970 188
1863980 188
1863990 187
1864000 186
1864010 186
1864020 186
1864030 186
1864040 186
1864050 186
1864060 186
1864070 186
1864080 186
1864090 186
1864100 186
1864110 186
1864120 186
1864130 186
1864140 186
1864150 185
1864160 185
1864170 185
1864180 185
1864190 185
1864200 185
1864210 185
1864220 184
1864230 184
1864240 184
1864250 184
1864260 184
1864270 184
1864280 184
1864290 184
1864300 184
1864310 183
1864320 183
1864330 183
1864340 183
1864350 183
1864360 183
1864370 184
1864380 184
1864390 184
1864400 184
1864410 185
1864420 185
1864430 185
1864440 185
1864450 185
1864460 185
1864470 185
1864480 185
1864490 185
1864500 184
1864510 184
1864520 184
1864530 184
1864540 184
1864550 183
1864560 182
1864570 182
1864580 182
1864590 182
1864600 182
1864610 182
1864620 182
1864630 182
1864640 182
1864650 182
1864660 182
1864670 182
1864680 182
1864690 182
1864700 182
1864710 182
1864720 182
1864730 182
1864740 182
1864750 182
1864760 182
1864770 182
1864780 182
1864790 182
1864800 182
1864810 182
1864820 182
1864830 182
1864840 182
1864850 182
1864860 182
1864870 182
1864880 182
1864890 182
1864900 182
1864910 182
1864920 182
1864930 182
1864940 181
1864950 181
1864960 181
1864970 181
1864980 181
1864990 181
1865000 181
1865010 181
1865020 181
1865030 181
1865040 181
1865050 181
1865060 181
1865070 181
1865080 181
1865090 181
1865100 181
1865110 181
1865120 181
1865130 181
1865140 181
1865150 182
1865160 182
1865170 182
1865180 181
1865190 181
1865200 181
1865210 181
1865220 181
1865230 181
1865240 181
1865250 181
1865260 181
1865270 181
1865280 181
1865290 182
1865300 182
1865310 182
1865320 183
1865330 183
1865340 183
1865350 184
1865360 184
1865370 186
1865380 189
1865390 189
1865400 192
1865410 195
1865420 195
1865430 197
1865440 199
1865450 199
1865460 200
1865470 200
1865480 200
1865490 200
1865500 199
1865510 199
1865520 199
1865530 198
1865540 198
1865550 197
1865560 196
1865570 196
1865580 195
1865590 194
1865600 194
1865610 193
1865620 192
1865630 192
1865640 193
1865650 192
1865660 192
1865670 191
1865680 190
1865690 190
1865700 189
1865710 188
1865720 188
1865730 188
1865740 188
1865750 188
1865760 189
1865770 191
1865780 191
1865790 194
1865800 194
1865810 197
1865820 201
1865830 201
1865840 204
1865850 207
1865860 207
1865870 208
1865880 209
1865890 209
1865900 209
1865910 209
1865920 209
1865930 210
1865940 210
1865950 210
1865960 210
1865970 210
1865980 211
1865990 212
1866000 212
1866010 212
1866020 212
1866030 213
1866040 213
1866050 213
1866060 212
1866070 212
1866080 212
1866090 211
1866100 211
1866110 210
1866120 210
1866130 210
1866140 209
1866150 209
1866160 209
1866170 208
1866180 208
1866190 208
1866200 207
1866210 207
1866220 207
1866230 206
1866240 206
1866250 206
1866260 205
1866270 204
1866280 204
1866290 204
1866300 203
1866310 203
1866320 203
1866330 203
1866340 202
1866350 201
1866360 201
1866370 201
1866380 200
1866390 200
1866400 199
1866410 198
1866420 198
1866430 197
1866440 196
1866450 196
1866460 195
1866470 194
1866480 194
1866490 193
1866500 192
1866510 192
1866520 191
1866530 191
1866540 191
1866550 190
1866560 190
1866570 190
1866580 190
1866590 190
1866600 190
1866610 190
1866620 190
1866630 190
1866640 190
1866650 190
1866660 190
1866670 190
1866680 190
1866690 190
1866700 190
1866710 190
1866720 190
1866730 191
1866740 191
1866750 191
1866760 191
1866770 192
1866780 192
1866790 193
1866800 193
1866810 193
1866820 194
1866830 195
1866840 195
1866850 196
1866860 197
1866870 197
1866880 198
1866890 198
1866900 199
1866910 199
1866920 199
1866930 200
1866940 201
1866950 201
1866960 201
1866970 202
1866980 202
1866990 203
1867000 204
1867010 204
1867020 205
1867030 205
1867040 205
1867050 206
1867060 207
1867070 207
1867080 208
1867090 209
1867100 209
1867110 210
1867120 211
1867130 211
1867140 212
1867150 213
1867160 213
1867170 215
1867180 216
1867190 216
1867200 217
1867210 218
1867220 218
1867230 219
1867240 220
1867250 220
1867260 220
1867270 221
1867280 221
1867290 221
1867300 221
1867310 221
1867320 222
1867330 222
1867340 222
1867350 222
1867360 222
1867370 222
1867380 223
1867390 223
1867400 223
1867410 223
1867420 223
1867430 223
1867440 223
1867450 223
1867460 223
1867470 222
1867480 222
1867490 222
1867500 222
1867510 222
1867520 222
1867530 222
1867540 222
1867550 221
1867560 220
1867570 220
1867580 219
1867590 219
1867600 219
1867610 219
1867620 219
1867630 219
1867640 220
1867650 220
1867660 220
1867670 220
1867680 221
1867690 221
1867700 222
1867710 222
1867720 222
1867730 222
1867740 222
1867750 222
1867760 222
1867770 222
1867780 222
1867790 222
1867800 222
1867810 222
1867820 222
1867830 222
1867840 222
1867850 222
1867860 222
1867870 222
1867880 222
1867890 221
1867900 221
1867910 219
1867920 220
1867930 220
1867940 220
1867950 220
1867960 220
1867970 219
1867980 219
1867990 219
1868000 219
1868010 219
1868020 219
1868030 219
1868040 219
1868050 217
1868060 216
1868070 216
1868080 215
1868090 215
1868100 215
1868110 214
1868120 213
1868130 213
1868140 212
1868150 212
1868160 212
1868170 212
1868180 213
1868190 213
1868200 214
1868210 214
1868220 214
1868230 215
1868240 216
1868250 216
1868260 217
1868270 218
1868280 218
1868290 218
1868300 219
1868310 219
1868320 219
1868330 219
1868340 219
1868350 219
1868360 220
1868370 220
1868380 220
1868390 220
1868400 220
1868410 220
1868420 220
1868430 220
1868440 220
1868450 220
1868460 220
1868470 220
1868480 220
1868490 220
1868500 220
1868510 220
1868520 220
1868530 220
1868540 220
1868550 220
1868560 220
1868570 220
1868580 220
1868590 219
1868600 219
1868610 219
1868620 219
1868630 219
1868640 219
1868650 219
1868660 219
1868670 219
1868680 218
1868690 218
1868700 218
1868710 219
1868720 219
1868730 219
1868740 218
1868750 218
1868760 218
1868770 218
1868780 218
1868790 218
1868800 218
1868810 218
1868820 218
1868830 218
1868840 218
1868850 218
1868860 217
1868870 217
1868880 217
1868890 217
1868900 217
1868910 217
1868920 217
1868930 217
1868940 217
1868950 217
1868960 217
1868970 217
1868980 217
1868990 217
1869000 216
1869010 216
1869020 216
1869030 216
1869040 216
1869050 216
1869060 215
1869070 215
1869080 215
1869090 215
1869100 215
1869110 215
1869120 214
1869130 214
1869140 214
1869150 213
1869160 213
1869170 213
1869180 213
1869190 213
1869200 213
1869210 213
1869220 213
1869230 213
1869240 212
1869250 212
1869260 212
1869270 212
1869280 212
1869290 211
1869300 211
1869310 211
1869320 211
1869330 210
1869340 210
1869350 209
1869360 209
1869370 209
1869380 207
1869390 205
1869400 205
1869410 204
1869420 203
1869430 203
1869440 201
1869450 200
1869460 200
1869470 199
1869480 198
1869490 198
1869500 197
1869510 196
1869520 196
1869530 195
1869540 195
1869550 195
1869560 194
1869570 194
1869580 193
1869590 193
1869600 193
1869610 192
1869620 192
1869630 192
1869640 191
1869650 191
1869660 191
1869670 190
1869680 190
1869690 190
1869700 190
1869710 190
1869720 190
1869730 190
1869740 190
1869750 190
1869760 190
1869770 190
1869780 190
1869790 191
1869800 191
1869810 191
1869820 191
1869830 192
1869840 192
1869850 193
1869860 194
1869870 194
1869880 195
1869890 196
1869900 196
1869910 197
1869920 197
1869930 197
1869940 197
1869950 197
1869960 197
1869970 197
1869980 196
1869990 196
1870000 195
1870010 193
1870020 193
1870030 192
1870040 190
1870050 190
1870060 188
1870070 186
1870080 186
1870090 185
1870100 185
1870110 184
1870120 184
1870130 184
1870140 184
1870150 184
1870160 184
1870170 184
1870180 184
1870190 184
1870200 184
1870210 184
1870220 184
1870230 186
1870240 187
1870250 187
1870260 188
1870270 190
1870280 190
1870290 192
1870300 195
1870310 195
1870320 195
1870330 196
1870340 196
1870350 197
1870360 200
1870370 200
1870380 202
1870390 205
1870400 205
1870410 208
1870420 209
1870430 209
1870440 210
1870450 211
1870460 211
1870470 211
1870480 212
1870490 212
1870500 212
1870510 212
1870520 212
1870530 213
1870540 213
1870550 213
1870560 213
1870570 213
1870580 213
1870590 213
1870600 213
1870610 213
1870620 212
1870630 212
1870640 212
1870650 212
1870660 212
1870670 212
1870680 212
1870690 212
1870700 212
1870710 212
1870720 212
1870730 212
1870740 212
1870750 212
1870760 212
1870770 212
1870780 212
1870790 211
1870800 211
1870810 211
1870820 211
1870830 211
1870840 211
1870850 211
1870860 211
1870870 211
1870880 210
1870890 210
1870900 210
1870910 210
1870920 210
1870930 210
1870940 210
1870950 210
1870960 210
1870970 209
1870980 209
1870990 209
1871000 209
1871010 209
1871020 209
1871030 209
1871040 209
1871050 209
1871060 209
1871070 209
1871080 209
1871090 209
1871100 209
1871110 209
1871120 209
1871130 209
1871140 209
1871150 209
1871160 209
1871170 209
1871180 209
1871190 209
1871200 209
1871210 208
1871220 208
1871230 208
1871240 208
1871250 208
1871260 208
1871270 207
1871280 207
1871290 207
1871300 207
1871310 207
1871320 207
1871330 206
1871340 206
1871350 206
1871360 205
1871370 205
1871380 204
1871390 204
1871400 204
1871410 203
1871420 202
1871430 201
1871440 200
1871450 199
1871460 199
1871470 197
1871480 196
1871490 196
1871500 195
1871510 194
1871520 194
1871530 193
1871540 192
1871550 192
1871560 191
1871570 191
1871580 191
1871590 190
1871600 191
1871610 191
1871620 191
1871630 193
1871640 193
1871650 196
1871660 200
1871670 200
1871680 200
1871690 200
1871700 201
1871710 202
1871720 202
1871730 203
1871740 204
1871750 204
1871760 204
1871770 205
1871780 205
1871790 205
1871800 206
1871810 206
1871820 206
1871830 206
1871840 206
1871850 206
1871860 206
1871870 206
1871880 205
1871890 205
1871900 205
1871910 205
1871920 205
1871930 205
1871940 205
1871950 205
1871960 205
1871970 205
1871980 205
1871990 205
1872000 205
1872010 204
1872020 204
1872030 204
1872040 204
1872050 204
1872060 203
1872070 202
1872080 202
1872090 201
1872100 198
1872110 199
1872120 196
1872130 200
1872140 200
1872150 203
1872160 202
1872170 202
1872180 201
1872190 199
1872200 199
1872210 199
1872220 199
1872230 199
1872240 200
1872250 200
1872260 201
1872270 201
1872280 201
1872290 200
1872300 199
1872310 199
1872320 199
1872330 199
1872340 199
1872350 199
1872360 199
1872370 199
1872380 199
1872390 199
1872400 199
1872410 199
1872420 199
1872430 199
1872440 199
1872450 199
1872460 199
1872470 202
1872480 202
1872490 202
1872500 203
1872510 204
1872520 204
1872530 204
1872540 205
1872550 205
1872560 204
1872570 204
1872580 204
1872590 204
1872600 204
1872610 204
1872620 204
1872630 204
1872640 204
1872650 204
1872660 204
1872670 204
1872680 203
1872690 203
1872700 203
1872710 203
1872720 203
1872730 203
1872740 203
1872750 203
1872760 203
1872770 202
1872780 202
1872790 202
1872800 202
1872810 202
1872820 202
1872830 202
1872840 202
1872850 202
1872860 202
1872870 202
1872880 201
1872890 201
1872900 201
1872910 201
1872920 201
1872930 201
1872940 201
1872950 201
1872960 201
1872970 201
1872980 201
1872990 201
1873000 201
1873010 201
1873020 201
1873030 199
1873040 200
1873050 200
1873060 201
1873070 201
1873080 201
1873090 201
1873100 201
1873110 201
1873120 201
1873130 201
1873140 201
1873150 201
1873160 201
1873170 201
1873180 200
1873190 200
1873200 200
1873210 200
1873220 200
1873230 200
1873240 200
1873250 200
1873260 200
1873270 200
1873280 200
1873290 200
1873300 200
1873310 200
1873320 200
1873330 199
1873340 199
1873350 198
1873360 197
1873370 197
1873380 196
1873390 194
1873400 194
1873410 193
1873420 191
1873430 191
1873440 190
1873450 190
1873460 190
1873470 189
1873480 188
1873490 188
1873500 187
1873510 186
1873520 186
1873530 186
1873540 185
1873550 185
1873560 185
1873570 185
1873580 185
1873590 184
1873600 185
1873610 185
1873620 185
1873630 187
1873640 187
1873650 189
1873660 192
1873670 192
1873680 194
1873690 197
1873700 197
1873710 198
1873720 199
1873730 199
1873740 200
1873750 200
1873760 200
1873770 201
1873780 201
1873790 201
1873800 201
1873810 201
1873820 201
1873830 201
1873840 201
1873850 201
1873860 201
1873870 201
1873880 201
1873890 201
1873900 201
1873910 201
1873920 201
1873930 201
1873940 201
1873950 201
1873960 201
1873970 201
1873980 201
1873990 201
1874000 200
1874010 200
1874020 200
1874030 200
1874040 200
1874050 200
1874060 200
1874070 200
1874080 200
1874090 200
1874100 200
1874110 200
1874120 199
1874130 199
1874140 199
1874150 199
1874160 199
1874170 199
1874180 199
1874190 199
1874200 199
1874210 199
1874220 198
1874230 198
1874240 198
1874250 198
1874260 198
1874270 198
1874280 198
1874290 198
1874300 197
1874310 197
1874320 197
1874330 197
1874340 197
1874350 197
1874360 197
1874370 197
1874380 196
1874390 196
1874400 196
1874410 196
1874420 196
1874430 196
1874440 195
1874450 195
1874460 195
1874470 195
1874480 195
1874490 195
1874500 194
1874510 194
1874520 194
1874530 194
1874540 193
1874550 193
1874560 193
1874570 193
1874580 193
1874590 193
1874600 192
1874610 192
1874620 192
1874630 192
1874640 192
1874650 192
1874660 191
1874670 191
1874680 191
1874690 191
1874700 191
1874710 191
1874720 190
1874730 190
1874740 190
1874750 190
1874760 190
1874770 190
1874780 190
1874790 190
1874800 190
1874810 189
1874820 189
1874830 189
1874840 189
1874850 189
1874860 189
1874870 189
1874880 189
1874890 189
1874900 189
1874910 189
1874920 189
1874930 189
1874940 189
1874950 189
1874960 189
1874970 188
1874980 188
1874990 188
1875000 188
1875010 188
1875020 188
1875030 188
1875040 188
1875050 188
1875060 188
1875070 188
1875080 188
1875090 187
1875100 187
1875110 187
1875120 187
1875130 187
1875140 187
1875150 187
1875160 186
1875170 186
1875180 186
1875190 186
1875200 186
1875210 186
1875220 185
1875230 185
1875240 185
1875250 185
1875260 185
1875270 185
1875280 185
1875290 185
1875300 184
1875310 184
1875320 184
1875330 184
1875340 184
1875350 184
1875360 183
1875370 183
1875380 183
1875390 183
1875400 183
1875410 183
1875420 183
1875430 183
1875440 182
1875450 182
1875460 182
1875470 182
1875480 182
1875490 182
1875500 181
1875510 181
1875520 181
1875530 181
1875540 180
1875550 180
1875560 180
1875570 179
1875580 179
1875590 179
1875600 179
1875610 179
1875620 179
1875630 178
1875640 178
1875650 178
1875660 178
1875670 178
1875680 178
1875690 177
1875700 177
1875710 177
1875720 177
1875730 177
1875740 177
1875750 176
1875760 176
1875770 176
1875780 176
1875790 176
1875800 176
1875810 176
1875820 176
1875830 175
1875840 175
1875850 175
1875860 175
1875870 175
1875880 175
1875890 175
1875900 174
1875910 174
1875920 174
1875930 174
1875940 174
1875950 174
1875960 174
1875970 174
1875980 174
1875990 174
1876000 174
1876010 174
1876020 174
1876030 174
1876040 173
1876050 173
1876060 173
1876070 173
1876080 173
1876090 173
1876100 173
1876110 173
1876120 173
1876130 173
1876140 173
1876150 173
1876160 172
1876170 172
1876180 172
1876190 172
1876200 172
1876210 172
1876220 172
1876230 172
1876240 172
1876250 172
1876260 172
1876270 172
1876280 172
1876290 172
1876300 172
1876310 171
1876320 171
1876330 171
1876340 171
1876350 171
1876360 171
1876370 171
1876380 171
1876390 171
1876400 171
1876410 171
1876420 171
1876430 171
1876440 171
1876450 171
1876460 171
1876470 170
1876480 170
1876490 170
1876500 170
1876510 170
1876520 170
1876530 170
1876540 170
1876550 170
1876560 170
1876570 170
1876580 170
1876590 170
1876600 170
1876610 170
1876620 170
1876630 170
1876640 170
1876650 170
1876660 170
1876670 170
1876680 170
1876690 170
1876700 170
1876710 170
1876720 170
1876730 170
1876740 170
1876750 169
1876760 169
1876770 170
1876780 170
1876790 170
1876800 169
1876810 169
1876820 169
1876830 169
1876840 169
1876850 169
1876860 169
1876870 169
1876880 169
1876890 169
1876900 169
1876910 169
1876920 169
1876930 169
1876940 169
1876950 168
1876960 169
1876970 169
1876980 169
1876990 169
1877000 169
1877010 168
1877020 168
1877030 168
1877040 168
1877050 168
1877060 168
1877070 168
1877080 168
1877090 168
1877100 168
1877110 168
1877120 168
1877130 168
1877140 168
1877150 168
1877160 168
1877170 168
1877180 168
1877190 168
1877200 168
1877210 168
1877220 168
1877230 168
1877240 168
1877250 168
1877260 168
1877270 168
1877280 168
1877290 168
1877300 168
1877310 168
1877320 168
1877330 168
1877340 168
1877350 168
1877360 168
1877370 168
1877380 168
1877390 168
1877400 168
1877410 168
1877420 168
1877430 168
1877440 168
1877450 168
1877460 168
1877470 168
1877480 168
1877490 168
1877500 168
1877510 168
1877520 167
1877530 167
1877540 167
1877550 167
1877560 167
1877570 167
1877580 167
1877590 167
1877600 167
1877610 167
1877620 167
1877630 167
1877640 167
1877650 167
1877660 167
1877670 167
1877680 167
1877690 167
1877700 167
1877710 168
1877720 168
1877730 168
1877740 167
1877750 167
1877760 167
1877770 168
1877780 168
1877790 168
1877800 167
1877810 167
1877820 167
1877830 167
1877840 167
1877850 167
1877860 167
1877870 167
1877880 167
1877890 167
1877900 168
1877910 168
1877920 168
1877930 167
1877940 167
1877950 167
1877960 167
1877970 167
1877980 167
1877990 167
1878000 167
1878010 167
1878020 167
1878030 167
1878040 167
1878050 168
1878060 168
1878070 166
1878080 166
1878090 166
1878100 168
1878110 168
1878120 167
1878130 167
1878140 167
1878150 167
1878160 167
1878170 167
1878180 167
1878190 167
1878200 167
1878210 167
1878220 167
1878230 167
1878240 167
1878250 167
1878260 167
1878270 167
1878280 167
1878290 167
1878300 167
1878310 167
1878320 167
1878330 167
1878340 166
1878350 166
1878360 166
1878370 166
1878380 166
1878390 166
1878400 166
1878410 166
1878420 166
1878430 166
1878440 166
1878450 166
1878460 166
1878470 166
1878480 166
1878490 166
1878500 166
1878510 166
1878520 166
1878530 166
1878540 166
1878550 166
1878560 166
1878570 167
1878580 167
1878590 167
1878600 167
1878610 167
1878620 167
1878630 167
1878640 167
1878650 167
1878660 167
1878670 167
1878680 167
1878690 167
1878700 167
1878710 167
1878720 167
1878730 167
1878740 167
1878750 167
1878760 167
1878770 167
1878780 167
1878790 167
1878800 167
1878810 167
1878820 167
1878830 167
1878840 167
1878850 167
1878860 168
1878870 168
1878880 168
1878890 168
1878900 168
1878910 168
1878920 168
1878930 168
1878940 168
1878950 168
1878960 168
1878970 168
1878980 168
1878990 168
1879000 168
1879010 168
1879020 168
1879030 168
1879040 168
1879050 168
1879060 168
1879070 168
1879080 168
1879090 168
1879100 168
1879110 168
1879120 168
1879130 168
1879140 168
1879150 168
1879160 168
1879170 168
1879180 168
1879190 168
1879200 168
1879210 168
1879220 168
1879230 168
1879240 168
1879250 168
1879260 168
1879270 168
1879280 168
1879290 168
1879300 168
1879310 168
1879320 168
1879330 168
1879340 168
1879350 168
1879360 168
1879370 168
1879380 168
1879390 168
1879400 168
1879410 168
1879420 167
1879430 167
1879440 167
1879450 167
1879460 167
1879470 167
1879480 168
1879490 168
1879500 168
1879510 167
1879520 167
1879530 167
1879540 167
1879550 167
1879560 167
1879570 167
1879580 167
1879590 167
1879600 166
1879610 166
1879620 166
1879630 166
1879640 165
1879650 165
1879660 165
1879670 165
1879680 165
1879690 165
1879700 165
1879710 165
1879720 164
1879730 164
1879740 164
1879750 164
1879760 164
1879770 163
1879780 163
1879790 163
1879800 163
1879810 163
1879820 163
1879830 162
1879840 162
1879850 162
1879860 161
1879870 161
1879880 161
1879890 161
1879900 161
1879910 161
1879920 161
1879930 161
1879940 161
1879950 161
1879960 160
1879970 160
1879980 160
1879990 160
1860000 252
1860010 252
1860020 252
1860030 252
1860040 251
1860050 251
1860060 251
1860070 251
1860080 250
1860090 250
1860100 250
1860110 249
1860120 249
1860130 249
1860140 248
1860150 248
1860160 247
1860170 247
1860180 247
1860190 246
1860200 246
1860210 246
1860220 245
1860230 245
1860240 245
1860250 244
1860260 244
1860270 244
1860280 243
1860290 243
1860300 243
1860310 243
1860320 242
1860330 242
1860340 242
1860350 242
1860360 242
1860370 242
1860380 242
1860390 242
1860400 242
1860410 242
1860420 242
1860430 242
1860440 242
1860450 243
1860460 243
1860470 243
1860480 244
1860490 244
1860500 244
1860510 244
1860520 244
1860530 244
1860540 245
1860550 245
1860560 245
1860570 245
1860580 245
1860590 245
1860600 245
1860610 246
1860620 246
1860630 246
1860640 246
1860650 246
1860660 246
1860670 246
1860680 246
1860690 246
1860700 246
1860710 246
1860720 246
1860730 247
1860740 247
1860750 247
1860760 247
1860770 247
1860780 246
1860790 246
1860800 247
1860810 247
1860820 248
1860830 248
1860840 248
1860850 248
1860860 248
1860870 248
1860880 248
1860890 248
1860900 248
1860910 249
1860920 249
1860930 249
1860940 249
1860950 249
1860960 249
1860970 249
1860980 248
1860990 248
1861000 248
1861010 247
1861020 246
1861030 246
1861040 245
1861050 244
1861060 244
1861070 243
1861080 242
1861090 242
1861100 241
1861110 240
1861120 240
1861130 239
1861140 240
1861150 240
1861160 240
1861170 240
1861180 240
1861190 240
1861200 242
1861210 242
1861220 243
1861230 245
1861240 245
1861250 246
1861260 247
1861270 247
1861280 248
1861290 249
1861300 249
1861310 249
1861320 250
1861330 250
1861340 250
1861350 251
1861360 251
1861370 251
1861380 251
1861390 251
1861400 251
1861410 252
1861420 252
1861430 252
1861440 252
1861450 252
1861460 252
1861470 252
1861480 252
1861490 252
1861500 252
1861510 251
1861520 249
1861530 249
1861540 248
1861550 246
1861560 246
1861570 245
1861580 244
1861590 244
1861600 243
1861610 243
1861620 243
1861630 242
1861640 240
1861650 240
1861660 239
1861670 240
1861680 240
1861690 241
1861700 244
1861710 244
1861720 246
1861730 247
1861740 247
1861750 248
1861760 249
1861770 249
1861780 249
1861790 249
1861800 249
1861810 250
1861820 249
1861830 249
1861840 249
1861850 249
1861860 249
1861870 249
1861880 248
1861890 248
1861900 248
1861910 248
1861920 248
1861930 248
1861940 248
1861950 248
1861960 247
1861970 247
1861980 247
1861990 247
1862000 247
1862010 247
1862020 247
1862030 246
1862040 246
1862050 246
1862060 246
1862070 246
1862080 246
1862090 246
1862100 245
1862110 245
1862120 245
1862130 245
1862140 245
1862150 245
1862160 245
1862170 244
1862180 244
1862190 244
1862200 244
1862210 244
1862220 244
1862230 243
1862240 243
1862250 243
1862260 243
1862270 243
1862280 242
1862290 241
1862300 241
1862310 240
1862320 240
1862330 240
1862340 238
1862350 238
1862360 238
1862370 236
1862380 234
1862390 234
1862400 232
1862410 230
1862420 230
1862430 229
1862440 227
1862450 227
1862460 226
1862470 225
1862480 225
1862490 224
1862500 223
1862510 223
1862520 223
1862530 222
1862540 222
1862550 222
1862560 221
1862570 221
1862580 221
1862590 221
1862600 221
1862610 220
1862620 220
1862630 219
1862640 218
1862650 218
1862660 218
1862670 217
1862680 217
1862690 216
1862700 215
1862710 215
1862720 214
1862730 214
1862740 214
1862750 213
1862760 212
1862770 212
1862780 211
1862790 211
1862800 211
1862810 212
1862820 212
1862830 212
1862840 212
1862850 212
1862860 212
1862870 212
1862880 211
1862890 211
1862900 210
1862910 210
1862920 210
1862930 209
1862940 210
1862950 210
1862960 211
1862970 211
1862980 211
1862990 212
1863000 213
1863010 213
1863020 213
1863030 213
1863040 213
1863050 213
1863060 212
1863070 212
1863080 212
1863090 213
1863100 213
1863110 213
1863120 213
1863130 213
1863140 214
1863150 214
1863160 214
1863170 214
1863180 214
1863190 215
1863200 215
1863210 215
1863220 214
1863230 214
1863240 214
1863250 214
1863260 214
1863270 214
1863280 214
1863290 214
1863300 214
1863310 214
1863320 213
1863330 213
1863340 213
1863350 213
1863360 213
1863370 213
1863380 212
1863390 212
1863400 212
1863410 211
1863420 211
1863430 211
1863440 210
1863450 210
1863460 209
1863470 208
1863480 208
1863490 208
1863500 207
1863510 207
1863520 206
1863530 204
1863540 204
1863550 203
1863560 202
1863570 202
1863580 202
1863590 201
1863600 201
1863610 200
1863620 200
1863630 200
1863640 200
1863650 200
1863660 200
1863670 199
1863680 199
1863690 199
1863700 199
1863710 199
1863720 198
1863730 198
1863740 198
1863750 198
1863760 197
1863770 197
1863780 197
1863790 197
1863800 197
1863810 196
1863820 195
1863830 195
1863840 195
1863850 194
1863860 194
1863870 193
1863880 192
1863890 192
1863900 192
1863910 191
1863920 192
1863930 191
1863940 190
1863950 190
1863960 189
1863970 188
1863980 188
1863990 187
1864000 186
1864010 186
1864020 186
1864030 186
1864040 186
1864050 186
1864060 186
1864070 186
1864080 186
1864090 186
1864100 186
1864110 186
1864120 186
1864130 186
1864140 186
1864150 185
1864160 185
1864170 185
1864180 185
1864190 185
1864200 185
1864210 185
1864220 184
1864230 184
1864240 184
1864250 184
1864260 184
1864270 184
1864280 184
1864290 184
1864300 184
1864310 183
1864320 183
1864330 183
1864340 183
1864350 183
1864360 183
1864370 184
1864380 184
1864390 184
1864400 184
1864410 185
1864420 185
1864430 185
1864440 185
1864450 185
1864460 185
1864470 185
1864480 185
1864490 185
1864500 184
1864510 184
1864520 184
1864530 184
1864540 184
1864550 183
1864560 182
1864570 182
1864580 182
1864590 182
1864600 182
1864610 182
1864620 182
1864630 182
1864640 182
1864650 182
1864660 182
1864670 182
1864680 182
1864690 182
1864700 182
1864710 182
1864720 182
1864730 182
1864740 182
1864750 182
1864760 182
1864770 182
1864780 182
1864790 182
1864800 182
1864810 182
1864820 182
1864830 182
1864840 182
1864850 182
1864860 182
1864870 182
1864880 182
1864890 182
1864900 182
1864910 182
1864920 182
1864930 182
1864940 181
1864950 181
1864960 181
1864970 181
1864980 181
1864990 181
1865000 181
1865010 181
1865020 181
1865030 181
1865040 181
1865050 181
1865060 181
1865070 181
1865080 181
1865090 181
1865100 181
1865110 181
1865120 181
1865130 181
1865140 181
1865150 182
1865160 182
1865170 182
1865180 181
1865190 181
1865200 181
1865210 181
1865220 181
1865230 181
1865240 181
1865250 181
1865260 181
1865270 181
1865280 181
1865290 182
1865300 182
1865310 182
1865320 183
1865330 183
1865340 183
1865350 184
1865360 184
1865370 186
1865380 189
1865390 189
1865400 192
1865410 195
1865420 195
1865430 197
1865440 199
1865450 199
1865460 200
1865470 200
1865480 200
1865490 200
1865500 199
1865510 199
1865520 199
1865530 198
1865540 198
1865550 197
1865560 196
1865570 196
1865580 195
1865590 194
1865600 194
1865610 193
1865620 192
1865630 192
1865640 193
1865650 192
1865660 192
1865670 191
1865680 190
1865690 190
1865700 189
1865710 188
1865720 188
1865730 188
1865740 188
1865750 188
1865760 189
1865770 191
1865780 191
1865790 194
1865800 194
1865810 197
1865820 201
1865830 201
1865840 204
1865850 207
1865860 207
1865870 208
1865880 209
1865890 209
1865900 209
1865910 209
1865920 209
1865930 210
1865940 210
1865950 210
1865960 210
1865970 210
1865980 211
1865990 212
1866000 212
1866010 212
1866020 212
1866030 213
1866040 213
1866050 213
1866060 212
1866070 212
1866080 212
1866090 211
1866100 211
1866110 210
1866120 210
1866130 210
1866140 209
1866150 209
1866160 209
1866170 208
1866180 208
1866190 208
1866200 207
1866210 207
1866220 207
1866230 206
1866240 206
1866250 206
1866260 205
1866270 204
1866280 204
1866290 204
1866300 203
1866310 203
1866320 203
1866330 203
1866340 202
1866350 201
1866360 201
1866370 201
1866380 200
1866390 200
1866400 199
1866410 198
1866420 198
1866430 197
1866440 196
1866450 196
1866460 195
1866470 194
1866480 194
1866490 193
1866500 192
1866510 192
1866520 191
1866530 191
1866540 191
1866550 190
1866560 190
1866570 190
1866580 190
1866590 190
1866600 190
1866610 190
1866620 190
1866630 190
1866640 190
1866650 190
1866660 190
1866670 190
1866680 190
1866690 190
1866700 190
1866710 190
1866720 190
1866730 191
1866740 191
1866750 191
1866760 191
1866770 192
1866780 192
1866790 193
1866800 193
1866810 193
1866820 194
1866830 195
1866840 195
1866850 196
1866860 197
1866870 197
1866880 198
1866890 198
1866900 199
1866910 199
1866920 199
1866930 200
1866940 201
1866950 201
1866960 201
1866970 202
1866980 202
1866990 203
1867000 204
1867010 204
1867020 205
1867030 205
1867040 205
1867050 206
1867060 207
1867070 207
1867080 208
1867090 209
1867100 209
1867110 210
1867120 211
1867130 211
1867140 212
1867150 213
1867160 213
1867170 215
1867180 216
1867190 216
1867200 217
1867210 218
1867220 218
1867230 219
1867240 220
1867250 220
1867260 220
1867270 221
1867280 221
1867290 221
1867300 221
1867310 221
1867320 222
1867330 222
1867340 222
1867350 222
1867360 222
1867370 222
1867380 223
1867390 223
1867400 223
1867410 223
1867420 223
1867430 223
1867440 223
1867450 223
1867460 223
1867470 222
1867480 222
1867490 222
1867500 222
1867510 222
1867520 222
1867530 222
1867540 222
1867550 221
1867560 220
1867570 220
1867580 219
1867590 219
1867600 219
1867610 219
1867620 219
1867630 219
1867640 220
1867650 220
1867660 220
1867670 220
1867680 221
1867690 221
1867700 222
1867710 222
1867720 222
1867730 222
1867740 222
1867750 222
1867760 222
1867770 222
1867780 222
1867790 222
1867800 222
1867810 222
1867820 222
1867830 222
1867840 222
1867850 222
1867860 222
1867870 222
1867880 222
1867890 221
1867900 221
1867910 219
1867920 220
1867930 220
1867940 220
1867950 220
1867960 220
1867970 219
1867980 219
1867990 219
1868000 219
1868010 219
1868020 219
1868030 219
1868040 219
1868050 217
1868060 216
1868070 216
1868080 215
1868090 215
1868100 215
1868110 214
1868120 213
1868130 213
1868140 212
1868150 212
1868160 212
1868170 212
1868180 213
1868190 213
1868200 214
1868210 214
1868220 214
1868230 215
1868240 216
1868250 216
1868260 217
1868270 218
1868280 218
1868290 218
1868300 219
1868310 219
1868320 219
1868330 219
1868340 219
1868350 219
1868360 220
1868370 220
1868380 220
1868390 220
1868400 220
1868410 220
1868420 220
1868430 220
1868440 220
1868450 220
1868460 220
1868470 220
1868480 220
1868490 220
1868500 220
1868510 220
1868520 220
1868530 220
1868540 220
1868550 220
1868560 220
1868570 220
1868580 220
1868590 219
1868600 219
1868610 219
1868620 219
1868630 219
1868640 219
1868650 219
1868660 219
1868670 219
1868680 218
1868690 218
1868700 218
1868710 219
1868720 219
1868730 219
1868740 218
1868750 218
1868760 218
1868770 218
1868780 218
1868790 218
1868800 218
1868810 218
1868820 218
1868830 218
1868840 218
1868850 218
1868860 217
1868870 217
1868880 217
1868890 217
1868900 217
1868910 217
1868920 217
1868930 217
1868940 217
1868950 217
1868960 217
1868970 217
1868980 217
1868990 217
1869000 216
1869010 216
1869020 216
1869030 216
1869040 216
1869050 216
1869060 215
1869070 215
1869080 215
1869090 215
1869100 215
1869110 215
1869120 214
1869130 214
1869140 214
1869150 213
1869160 213
1869170 213
1869180 213
1869190 213
1869200 213
1869210 213
1869220 213
1869230 213
1869240 212
1869250 212
1869260 212
1869270 212
1869280 212
1869290 211
1869300 211
1869310 211
1869320 211
1869330 210
1869340 210
1869350 209
1869360 209
1869370 209
1869380 207
1869390 205
1869400 205
1869410 204
1869420 203
1869430 203
1869440 201
1869450 200
1869460 200
1869470 199
1869480 198
1869490 198
1869500 197
1869510 196
1869520 196
1869530 195
1869540 195
1869550 195
1869560 194
1869570 194
1869580 193
1869590 193
1869600 193
1869610 192
1869620 192
1869630 192
1869640 191
1869650 191
1869660 191
1869670 190
1869680 190
1869690 190
1869700 190
1869710 190
1869720 190
1869730 190
1869740 190
1869750 190
1869760 190
1869770 190
1869780 190
1869790 191
1869800 191
1869810 191
1869820 191
1869830 192
1869840 192
1869850 193
1869860 194
1869870 194
1869880 195
1869890 196
1869900 196
1869910 197
1869920 197
1869930 197
1869940 197
1869950 197
1869960 197
1869970 197
1869980 196
1869990 196
1870000 195
1870010 193
1870020 193
1870030 192
1870040 190
1870050 190
1870060 188
1870070 186
1870080 186
1870090 185
1870100 185
1870110 184
1870120 184
1870130 184
1870140 184
1870150 184
1870160 184
1870170 184
1870180 184
1870190 184
1870200 184
1870210 184
1870220 184
1870230 186
1870240 187
1870250 187
1870260 188
1870270 190
1870280 190
1870290 192
1870300 195
1870310 195
1870320 195
1870330 196
1870340 196
1870350 197
1870360 200
1870370 200
1870380 202
1870390 205
1870400 205
1870410 208
1870420 209
1870430 209
1870440 210
1870450 211
1870460 211
1870470 211
1870480 212
1870490 212
1870500 212
1870510 212
1870520 212
1870530 213
1870540 213
1870550 213
1870560 213
1870570 213
1870580 213
1870590 213
1870600 213
1870610 213
1870620 212
1870630 212
1870640 212
1870650 212
1870660 212
1870670 212
1870680 212
1870690 212
1870700 212
1870710 212
1870720 212
1870730 212
1870740 212
1870750 212
1870760 212
1870770 212
1870780 212
1870790 211
1870800 211
1870810 211
1870820 211
1870830 211
1870840 211
1870850 211
1870860 211
1870870 211
1870880 210
1870890 210
1870900 210
1870910 210
1870920 210
1870930 210
1870940 210
1870950 210
1870960 210
1870970 209
1870980 209
1870990 209
1871000 209
1871010 209
1871020 209
1871030 209
1871040 209
1871050 209
1871060 209
1871070 209
1871080 209
1871090 209
1871100 209
1871110 209
1871120 209
1871130 209
1871140 209
1871150 209
1871160 209
1871170 209
1871180 209
1871190 209
1871200 209
1871210 208
1871220 208
1871230 208
1871240 208
1871250 208
1871260 208
1871270 207
1871280 207
1871290 207
1871300 207
1871310 207
1871320 207
1871330 206
1871340 206
1871350 206
1871360 205
1871370 205
1871380 204
1871390 204
1871400 204
1871410 203
1871420 202
1871430 201
1871440 200
1871450 199
1871460 199
1871470 197
1871480 196
1871490 196
1871500 195
1871510 194
1871520 194
1871530 193
1871540 192
1871550 192
1871560 191
1871570 191
1871580 191
1871590 190
1871600 191
1871610 191
1871620 191
1871630 193
1871640 193
1871650 196
1871660 200
1871670 200
1871680 200
1871690 200
1871700 201
1871710 202
1871720 202
1871730 203
1871740 204
1871750 204
1871760 204
1871770 205
1871780 205
1871790 205
1871800 206
1871810 206
1871820 206
1871830 206
1871840 206
1871850 206
1871860 206
1871870 206
1871880 205
1871890 205
1871900 205
1871910 205
1871920 205
1871930 205
1871940 205
1871950 205
1871960 205
1871970 205
1871980 205
1871990 205
1872000 205
1872010 204
1872020 204
1872030 204
1872040 204
1872050 204
1872060 203
1872070 202
1872080 202
1872090 201
1872100 198
1872110 199
1872120 196
1872130 200
1872140 200
1872150 203
1872160 202
1872170 202
1872180 201
1872190 199
1872200 199
1872210 199
1872220 199
1872230 199
1872240 200
1872250 200
1872260 201
1872270 201
1872280 201
1872290 200
1872300 199
1872310 199
1872320 199
1872330 199
1872340 199
1872350 199
1872360 199
1872370 199
1872380 199
1872390 199
1872400 199
1872410 199
1872420 199
1872430 199
1872440 199
1872450 199
1872460 199
1872470 202
1872480 202
1872490 202
1872500 203
1872510 204
1872520 204
1872530 204
1872540 205
1872550 205
1872560 204
1872570 204
1872580 204
1872590 204
1872600 204
1872610 204
1872620 204
1872630 204
1872640 204
1872650 204
1872660 204
1872670 204
1872680 203
1872690 203
1872700 203
1872710 203
1872720 203
1872730 203
1872740 203
1872750 203
1872760 203
1872770 202
1872780 202
1872790 202
1872800 202
1872810 202
1872820 202
1872830 202
1872840 202
1872850 202
1872860 202
1872870 202
1872880 201
1872890 201
1872900 201
1872910 201
1872920 201
1872930 201
1872940 201
1872950 201
1872960 201
1872970 201
1872980 201
1872990 201
1873000 201
1873010 201
1873020 201
1873030 199
1873040 200
1873050 200
1873060 201
1873070 201
1873080 201
1873090 201
1873100 201
1873110 201
1873120 201
1873130 201
1873140 201
1873150 201
1873160 201
1873170 201
1873180 200
1873190 200
1873200 200
1873210 200
1873220 200
1873230 200
1873240 200
1873250 200
1873260 200
1873270 200
1873280 200
1873290 200
1873300 200
1873310 200
1873320 200
1873330 199
1873340 199
1873350 198
1873360 197
1873370 197
1873380 196
1873390 194
1873400 194
1873410 193
1873420 191
1873430 191
1873440 190
1873450 190
1873460 190
1873470 189
1873480 188
1873490 188
1873500 187
1873510 186
1873520 186
1873530 186
1873540 185
1873550 185
1873560 185
1873570 185
1873580 185
1873590 184
1873600 185
1873610 185
1873620 185
1873630 187
1873640 187
1873650 189
1873660 192
1873670 192
1873680 194
1873690 197
1873700 197
1873710 198
1873720 199
1873730 199
1873740 200
1873750 200
1873760 200
1873770 201
1873780 201
1873790 201
1873800 201
1873810 201
1873820 201
1873830 201
1873840 201
1873850 201
1873860 201
1873870 201
1873880 201
1873890 201
1873900 201
1873910 201
1873920 201
1873930 201
1873940 201
1873950 201
1873960 201
1873970 201
1873980 201
1873990 201
1874000 200
1874010 200
1874020 200
1874030 200
1874040 200
1874050 200
1874060 200
1874070 200
1874080 200
1874090 200
1874100 200
1874110 200
1874120 199
1874130 199
1874140 199
1874150 199
1874160 199
1874170 199
1874180 199
1874190 199
1874200 199
1874210 199
1874220 198
1874230 198
1874240 198
1874250 198
1874260 198
1874270 198
1874280 198
1874290 198
1874300 197
1874310 197
1874320 197
1874330 197
1874340 197
1874350 197
1874360 197
1874370 197
1874380 196
1874390 196
1874400 196
1874410 196
1874420 196
1874430 196
1874440 195
1874450 195
1874460 195
1874470 195
1874480 195
1874490 195
1874500 194
1874510 194
1874520 194
1874530 194
1874540 193
1874550 193
1874560 193
1874570 193
1874580 193
1874590 193
1874600 192
1874610 192
1874620 192
1874630 192
1874640 192
1874650 192
1874660 191
1874670 191
1874680 191
1874690 191
1874700 191
1874710 191
1874720 190
1874730 190
1874740 190
1874750 190
1874760 190
1874770 190
1874780 190
1874790 190
1874800 190
1874810 189
1874820 189
1874830 189
1874840 189
1874850 189
1874860 189
1874870 189
1874880 189
1874890 189
1874900 189
1874910 189
1874920 189
1874930 189
1874940 189
1874950 189
1874960 189
1874970 188
1874980 188
1874990 188
1875000 188
1875010 188
1875020 188
1875030 188
1875040 188
1875050 188
1875060 188
1875070 188
1875080 188
1875090 187
1875100 187
1875110 187
1875120 187
1875130 187
1875140 187
1875150 187
1875160 186
1875170 186
1875180 186
1875190 186
1875200 186
1875210 186
1875220 185
1875230 185
1875240 185
1875250 185
1875260 185
1875270 185
1875280 185
1875290 185
1875300 184
1875310 184
1875320 184
1875330 184
1875340 184
1875350 184
1875360 183
1875370 183
1875380 183
1875390 183
1875400 183
1875410 183
1875420 183
1875430 183
1875440 182
1875450 182
1875460 182
1875470 182
1875480 182
1875490 182
1875500 181
1875510 181
1875520 181
1875530 181
1875540 180
1875550 180
1875560 180
1875570 179
1875580 179
1875590 179
1875600 179
1875610 179
1875620 179
1875630 178
1875640 178
1875650 178
1875660 178
1875670 178
1875680 178
1875690 177
1875700 177
1875710 177
1875720 177
1875730 177
1875740 177
1875750 176
1875760 176
1875770 176
1875780 176
1875790 176
1875800 176
1875810 176
1875820 176
1875830 175
1875840 175
1875850 175
1875860 175
1875870 175
1875880 175
1875890 175
1875900 174
1875910 174
1875920 174
1875930 174
1875940 174
1875950 174
1875960 174
1875970 174
1875980 174
1875990 174
1876000 174
1876010 174
1876020 174
1876030 174
1876040 173
1876050 173
1876060 173
1876070 173
1876080 173
1876090 173
1876100 173
1876110 173
1876120 173
1876130 173
1876140 173
1876150 173
1876160 172
1876170 172
1876180 172
1876190 172
1876200 172
1876210 172
1876220 172
1876230 172
1876240 172
1876250 172
1876260 172
1876270 172
1876280 172
1876290 172
1876300 172
1876310 171
1876320 171
1876330 171
1876340 171
1876350 171
1876360 171
1876370 171
1876380 171
1876390 171
1876400 171
1876410 171
1876420 171
1876430 171
1876440 171
1876450 171
1876460 171
1876470 170
1876480 170
1876490 170
1876500 170
1876510 170
1876520 170
1876530 170
1876540 170
1876550 170
1876560 170
1876570 170
1876580 170
1876590 170
1876600 170
1876610 170
1876620 170
1876630 170
1876640 170
1876650 170
1876660 170
1876670 170
1876680 170
1876690 170
1876700 170
1876710 170
1876720 170
1876730 170
1876740 170
1876750 169
1876760 169
1876770 170
1876780 170
1876790 170
1876800 169
1876810 169
1876820 169
1876830 169
1876840 169
1876850 169
1876860 169
1876870 169
1876880 169
1876890 169
1876900 169
1876910 169
1876920 169
1876930 169
1876940 169
1876950 168
1876960 169
1876970 169
1876980 169
1876990 169
1877000 169
1877010 168
1877020 168
1877030 168
1877040 168
1877050 168
1877060 168
1877070 168
1877080 168
1877090 168
1877100 168
1877110 168
1877120 168
1877130 168
1877140 168
1877150 168
1877160 168
1877170 168
1877180 168
1877190 168
1877200 168
1877210 168
1877220 168
1877230 168
1877240 168
1877250 168
1877260 168
1877270 168
1877280 168
1877290 168
1877300 168
1877310 168
1877320 168
1877330 168
1877340 168
1877350 168
1877360 168
1877370 168
1877380 168
1877390 168
1877400 168
1877410 168
1877420 168
1877430 168
1877440 168
1877450 168
1877460 168
1877470 168
1877480 168
1877490 168
1877500 168
1877510 168
1877520 167
1877530 167
1877540 167
1877550 167
1877560 167
1877570 167
1877580 167
1877590 167
1877600 167
1877610 167
1877620 167
1877630 167
1877640 167
1877650 167
1877660 167
1877670 167
1877680 167
1877690 167
1877700 167
1877710 168
1877720 168
1877730 168
1877740 167
1877750 167
1877760 167
1877770 168
1877780 168
1877790 168
1877800 167
1877810 167
1877820 167
1877830 167
1877840 167
1877850 167
1877860 167
1877870 167
1877880 167
1877890 167
1877900 168
1877910 168
1877920 168
1877930 167
1877940 167
1877950 167
1877960 167
1877970 167
1877980 167
1877990 167
1878000 167
1878010 167
1878020 167
1878030 167
1878040 167
1878050 168
1878060 168
1878070 166
1878080 166
1878090 166
1878100 168
1878110 168
1878120 167
1878130 167
1878140 167
1878150 167
1878160 167
1878170 167
1878180 167
1878190 167
1878200 167
1878210 167
1878220 167
1878230 167
1878240 167
1878250 167
1878260 167
1878270 167
1878280 167
1878290 167
1878300 167
1878310 167
1878320 167
1878330 167
1878340 166
1878350 166
1878360 166
1878370 166
1878380 166
1878390 166
1878400 166
1878410 166
1878420 166
1878430 166
1878440 166
1878450 166
1878460 166
1878470 166
1878480 166
1878490 166
1878500 166
1878510 166
1878520 166
1878530 166
1878540 166
1878550 166
1878560 166
1878570 167
1878580 167
1878590 167
1878600 167
1878610 167
1878620 167
1878630 167
1878640 167
1878650 167
1878660 167
1878670 167
1878680 167
1878690 167
1878700 167
1878710 167
1878720 167
1878730 167
1878740 167
1878750 167
1878760 167
1878770 167
1878780 167
1878790 167
1878800 167
1878810 167
1878820 167
1878830 167
1878840 167
1878850 167
1878860 168
1878870 168
1878880 168
1878890 168
1878900 168
1878910 168
1878920 168
1878930 168
1878940 168
1878950 168
1878960 168
1878970 168
1878980 168
1878990 168
1879000 168
1879010 168
1879020 168
1879030 168
1879040 168
1879050 168
1879060 168
1879070 168
1879080 168
1879090 168
1879100 168
1879110 168
1879120 168
1879130 168
1879140 168
1879150 168
1879160 168
1879170 168
1879180 168
1879190 168
1879200 168
1879210 168
1879220 168
1879230 168
1879240 168
1879250 168
1879260 168
1879270 168
1879280 168
1879290 168
1879300 168
1879310 168
1879320 168
1879330 168
1879340 168
1879350 168
1879360 168
1879370 168
1879380 168
1879390 168
1879400 168
1879410 168
1879420 167
1879430 167
1879440 167
1879450 167
1879460 167
1879470 167
1879480 168
1879490 168
1879500 168
1879510 167
1879520 167
1879530 167
1879540 167
1879550 167
1879560 167
1879570 167
1879580 167
1879590 167
1879600 166
1879610 166
1879620 166
1879630 166
1879640 165
1879650 165
1879660 165
1879670 165
1879680 165
1879690 165
1879700 165
1879710 165
1879720 164
1879730 164
1879740 164
1879750 164
1879760 164
1879770 163
1879780 163
1879790 163
1879800 163
1879810 163
1879820 163
1879830 162
1879840 162
1879850 162
1879860 161
1879870 161
1879880 161
1879890 161
1879900 161
1879910 161
1879920 161
1879930 161
1879940 161
1879950 161
1879960 160
1879970 160
1879980 160
1879990 160
