1860000 242
1860010 242
1860020 243
1860030 245
1860040 245
1860050 246
1860060 246
1860070 246
1860080 246
1860090 246
1860100 246
1860110 246
1860120 246
1860130 245
1860140 246
1860150 246
1860160 245
1860170 245
1860180 245
1860190 245
1860200 245
1860210 245
1860220 245
1860230 244
1860240 244
1860250 244
1860260 243
1860270 243
1860280 243
1860290 242
1860300 242
1860310 241
1860320 240
1860330 240
1860340 239
1860350 238
1860360 238
1860370 237
1860380 237
1860390 237
1860400 236
1860410 236
1860420 236
1860430 237
1860440 237
1860450 237
1860460 237
1860470 238
1860480 238
1860490 237
1860500 237
1860510 237
1860520 237
1860530 237
1860540 237
1860550 237
1860560 237
1860570 237
1860580 237
1860590 236
1860600 236
1860610 236
1860620 236
1860630 236
1860640 236
1860650 236
1860660 235
1860670 235
1860680 235
1860690 235
1860700 234
1860710 234
1860720 234
1860730 234
1860740 234
1860750 233
1860760 233
1860770 233
1860780 232
1860790 232
1860800 232
1860810 231
1860820 231
1860830 231
1860840 230
1860850 230
1860860 230
1860870 229
1860880 229
1860890 229
1860900 228
1860910 228
1860920 228
1860930 228
1860940 227
1860950 227
1860960 227
1860970 226
1860980 226
1860990 226
1861000 226
1861010 226
1861020 226
1861030 226
1861040 226
1861050 226
1861060 226
1861070 226
1861080 226
1861090 226
1861100 226
1861110 226
1861120 226
1861130 226
1861140 226
1861150 226
1861160 225
1861170 225
1861180 225
1861190 225
1861200 225
1861210 225
1861220 224
1861230 224
1861240 224
1861250 224
1861260 223
1861270 223
1861280 223
1861290 222
1861300 222
1861310 222
1861320 222
1861330 222
1861340 221
1861350 221
1861360 221
1861370 221
1861380 220
1861390 220
1861400 220
1861410 219
1861420 219
1861430 219
1861440 219
1861450 219
1861460 218
1861470 218
1861480 218
1861490 217
1861500 217
1861510 217
1861520 216
1861530 216
1861540 216
1861550 215
1861560 215
1861570 215
1861580 214
1861590 213
1861600 213
1861610 213
1861620 212
1861630 212
1861640 211
1861650 211
1861660 211
1861670 210
1861680 210
1861690 209
1861700 209
1861710 209
1861720 208
1861730 207
1861740 207
1861750 206
1861760 206
1861770 206
1861780 205
1861790 204
1861800 204
1861810 203
1861820 202
1861830 202
1861840 201
1861850 200
1861860 200
1861870 200
1861880 199
1861890 199
1861900 198
1861910 197
1861920 197
1861930 196
1861940 196
1861950 196
1861960 195
1861970 195
1861980 195
1861990 195
1862000 195
1862010 195
1862020 195
1862030 195
1862040 195
1862050 195
1862060 195
1862070 195
1862080 195
1862090 195
1862100 195
1862110 196
1862120 196
1862130 196
1862140 196
1862150 196
1862160 196
1862170 197
1862180 197
1862190 197
1862200 198
1862210 198
1862220 198
1862230 198
1862240 198
1862250 199
1862260 199
1862270 199
1862280 199
1862290 199
1862300 199
1862310 200
1862320 200
1862330 200
1862340 200
1862350 199
1862360 199
1862370 199
1862380 198
1862390 198
1862400 198
1862410 197
1862420 197
1862430 197
1862440 196
1862450 196
1862460 196
1862470 195
1862480 195
1862490 195
1862500 195
1862510 195
1862520 195
1862530 194
1862540 194
1862550 193
1862560 193
1862570 193
1862580 193
1862590 192
1862600 192
1862610 192
1862620 192
1862630 192
1862640 192
1862650 192
1862660 192
1862670 191
1862680 191
1862690 191
1862700 191
1862710 191
1862720 191
1862730 191
1862740 191
1862750 191
1862760 191
1862770 191
1862780 191
1862790 191
1862800 191
1862810 191
1862820 190
1862830 190
1862840 190
1862850 190
1862860 190
1862870 190
1862880 190
1862890 190
1862900 190
1862910 190
1862920 190
1862930 190
1862940 190
1862950 190
1862960 190
1862970 189
1862980 189
1862990 189
1863000 189
1863010 189
1863020 189
1863030 190
1863040 190
1863050 189
1863060 190
1863070 190
1863080 190
1863090 190
1863100 190
1863110 190
1863120 190
1863130 190
1863140 189
1863150 189
1863160 189
1863170 190
1863180 190
1863190 190
1863200 189
1863210 190
1863220 190
1863230 190
1863240 190
1863250 191
1863260 190
1863270 190
1863280 190
1863290 190
1863300 190
1863310 190
1863320 190
1863330 190
1863340 188
1863350 188
1863360 188
1863370 188
1863380 188
1863390 188
1863400 188
1863410 188
1863420 188
1863430 190
1863440 191
1863450 191
1863460 192
1863470 193
1863480 193
1863490 193
1863500 194
1863510 194
1863520 195
1863530 195
1863540 195
1863550 196
1863560 195
1863570 195
1863580 194
1863590 193
1863600 193
1863610 192
1863620 191
1863630 191
1863640 190
1863650 190
1863660 190
1863670 190
1863680 190
1863690 190
1863700 190
1863710 190
1863720 190
1863730 191
1863740 191
1863750 191
1863760 192
1863770 192
1863780 193
1863790 193
1863800 193
1863810 194
1863820 195
1863830 195
1863840 196
1863850 198
1863860 198
1863870 198
1863880 199
1863890 199
1863900 200
1863910 201
1863920 201
1863930 201
1863940 202
1863950 202
1863960 201
1863970 201
1863980 201
1863990 200
1864000 199
1864010 199
1864020 198
1864030 197
1864040 197
1864050 197
1864060 198
1864070 198
1864080 198
1864090 198
1864100 198
1864110 199
1864120 200
1864130 200
1864140 201
1864150 201
1864160 201
1864170 202
1864180 202
1864190 202
1864200 203
1864210 205
1864220 205
1864230 207
1864240 208
1864250 208
1864260 209
1864270 209
1864280 210
1864290 212
1864300 212
1864310 214
1864320 213
1864330 213
1864340 213
1864350 212
1864360 212
1864370 212
1864380 211
1864390 211
1864400 210
1864410 209
1864420 209
1864430 208
1864440 208
1864450 208
1864460 207
1864470 206
1864480 206
1864490 205
1864500 204
1864510 204
1864520 203
1864530 202
1864540 202
1864550 201
1864560 200
1864570 200
1864580 199
1864590 198
1864600 198
1864610 197
1864620 196
1864630 196
1864640 196
1864650 195
1864660 195
1864670 194
1864680 193
1864690 193
1864700 193
1864710 193
1864720 193
1864730 192
1864740 192
1864750 192
1864760 192
1864770 192
1864780 192
1864790 191
1864800 191
1864810 191
1864820 191
1864830 191
1864840 191
1864850 191
1864860 191
1864870 191
1864880 191
1864890 191
1864900 191
1864910 191
1864920 191
1864930 192
1864940 193
1864950 193
1864960 193
1864970 194
1864980 194
1864990 195
1865000 196
1865010 196
1865020 197
1865030 197
1865040 197
1865050 197
1865060 197
1865070 197
1865080 197
1865090 197
1865100 197
1865110 196
1865120 195
1865130 195
1865140 193
1865150 193
1865160 193
1865170 193
1865180 194
1865190 194
1865200 194
1865210 194
1865220 194
1865230 194
1865240 193
1865250 193
1865260 193
1865270 193
1865280 193
1865290 193
1865300 193
1865310 193
1865320 193
1865330 193
1865340 193
1865350 193
1865360 193
1865370 194
1865380 195
1865390 195
1865400 195
1865410 196
1865420 196
1865430 197
1865440 199
1865450 199
1865460 200
1865470 202
1865480 202
1865490 204
1865500 206
1865510 206
1865520 208
1865530 210
1865540 210
1865550 212
1865560 214
1865570 214
1865580 215
1865590 217
1865600 217
1865610 218
1865620 220
1865630 220
1865640 221
1865650 223
1865660 223
1865670 224
1865680 225
1865690 225
1865700 225
1865710 227
1865720 227
1865730 227
1865740 228
1865750 228
1865760 228
1865770 229
1865780 229
1865790 229
1865800 229
1865810 229
1865820 229
1865830 229
1865840 229
1865850 228
1865860 228
1865870 227
1865880 226
1865890 226
1865900 225
1865910 224
1865920 224
1865930 223
1865940 222
1865950 222
1865960 221
1865970 221
1865980 221
1865990 220
1866000 220
1866010 220
1866020 220
1866030 221
1866040 221
1866050 221
1866060 221
1866070 221
1866080 222
1866090 222
1866100 222
1866110 223
1866120 224
1866130 224
1866140 225
1866150 225
1866160 225
1866170 226
1866180 227
1866190 227
1866200 227
1866210 228
1866220 228
1866230 229
1866240 230
1866250 230
1866260 230
1866270 231
1866280 231
1866290 231
1866300 231
1866310 231
1866320 232
1866330 232
1866340 232
1866350 232
1866360 232
1866370 232
1866380 232
1866390 232
1866400 232
1866410 232
1866420 232
1866430 232
1866440 233
1866450 233
1866460 233
1866470 234
1866480 234
1866490 235
1866500 235
1866510 235
1866520 236
1866530 237
1866540 237
1866550 238
1866560 238
1866570 238
1866580 239
1866590 239
1866600 239
1866610 240
1866620 241
1866630 241
1866640 241
1866650 242
1866660 242
1873920 184
1873940 184
1873950 184
1873960 184
1873970 184
1873980 184
1873990 184
1874000 184
1874010 184
1874020 184
1874030 184
1874040 184
1874050 184
1874060 184
1874070 183
1874080 183
1874090 183
1874100 183
1874110 183
1874120 183
1874130 183
1874140 183
1874150 183
1878130 165
1878140 165
1878150 165
1878160 164
1878170 164
1878180 163
1878190 161
1878200 161
1878210 159
1878220 157
1878230 157
1878240 156
1878250 156
1878260 156
1878270 156
1878280 156
1878290 156
1878300 156
1878310 156
1878320 156
1878330 156
1878340 156
1878350 156
1878360 155
1878370 155
1878380 155
1878390 155
1878400 155
1878410 155
1878420 155
1878430 155
1878440 155
1878450 156
1878460 156
1878470 156
1878480 156
1878490 156
1878500 155
1878510 155
1878520 155
1878530 155
1878540 155
1878550 155
1878560 155
1878570 155
1878580 155
1878590 155
1878600 155
1878610 155
1878620 155
1878630 155
1878640 155
1878650 155
1878660 155
1878670 155
1878680 156
1878690 156
1878700 156
1878710 156
1878720 156
1878730 156
1878740 156
1878750 156
1878760 156
1878770 156
1878780 156
1878790 156
1878800 156
1878810 156
1878820 156
1878830 156
1878840 156
1878850 156
1878860 156
1878870 156
1878880 156
1878890 156
1878900 156
1878910 156
1878920 156
1878930 156
1878940 156
1878950 156
1878960 156
1878970 156
1878980 156
1878990 156
1879000 156
1879010 156
1879020 156
1879030 156
1879040 156
1879050 156
1879060 156
1879070 156
1879080 156
1879090 155
1879100 155
1879110 155
1879120 155
1879130 155
1879140 155
1879150 155
1879160 155
1879170 155
1879180 155
1879190 155
1879200 155
1879210 156
1879220 156
1879230 156
1879240 156
1879250 156
1879260 156
1879270 156
1879280 155
1879290 155
1879300 155
1879310 154
1879320 154
1879330 155
1879340 155
1879350 155
1879360 155
1879370 155
1879380 155
1879390 155
1879400 155
1879410 155
1879420 155
1879430 155
1879440 155
1879450 155
1879460 155
1879470 155
1879480 155
1879490 155
1879500 154
1879510 154
1879520 154
1879530 155
1879540 155
1879550 155
1879560 155
1879570 155
1879580 155
1879590 155
1879600 155
1879610 155
1879620 155
1879630 155
1879640 155
1879650 155
1879660 155
1879670 155
1879680 155
1879690 155
1879700 155
1879710 155
1879720 157
1879730 157
1879740 157
1879750 156
1879760 156
1879770 155
1879780 155
1879790 155
1879800 155
1879810 155
1879820 155
1879830 155
1879840 155
1879850 155
1879860 155
1879870 154
1879880 154
1879890 154
1879900 154
1879910 154
1879920 154
1879930 154
1879940 154
1879950 154
1879960 155
1879970 155
1879980 155
1879990 155
1860000 242
1860010 242
1860020 243
1860030 245
1860040 245
1860050 246
1860060 246
1860070 246
1860080 246
1860090 246
1860100 246
1860110 246
1860120 246
1860130 245
1860140 246
1860150 246
1860160 245
1860170 245
1860180 245
1860190 245
1860200 245
1860210 245
1860220 245
1860230 244
1860240 244
1860250 244
1860260 243
1860270 243
1860280 243
1860290 242
1860300 242
1860310 241
1860320 240
1860330 240
1860340 239
1860350 238
1860360 238
1860370 237
1860380 237
1860390 237
1860400 236
1860410 236
1860420 236
1860430 237
1860440 237
1860450 237
1860460 237
1860470 238
1860480 238
1860490 237
1860500 237
1860510 237
1860520 237
1860530 237
1860540 237
1860550 237
1860560 237
1860570 237
1860580 237
1860590 236
1860600 236
1860610 236
1860620 236
1860630 236
1860640 236
1860650 236
1860660 235
1860670 235
1860680 235
1860690 235
1860700 234
1860710 234
1860720 234
1860730 234
1860740 234
1860750 233
1860760 233
1860770 233
1860780 232
1860790 232
1860800 232
1860810 231
1860820 231
1860830 231
1860840 230
1860850 230
1860860 230
1860870 229
1860880 229
1860890 229
1860900 228
1860910 228
1860920 228
1860930 228
1860940 227
1860950 227
1860960 227
1860970 226
1860980 226
1860990 226
1861000 226
1861010 226
1861020 226
1861030 226
1861040 226
1861050 226
1861060 226
1861070 226
1861080 226
1861090 226
1861100 226
1861110 226
1861120 226
1861130 226
1861140 226
1861150 226
1861160 225
1861170 225
1861180 225
1861190 225
1861200 225
1861210 225
1861220 224
1861230 224
1861240 224
1861250 224
1861260 223
1861270 223
1861280 223
1861290 222
1861300 222
1861310 222
1861320 222
1861330 222
1861340 221
1861350 221
1861360 221
1861370 221
1861380 220
1861390 220
1861400 220
1861410 219
1861420 219
1861430 219
1861440 219
1861450 219
1861460 218
1861470 218
1861480 218
1861490 217
1861500 217
1861510 217
1861520 216
1861530 216
1861540 216
1861550 215
1861560 215
1861570 215
1861580 214
1861590 213
1861600 213
1861610 213
1861620 212
1861630 212
1861640 211
1861650 211
1861660 211
1861670 210
1861680 210
1861690 209
1861700 209
1861710 209
1861720 208
1861730 207
1861740 207
1861750 206
1861760 206
1861770 206
1861780 205
1861790 204
1861800 204
1861810 203
1861820 202
1861830 202
1861840 201
1861850 200
1861860 200
1861870 200
1861880 199
1861890 199
1861900 198
1861910 197
1861920 197
1861930 196
1861940 196
1861950 196
1861960 195
1861970 195
1861980 195
1861990 195
1862000 195
1862010 195
1862020 195
1862030 195
1862040 195
1862050 195
1862060 195
1862070 195
1862080 195
1862090 195
1862100 195
1862110 196
1862120 196
1862130 196
1862140 196
1862150 196
1862160 196
1862170 197
1862180 197
1862190 197
1862200 198
1862210 198
1862220 198
1862230 198
1862240 198
1862250 199
1862260 199
1862270 199
1862280 199
1862290 199
1862300 199
1862310 200
1862320 200
1862330 200
1862340 200
1862350 199
1862360 199
1862370 199
1862380 198
1862390 198
1862400 198
1862410 197
1862420 197
1862430 197
1862440 196
1862450 196
1862460 196
1862470 195
1862480 195
1862490 195
1862500 195
1862510 195
1862520 195
1862530 194
1862540 194
1862550 193
1862560 193
1862570 193
1862580 193
1862590 192
1862600 192
1862610 192
1862620 192
1862630 192
1862640 192
1862650 192
1862660 192
1862670 191
1862680 191
1862690 191
1862700 191
1862710 191
1862720 191
1862730 191
1862740 191
1862750 191
1862760 191
1862770 191
1862780 191
1862790 191
1862800 191
1862810 191
1862820 190
1862830 190
1862840 190
1862850 190
1862860 190
1862870 190
1862880 190
1862890 190
1862900 190
1862910 190
1862920 190
1862930 190
1862940 190
1862950 190
1862960 190
1862970 189
1862980 189
1862990 189
1863000 189
1863010 189
1863020 189
1863030 190
1863040 190
1863050 189
1863060 190
1863070 190
1863080 190
1863090 190
1863100 190
1863110 190
1863120 190
1863130 190
1863140 189
1863150 189
1863160 189
1863170 190
1863180 190
1863190 190
1863200 189
1863210 190
1863220 190
1863230 190
1863240 190
1863250 191
1863260 190
1863270 190
1863280 190
1863290 190
1863300 190
1863310 190
1863320 190
1863330 190
1863340 188
1863350 188
1863360 188
1863370 188
1863380 188
1863390 188
1863400 188
1863410 188
1863420 188
1863430 190
1863440 191
1863450 191
1863460 192
1863470 193
1863480 193
1863490 193
1863500 194
1863510 194
1863520 195
1863530 195
1863540 195
1863550 196
1863560 195
1863570 195
1863580 194
1863590 193
1863600 193
1863610 192
1863620 191
1863630 191
1863640 190
1863650 190
1863660 190
1863670 190
1863680 190
1863690 190
1863700 190
1863710 190
1863720 190
1863730 191
1863740 191
1863750 191
1863760 192
1863770 192
1863780 193
1863790 193
1863800 193
1863810 194
1863820 195
1863830 195
1863840 196
1863850 198
1863860 198
1863870 198
1863880 199
1863890 199
1863900 200
1863910 201
1863920 201
1863930 201
1863940 202
1863950 202
1863960 201
1863970 201
1863980 201
1863990 200
1864000 199
1864010 199
1864020 198
1864030 197
1864040 197
1864050 197
1864060 198
1864070 198
1864080 198
1864090 198
1864100 198
1864110 199
1864120 200
1864130 200
1864140 201
1864150 201
1864160 201
1864170 202
1864180 202
1864190 202
1864200 203
1864210 205
1864220 205
1864230 207
1864240 208
1864250 208
1864260 209
1864270 209
1864280 210
1864290 212
1864300 212
1864310 214
1864320 213
1864330 213
1864340 213
1864350 212
1864360 212
1864370 212
1864380 211
1864390 211
1864400 210
1864410 209
1864420 209
1864430 208
1864440 208
1864450 208
1864460 207
1864470 206
1864480 206
1864490 205
1864500 204
1864510 204
1864520 203
1864530 202
1864540 202
1864550 201
1864560 200
1864570 200
1864580 199
1864590 198
1864600 198
1864610 197
1864620 196
1864630 196
1864640 196
1864650 195
1864660 195
1864670 194
1864680 193
1864690 193
1864700 193
1864710 193
1864720 193
1864730 192
1864740 192
1864750 192
1864760 192
1864770 192
1864780 192
1864790 191
1864800 191
1864810 191
1864820 191
1864830 191
1864840 191
1864850 191
1864860 191
1864870 191
1864880 191
1864890 191
1864900 191
1864910 191
1864920 191
1864930 192
1864940 193
1864950 193
1864960 193
1864970 194
1864980 194
1864990 195
1865000 196
1865010 196
1865020 197
1865030 197
1865040 197
1865050 197
1865060 197
1865070 197
1865080 197
1865090 197
1865100 197
1865110 196
1865120 195
1865130 195
1865140 193
1865150 193
1865160 193
1865170 193
1865180 194
1865190 194
1865200 194
1865210 194
1865220 194
1865230 194
1865240 193
1865250 193
1865260 193
1865270 193
1865280 193
1865290 193
1865300 193
1865310 193
1865320 193
1865330 193
1865340 193
1865350 193
1865360 193
1865370 194
1865380 195
1865390 195
1865400 195
1865410 196
1865420 196
1865430 197
1865440 199
1865450 199
1865460 200
1865470 202
1865480 202
1865490 204
1865500 206
1865510 206
1865520 208
1865530 210
1865540 210
1865550 212
1865560 214
1865570 214
1865580 215
1865590 217
1865600 217
1865610 218
1865620 220
1865630 220
1865640 221
1865650 223
1865660 223
1865670 224
1865680 225
1865690 225
1865700 225
1865710 227
1865720 227
1865730 227
1865740 228
1865750 228
1865760 228
1865770 229
1865780 229
1865790 229
1865800 229
1865810 229
1865820 229
1865830 229
1865840 229
1865850 228
1865860 228
1865870 227
1865880 226
1865890 226
1865900 225
1865910 224
1865920 224
1865930 223
1865940 222
1865950 222
1865960 221
1865970 221
1865980 221
1865990 220
1866000 220
1866010 220
1866020 220
1866030 221
1866040 221
1866050 221
1866060 221
1866070 221
1866080 222
1866090 222
1866100 222
1866110 223
1866120 224
1866130 224
1866140 225
1866150 225
1866160 225
1866170 226
1866180 227
1866190 227
1866200 227
1866210 228
1866220 228
1866230 229
1866240 230
1866250 230
1866260 230
1866270 231
1866280 231
1866290 231
1866300 231
1866310 231
1866320 232
1866330 232
1866340 232
1866350 232
1866360 232
1866370 232
1866380 232
1866390 232
1866400 232
1866410 232
1866420 232
1866430 232
1866440 233
1866450 233
1866460 233
1866470 234
1866480 234
1866490 235
1866500 235
1866510 235
1866520 236
1866530 237
1866540 237
1866550 238
1866560 238
1866570 238
1866580 239
1866590 239
1866600 239
1866610 240
1866620 241
1866630 241
1866640 241
1866650 242
1866660 242
1873920 184
1873940 184
1873950 184
1873960 184
1873970 184
1873980 184
1873990 184
1874000 184
1874010 184
1874020 184
1874030 184
1874040 184
1874050 184
1874060 184
1874070 183
1874080 183
1874090 183
1874100 183
1874110 183
1874120 183
1874130 183
1874140 183
1874150 183
1878130 165
1878140 165
1878150 165
1878160 164
1878170 164
1878180 163
1878190 161
1878200 161
1878210 159
1878220 157
1878230 157
1878240 156
1878250 156
1878260 156
1878270 156
1878280 156
1878290 156
1878300 156
1878310 156
1878320 156
1878330 156
1878340 156
1878350 156
1878360 155
1878370 155
1878380 155
1878390 155
1878400 155
1878410 155
1878420 155
1878430 155
1878440 155
1878450 156
1878460 156
1878470 156
1878480 156
1878490 156
1878500 155
1878510 155
1878520 155
1878530 155
1878540 155
1878550 155
1878560 155
1878570 155
1878580 155
1878590 155
1878600 155
1878610 155
1878620 155
1878630 155
1878640 155
1878650 155
1878660 155
1878670 155
1878680 156
1878690 156
1878700 156
1878710 156
1878720 156
1878730 156
1878740 156
1878750 156
1878760 156
1878770 156
1878780 156
1878790 156
1878800 156
1878810 156
1878820 156
1878830 156
1878840 156
1878850 156
1878860 156
1878870 156
1878880 156
1878890 156
1878900 156
1878910 156
1878920 156
1878930 156
1878940 156
1878950 156
1878960 156
1878970 156
1878980 156
1878990 156
1879000 156
1879010 156
1879020 156
1879030 156
1879040 156
1879050 156
1879060 156
1879070 156
1879080 156
1879090 155
1879100 155
1879110 155
1879120 155
1879130 155
1879140 155
1879150 155
1879160 155
1879170 155
1879180 155
1879190 155
1879200 155
1879210 156
1879220 156
1879230 156
1879240 156
1879250 156
1879260 156
1879270 156
1879280 155
1879290 155
1879300 155
1879310 154
1879320 154
1879330 155
1879340 155
1879350 155
1879360 155
1879370 155
1879380 155
1879390 155
1879400 155
1879410 155
1879420 155
1879430 155
1879440 155
1879450 155
1879460 155
1879470 155
1879480 155
1879490 155
1879500 154
1879510 154
1879520 154
1879530 155
1879540 155
1879550 155
1879560 155
1879570 155
1879580 155
1879590 155
1879600 155
1879610 155
1879620 155
1879630 155
1879640 155
1879650 155
1879660 155
1879670 155
1879680 155
1879690 155
1879700 155
1879710 155
1879720 157
1879730 157
1879740 157
1879750 156
1879760 156
1879770 155
1879780 155
1879790 155
1879800 155
1879810 155
1879820 155
1879830 155
1879840 155
1879850 155
1879860 155
1879870 154
1879880 154
1879890 154
1879900 154
1879910 154
1879920 154
1879930 154
1879940 154
1879950 154
1879960 155
1879970 155
1879980 155
1879990 155
