1860000 248
1860010 248
1860020 248
1860030 248
1860040 248
1860050 248
1860060 248
1860070 248
1860080 248
1860090 248
1860100 247
1860110 247
1860120 247
1860130 247
1860140 247
1860150 247
1860160 247
1860170 247
1860180 246
1860190 246
1860200 246
1860210 246
1860220 246
1860230 246
1860240 245
1860250 245
1860260 245
1860270 245
1860280 245
1860290 245
1860300 245
1860310 245
1860320 245
1860330 245
1860340 245
1860350 245
1860360 244
1860370 244
1860380 244
1860390 244
1860400 244
1860410 243
1860420 243
1860430 243
1860440 242
1860450 242
1860460 242
1860470 242
1860480 242
1860490 242
1860500 241
1860510 241
1860520 241
1860530 241
1860540 241
1860550 241
1860560 240
1860570 240
1860580 240
1860590 239
1860600 238
1860610 238
1860620 237
1860630 236
1860640 236
1860650 235
1860660 233
1860670 233
1860680 232
1860690 230
1860700 230
1860710 229
1860720 228
1860730 228
1860740 227
1860750 226
1860760 226
1860770 226
1860780 226
1860790 226
1860800 226
1860810 226
1860820 226
1860830 226
1860840 226
1860850 226
1860860 226
1860870 226
1860880 227
1860890 227
1860900 227
1860910 228
1860920 229
1860930 229
1860940 230
1860950 231
1860960 231
1860970 231
1860980 231
1860990 231
1861000 231
1861010 231
1861020 231
1861030 231
1861040 231
1861050 231
1861060 230
1861070 230
1861080 230
1861090 229
1861100 229
1861110 229
1861120 228
1861130 228
1861140 228
1861150 228
1861160 227
1861170 227
1861180 227
1861190 227
1861200 227
1861210 226
1861220 226
1861230 226
1861240 226
1861250 225
1861260 225
1861270 225
1861280 225
1861290 225
1861300 224
1861310 224
1861320 224
1861330 223
1861340 223
1861350 223
1861360 222
1861370 222
1861380 222
1861390 221
1861400 221
1861410 221
1861420 221
1861430 221
1861440 220
1861450 220
1861460 220
1861470 219
1861480 218
1861490 218
1861500 218
1861510 217
1861520 217
1861530 216
1861540 215
1861550 215
1861560 215
1861570 214
1861580 214
1861590 213
1861600 212
1861610 212
1861620 211
1861630 210
1861640 210
1861650 209
1861660 208
1861670 208
1861680 207
1861690 206
1861700 206
1861710 204
1861720 203
1861730 203
1861740 202
1861750 202
1861760 202
1861770 201
1861780 200
1861790 200
1861800 199
1861810 199
1861820 199
1861830 198
1861840 198
1861850 197
1861860 197
1861870 197
1861880 197
1861890 197
1861900 197
1861910 196
1861920 196
1861930 196
1861940 196
1861950 196
1861960 196
1861970 197
1861980 197
1861990 197
1862000 198
1862010 200
1862020 200
1862030 201
1862040 203
1862050 203
1862060 206
1862070 207
1862080 207
1862090 207
1862100 208
1862110 208
1862120 209
1862130 209
1862140 209
1862150 210
1862160 209
1862170 209
1862180 209
1862190 209
1862200 209
1862210 209
1862220 209
1862230 209
1862240 209
1862250 209
1862260 209
1862270 209
1862280 209
1862290 209
1862300 209
1862310 208
1862320 208
1862330 208
1862340 207
1862350 207
1862360 207
1862370 207
1862380 207
1862390 207
1862400 207
1862410 206
1862420 206
1862430 206
1862440 206
1862450 205
1862460 205
1862470 204
1862480 204
1862490 204
1862500 204
1862510 203
1862520 203
1862530 202
1862540 202
1862550 202
1862560 202
1862570 201
1862580 201
1862590 201
1862600 201
1862610 201
1862620 201
1862630 200
1862640 200
1862650 200
1862660 199
1862670 199
1862680 198
1862690 197
1862700 197
1862710 197
1862720 197
1862730 197
1862740 197
1862750 197
1862760 197
1862770 196
1862780 196
1862790 196
1862800 196
1862810 195
1862820 195
1862830 194
1862840 194
1862850 194
1862860 193
1862870 193
1862880 193
1862890 193
1862900 193
1862910 193
1862920 193
1862930 193
1862940 192
1862950 192
1862960 192
1862970 192
1862980 192
1862990 192
1863000 192
1863010 191
1863020 191
1863030 191
1863040 191
1863050 191
1863060 191
1863070 190
1863080 190
1863090 190
1863100 189
1863110 189
1863120 189
1863130 189
1863140 189
1863150 188
1863160 188
1863170 188
1863180 188
1863190 188
1863200 188
1863210 188
1863220 188
1863230 188
1863240 188
1863250 188
1863260 188
1863270 188
1863280 188
1863290 188
1863300 188
1863310 188
1863320 188
1863330 188
1863340 188
1863350 188
1863360 188
1863370 189
1863380 189
1863390 189
1863400 188
1863410 188
1863420 188
1863430 188
1863440 188
1863450 188
1863460 188
1863470 188
1863480 188
1863490 188
1863500 187
1863510 187
1863520 187
1863530 187
1863540 187
1863550 187
1863560 187
1863570 187
1863580 187
1863590 187
1863600 187
1863610 187
1863620 187
1863630 187
1863640 187
1863650 187
1863660 187
1863670 187
1863680 187
1863690 187
1863700 187
1863710 187
1863720 187
1863730 187
1863740 187
1863750 187
1863760 187
1863770 187
1863780 187
1863790 187
1863800 188
1863810 188
1863820 188
1863830 189
1863840 189
1863850 189
1863860 189
1863870 190
1863880 190
1863890 191
1863900 192
1863910 192
1863920 193
1863930 193
1863940 193
1863950 194
1863960 194
1863970 194
1863980 193
1863990 193
1864000 192
1864010 192
1864020 192
1864030 191
1864040 191
1864050 191
1864060 192
1864070 193
1864080 193
1864090 194
1864100 196
1864110 196
1864120 199
1864130 202
1864140 202
1864150 204
1864160 206
1864170 206
1864180 209
1864190 209
1864200 209
1864210 210
1864220 210
1864230 210
1864240 210
1864250 211
1864260 211
1864270 212
1864280 213
1864290 213
1864300 213
1864310 214
1864320 214
1864330 214
1864340 214
1864350 214
1864360 214
1864370 214
1864380 214
1864390 214
1864400 213
1864410 213
1864420 213
1864430 212
1864440 212
1864450 212
1864460 211
1864470 211
1864480 210
1864490 210
1864500 210
1864510 209
1864520 209
1864530 208
1864540 208
1864550 208
1864560 207
1864570 206
1864580 206
1864590 205
1864600 204
1864610 204
1864620 203
1864630 202
1864640 202
1864650 202
1864660 201
1864670 201
1864680 200
1864690 199
1864700 199
1864710 199
1864720 198
1864730 198
1864740 197
1864750 197
1864760 197
1864770 196
1864780 196
1864790 196
1864800 195
1864810 195
1864820 195
1864830 194
1864840 193
1864850 193
1864860 193
1864870 192
1864880 192
1864890 192
1864900 192
1864910 192
1864920 191
1864930 190
1864940 190
1864950 190
1864960 190
1864970 190
1864980 190
1864990 190
1865000 190
1865010 190
1865020 190
1865030 190
1865040 190
1865050 190
1865060 191
1865070 191
1865080 191
1865090 191
1865100 191
1865110 191
1865120 191
1865130 191
1865140 191
1865150 191
1865160 191
1865170 191
1865180 191
1865190 191
1865200 191
1865210 191
1865220 191
1865230 191
1865240 191
1865250 191
1865260 191
1865270 193
1865280 195
1865290 195
1865300 196
1865310 198
1865320 198
1865330 198
1865340 199
1865350 199
1865360 200
1865370 201
1865380 201
1865390 203
1865400 205
1865410 205
1865420 206
1865430 208
1865440 208
1865450 209
1865460 210
1865470 210
1865480 211
1865490 212
1865500 212
1865510 213
1865520 214
1865530 214
1865540 215
1865550 215
1865560 216
1865570 217
1865580 217
1865590 218
1865600 220
1865610 219
1865620 220
1865630 221
1865640 221
1865650 222
1865660 223
1865670 223
1865680 224
1865690 225
1865700 225
1865710 225
1865720 226
1865730 226
1865740 226
1865750 227
1865760 227
1865770 227
1865780 227
1865790 227
1865800 227
1865810 227
1865820 227
1865830 227
1865840 227
1865850 227
1865860 227
1865870 226
1865880 226
1865890 226
1865900 225
1865910 225
1865920 223
1865930 222
1865940 222
1865950 221
1865960 219
1865970 219
1865980 218
1865990 217
1866000 217
1866010 217
1866020 216
1866030 216
1866040 217
1866050 217
1866060 217
1866070 218
1866080 218
1866090 218
1866100 219
1866110 219
1866120 219
1866130 220
1866140 220
1866150 221
1866160 222
1866170 222
1866180 222
1866190 223
1866200 223
1866210 223
1866220 224
1866230 224
1866240 224
1866250 225
1866260 225
1866270 225
1866280 225
1866290 225
1866300 226
1866310 226
1866320 226
1866330 226
1866340 227
1866350 227
1866360 227
1866370 227
1866380 227
1866390 227
1866400 228
1866410 228
1866420 228
1866430 229
1866440 229
1866450 230
1866460 230
1866470 230
1866480 231
1866490 232
1866500 232
1866510 233
1866520 234
1866530 234
1866540 234
1866550 235
1866560 235
1866570 235
1866580 235
1866590 236
1866600 237
1866610 237
1866620 238
1866630 238
1866640 238
1866650 239
1866660 239
1866670 239
1866680 240
1866690 240
1866700 240
1866710 240
1866720 240
1866730 240
1866740 241
1866750 241
1866760 241
1873760 187
1873780 187
1873790 187
1873800 187
1873810 186
1873820 186
1873830 186
1873840 186
1873850 187
1873860 187
1873870 187
1873880 186
1873890 186
1873900 186
1873910 185
1873920 185
1873930 184
1873940 184
1873950 183
1873960 183
1873970 183
1873980 184
1873990 183
1874000 183
1874010 182
1874020 182
1874030 182
1874040 182
1874050 182
1874060 182
1874070 183
1874080 185
1874090 185
1874100 184
1874110 186
1874120 186
1874130 185
1874140 185
1874150 185
1874160 185
1874170 184
1874180 184
1874190 184
1874200 184
1874210 184
1874220 184
1874230 184
1874240 184
1874250 184
1874260 184
1874270 184
1874280 183
1874290 183
1874300 183
1878090 159
1878100 159
1878110 159
1878120 160
1878130 160
1878140 160
1878150 160
1878160 160
1878170 160
1878180 160
1878190 160
1878200 161
1878210 161
1878220 160
1878230 160
1878240 160
1878250 160
1878260 160
1878270 160
1878280 160
1878290 160
1878300 160
1878310 160
1878320 160
1878330 160
1878340 160
1878350 159
1878360 159
1878370 158
1878380 157
1878390 157
1878400 156
1878410 156
1878420 156
1878430 156
1878440 156
1878450 156
1878460 156
1878470 156
1878480 156
1878490 156
1878500 156
1878510 156
1878520 155
1878530 155
1878540 155
1878550 155
1878560 155
1878570 155
1878580 155
1878590 155
1878600 155
1878610 155
1878620 155
1878630 155
1878640 155
1878650 155
1878660 155
1878670 155
1878680 155
1878690 155
1878700 155
1878710 155
1878720 155
1878730 155
1878740 155
1878750 155
1878760 155
1878770 155
1878780 156
1878790 155
1878800 155
1878810 155
1878820 155
1878830 155
1878840 155
1878850 155
1878860 155
1878870 155
1878880 155
1878890 155
1878900 156
1878910 156
1878920 156
1878930 156
1878940 156
1878950 156
1878960 156
1878970 156
1878980 156
1878990 156
1879000 156
1879010 156
1879020 156
1879030 155
1879040 155
1879050 155
1879060 155
1879070 155
1879080 155
1879090 155
1879100 155
1879110 155
1879120 155
1879130 155
1879140 155
1879150 155
1879160 155
1879170 155
1879180 155
1879190 155
1879200 155
1879210 155
1879220 155
1879230 155
1879240 155
1879250 155
1879260 155
1879270 155
1879280 155
1879290 155
1879300 155
1879310 155
1879320 155
1879330 155
1879340 155
1879350 155
1879360 155
1879370 155
1879380 156
1879390 156
1879400 156
1879410 156
1879420 156
1879430 155
1879440 155
1879450 155
1879460 155
1879470 155
1879480 155
1879490 155
1879500 156
1879510 156
1879520 156
1879530 156
1879540 156
1879550 155
1879560 155
1879570 155
1879580 155
1879590 155
1879600 155
1879610 155
1879620 155
1879630 155
1879640 155
1879650 155
1879660 155
1879670 155
1879680 155
1879690 155
1879700 155
1879710 155
1879720 156
1879730 157
1879740 157
1879750 158
1879760 159
1879770 159
1879780 159
1879790 159
1879800 159
1879810 159
1879820 159
1879830 159
1879840 159
1879850 159
1879860 159
1879870 159
1879880 159
1879890 159
1879900 159
1879910 159
1879920 159
1879930 159
1879940 159
1879950 159
1879960 159
1879970 160
1879980 160
1879990 160
1860000 248
1860010 248
1860020 248
1860030 248
1860040 248
1860050 248
1860060 248
1860070 248
1860080 248
1860090 248
1860100 247
1860110 247
1860120 247
1860130 247
1860140 247
1860150 247
1860160 247
1860170 247
1860180 246
1860190 246
1860200 246
1860210 246
1860220 246
1860230 246
1860240 245
1860250 245
1860260 245
1860270 245
1860280 245
1860290 245
1860300 245
1860310 245
1860320 245
1860330 245
1860340 245
1860350 245
1860360 244
1860370 244
1860380 244
1860390 244
1860400 244
1860410 243
1860420 243
1860430 243
1860440 242
1860450 242
1860460 242
1860470 242
1860480 242
1860490 242
1860500 241
1860510 241
1860520 241
1860530 241
1860540 241
1860550 241
1860560 240
1860570 240
1860580 240
1860590 239
1860600 238
1860610 238
1860620 237
1860630 236
1860640 236
1860650 235
1860660 233
1860670 233
1860680 232
1860690 230
1860700 230
1860710 229
1860720 228
1860730 228
1860740 227
1860750 226
1860760 226
1860770 226
1860780 226
1860790 226
1860800 226
1860810 226
1860820 226
1860830 226
1860840 226
1860850 226
1860860 226
1860870 226
1860880 227
1860890 227
1860900 227
1860910 228
1860920 229
1860930 229
1860940 230
1860950 231
1860960 231
1860970 231
1860980 231
1860990 231
1861000 231
1861010 231
1861020 231
1861030 231
1861040 231
1861050 231
1861060 230
1861070 230
1861080 230
1861090 229
1861100 229
1861110 229
1861120 228
1861130 228
1861140 228
1861150 228
1861160 227
1861170 227
1861180 227
1861190 227
1861200 227
1861210 226
1861220 226
1861230 226
1861240 226
1861250 225
1861260 225
1861270 225
1861280 225
1861290 225
1861300 224
1861310 224
1861320 224
1861330 223
1861340 223
1861350 223
1861360 222
1861370 222
1861380 222
1861390 221
1861400 221
1861410 221
1861420 221
1861430 221
1861440 220
1861450 220
1861460 220
1861470 219
1861480 218
1861490 218
1861500 218
1861510 217
1861520 217
1861530 216
1861540 215
1861550 215
1861560 215
1861570 214
1861580 214
1861590 213
1861600 212
1861610 212
1861620 211
1861630 210
1861640 210
1861650 209
1861660 208
1861670 208
1861680 207
1861690 206
1861700 206
1861710 204
1861720 203
1861730 203
1861740 202
1861750 202
1861760 202
1861770 201
1861780 200
1861790 200
1861800 199
1861810 199
1861820 199
1861830 198
1861840 198
1861850 197
1861860 197
1861870 197
1861880 197
1861890 197
1861900 197
1861910 196
1861920 196
1861930 196
1861940 196
1861950 196
1861960 196
1861970 197
1861980 197
1861990 197
1862000 198
1862010 200
1862020 200
1862030 201
1862040 203
1862050 203
1862060 206
1862070 207
1862080 207
1862090 207
1862100 208
1862110 208
1862120 209
1862130 209
1862140 209
1862150 210
1862160 209
1862170 209
1862180 209
1862190 209
1862200 209
1862210 209
1862220 209
1862230 209
1862240 209
1862250 209
1862260 209
1862270 209
1862280 209
1862290 209
1862300 209
1862310 208
1862320 208
1862330 208
1862340 207
1862350 207
1862360 207
1862370 207
1862380 207
1862390 207
1862400 207
1862410 206
1862420 206
1862430 206
1862440 206
1862450 205
1862460 205
1862470 204
1862480 204
1862490 204
1862500 204
1862510 203
1862520 203
1862530 202
1862540 202
1862550 202
1862560 202
1862570 201
1862580 201
1862590 201
1862600 201
1862610 201
1862620 201
1862630 200
1862640 200
1862650 200
1862660 199
1862670 199
1862680 198
1862690 197
1862700 197
1862710 197
1862720 197
1862730 197
1862740 197
1862750 197
1862760 197
1862770 196
1862780 196
1862790 196
1862800 196
1862810 195
1862820 195
1862830 194
1862840 194
1862850 194
1862860 193
1862870 193
1862880 193
1862890 193
1862900 193
1862910 193
1862920 193
1862930 193
1862940 192
1862950 192
1862960 192
1862970 192
1862980 192
1862990 192
1863000 192
1863010 191
1863020 191
1863030 191
1863040 191
1863050 191
1863060 191
1863070 190
1863080 190
1863090 190
1863100 189
1863110 189
1863120 189
1863130 189
1863140 189
1863150 188
1863160 188
1863170 188
1863180 188
1863190 188
1863200 188
1863210 188
1863220 188
1863230 188
1863240 188
1863250 188
1863260 188
1863270 188
1863280 188
1863290 188
1863300 188
1863310 188
1863320 188
1863330 188
1863340 188
1863350 188
1863360 188
1863370 189
1863380 189
1863390 189
1863400 188
1863410 188
1863420 188
1863430 188
1863440 188
1863450 188
1863460 188
1863470 188
1863480 188
1863490 188
1863500 187
1863510 187
1863520 187
1863530 187
1863540 187
1863550 187
1863560 187
1863570 187
1863580 187
1863590 187
1863600 187
1863610 187
1863620 187
1863630 187
1863640 187
1863650 187
1863660 187
1863670 187
1863680 187
1863690 187
1863700 187
1863710 187
1863720 187
1863730 187
1863740 187
1863750 187
1863760 187
1863770 187
1863780 187
1863790 187
1863800 188
1863810 188
1863820 188
1863830 189
1863840 189
1863850 189
1863860 189
1863870 190
1863880 190
1863890 191
1863900 192
1863910 192
1863920 193
1863930 193
1863940 193
1863950 194
1863960 194
1863970 194
1863980 193
1863990 193
1864000 192
1864010 192
1864020 192
1864030 191
1864040 191
1864050 191
1864060 192
1864070 193
1864080 193
1864090 194
1864100 196
1864110 196
1864120 199
1864130 202
1864140 202
1864150 204
1864160 206
1864170 206
1864180 209
1864190 209
1864200 209
1864210 210
1864220 210
1864230 210
1864240 210
1864250 211
1864260 211
1864270 212
1864280 213
1864290 213
1864300 213
1864310 214
1864320 214
1864330 214
1864340 214
1864350 214
1864360 214
1864370 214
1864380 214
1864390 214
1864400 213
1864410 213
1864420 213
1864430 212
1864440 212
1864450 212
1864460 211
1864470 211
1864480 210
1864490 210
1864500 210
1864510 209
1864520 209
1864530 208
1864540 208
1864550 208
1864560 207
1864570 206
1864580 206
1864590 205
1864600 204
1864610 204
1864620 203
1864630 202
1864640 202
1864650 202
1864660 201
1864670 201
1864680 200
1864690 199
1864700 199
1864710 199
1864720 198
1864730 198
1864740 197
1864750 197
1864760 197
1864770 196
1864780 196
1864790 196
1864800 195
1864810 195
1864820 195
1864830 194
1864840 193
1864850 193
1864860 193
1864870 192
1864880 192
1864890 192
1864900 192
1864910 192
1864920 191
1864930 190
1864940 190
1864950 190
1864960 190
1864970 190
1864980 190
1864990 190
1865000 190
1865010 190
1865020 190
1865030 190
1865040 190
1865050 190
1865060 191
1865070 191
1865080 191
1865090 191
1865100 191
1865110 191
1865120 191
1865130 191
1865140 191
1865150 191
1865160 191
1865170 191
1865180 191
1865190 191
1865200 191
1865210 191
1865220 191
1865230 191
1865240 191
1865250 191
1865260 191
1865270 193
1865280 195
1865290 195
1865300 196
1865310 198
1865320 198
1865330 198
1865340 199
1865350 199
1865360 200
1865370 201
1865380 201
1865390 203
1865400 205
1865410 205
1865420 206
1865430 208
1865440 208
1865450 209
1865460 210
1865470 210
1865480 211
1865490 212
1865500 212
1865510 213
1865520 214
1865530 214
1865540 215
1865550 215
1865560 216
1865570 217
1865580 217
1865590 218
1865600 220
1865610 219
1865620 220
1865630 221
1865640 221
1865650 222
1865660 223
1865670 223
1865680 224
1865690 225
1865700 225
1865710 225
1865720 226
1865730 226
1865740 226
1865750 227
1865760 227
1865770 227
1865780 227
1865790 227
1865800 227
1865810 227
1865820 227
1865830 227
1865840 227
1865850 227
1865860 227
1865870 226
1865880 226
1865890 226
1865900 225
1865910 225
1865920 223
1865930 222
1865940 222
1865950 221
1865960 219
1865970 219
1865980 218
1865990 217
1866000 217
1866010 217
1866020 216
1866030 216
1866040 217
1866050 217
1866060 217
1866070 218
1866080 218
1866090 218
1866100 219
1866110 219
1866120 219
1866130 220
1866140 220
1866150 221
1866160 222
1866170 222
1866180 222
1866190 223
1866200 223
1866210 223
1866220 224
1866230 224
1866240 224
1866250 225
1866260 225
1866270 225
1866280 225
1866290 225
1866300 226
1866310 226
1866320 226
1866330 226
1866340 227
1866350 227
1866360 227
1866370 227
1866380 227
1866390 227
1866400 228
1866410 228
1866420 228
1866430 229
1866440 229
1866450 230
1866460 230
1866470 230
1866480 231
1866490 232
1866500 232
1866510 233
1866520 234
1866530 234
1866540 234
1866550 235
1866560 235
1866570 235
1866580 235
1866590 236
1866600 237
1866610 237
1866620 238
1866630 238
1866640 238
1866650 239
1866660 239
1866670 239
1866680 240
1866690 240
1866700 240
1866710 240
1866720 240
1866730 240
1866740 241
1866750 241
1866760 241
1873760 187
1873780 187
1873790 187
1873800 187
1873810 186
1873820 186
1873830 186
1873840 186
1873850 187
1873860 187
1873870 187
1873880 186
1873890 186
1873900 186
1873910 185
1873920 185
1873930 184
1873940 184
1873950 183
1873960 183
1873970 183
1873980 184
1873990 183
1874000 183
1874010 182
1874020 182
1874030 182
1874040 182
1874050 182
1874060 182
1874070 183
1874080 185
1874090 185
1874100 184
1874110 186
1874120 186
1874130 185
1874140 185
1874150 185
1874160 185
1874170 184
1874180 184
1874190 184
1874200 184
1874210 184
1874220 184
1874230 184
1874240 184
1874250 184
1874260 184
1874270 184
1874280 183
1874290 183
1874300 183
1878090 159
1878100 159
1878110 159
1878120 160
1878130 160
1878140 160
1878150 160
1878160 160
1878170 160
1878180 160
1878190 160
1878200 161
1878210 161
1878220 160
1878230 160
1878240 160
1878250 160
1878260 160
1878270 160
1878280 160
1878290 160
1878300 160
1878310 160
1878320 160
1878330 160
1878340 160
1878350 159
1878360 159
1878370 158
1878380 157
1878390 157
1878400 156
1878410 156
1878420 156
1878430 156
1878440 156
1878450 156
1878460 156
1878470 156
1878480 156
1878490 156
1878500 156
1878510 156
1878520 155
1878530 155
1878540 155
1878550 155
1878560 155
1878570 155
1878580 155
1878590 155
1878600 155
1878610 155
1878620 155
1878630 155
1878640 155
1878650 155
1878660 155
1878670 155
1878680 155
1878690 155
1878700 155
1878710 155
1878720 155
1878730 155
1878740 155
1878750 155
1878760 155
1878770 155
1878780 156
1878790 155
1878800 155
1878810 155
1878820 155
1878830 155
1878840 155
1878850 155
1878860 155
1878870 155
1878880 155
1878890 155
1878900 156
1878910 156
1878920 156
1878930 156
1878940 156
1878950 156
1878960 156
1878970 156
1878980 156
1878990 156
1879000 156
1879010 156
1879020 156
1879030 155
1879040 155
1879050 155
1879060 155
1879070 155
1879080 155
1879090 155
1879100 155
1879110 155
1879120 155
1879130 155
1879140 155
1879150 155
1879160 155
1879170 155
1879180 155
1879190 155
1879200 155
1879210 155
1879220 155
1879230 155
1879240 155
1879250 155
1879260 155
1879270 155
1879280 155
1879290 155
1879300 155
1879310 155
1879320 155
1879330 155
1879340 155
1879350 155
1879360 155
1879370 155
1879380 156
1879390 156
1879400 156
1879410 156
1879420 156
1879430 155
1879440 155
1879450 155
1879460 155
1879470 155
1879480 155
1879490 155
1879500 156
1879510 156
1879520 156
1879530 156
1879540 156
1879550 155
1879560 155
1879570 155
1879580 155
1879590 155
1879600 155
1879610 155
1879620 155
1879630 155
1879640 155
1879650 155
1879660 155
1879670 155
1879680 155
1879690 155
1879700 155
1879710 155
1879720 156
1879730 157
1879740 157
1879750 158
1879760 159
1879770 159
1879780 159
1879790 159
1879800 159
1879810 159
1879820 159
1879830 159
1879840 159
1879850 159
1879860 159
1879870 159
1879880 159
1879890 159
1879900 159
1879910 159
1879920 159
1879930 159
1879940 159
1879950 159
1879960 159
1879970 160
1879980 160
1879990 160
