1860000 227
1860010 227
1860020 227
1860030 227
1860040 227
1860050 227
1860060 227
1860070 228
1860080 228
1860090 228
1860100 229
1860110 229
1860120 230
1860130 230
1860140 230
1860150 231
1860160 231
1860170 230
1860180 231
1860190 231
1860200 231
1860210 231
1860220 231
1860230 231
1860240 230
1860250 230
1860260 230
1860270 230
1860280 230
1860290 229
1860300 229
1860310 229
1860320 228
1860330 228
1860340 228
1860350 227
1860360 226
1860370 226
1860380 225
1860390 225
1860400 225
1860410 224
1860420 223
1860430 223
1860440 223
1860450 222
1860460 222
1860470 224
1860480 224
1860490 224
1860500 224
1860510 224
1860520 224
1860530 224
1860540 224
1860550 224
1860560 224
1860570 224
1860580 224
1860590 224
1860600 225
1860610 225
1860620 225
1860630 224
1860640 224
1860650 224
1860660 222
1860670 222
1860680 220
1860690 223
1860700 223
1860710 224
1860720 224
1860730 224
1860740 224
1860750 224
1860760 224
1860770 223
1860780 223
1860790 223
1860800 223
1860810 223
1860820 223
1860830 222
1860840 222
1860850 222
1860860 222
1860870 222
1860880 222
1860890 221
1860900 221
1860910 221
1860920 221
1860930 221
1860940 221
1860950 220
1860960 220
1860970 220
1860980 220
1860990 220
1861000 220
1861010 220
1861020 220
1861030 220
1861040 220
1861050 220
1861060 219
1861070 219
1861080 219
1861090 218
1861100 218
1861110 218
1861120 217
1861130 217
1861140 217
1861150 216
1861160 215
1861170 215
1861180 214
1861190 214
1861200 214
1861210 213
1861220 213
1861230 213
1861240 212
1861250 211
1861260 211
1861270 211
1861280 211
1861290 210
1861300 209
1861310 209
1861320 209
1861330 208
1861340 208
1861350 208
1861360 208
1861370 208
1861380 208
1861390 208
1861400 208
1861410 206
1861420 205
1861430 205
1861440 204
1861450 203
1861460 203
1861470 203
1861480 202
1861490 202
1861500 201
1861510 201
1861520 201
1861530 200
1861540 199
1861550 199
1861560 199
1861570 198
1861580 198
1861590 198
1861600 198
1861610 198
1861620 198
1861630 198
1861640 198
1861650 198
1861660 198
1861670 198
1861680 198
1861690 198
1861700 198
1861710 197
1861720 197
1861730 197
1861740 196
1861750 196
1861760 196
1861770 196
1861780 196
1861790 196
1861800 196
1861810 196
1861820 196
1861830 195
1861840 195
1861850 195
1861860 195
1861870 195
1861880 195
1861890 194
1861900 194
1861910 197
1861920 197
1861930 197
1861940 198
1861950 199
1861960 199
1861970 199
1861980 199
1861990 199
1862000 201
1862010 203
1862020 203
1862030 204
1862040 205
1862050 205
1862060 205
1862070 205
1862080 205
1862090 204
1862100 203
1862110 203
1862120 202
1862130 201
1862140 201
1862150 201
1862160 200
1862170 200
1862180 200
1862190 201
1862200 201
1862210 202
1862220 205
1862230 205
1862240 206
1862250 208
1862260 208
1862270 209
1862280 209
1862290 209
1862300 209
1862310 209
1862320 209
1862330 209
1862340 209
1862350 209
1862360 208
1862370 208
1862380 208
1862390 208
1862400 208
1862410 208
1862420 209
1862430 209
1862440 209
1862450 210
1862460 210
1862470 210
1862480 211
1862490 211
1862500 211
1862510 210
1862520 210
1862530 210
1862540 210
1862550 210
1862560 209
1862570 208
1862580 208
1862590 207
1862600 207
1862610 207
1862620 206
1862630 206
1862640 206
1862650 205
1862660 205
1862670 205
1862680 206
1862690 207
1862700 207
1862710 207
1862720 207
1862730 207
1862740 206
1862750 205
1862760 205
1862770 204
1862780 204
1862790 204
1862800 205
1862810 206
1862820 206
1862830 207
1862840 207
1862850 208
1862860 209
1862870 209
1862880 210
1862890 211
1862900 211
1862910 212
1862920 213
1862930 213
1862940 213
1862950 214
1862960 214
1862970 213
1862980 211
1862990 211
1863000 210
1863010 208
1863020 208
1863030 207
1863040 206
1863050 206
1863060 206
1863070 206
1863080 206
1863090 206
1863100 207
1863110 207
1863120 207
1863130 208
1863140 208
1863150 208
1863160 207
1863170 207
1863180 206
1863190 206
1863200 206
1863210 205
1863220 204
1863230 204
1863240 203
1863250 203
1863260 203
1863270 202
1863280 201
1863290 202
1863300 202
1863310 201
1863320 201
1863330 201
1863340 201
1863350 201
1863360 200
1863370 200
1863380 200
1863390 199
1863400 199
1863410 199
1863420 199
1863430 199
1863440 199
1863450 200
1863460 200
1863470 200
1863480 202
1863490 202
1863500 203
1863510 204
1863520 204
1863530 206
1863540 207
1863550 207
1863560 208
1863570 209
1863580 209
1863590 210
1863600 211
1863610 211
1863620 211
1863630 211
1863640 211
1863650 211
1863660 211
1863670 211
1863680 211
1863690 211
1863700 211
1863710 211
1863720 211
1863730 211
1863740 210
1863750 210
1863760 210
1863770 209
1863780 208
1863790 208
1863800 207
1863810 207
1863820 207
1863830 207
1863840 207
1863850 207
1863860 207
1863870 207
1863880 208
1863890 209
1863900 209
1863910 210
1863920 211
1863930 211
1863940 213
1863950 214
1863960 214
1863970 216
1863980 217
1863990 217
1864000 218
1864010 218
1864020 218
1864030 217
1864040 217
1864050 217
1864060 216
1864070 216
1864080 216
1864090 215
1864100 215
1864110 215
1864120 214
1864130 213
1864140 213
1864150 212
1864160 211
1864170 211
1864180 210
1864190 210
1864200 210
1864210 209
1864220 208
1864230 208
1864240 207
1864250 205
1864260 205
1864270 204
1864280 203
1864290 203
1864300 202
1864310 201
1864320 201
1864330 200
1864340 199
1864350 199
1864360 198
1864370 197
1864380 197
1864390 197
1864400 197
1864410 196
1864420 196
1864430 196
1864440 196
1864450 195
1864460 195
1864470 195
1864480 195
1864490 195
1864500 195
1864510 195
1864520 195
1864530 195
1864540 195
1864550 195
1864560 195
1864570 195
1864580 195
1864590 195
1864600 195
1864610 195
1864620 195
1864630 195
1864640 195
1864650 194
1864660 194
1864670 194
1864680 194
1864690 193
1864700 193
1864710 193
1864720 193
1864730 193
1864740 193
1864750 193
1864760 193
1864770 193
1864780 193
1864790 193
1864800 194
1864810 195
1864820 195
1864830 197
1864840 198
1864850 198
1864860 200
1864870 202
1864880 202
1864890 205
1864900 207
1864910 207
1864920 208
1864930 208
1864940 210
1864950 211
1864960 211
1864970 213
1864980 214
1864990 214
1865000 215
1865010 215
1865020 216
1865030 216
1865040 217
1865050 217
1865060 217
1865070 217
1865080 217
1865090 217
1865100 217
1865110 217
1865120 217
1865130 217
1865140 217
1865150 217
1865160 217
1865170 217
1865180 217
1865190 217
1865200 217
1865210 217
1865220 217
1865230 217
1865240 218
1865250 218
1865260 218
1865270 218
1865280 218
1865290 218
1865300 219
1865310 219
1865320 219
1865330 219
1865340 219
1865350 219
1878440 156
1878450 156
1878460 156
1878470 156
1878480 156
1878490 156
1878500 156
1878510 156
1878520 156
1878530 156
1878540 156
1878550 156
1878560 156
1878570 156
1878580 156
1878590 156
1878600 156
1878610 156
1878620 156
1878630 156
1878640 157
1878650 157
1878660 157
1878670 157
1878680 157
1878690 157
1878700 156
1878710 156
1878720 156
1878730 156
1878740 156
1878750 155
1878760 155
1878770 155
1878780 155
1878790 155
1878800 155
1878810 155
1878820 155
1878830 155
1878840 155
1878850 155
1878860 155
1878870 155
1878880 156
1878890 156
1878900 156
1878910 156
1878920 156
1878930 156
1878940 156
1878950 156
1878960 156
1878970 156
1878980 155
1878990 155
1879000 155
1879010 155
1879020 155
1879030 155
1879040 155
1879050 155
1879060 155
1879070 155
1879080 155
1879090 155
1879100 155
1879110 155
1879120 155
1879130 155
1879140 155
1879150 155
1879160 156
1879170 156
1879180 156
1879190 156
1879200 156
1879210 156
1879220 156
1879230 156
1879240 156
1879250 156
1879260 156
1879270 156
1879280 156
1879290 155
1879300 155
1879310 155
1879320 155
1879330 155
1879340 156
1879350 157
1879360 157
1879370 156
1879380 156
1879390 156
1879400 155
1879410 155
1879420 155
1879430 156
1879440 156
1879450 156
1879460 156
1879470 155
1879480 155
1879490 155
1879500 155
1879510 154
1879520 154
1860000 227
1860010 227
1860020 227
1860030 227
1860040 227
1860050 227
1860060 227
1860070 228
1860080 228
1860090 228
1860100 229
1860110 229
1860120 230
1860130 230
1860140 230
1860150 231
1860160 231
1860170 230
1860180 231
1860190 231
1860200 231
1860210 231
1860220 231
1860230 231
1860240 230
1860250 230
1860260 230
1860270 230
1860280 230
1860290 229
1860300 229
1860310 229
1860320 228
1860330 228
1860340 228
1860350 227
1860360 226
1860370 226
1860380 225
1860390 225
1860400 225
1860410 224
1860420 223
1860430 223
1860440 223
1860450 222
1860460 222
1860470 224
1860480 224
1860490 224
1860500 224
1860510 224
1860520 224
1860530 224
1860540 224
1860550 224
1860560 224
1860570 224
1860580 224
1860590 224
1860600 225
1860610 225
1860620 225
1860630 224
1860640 224
1860650 224
1860660 222
1860670 222
1860680 220
1860690 223
1860700 223
1860710 224
1860720 224
1860730 224
1860740 224
1860750 224
1860760 224
1860770 223
1860780 223
1860790 223
1860800 223
1860810 223
1860820 223
1860830 222
1860840 222
1860850 222
1860860 222
1860870 222
1860880 222
1860890 221
1860900 221
1860910 221
1860920 221
1860930 221
1860940 221
1860950 220
1860960 220
1860970 220
1860980 220
1860990 220
1861000 220
1861010 220
1861020 220
1861030 220
1861040 220
1861050 220
1861060 219
1861070 219
1861080 219
1861090 218
1861100 218
1861110 218
1861120 217
1861130 217
1861140 217
1861150 216
1861160 215
1861170 215
1861180 214
1861190 214
1861200 214
1861210 213
1861220 213
1861230 213
1861240 212
1861250 211
1861260 211
1861270 211
1861280 211
1861290 210
1861300 209
1861310 209
1861320 209
1861330 208
1861340 208
1861350 208
1861360 208
1861370 208
1861380 208
1861390 208
1861400 208
1861410 206
1861420 205
1861430 205
1861440 204
1861450 203
1861460 203
1861470 203
1861480 202
1861490 202
1861500 201
1861510 201
1861520 201
1861530 200
1861540 199
1861550 199
1861560 199
1861570 198
1861580 198
1861590 198
1861600 198
1861610 198
1861620 198
1861630 198
1861640 198
1861650 198
1861660 198
1861670 198
1861680 198
1861690 198
1861700 198
1861710 197
1861720 197
1861730 197
1861740 196
1861750 196
1861760 196
1861770 196
1861780 196
1861790 196
1861800 196
1861810 196
1861820 196
1861830 195
1861840 195
1861850 195
1861860 195
1861870 195
1861880 195
1861890 194
1861900 194
1861910 197
1861920 197
1861930 197
1861940 198
1861950 199
1861960 199
1861970 199
1861980 199
1861990 199
1862000 201
1862010 203
1862020 203
1862030 204
1862040 205
1862050 205
1862060 205
1862070 205
1862080 205
1862090 204
1862100 203
1862110 203
1862120 202
1862130 201
1862140 201
1862150 201
1862160 200
1862170 200
1862180 200
1862190 201
1862200 201
1862210 202
1862220 205
1862230 205
1862240 206
1862250 208
1862260 208
1862270 209
1862280 209
1862290 209
1862300 209
1862310 209
1862320 209
1862330 209
1862340 209
1862350 209
1862360 208
1862370 208
1862380 208
1862390 208
1862400 208
1862410 208
1862420 209
1862430 209
1862440 209
1862450 210
1862460 210
1862470 210
1862480 211
1862490 211
1862500 211
1862510 210
1862520 210
1862530 210
1862540 210
1862550 210
1862560 209
1862570 208
1862580 208
1862590 207
1862600 207
1862610 207
1862620 206
1862630 206
1862640 206
1862650 205
1862660 205
1862670 205
1862680 206
1862690 207
1862700 207
1862710 207
1862720 207
1862730 207
1862740 206
1862750 205
1862760 205
1862770 204
1862780 204
1862790 204
1862800 205
1862810 206
1862820 206
1862830 207
1862840 207
1862850 208
1862860 209
1862870 209
1862880 210
1862890 211
1862900 211
1862910 212
1862920 213
1862930 213
1862940 213
1862950 214
1862960 214
1862970 213
1862980 211
1862990 211
1863000 210
1863010 208
1863020 208
1863030 207
1863040 206
1863050 206
1863060 206
1863070 206
1863080 206
1863090 206
1863100 207
1863110 207
1863120 207
1863130 208
1863140 208
1863150 208
1863160 207
1863170 207
1863180 206
1863190 206
1863200 206
1863210 205
1863220 204
1863230 204
1863240 203
1863250 203
1863260 203
1863270 202
1863280 201
1863290 202
1863300 202
1863310 201
1863320 201
1863330 201
1863340 201
1863350 201
1863360 200
1863370 200
1863380 200
1863390 199
1863400 199
1863410 199
1863420 199
1863430 199
1863440 199
1863450 200
1863460 200
1863470 200
1863480 202
1863490 202
1863500 203
1863510 204
1863520 204
1863530 206
1863540 207
1863550 207
1863560 208
1863570 209
1863580 209
1863590 210
1863600 211
1863610 211
1863620 211
1863630 211
1863640 211
1863650 211
1863660 211
1863670 211
1863680 211
1863690 211
1863700 211
1863710 211
1863720 211
1863730 211
1863740 210
1863750 210
1863760 210
1863770 209
1863780 208
1863790 208
1863800 207
1863810 207
1863820 207
1863830 207
1863840 207
1863850 207
1863860 207
1863870 207
1863880 208
1863890 209
1863900 209
1863910 210
1863920 211
1863930 211
1863940 213
1863950 214
1863960 214
1863970 216
1863980 217
1863990 217
1864000 218
1864010 218
1864020 218
1864030 217
1864040 217
1864050 217
1864060 216
1864070 216
1864080 216
1864090 215
1864100 215
1864110 215
1864120 214
1864130 213
1864140 213
1864150 212
1864160 211
1864170 211
1864180 210
1864190 210
1864200 210
1864210 209
1864220 208
1864230 208
1864240 207
1864250 205
1864260 205
1864270 204
1864280 203
1864290 203
1864300 202
1864310 201
1864320 201
1864330 200
1864340 199
1864350 199
1864360 198
1864370 197
1864380 197
1864390 197
1864400 197
1864410 196
1864420 196
1864430 196
1864440 196
1864450 195
1864460 195
1864470 195
1864480 195
1864490 195
1864500 195
1864510 195
1864520 195
1864530 195
1864540 195
1864550 195
1864560 195
1864570 195
1864580 195
1864590 195
1864600 195
1864610 195
1864620 195
1864630 195
1864640 195
1864650 194
1864660 194
1864670 194
1864680 194
1864690 193
1864700 193
1864710 193
1864720 193
1864730 193
1864740 193
1864750 193
1864760 193
1864770 193
1864780 193
1864790 193
1864800 194
1864810 195
1864820 195
1864830 197
1864840 198
1864850 198
1864860 200
1864870 202
1864880 202
1864890 205
1864900 207
1864910 207
1864920 208
1864930 208
1864940 210
1864950 211
1864960 211
1864970 213
1864980 214
1864990 214
1865000 215
1865010 215
1865020 216
1865030 216
1865040 217
1865050 217
1865060 217
1865070 217
1865080 217
1865090 217
1865100 217
1865110 217
1865120 217
1865130 217
1865140 217
1865150 217
1865160 217
1865170 217
1865180 217
1865190 217
1865200 217
1865210 217
1865220 217
1865230 217
1865240 218
1865250 218
1865260 218
1865270 218
1865280 218
1865290 218
1865300 219
1865310 219
1865320 219
1865330 219
1865340 219
1865350 219
1878440 156
1878450 156
1878460 156
1878470 156
1878480 156
1878490 156
1878500 156
1878510 156
1878520 156
1878530 156
1878540 156
1878550 156
1878560 156
1878570 156
1878580 156
1878590 156
1878600 156
1878610 156
1878620 156
1878630 156
1878640 157
1878650 157
1878660 157
1878670 157
1878680 157
1878690 157
1878700 156
1878710 156
1878720 156
1878730 156
1878740 156
1878750 155
1878760 155
1878770 155
1878780 155
1878790 155
1878800 155
1878810 155
1878820 155
1878830 155
1878840 155
1878850 155
1878860 155
1878870 155
1878880 156
1878890 156
1878900 156
1878910 156
1878920 156
1878930 156
1878940 156
1878950 156
1878960 156
1878970 156
1878980 155
1878990 155
1879000 155
1879010 155
1879020 155
1879030 155
1879040 155
1879050 155
1879060 155
1879070 155
1879080 155
1879090 155
1879100 155
1879110 155
1879120 155
1879130 155
1879140 155
1879150 155
1879160 156
1879170 156
1879180 156
1879190 156
1879200 156
1879210 156
1879220 156
1879230 156
1879240 156
1879250 156
1879260 156
1879270 156
1879280 156
1879290 155
1879300 155
1879310 155
1879320 155
1879330 155
1879340 156
1879350 157
1879360 157
1879370 156
1879380 156
1879390 156
1879400 155
1879410 155
1879420 155
1879430 156
1879440 156
1879450 156
1879460 156
1879470 155
1879480 155
1879490 155
1879500 155
1879510 154
1879520 154
