1860000 214
1860010 214
1860020 214
1860030 214
1860040 214
1860050 214
1860060 215
1860070 215
1860080 216
1860090 215
1860100 215
1860110 215
1860120 215
1860130 216
1860140 217
1860150 217
1860160 218
1860170 219
1860180 219
1860190 221
1860200 221
1860210 221
1860220 221
1860230 221
1860240 221
1860250 221
1860260 221
1860270 221
1860280 221
1860290 220
1860300 220
1860310 219
1860320 218
1860330 218
1860340 217
1860350 216
1860360 216
1860370 214
1860380 214
1860390 214
1860400 214
1860410 215
1860420 215
1860430 216
1860440 218
1860450 218
1860460 219
1860470 220
1860480 220
1860490 221
1860500 221
1860510 221
1860520 221
1860530 221
1860540 221
1860550 221
1860560 222
1860570 222
1860580 222
1860590 222
1860600 222
1860610 222
1860620 222
1860630 222
1860640 223
1860650 223
1860660 223
1860670 223
1860680 223
1860690 224
1860700 224
1860710 224
1860720 224
1860730 224
1860740 224
1860750 224
1860760 224
1860770 224
1860780 224
1860790 224
1860800 224
1860810 224
1860820 222
1860830 222
1860840 218
1860850 216
1860860 216
1860870 218
1860880 220
1860890 220
1860900 221
1860910 223
1860920 223
1860930 223
1860940 223
1860950 223
1860960 223
1860970 223
1860980 223
1860990 223
1861000 223
1861010 223
1861020 222
1861030 222
1861040 222
1861050 221
1861060 221
1861070 221
1861080 220
1861090 220
1861100 220
1861110 219
1861120 219
1861130 219
1861140 218
1861150 218
1861160 217
1861170 216
1861180 216
1861190 215
1861200 215
1861210 215
1861220 214
1861230 213
1861240 213
1861250 213
1861260 212
1861270 212
1861280 212
1861290 211
1861300 211
1861310 211
1861320 210
1861330 210
1861340 210
1861350 209
1861360 209
1861370 208
1861380 208
1861390 208
1861400 207
1861410 206
1861420 206
1861430 205
1861440 204
1861450 204
1861460 204
1861470 203
1861480 203
1861490 202
1861500 202
1861510 202
1861520 201
1861530 200
1861540 200
1861550 199
1861560 199
1861570 199
1861580 198
1861590 198
1861600 198
1861610 197
1861620 197
1861630 197
1861640 197
1861650 197
1861660 197
1861670 197
1861680 197
1861690 197
1861700 196
1861710 196
1861720 196
1861730 196
1861740 196
1861750 196
1861760 196
1861770 196
1861780 196
1861790 195
1861800 195
1861810 196
1861820 196
1861830 197
1861840 197
1861850 198
1861860 198
1861870 198
1861880 198
1861890 198
1861900 198
1861910 201
1861920 201
1861930 205
1861940 206
1861950 206
1861960 207
1861970 208
1861980 208
1861990 209
1862000 210
1862010 210
1862020 211
1862030 212
1862040 212
1862050 212
1862060 213
1862070 213
1862080 214
1862090 215
1862100 215
1862110 215
1862120 215
1862130 215
1862140 214
1862150 213
1862160 213
1862170 213
1862180 213
1862190 213
1862200 213
1862210 213
1862220 213
1862230 214
1862240 214
1862250 214
1862260 215
1862270 215
1862280 216
1862290 216
1862300 216
1862310 217
1862320 218
1862330 218
1862340 218
1862350 218
1862360 218
1862370 218
1862380 218
1862390 218
1862400 218
1862410 218
1862420 218
1862430 218
1862440 218
1862450 218
1862460 218
1862470 218
1862480 218
1862490 219
1862500 219
1862510 219
1862520 220
1862530 220
1862540 220
1862550 220
1862560 220
1862570 220
1862580 220
1862590 220
1862600 220
1862610 220
1862620 219
1862630 219
1862640 218
1862650 218
1862660 218
1862670 217
1862680 217
1862690 217
1862700 218
1862710 218
1862720 218
1862730 218
1862740 218
1862750 218
1862760 217
1862770 217
1862780 217
1862790 218
1862800 218
1862810 218
1862820 219
1862830 219
1862840 220
1862850 221
1862860 221
1862870 222
1862880 222
1862890 222
1862900 222
1862910 222
1862920 222
1862930 221
1862940 220
1862950 220
1862960 219
1862970 218
1862980 218
1862990 217
1863000 217
1863010 217
1863020 216
1863030 215
1863040 215
1863050 214
1863060 214
1863070 214
1863080 214
1863090 214
1863100 214
1863110 213
1863120 212
1863130 212
1863140 211
1863150 211
1863160 211
1863170 210
1863180 209
1863190 209
1863200 209
1863210 208
1863220 207
1863230 207
1863240 207
1863250 206
1863260 205
1863270 205
1863280 204
1863290 204
1863300 204
1863310 204
1863320 203
1863330 203
1863340 203
1863350 203
1863360 203
1863370 203
1863380 203
1863390 203
1863400 203
1863410 203
1863420 203
1863430 203
1863440 203
1863450 203
1863460 204
1863470 204
1863480 204
1863490 205
1863500 206
1863510 206
1863520 207
1863530 209
1863540 209
1863550 210
1863560 212
1863570 212
1863580 213
1863590 214
1863600 214
1863610 215
1863620 215
1863630 215
1863640 215
1863650 215
1863660 215
1863670 216
1863680 216
1863690 216
1863700 216
1863710 216
1863720 216
1863730 216
1863740 215
1863750 215
1863760 214
1863770 214
1863780 213
1863790 213
1863800 213
1863810 213
1863820 212
1863830 212
1863840 213
1863850 213
1863860 213
1863870 213
1863880 214
1863890 214
1863900 215
1863910 217
1863920 217
1863930 217
1863940 217
1863950 217
1863960 216
1863970 216
1863980 216
1863990 215
1864000 215
1864010 215
1864020 214
1864030 214
1864040 214
1864050 213
1864060 213
1864070 213
1864080 212
1864090 211
1864100 211
1864110 211
1864120 210
1864130 210
1864140 209
1864150 208
1864160 208
1864170 207
1864180 206
1864190 206
1864200 205
1864210 204
1864220 204
1864230 203
1864240 202
1864250 201
1864260 200
1864270 200
1864280 200
1864290 199
1864300 199
1864310 198
1864320 198
1864330 198
1864340 197
1864350 197
1864360 197
1864370 197
1864380 197
1864390 197
1864400 197
1864410 196
1864420 196
1864430 196
1864440 196
1864450 196
1864460 196
1864470 197
1864480 197
1864490 197
1864500 198
1864510 198
1864520 198
1864530 199
1864540 199
1864550 200
1864560 200
1864570 200
1864580 200
1864590 199
1864600 200
1864610 199
1864620 198
1864630 198
1864640 197
1864650 197
1864660 197
1864670 196
1864680 195
1864690 195
1864700 195
1864710 195
1864720 195
1864730 194
1864740 194
1864750 194
1864760 194
1864770 194
1864780 194
1864790 194
1864800 194
1864810 194
1864820 194
1864830 194
1864840 194
1864850 194
1864860 194
1864870 194
1864880 194
1864890 194
1864900 195
1864910 196
1864920 196
1864930 198
1864940 199
1864950 199
1864960 203
1864970 205
1864980 205
1864990 205
1865000 205
1865010 205
1865020 205
1865030 205
1865040 205
1865050 204
1865060 204
1865070 204
1865080 204
1865090 204
1865100 204
1865110 206
1865120 206
1865130 206
1865140 207
1865150 207
1865160 207
1865170 207
1878510 156
1878520 156
1878530 156
1878540 156
1878550 156
1878560 156
1878570 156
1878580 156
1878590 156
1878600 156
1878610 156
1878620 156
1878630 156
1878640 156
1878650 156
1878660 156
1878670 156
1878680 156
1878690 156
1878700 156
1878710 156
1878720 156
1878730 156
1878740 156
1878750 156
1878760 156
1878770 156
1878780 155
1878790 155
1878800 155
1878810 155
1878820 155
1878830 155
1878840 155
1878850 154
1878860 154
1878870 154
1878880 155
1878890 155
1878900 155
1878910 155
1878920 155
1878930 155
1878940 155
1878950 156
1878960 156
1878970 156
1878980 156
1878990 156
1879000 156
1879010 156
1879020 156
1879030 156
1879040 156
1879050 156
1879060 156
1879070 155
1879080 155
1879090 155
1879100 155
1879110 155
1879120 155
1879130 155
1879140 155
1879150 155
1879160 155
1879170 155
1879180 155
1879190 156
1879200 156
1879210 156
1879220 156
1879230 156
1879240 156
1879250 156
1879260 156
1879270 157
1879280 156
1879290 156
1879300 156
1879310 155
1879320 155
1879330 156
1879340 156
1879350 156
1879360 156
1879370 156
1879380 156
1879390 156
1879400 156
1879410 156
1879420 156
1879430 156
1879440 156
1879450 156
1879460 156
1860000 214
1860010 214
1860020 214
1860030 214
1860040 214
1860050 214
1860060 215
1860070 215
1860080 216
1860090 215
1860100 215
1860110 215
1860120 215
1860130 216
1860140 217
1860150 217
1860160 218
1860170 219
1860180 219
1860190 221
1860200 221
1860210 221
1860220 221
1860230 221
1860240 221
1860250 221
1860260 221
1860270 221
1860280 221
1860290 220
1860300 220
1860310 219
1860320 218
1860330 218
1860340 217
1860350 216
1860360 216
1860370 214
1860380 214
1860390 214
1860400 214
1860410 215
1860420 215
1860430 216
1860440 218
1860450 218
1860460 219
1860470 220
1860480 220
1860490 221
1860500 221
1860510 221
1860520 221
1860530 221
1860540 221
1860550 221
1860560 222
1860570 222
1860580 222
1860590 222
1860600 222
1860610 222
1860620 222
1860630 222
1860640 223
1860650 223
1860660 223
1860670 223
1860680 223
1860690 224
1860700 224
1860710 224
1860720 224
1860730 224
1860740 224
1860750 224
1860760 224
1860770 224
1860780 224
1860790 224
1860800 224
1860810 224
1860820 222
1860830 222
1860840 218
1860850 216
1860860 216
1860870 218
1860880 220
1860890 220
1860900 221
1860910 223
1860920 223
1860930 223
1860940 223
1860950 223
1860960 223
1860970 223
1860980 223
1860990 223
1861000 223
1861010 223
1861020 222
1861030 222
1861040 222
1861050 221
1861060 221
1861070 221
1861080 220
1861090 220
1861100 220
1861110 219
1861120 219
1861130 219
1861140 218
1861150 218
1861160 217
1861170 216
1861180 216
1861190 215
1861200 215
1861210 215
1861220 214
1861230 213
1861240 213
1861250 213
1861260 212
1861270 212
1861280 212
1861290 211
1861300 211
1861310 211
1861320 210
1861330 210
1861340 210
1861350 209
1861360 209
1861370 208
1861380 208
1861390 208
1861400 207
1861410 206
1861420 206
1861430 205
1861440 204
1861450 204
1861460 204
1861470 203
1861480 203
1861490 202
1861500 202
1861510 202
1861520 201
1861530 200
1861540 200
1861550 199
1861560 199
1861570 199
1861580 198
1861590 198
1861600 198
1861610 197
1861620 197
1861630 197
1861640 197
1861650 197
1861660 197
1861670 197
1861680 197
1861690 197
1861700 196
1861710 196
1861720 196
1861730 196
1861740 196
1861750 196
1861760 196
1861770 196
1861780 196
1861790 195
1861800 195
1861810 196
1861820 196
1861830 197
1861840 197
1861850 198
1861860 198
1861870 198
1861880 198
1861890 198
1861900 198
1861910 201
1861920 201
1861930 205
1861940 206
1861950 206
1861960 207
1861970 208
1861980 208
1861990 209
1862000 210
1862010 210
1862020 211
1862030 212
1862040 212
1862050 212
1862060 213
1862070 213
1862080 214
1862090 215
1862100 215
1862110 215
1862120 215
1862130 215
1862140 214
1862150 213
1862160 213
1862170 213
1862180 213
1862190 213
1862200 213
1862210 213
1862220 213
1862230 214
1862240 214
1862250 214
1862260 215
1862270 215
1862280 216
1862290 216
1862300 216
1862310 217
1862320 218
1862330 218
1862340 218
1862350 218
1862360 218
1862370 218
1862380 218
1862390 218
1862400 218
1862410 218
1862420 218
1862430 218
1862440 218
1862450 218
1862460 218
1862470 218
1862480 218
1862490 219
1862500 219
1862510 219
1862520 220
1862530 220
1862540 220
1862550 220
1862560 220
1862570 220
1862580 220
1862590 220
1862600 220
1862610 220
1862620 219
1862630 219
1862640 218
1862650 218
1862660 218
1862670 217
1862680 217
1862690 217
1862700 218
1862710 218
1862720 218
1862730 218
1862740 218
1862750 218
1862760 217
1862770 217
1862780 217
1862790 218
1862800 218
1862810 218
1862820 219
1862830 219
1862840 220
1862850 221
1862860 221
1862870 222
1862880 222
1862890 222
1862900 222
1862910 222
1862920 222
1862930 221
1862940 220
1862950 220
1862960 219
1862970 218
1862980 218
1862990 217
1863000 217
1863010 217
1863020 216
1863030 215
1863040 215
1863050 214
1863060 214
1863070 214
1863080 214
1863090 214
1863100 214
1863110 213
1863120 212
1863130 212
1863140 211
1863150 211
1863160 211
1863170 210
1863180 209
1863190 209
1863200 209
1863210 208
1863220 207
1863230 207
1863240 207
1863250 206
1863260 205
1863270 205
1863280 204
1863290 204
1863300 204
1863310 204
1863320 203
1863330 203
1863340 203
1863350 203
1863360 203
1863370 203
1863380 203
1863390 203
1863400 203
1863410 203
1863420 203
1863430 203
1863440 203
1863450 203
1863460 204
1863470 204
1863480 204
1863490 205
1863500 206
1863510 206
1863520 207
1863530 209
1863540 209
1863550 210
1863560 212
1863570 212
1863580 213
1863590 214
1863600 214
1863610 215
1863620 215
1863630 215
1863640 215
1863650 215
1863660 215
1863670 216
1863680 216
1863690 216
1863700 216
1863710 216
1863720 216
1863730 216
1863740 215
1863750 215
1863760 214
1863770 214
1863780 213
1863790 213
1863800 213
1863810 213
1863820 212
1863830 212
1863840 213
1863850 213
1863860 213
1863870 213
1863880 214
1863890 214
1863900 215
1863910 217
1863920 217
1863930 217
1863940 217
1863950 217
1863960 216
1863970 216
1863980 216
1863990 215
1864000 215
1864010 215
1864020 214
1864030 214
1864040 214
1864050 213
1864060 213
1864070 213
1864080 212
1864090 211
1864100 211
1864110 211
1864120 210
1864130 210
1864140 209
1864150 208
1864160 208
1864170 207
1864180 206
1864190 206
1864200 205
1864210 204
1864220 204
1864230 203
1864240 202
1864250 201
1864260 200
1864270 200
1864280 200
1864290 199
1864300 199
1864310 198
1864320 198
1864330 198
1864340 197
1864350 197
1864360 197
1864370 197
1864380 197
1864390 197
1864400 197
1864410 196
1864420 196
1864430 196
1864440 196
1864450 196
1864460 196
1864470 197
1864480 197
1864490 197
1864500 198
1864510 198
1864520 198
1864530 199
1864540 199
1864550 200
1864560 200
1864570 200
1864580 200
1864590 199
1864600 200
1864610 199
1864620 198
1864630 198
1864640 197
1864650 197
1864660 197
1864670 196
1864680 195
1864690 195
1864700 195
1864710 195
1864720 195
1864730 194
1864740 194
1864750 194
1864760 194
1864770 194
1864780 194
1864790 194
1864800 194
1864810 194
1864820 194
1864830 194
1864840 194
1864850 194
1864860 194
1864870 194
1864880 194
1864890 194
1864900 195
1864910 196
1864920 196
1864930 198
1864940 199
1864950 199
1864960 203
1864970 205
1864980 205
1864990 205
1865000 205
1865010 205
1865020 205
1865030 205
1865040 205
1865050 204
1865060 204
1865070 204
1865080 204
1865090 204
1865100 204
1865110 206
1865120 206
1865130 206
1865140 207
1865150 207
1865160 207
1865170 207
1878510 156
1878520 156
1878530 156
1878540 156
1878550 156
1878560 156
1878570 156
1878580 156
1878590 156
1878600 156
1878610 156
1878620 156
1878630 156
1878640 156
1878650 156
1878660 156
1878670 156
1878680 156
1878690 156
1878700 156
1878710 156
1878720 156
1878730 156
1878740 156
1878750 156
1878760 156
1878770 156
1878780 155
1878790 155
1878800 155
1878810 155
1878820 155
1878830 155
1878840 155
1878850 154
1878860 154
1878870 154
1878880 155
1878890 155
1878900 155
1878910 155
1878920 155
1878930 155
1878940 155
1878950 156
1878960 156
1878970 156
1878980 156
1878990 156
1879000 156
1879010 156
1879020 156
1879030 156
1879040 156
1879050 156
1879060 156
1879070 155
1879080 155
1879090 155
1879100 155
1879110 155
1879120 155
1879130 155
1879140 155
1879150 155
1879160 155
1879170 155
1879180 155
1879190 156
1879200 156
1879210 156
1879220 156
1879230 156
1879240 156
1879250 156
1879260 156
1879270 157
1879280 156
1879290 156
1879300 156
1879310 155
1879320 155
1879330 156
1879340 156
1879350 156
1879360 156
1879370 156
1879380 156
1879390 156
1879400 156
1879410 156
1879420 156
1879430 156
1879440 156
1879450 156
1879460 156
