1860000 218
1860010 218
1860020 218
1860030 217
1860040 216
1860050 216
1860060 215
1860070 214
1860080 214
1860090 214
1860100 213
1860110 213
1860120 213
1860130 213
1860140 213
1860150 213
1860160 212
1860170 212
1860180 212
1860190 211
1860200 211
1860210 211
1860220 211
1860230 211
1860240 211
1860250 211
1860260 211
1860270 211
1860280 211
1860290 211
1860300 210
1860310 209
1860320 209
1860330 209
1860340 208
1860350 208
1860360 208
1860370 208
1860380 208
1860390 209
1860400 209
1860410 209
1860420 210
1860430 210
1860440 210
1860450 211
1860460 211
1860470 212
1860480 213
1860490 212
1860500 213
1860510 214
1860520 214
1860530 215
1860540 216
1860550 216
1860560 217
1860570 218
1860580 218
1860590 219
1860600 220
1860610 220
1860620 220
1860630 220
1860640 220
1860650 221
1860660 221
1860670 221
1860680 221
1860690 221
1860700 221
1860710 222
1860720 222
1860730 222
1860740 222
1860750 222
1860760 222
1860770 223
1860780 223
1860790 223
1860800 223
1860810 223
1860820 223
1860830 223
1860840 223
1860850 223
1860860 223
1860870 223
1860880 223
1860890 224
1860900 224
1860910 224
1860920 224
1860930 224
1860940 224
1860950 224
1860960 224
1860970 223
1860980 223
1860990 223
1861000 223
1861010 223
1861020 223
1861030 222
1861040 218
1861050 218
1861060 214
1861070 213
1861080 213
1861090 212
1861100 212
1861110 212
1861120 213
1861130 214
1861140 214
1861150 213
1861160 213
1861170 213
1861180 214
1861190 211
1861200 211
1861210 212
1861220 213
1861230 213
1861240 212
1861250 210
1861260 210
1861270 208
1861280 206
1861290 206
1861300 205
1861310 205
1861320 205
1861330 204
1861340 204
1861350 204
1861360 203
1861370 203
1861380 203
1861390 203
1861400 203
1861410 203
1861420 203
1861430 203
1861440 203
1861450 203
1861460 203
1861470 203
1861480 202
1861490 202
1861500 201
1861510 200
1861520 200
1861530 200
1861540 199
1861550 199
1861560 198
1861570 198
1861580 198
1861590 197
1861600 197
1861610 197
1861620 197
1861630 197
1861640 197
1861650 197
1861660 197
1861670 197
1861680 197
1861690 197
1861700 197
1861710 196
1861720 196
1861730 196
1861740 196
1861750 196
1861760 196
1861770 195
1861780 196
1861790 196
1861800 196
1861810 196
1861820 196
1861830 197
1861840 197
1861850 197
1861860 198
1861870 198
1861880 198
1861890 199
1861900 199
1861910 199
1861920 202
1861930 202
1861940 203
1861950 204
1861960 204
1861970 204
1861980 205
1861990 205
1862000 206
1862010 207
1862020 207
1862030 207
1862040 208
1862050 208
1862060 209
1862070 209
1862080 209
1862090 210
1862100 210
1862110 210
1862120 211
1862130 212
1862140 212
1862150 213
1862160 214
1862170 214
1862180 216
1862190 217
1862200 217
1862210 218
1862220 219
1862230 220
1862240 221
1862250 221
1862260 221
1862270 221
1862280 222
1862290 222
1862300 222
1862310 222
1862320 222
1862330 223
1862340 223
1862350 223
1862360 223
1862370 224
1862380 224
1862390 224
1862400 224
1862410 224
1862420 224
1862430 224
1862440 224
1862450 224
1862460 224
1862470 224
1862480 224
1862490 224
1862500 224
1862510 224
1862520 224
1862530 224
1862540 224
1862550 224
1862560 224
1862570 224
1862580 224
1862590 224
1862600 224
1862610 224
1862620 224
1862630 224
1862640 224
1862650 224
1862660 224
1862670 224
1862680 224
1862690 224
1862700 224
1862710 224
1862720 224
1862730 224
1862740 224
1862750 224
1862760 224
1862770 224
1862780 224
1862790 224
1862800 224
1862810 224
1862820 224
1862830 224
1862840 224
1862850 224
1862860 224
1862870 224
1862880 224
1862890 224
1862900 223
1862910 223
1862920 223
1862930 223
1862940 223
1862950 222
1862960 222
1862970 221
1862980 220
1862990 220
1863000 218
1863010 217
1863020 217
1863030 215
1863040 214
1863050 214
1863060 213
1863070 212
1863080 212
1863090 211
1863100 210
1863110 210
1863120 210
1863130 209
1863140 209
1863150 209
1863160 209
1863170 209
1863180 209
1863190 208
1863200 208
1863210 208
1863220 208
1863230 208
1863240 208
1863250 208
1863260 208
1863270 210
1863280 210
1863290 210
1863300 210
1863310 210
1863320 210
1863330 210
1863340 210
1863350 210
1863360 210
1863370 210
1863380 210
1863390 210
1863400 211
1863410 211
1863420 211
1863430 212
1863440 212
1863450 212
1863460 213
1863470 213
1863480 214
1863490 214
1863500 215
1863510 217
1863520 217
1863530 218
1863540 219
1863550 219
1863560 220
1863570 220
1863580 220
1863590 221
1863600 221
1863610 221
1863620 221
1863630 220
1863640 220
1863650 220
1863660 220
1863670 220
1863680 220
1863690 219
1863700 219
1863710 219
1863720 218
1863730 218
1863740 218
1863750 218
1863760 218
1863770 217
1863780 217
1863790 217
1863800 216
1863810 216
1863820 216
1863830 215
1863840 215
1863850 215
1863860 214
1863870 214
1863880 214
1863890 213
1863900 213
1863910 213
1863920 212
1863930 211
1863940 211
1863950 210
1863960 209
1863970 209
1863980 208
1863990 208
1864000 208
1864010 207
1864020 207
1864030 206
1864040 206
1864050 206
1864060 205
1864070 204
1864080 204
1864090 204
1864100 203
1864110 203
1864120 202
1864130 201
1864140 201
1864150 201
1864160 200
1864170 200
1864180 200
1864190 199
1864200 199
1864210 199
1864220 199
1864230 199
1864240 198
1864250 198
1864260 198
1864270 198
1864280 198
1864290 198
1864300 198
1864310 198
1864320 198
1864330 198
1864340 198
1864350 198
1864360 198
1864370 198
1864380 198
1864390 198
1864400 199
1864410 199
1864420 199
1864430 200
1864440 200
1864450 201
1864460 202
1864470 202
1864480 203
1864490 204
1864500 204
1864510 205
1864520 205
1864530 205
1864540 205
1864550 205
1864560 205
1864570 204
1864580 204
1864590 204
1864600 203
1864610 203
1864620 203
1864630 202
1864640 202
1864650 202
1864660 201
1864670 201
1864680 200
1864690 200
1864700 200
1864710 199
1864720 198
1864730 198
1864740 197
1864750 197
1864760 197
1864770 196
1864780 196
1864790 196
1864800 196
1864810 196
1864820 196
1864830 196
1864840 196
1864850 196
1864860 196
1864870 196
1864880 196
1864890 196
1864900 196
1864910 196
1864920 196
1864930 196
1864940 196
1864950 198
1864960 198
1864970 198
1864980 198
1864990 199
1865000 199
1865010 200
1865020 201
1865030 201
1865040 202
1865050 202
1865060 205
1865070 207
1865080 207
1865090 208
1878610 156
1878620 156
1878630 156
1878640 156
1878650 156
1878660 156
1878670 156
1878680 156
1878690 156
1878700 156
1878710 156
1878720 156
1878730 156
1878740 156
1878750 156
1878760 156
1878770 156
1878780 156
1878790 156
1878800 156
1878810 156
1878820 156
1878830 156
1878840 156
1878850 156
1878860 156
1878870 156
1878880 156
1878890 156
1878900 156
1878910 156
1878920 156
1878930 156
1878940 156
1878950 156
1878960 156
1878970 156
1878980 156
1878990 156
1879000 155
1879010 155
1879020 156
1879030 156
1879040 156
1879050 156
1879060 156
1879070 156
1879080 156
1879090 156
1879100 156
1879110 156
1879120 156
1879130 155
1879140 156
1879150 156
1879160 157
1879170 156
1879180 155
1879190 156
1879200 156
1879210 156
1879220 156
1879230 156
1879240 156
1879250 156
1879260 156
1879270 156
1879280 156
1879290 156
1879300 156
1879310 156
1879320 156
1879330 156
1879340 156
1879350 156
1879360 156
1879370 156
1879380 155
1879390 155
1879400 155
1860000 218
1860010 218
1860020 218
1860030 217
1860040 216
1860050 216
1860060 215
1860070 214
1860080 214
1860090 214
1860100 213
1860110 213
1860120 213
1860130 213
1860140 213
1860150 213
1860160 212
1860170 212
1860180 212
1860190 211
1860200 211
1860210 211
1860220 211
1860230 211
1860240 211
1860250 211
1860260 211
1860270 211
1860280 211
1860290 211
1860300 210
1860310 209
1860320 209
1860330 209
1860340 208
1860350 208
1860360 208
1860370 208
1860380 208
1860390 209
1860400 209
1860410 209
1860420 210
1860430 210
1860440 210
1860450 211
1860460 211
1860470 212
1860480 213
1860490 212
1860500 213
1860510 214
1860520 214
1860530 215
1860540 216
1860550 216
1860560 217
1860570 218
1860580 218
1860590 219
1860600 220
1860610 220
1860620 220
1860630 220
1860640 220
1860650 221
1860660 221
1860670 221
1860680 221
1860690 221
1860700 221
1860710 222
1860720 222
1860730 222
1860740 222
1860750 222
1860760 222
1860770 223
1860780 223
1860790 223
1860800 223
1860810 223
1860820 223
1860830 223
1860840 223
1860850 223
1860860 223
1860870 223
1860880 223
1860890 224
1860900 224
1860910 224
1860920 224
1860930 224
1860940 224
1860950 224
1860960 224
1860970 223
1860980 223
1860990 223
1861000 223
1861010 223
1861020 223
1861030 222
1861040 218
1861050 218
1861060 214
1861070 213
1861080 213
1861090 212
1861100 212
1861110 212
1861120 213
1861130 214
1861140 214
1861150 213
1861160 213
1861170 213
1861180 214
1861190 211
1861200 211
1861210 212
1861220 213
1861230 213
1861240 212
1861250 210
1861260 210
1861270 208
1861280 206
1861290 206
1861300 205
1861310 205
1861320 205
1861330 204
1861340 204
1861350 204
1861360 203
1861370 203
1861380 203
1861390 203
1861400 203
1861410 203
1861420 203
1861430 203
1861440 203
1861450 203
1861460 203
1861470 203
1861480 202
1861490 202
1861500 201
1861510 200
1861520 200
1861530 200
1861540 199
1861550 199
1861560 198
1861570 198
1861580 198
1861590 197
1861600 197
1861610 197
1861620 197
1861630 197
1861640 197
1861650 197
1861660 197
1861670 197
1861680 197
1861690 197
1861700 197
1861710 196
1861720 196
1861730 196
1861740 196
1861750 196
1861760 196
1861770 195
1861780 196
1861790 196
1861800 196
1861810 196
1861820 196
1861830 197
1861840 197
1861850 197
1861860 198
1861870 198
1861880 198
1861890 199
1861900 199
1861910 199
1861920 202
1861930 202
1861940 203
1861950 204
1861960 204
1861970 204
1861980 205
1861990 205
1862000 206
1862010 207
1862020 207
1862030 207
1862040 208
1862050 208
1862060 209
1862070 209
1862080 209
1862090 210
1862100 210
1862110 210
1862120 211
1862130 212
1862140 212
1862150 213
1862160 214
1862170 214
1862180 216
1862190 217
1862200 217
1862210 218
1862220 219
1862230 220
1862240 221
1862250 221
1862260 221
1862270 221
1862280 222
1862290 222
1862300 222
1862310 222
1862320 222
1862330 223
1862340 223
1862350 223
1862360 223
1862370 224
1862380 224
1862390 224
1862400 224
1862410 224
1862420 224
1862430 224
1862440 224
1862450 224
1862460 224
1862470 224
1862480 224
1862490 224
1862500 224
1862510 224
1862520 224
1862530 224
1862540 224
1862550 224
1862560 224
1862570 224
1862580 224
1862590 224
1862600 224
1862610 224
1862620 224
1862630 224
1862640 224
1862650 224
1862660 224
1862670 224
1862680 224
1862690 224
1862700 224
1862710 224
1862720 224
1862730 224
1862740 224
1862750 224
1862760 224
1862770 224
1862780 224
1862790 224
1862800 224
1862810 224
1862820 224
1862830 224
1862840 224
1862850 224
1862860 224
1862870 224
1862880 224
1862890 224
1862900 223
1862910 223
1862920 223
1862930 223
1862940 223
1862950 222
1862960 222
1862970 221
1862980 220
1862990 220
1863000 218
1863010 217
1863020 217
1863030 215
1863040 214
1863050 214
1863060 213
1863070 212
1863080 212
1863090 211
1863100 210
1863110 210
1863120 210
1863130 209
1863140 209
1863150 209
1863160 209
1863170 209
1863180 209
1863190 208
1863200 208
1863210 208
1863220 208
1863230 208
1863240 208
1863250 208
1863260 208
1863270 210
1863280 210
1863290 210
1863300 210
1863310 210
1863320 210
1863330 210
1863340 210
1863350 210
1863360 210
1863370 210
1863380 210
1863390 210
1863400 211
1863410 211
1863420 211
1863430 212
1863440 212
1863450 212
1863460 213
1863470 213
1863480 214
1863490 214
1863500 215
1863510 217
1863520 217
1863530 218
1863540 219
1863550 219
1863560 220
1863570 220
1863580 220
1863590 221
1863600 221
1863610 221
1863620 221
1863630 220
1863640 220
1863650 220
1863660 220
1863670 220
1863680 220
1863690 219
1863700 219
1863710 219
1863720 218
1863730 218
1863740 218
1863750 218
1863760 218
1863770 217
1863780 217
1863790 217
1863800 216
1863810 216
1863820 216
1863830 215
1863840 215
1863850 215
1863860 214
1863870 214
1863880 214
1863890 213
1863900 213
1863910 213
1863920 212
1863930 211
1863940 211
1863950 210
1863960 209
1863970 209
1863980 208
1863990 208
1864000 208
1864010 207
1864020 207
1864030 206
1864040 206
1864050 206
1864060 205
1864070 204
1864080 204
1864090 204
1864100 203
1864110 203
1864120 202
1864130 201
1864140 201
1864150 201
1864160 200
1864170 200
1864180 200
1864190 199
1864200 199
1864210 199
1864220 199
1864230 199
1864240 198
1864250 198
1864260 198
1864270 198
1864280 198
1864290 198
1864300 198
1864310 198
1864320 198
1864330 198
1864340 198
1864350 198
1864360 198
1864370 198
1864380 198
1864390 198
1864400 199
1864410 199
1864420 199
1864430 200
1864440 200
1864450 201
1864460 202
1864470 202
1864480 203
1864490 204
1864500 204
1864510 205
1864520 205
1864530 205
1864540 205
1864550 205
1864560 205
1864570 204
1864580 204
1864590 204
1864600 203
1864610 203
1864620 203
1864630 202
1864640 202
1864650 202
1864660 201
1864670 201
1864680 200
1864690 200
1864700 200
1864710 199
1864720 198
1864730 198
1864740 197
1864750 197
1864760 197
1864770 196
1864780 196
1864790 196
1864800 196
1864810 196
1864820 196
1864830 196
1864840 196
1864850 196
1864860 196
1864870 196
1864880 196
1864890 196
1864900 196
1864910 196
1864920 196
1864930 196
1864940 196
1864950 198
1864960 198
1864970 198
1864980 198
1864990 199
1865000 199
1865010 200
1865020 201
1865030 201
1865040 202
1865050 202
1865060 205
1865070 207
1865080 207
1865090 208
1878610 156
1878620 156
1878630 156
1878640 156
1878650 156
1878660 156
1878670 156
1878680 156
1878690 156
1878700 156
1878710 156
1878720 156
1878730 156
1878740 156
1878750 156
1878760 156
1878770 156
1878780 156
1878790 156
1878800 156
1878810 156
1878820 156
1878830 156
1878840 156
1878850 156
1878860 156
1878870 156
1878880 156
1878890 156
1878900 156
1878910 156
1878920 156
1878930 156
1878940 156
1878950 156
1878960 156
1878970 156
1878980 156
1878990 156
1879000 155
1879010 155
1879020 156
1879030 156
1879040 156
1879050 156
1879060 156
1879070 156
1879080 156
1879090 156
1879100 156
1879110 156
1879120 156
1879130 155
1879140 156
1879150 156
1879160 157
1879170 156
1879180 155
1879190 156
1879200 156
1879210 156
1879220 156
1879230 156
1879240 156
1879250 156
1879260 156
1879270 156
1879280 156
1879290 156
1879300 156
1879310 156
1879320 156
1879330 156
1879340 156
1879350 156
1879360 156
1879370 156
1879380 155
1879390 155
1879400 155
