1860000 221
1860010 220
1860020 220
1860030 220
1860040 220
1860050 220
1860060 220
1860070 220
1860080 220
1860090 220
1860100 220
1860110 220
1860120 220
1860130 220
1860140 220
1860150 220
1860160 220
1860170 220
1860180 220
1860190 220
1860200 220
1860210 220
1860220 220
1860230 219
1860240 219
1860250 219
1860260 219
1860270 218
1860280 218
1860290 218
1860300 218
1860310 218
1860320 217
1860330 217
1860340 217
1860350 215
1860360 215
1860370 215
1860380 214
1860390 213
1860400 213
1860410 213
1860420 212
1860430 212
1860440 212
1860450 211
1860460 211
1860470 210
1860480 210
1860490 210
1860500 209
1860510 209
1860520 209
1860530 209
1860540 209
1860550 209
1860560 209
1860570 207
1860580 207
1860590 207
1860600 207
1860610 207
1860620 208
1860630 208
1860640 208
1860650 208
1860660 208
1860670 209
1860680 210
1860690 210
1860700 210
1860710 210
1860720 210
1860730 211
1860740 212
1860750 212
1860760 212
1860770 212
1860780 212
1860790 212
1860800 213
1860810 213
1860820 214
1860830 215
1860840 215
1860850 214
1860860 214
1860870 214
1860880 215
1860890 217
1860900 217
1860910 218
1860920 219
1860930 219
1860940 219
1860950 220
1860960 220
1860970 220
1860980 221
1860990 221
1861000 221
1861010 221
1861020 221
1861030 222
1861040 222
1861050 222
1861060 223
1861070 223
1861080 223
1861090 223
1861100 223
1861110 223
1861120 224
1861130 224
1861140 224
1861150 224
1861160 224
1861170 224
1861180 223
1861190 223
1861200 223
1861210 223
1861220 223
1861230 220
1861240 220
1861250 220
1861260 220
1861270 221
1861280 221
1861290 222
1861300 221
1861310 221
1861320 220
1861330 219
1861340 219
1861350 217
1861360 215
1861370 215
1861380 214
1861390 213
1861400 213
1861410 212
1861420 210
1861430 210
1861440 209
1861450 208
1861460 208
1861470 207
1861480 206
1861490 206
1861500 205
1861510 204
1861520 204
1861530 204
1861540 203
1861550 203
1861560 203
1861570 202
1861580 202
1861590 202
1861600 202
1861610 202
1861620 202
1861630 202
1861640 202
1861650 202
1861660 202
1861670 202
1861680 202
1861690 202
1861700 202
1861710 202
1861720 202
1861730 202
1861740 203
1861750 203
1861760 204
1861770 206
1861780 206
1861790 207
1861800 209
1861810 209
1861820 212
1861830 214
1861840 214
1861850 216
1861860 217
1861870 217
1861880 218
1861890 220
1861900 220
1861910 221
1861920 223
1861930 223
1861940 224
1861950 225
1861960 225
1861970 226
1861980 227
1861990 227
1862000 227
1862010 227
1862020 227
1862030 228
1862040 228
1862050 228
1862060 228
1862070 228
1862080 228
1862090 227
1862100 227
1862110 227
1862120 227
1862130 227
1862140 227
1862150 227
1862160 228
1862170 228
1862180 229
1862190 229
1862200 230
1862210 231
1862220 231
1862230 231
1862240 232
1862250 232
1862260 233
1862270 234
1862280 234
1862290 234
1862300 235
1862310 235
1862320 236
1862330 237
1862340 237
1862350 238
1862360 239
1862370 239
1862380 239
1862390 240
1862400 240
1862410 241
1862420 242
1862430 242
1862440 243
1862450 244
1862460 244
1862470 245
1862480 246
1862490 246
1862500 246
1862510 247
1862520 247
1862530 248
1862540 249
1862550 249
1862560 249
1862570 250
1862580 250
1862590 251
1862600 252
1862610 252
1862620 253
1862630 253
1862640 253
1862650 254
1862660 255
1862670 255
1862680 255
1862690 255
1862700 256
1862710 256
1862720 256
1862730 257
1862740 258
1862750 258
1862760 258
1862770 259
1862780 259
1862790 260
1862800 261
1862810 261
1862820 261
1862830 262
1862840 262
1862850 262
1862860 263
1862870 263
1862880 263
1862890 264
1862900 264
1862910 265
1862920 266
1862930 266
1862940 266
1862950 267
1862960 267
1862970 267
1862980 268
1862990 268
1863000 268
1863010 268
1863020 268
1863030 269
1863040 269
1863050 269
1863060 269
1863070 268
1863080 268
1863090 268
1863100 268
1863110 268
1863120 268
1863130 269
1863140 269
1863150 268
1863160 268
1863170 268
1863180 267
1863190 266
1863200 266
1863210 264
1863220 264
1863230 262
1863240 261
1863250 261
1863260 260
1863270 258
1863280 258
1863290 257
1863300 256
1863310 256
1863320 255
1863330 254
1863340 254
1863350 253
1863360 253
1863370 253
1863380 253
1863390 252
1863400 252
1863410 252
1863420 252
1863430 252
1863440 253
1863450 253
1863460 253
1863470 255
1863480 255
1863490 255
1863500 253
1863510 253
1863520 253
1863530 254
1863540 254
1863550 254
1863560 253
1863570 252
1863580 252
1863590 251
1863600 250
1863610 250
1863620 248
1863630 247
1863640 247
1863650 246
1863660 245
1863670 245
1863680 244
1863690 244
1863700 244
1863710 244
1863720 244
1863730 244
1863740 244
1863750 244
1863760 244
1863770 245
1863780 245
1863790 245
1863800 245
1863810 245
1863820 245
1863830 245
1863840 245
1863850 245
1863860 244
1863870 244
1863880 244
1863890 244
1863900 244
1863910 243
1863920 243
1863930 243
1863940 241
1863950 240
1863960 240
1863970 239
1863980 238
1863990 238
1864000 236
1864010 235
1864020 235
1864030 234
1864040 233
1864050 233
1864060 232
1864070 232
1864080 232
1864090 230
1864100 229
1864110 229
1864120 228
1864130 227
1864140 227
1864150 227
1864160 224
1864170 224
1864180 223
1864190 223
1864200 223
1864210 222
1864220 222
1864230 222
1864240 222
1864250 222
1864260 222
1864270 221
1864280 221
1864290 222
1864300 222
1864310 222
1864320 222
1864330 221
1864340 221
1864350 220
1864360 219
1864370 219
1864380 218
1864390 217
1864400 217
1864410 216
1864420 215
1864430 215
1864440 214
1864450 213
1864460 213
1864470 212
1864480 212
1864490 212
1864500 211
1864510 211
1864520 211
1864530 211
1864540 211
1864550 211
1864560 211
1864570 211
1864580 211
1864590 211
1864600 212
1864610 212
1864620 214
1864630 216
1864640 216
1864650 218
1864660 219
1864670 219
1860000 221
1860010 220
1860020 220
1860030 220
1860040 220
1860050 220
1860060 220
1860070 220
1860080 220
1860090 220
1860100 220
1860110 220
1860120 220
1860130 220
1860140 220
1860150 220
1860160 220
1860170 220
1860180 220
1860190 220
1860200 220
1860210 220
1860220 220
1860230 219
1860240 219
1860250 219
1860260 219
1860270 218
1860280 218
1860290 218
1860300 218
1860310 218
1860320 217
1860330 217
1860340 217
1860350 215
1860360 215
1860370 215
1860380 214
1860390 213
1860400 213
1860410 213
1860420 212
1860430 212
1860440 212
1860450 211
1860460 211
1860470 210
1860480 210
1860490 210
1860500 209
1860510 209
1860520 209
1860530 209
1860540 209
1860550 209
1860560 209
1860570 207
1860580 207
1860590 207
1860600 207
1860610 207
1860620 208
1860630 208
1860640 208
1860650 208
1860660 208
1860670 209
1860680 210
1860690 210
1860700 210
1860710 210
1860720 210
1860730 211
1860740 212
1860750 212
1860760 212
1860770 212
1860780 212
1860790 212
1860800 213
1860810 213
1860820 214
1860830 215
1860840 215
1860850 214
1860860 214
1860870 214
1860880 215
1860890 217
1860900 217
1860910 218
1860920 219
1860930 219
1860940 219
1860950 220
1860960 220
1860970 220
1860980 221
1860990 221
1861000 221
1861010 221
1861020 221
1861030 222
1861040 222
1861050 222
1861060 223
1861070 223
1861080 223
1861090 223
1861100 223
1861110 223
1861120 224
1861130 224
1861140 224
1861150 224
1861160 224
1861170 224
1861180 223
1861190 223
1861200 223
1861210 223
1861220 223
1861230 220
1861240 220
1861250 220
1861260 220
1861270 221
1861280 221
1861290 222
1861300 221
1861310 221
1861320 220
1861330 219
1861340 219
1861350 217
1861360 215
1861370 215
1861380 214
1861390 213
1861400 213
1861410 212
1861420 210
1861430 210
1861440 209
1861450 208
1861460 208
1861470 207
1861480 206
1861490 206
1861500 205
1861510 204
1861520 204
1861530 204
1861540 203
1861550 203
1861560 203
1861570 202
1861580 202
1861590 202
1861600 202
1861610 202
1861620 202
1861630 202
1861640 202
1861650 202
1861660 202
1861670 202
1861680 202
1861690 202
1861700 202
1861710 202
1861720 202
1861730 202
1861740 203
1861750 203
1861760 204
1861770 206
1861780 206
1861790 207
1861800 209
1861810 209
1861820 212
1861830 214
1861840 214
1861850 216
1861860 217
1861870 217
1861880 218
1861890 220
1861900 220
1861910 221
1861920 223
1861930 223
1861940 224
1861950 225
1861960 225
1861970 226
1861980 227
1861990 227
1862000 227
1862010 227
1862020 227
1862030 228
1862040 228
1862050 228
1862060 228
1862070 228
1862080 228
1862090 227
1862100 227
1862110 227
1862120 227
1862130 227
1862140 227
1862150 227
1862160 228
1862170 228
1862180 229
1862190 229
1862200 230
1862210 231
1862220 231
1862230 231
1862240 232
1862250 232
1862260 233
1862270 234
1862280 234
1862290 234
1862300 235
1862310 235
1862320 236
1862330 237
1862340 237
1862350 238
1862360 239
1862370 239
1862380 239
1862390 240
1862400 240
1862410 241
1862420 242
1862430 242
1862440 243
1862450 244
1862460 244
1862470 245
1862480 246
1862490 246
1862500 246
1862510 247
1862520 247
1862530 248
1862540 249
1862550 249
1862560 249
1862570 250
1862580 250
1862590 251
1862600 252
1862610 252
1862620 253
1862630 253
1862640 253
1862650 254
1862660 255
1862670 255
1862680 255
1862690 255
1862700 256
1862710 256
1862720 256
1862730 257
1862740 258
1862750 258
1862760 258
1862770 259
1862780 259
1862790 260
1862800 261
1862810 261
1862820 261
1862830 262
1862840 262
1862850 262
1862860 263
1862870 263
1862880 263
1862890 264
1862900 264
1862910 265
1862920 266
1862930 266
1862940 266
1862950 267
1862960 267
1862970 267
1862980 268
1862990 268
1863000 268
1863010 268
1863020 268
1863030 269
1863040 269
1863050 269
1863060 269
1863070 268
1863080 268
1863090 268
1863100 268
1863110 268
1863120 268
1863130 269
1863140 269
1863150 268
1863160 268
1863170 268
1863180 267
1863190 266
1863200 266
1863210 264
1863220 264
1863230 262
1863240 261
1863250 261
1863260 260
1863270 258
1863280 258
1863290 257
1863300 256
1863310 256
1863320 255
1863330 254
1863340 254
1863350 253
1863360 253
1863370 253
1863380 253
1863390 252
1863400 252
1863410 252
1863420 252
1863430 252
1863440 253
1863450 253
1863460 253
1863470 255
1863480 255
1863490 255
1863500 253
1863510 253
1863520 253
1863530 254
1863540 254
1863550 254
1863560 253
1863570 252
1863580 252
1863590 251
1863600 250
1863610 250
1863620 248
1863630 247
1863640 247
1863650 246
1863660 245
1863670 245
1863680 244
1863690 244
1863700 244
1863710 244
1863720 244
1863730 244
1863740 244
1863750 244
1863760 244
1863770 245
1863780 245
1863790 245
1863800 245
1863810 245
1863820 245
1863830 245
1863840 245
1863850 245
1863860 244
1863870 244
1863880 244
1863890 244
1863900 244
1863910 243
1863920 243
1863930 243
1863940 241
1863950 240
1863960 240
1863970 239
1863980 238
1863990 238
1864000 236
1864010 235
1864020 235
1864030 234
1864040 233
1864050 233
1864060 232
1864070 232
1864080 232
1864090 230
1864100 229
1864110 229
1864120 228
1864130 227
1864140 227
1864150 227
1864160 224
1864170 224
1864180 223
1864190 223
1864200 223
1864210 222
1864220 222
1864230 222
1864240 222
1864250 222
1864260 222
1864270 221
1864280 221
1864290 222
1864300 222
1864310 222
1864320 222
1864330 221
1864340 221
1864350 220
1864360 219
1864370 219
1864380 218
1864390 217
1864400 217
1864410 216
1864420 215
1864430 215
1864440 214
1864450 213
1864460 213
1864470 212
1864480 212
1864490 212
1864500 211
1864510 211
1864520 211
1864530 211
1864540 211
1864550 211
1864560 211
1864570 211
1864580 211
1864590 211
1864600 212
1864610 212
1864620 214
1864630 216
1864640 216
1864650 218
1864660 219
1864670 219
