1860000 231
1860010 231
1860020 230
1860030 230
1860040 230
1860050 230
1860060 230
1860070 230
1860080 230
1860090 230
1860100 230
1860110 230
1860120 229
1860130 229
1860140 229
1860150 229
1860160 229
1860170 229
1860180 229
1860190 228
1860200 228
1860210 228
1860220 228
1860230 228
1860240 228
1860250 228
1860260 228
1860270 228
1860280 228
1860290 228
1860300 227
1860310 227
1860320 227
1860330 227
1860340 227
1860350 227
1860360 227
1860370 226
1860380 226
1860390 226
1860400 226
1860410 226
1860420 226
1860430 226
1860440 226
1860450 225
1860460 225
1860470 225
1860480 225
1860490 225
1860500 225
1860510 225
1860520 224
1860530 224
1860540 224
1860550 224
1860560 224
1860570 223
1860580 223
1860590 223
1860600 223
1860610 223
1860620 222
1860630 222
1860640 222
1860650 221
1860660 221
1860670 221
1860680 220
1860690 220
1860700 220
1860710 219
1860720 219
1860730 219
1860740 219
1860750 218
1860760 218
1860770 217
1860780 217
1860790 217
1860800 216
1860810 216
1860820 216
1860830 215
1860840 214
1860850 214
1860860 214
1860870 212
1860880 212
1860890 211
1860900 211
1860910 211
1860920 210
1860930 210
1860940 210
1860950 207
1860960 207
1860970 207
1860980 206
1860990 205
1861000 205
1861010 202
1861020 201
1861030 201
1861040 201
1861050 200
1861060 200
1861070 200
1861080 199
1861090 199
1861100 199
1861110 199
1861120 199
1861130 199
1861140 199
1861150 199
1861160 199
1861170 199
1861180 199
1861190 199
1861200 199
1861210 200
1861220 200
1861230 200
1861240 200
1861250 200
1861260 200
1861270 201
1861280 201
1861290 201
1861300 201
1861310 201
1861320 201
1861330 201
1861340 200
1861350 200
1861360 200
1861370 200
1861380 200
1861390 200
1861400 200
1861410 200
1861420 200
1861430 199
1861440 199
1861450 199
1861460 199
1861470 199
1861480 199
1861490 199
1861500 199
1861510 199
1861520 199
1861530 199
1861540 199
1861550 199
1861560 199
1861570 199
1861580 199
1861590 199
1861600 198
1861610 199
1861620 199
1861630 198
1861640 198
1861650 198
1861660 198
1861670 198
1861680 198
1861690 198
1861700 198
1861710 199
1861720 199
1861730 199
1861740 199
1861750 199
1861760 199
1861770 200
1861780 200
1861790 200
1861800 201
1861810 201
1861820 201
1861830 202
1861840 204
1861850 204
1861860 204
1861870 206
1861880 206
1861890 208
1861900 209
1861910 209
1861920 210
1861930 210
1861940 210
1861950 211
1861960 214
1861970 214
1861980 217
1861990 218
1862000 218
1862010 218
1862020 219
1862030 219
1862040 219
1862050 220
1862060 220
1862070 220
1862080 221
1862090 221
1862100 221
1862110 222
1862120 222
1862130 222
1862140 223
1862150 223
1862160 224
1862170 224
1862180 226
1862190 226
1862200 226
1862210 226
1862220 225
1862230 225
1862240 225
1862250 225
1862260 225
1862270 225
1862280 226
1862290 226
1862300 227
1862310 228
1862320 228
1862330 230
1862340 231
1862350 231
1862360 233
1862370 234
1862380 234
1862390 234
1862400 234
1862410 234
1862420 234
1862430 233
1862440 233
1862450 233
1862460 233
1862470 233
1862480 233
1862490 233
1862500 233
1862510 234
1862520 234
1862530 235
1862540 235
1862550 235
1862560 235
1862570 235
1862580 235
1862590 235
1862600 234
1862610 235
1862620 235
1862630 236
1862640 236
1862650 236
1862660 236
1862670 236
1862680 236
1862690 237
1862700 237
1862710 237
1862720 237
1862730 237
1862740 238
1862750 238
1862760 238
1862770 239
1862780 239
1862790 239
1862800 240
1862810 240
1862820 240
1862830 240
1862840 241
1862850 241
1862860 241
1862870 242
1862880 242
1862890 243
1862900 243
1862910 243
1862920 243
1862930 243
1862940 243
1862950 243
1862960 244
1862970 244
1862980 244
1862990 243
1863000 243
1863010 243
1863020 243
1863030 243
1863040 243
1863050 243
1863060 243
1863070 242
1863080 242
1863090 242
1863100 241
1863110 241
1863120 241
1863130 240
1863140 240
1863150 240
1863160 239
1863170 238
1863180 238
1863190 237
1863200 237
1863210 236
1863220 236
1863230 236
1863240 235
1863250 233
1863260 233
1863270 232
1863280 230
1863290 230
1863300 229
1863310 227
1863320 227
1863330 225
1863340 224
1863350 224
1863360 222
1863370 221
1863380 221
1863390 220
1863400 219
1863410 219
1863420 219
1863430 218
1863440 218
1863450 217
1863460 217
1863470 217
1863480 216
1863490 216
1863500 216
1863510 216
1863520 216
1863530 216
1863540 216
1863550 216
1863560 216
1863570 218
1863580 218
1863590 218
1863600 218
1863610 218
1863620 218
1863630 219
1863640 219
1863650 219
1863660 219
1863670 219
1863680 219
1863690 219
1863700 219
1863710 218
1863720 217
1863730 217
1863740 216
1863750 215
1863760 215
1863770 214
1863780 213
1863790 213
1863800 213
1863810 213
1863820 213
1863830 213
1863840 213
1863850 213
1863860 214
1863870 214
1863880 214
1863890 215
1863900 216
1863910 217
1863920 218
1863930 220
1863940 220
1863950 221
1863960 222
1863970 222
1863980 223
1863990 224
1864000 224
1864010 225
1864020 226
1864030 226
1864040 227
1864050 227
1864060 227
1864070 228
1864080 228
1864090 228
1864100 229
1864110 229
1864120 229
1864130 229
1864140 229
1864150 229
1864160 229
1864170 229
1864180 229
1864190 228
1864200 228
1864210 228
1864220 227
1864230 227
1864240 227
1864250 226
1864260 226
1864270 225
1864280 224
1864290 224
1864300 223
1864310 222
1864320 222
1864330 221
1864340 220
1864350 220
1864360 219
1864370 218
1864380 218
1864390 217
1864400 216
1864410 216
1864420 215
1864430 214
1864440 214
1864450 213
1864460 211
1864470 211
1864480 210
1864490 209
1864500 209
1864510 208
1864520 208
1864530 208
1864540 207
1864550 206
1864560 206
1864570 205
1864580 204
1864590 204
1864600 204
1864610 204
1864620 204
1864630 204
1864640 204
1864650 204
1864660 204
1864670 204
1864680 204
1864690 204
1864700 204
1864710 204
1864720 204
1864730 204
1864740 204
1864750 205
1864760 205
1864770 206
1864780 207
1864790 207
1864800 208
1864810 210
1864820 210
1864830 211
1864840 212
1864850 212
1860000 231
1860010 231
1860020 230
1860030 230
1860040 230
1860050 230
1860060 230
1860070 230
1860080 230
1860090 230
1860100 230
1860110 230
1860120 229
1860130 229
1860140 229
1860150 229
1860160 229
1860170 229
1860180 229
1860190 228
1860200 228
1860210 228
1860220 228
1860230 228
1860240 228
1860250 228
1860260 228
1860270 228
1860280 228
1860290 228
1860300 227
1860310 227
1860320 227
1860330 227
1860340 227
1860350 227
1860360 227
1860370 226
1860380 226
1860390 226
1860400 226
1860410 226
1860420 226
1860430 226
1860440 226
1860450 225
1860460 225
1860470 225
1860480 225
1860490 225
1860500 225
1860510 225
1860520 224
1860530 224
1860540 224
1860550 224
1860560 224
1860570 223
1860580 223
1860590 223
1860600 223
1860610 223
1860620 222
1860630 222
1860640 222
1860650 221
1860660 221
1860670 221
1860680 220
1860690 220
1860700 220
1860710 219
1860720 219
1860730 219
1860740 219
1860750 218
1860760 218
1860770 217
1860780 217
1860790 217
1860800 216
1860810 216
1860820 216
1860830 215
1860840 214
1860850 214
1860860 214
1860870 212
1860880 212
1860890 211
1860900 211
1860910 211
1860920 210
1860930 210
1860940 210
1860950 207
1860960 207
1860970 207
1860980 206
1860990 205
1861000 205
1861010 202
1861020 201
1861030 201
1861040 201
1861050 200
1861060 200
1861070 200
1861080 199
1861090 199
1861100 199
1861110 199
1861120 199
1861130 199
1861140 199
1861150 199
1861160 199
1861170 199
1861180 199
1861190 199
1861200 199
1861210 200
1861220 200
1861230 200
1861240 200
1861250 200
1861260 200
1861270 201
1861280 201
1861290 201
1861300 201
1861310 201
1861320 201
1861330 201
1861340 200
1861350 200
1861360 200
1861370 200
1861380 200
1861390 200
1861400 200
1861410 200
1861420 200
1861430 199
1861440 199
1861450 199
1861460 199
1861470 199
1861480 199
1861490 199
1861500 199
1861510 199
1861520 199
1861530 199
1861540 199
1861550 199
1861560 199
1861570 199
1861580 199
1861590 199
1861600 198
1861610 199
1861620 199
1861630 198
1861640 198
1861650 198
1861660 198
1861670 198
1861680 198
1861690 198
1861700 198
1861710 199
1861720 199
1861730 199
1861740 199
1861750 199
1861760 199
1861770 200
1861780 200
1861790 200
1861800 201
1861810 201
1861820 201
1861830 202
1861840 204
1861850 204
1861860 204
1861870 206
1861880 206
1861890 208
1861900 209
1861910 209
1861920 210
1861930 210
1861940 210
1861950 211
1861960 214
1861970 214
1861980 217
1861990 218
1862000 218
1862010 218
1862020 219
1862030 219
1862040 219
1862050 220
1862060 220
1862070 220
1862080 221
1862090 221
1862100 221
1862110 222
1862120 222
1862130 222
1862140 223
1862150 223
1862160 224
1862170 224
1862180 226
1862190 226
1862200 226
1862210 226
1862220 225
1862230 225
1862240 225
1862250 225
1862260 225
1862270 225
1862280 226
1862290 226
1862300 227
1862310 228
1862320 228
1862330 230
1862340 231
1862350 231
1862360 233
1862370 234
1862380 234
1862390 234
1862400 234
1862410 234
1862420 234
1862430 233
1862440 233
1862450 233
1862460 233
1862470 233
1862480 233
1862490 233
1862500 233
1862510 234
1862520 234
1862530 235
1862540 235
1862550 235
1862560 235
1862570 235
1862580 235
1862590 235
1862600 234
1862610 235
1862620 235
1862630 236
1862640 236
1862650 236
1862660 236
1862670 236
1862680 236
1862690 237
1862700 237
1862710 237
1862720 237
1862730 237
1862740 238
1862750 238
1862760 238
1862770 239
1862780 239
1862790 239
1862800 240
1862810 240
1862820 240
1862830 240
1862840 241
1862850 241
1862860 241
1862870 242
1862880 242
1862890 243
1862900 243
1862910 243
1862920 243
1862930 243
1862940 243
1862950 243
1862960 244
1862970 244
1862980 244
1862990 243
1863000 243
1863010 243
1863020 243
1863030 243
1863040 243
1863050 243
1863060 243
1863070 242
1863080 242
1863090 242
1863100 241
1863110 241
1863120 241
1863130 240
1863140 240
1863150 240
1863160 239
1863170 238
1863180 238
1863190 237
1863200 237
1863210 236
1863220 236
1863230 236
1863240 235
1863250 233
1863260 233
1863270 232
1863280 230
1863290 230
1863300 229
1863310 227
1863320 227
1863330 225
1863340 224
1863350 224
1863360 222
1863370 221
1863380 221
1863390 220
1863400 219
1863410 219
1863420 219
1863430 218
1863440 218
1863450 217
1863460 217
1863470 217
1863480 216
1863490 216
1863500 216
1863510 216
1863520 216
1863530 216
1863540 216
1863550 216
1863560 216
1863570 218
1863580 218
1863590 218
1863600 218
1863610 218
1863620 218
1863630 219
1863640 219
1863650 219
1863660 219
1863670 219
1863680 219
1863690 219
1863700 219
1863710 218
1863720 217
1863730 217
1863740 216
1863750 215
1863760 215
1863770 214
1863780 213
1863790 213
1863800 213
1863810 213
1863820 213
1863830 213
1863840 213
1863850 213
1863860 214
1863870 214
1863880 214
1863890 215
1863900 216
1863910 217
1863920 218
1863930 220
1863940 220
1863950 221
1863960 222
1863970 222
1863980 223
1863990 224
1864000 224
1864010 225
1864020 226
1864030 226
1864040 227
1864050 227
1864060 227
1864070 228
1864080 228
1864090 228
1864100 229
1864110 229
1864120 229
1864130 229
1864140 229
1864150 229
1864160 229
1864170 229
1864180 229
1864190 228
1864200 228
1864210 228
1864220 227
1864230 227
1864240 227
1864250 226
1864260 226
1864270 225
1864280 224
1864290 224
1864300 223
1864310 222
1864320 222
1864330 221
1864340 220
1864350 220
1864360 219
1864370 218
1864380 218
1864390 217
1864400 216
1864410 216
1864420 215
1864430 214
1864440 214
1864450 213
1864460 211
1864470 211
1864480 210
1864490 209
1864500 209
1864510 208
1864520 208
1864530 208
1864540 207
1864550 206
1864560 206
1864570 205
1864580 204
1864590 204
1864600 204
1864610 204
1864620 204
1864630 204
1864640 204
1864650 204
1864660 204
1864670 204
1864680 204
1864690 204
1864700 204
1864710 204
1864720 204
1864730 204
1864740 204
1864750 205
1864760 205
1864770 206
1864780 207
1864790 207
1864800 208
1864810 210
1864820 210
1864830 211
1864840 212
1864850 212
