1860000 231
1860010 231
1860020 231
1860030 231
1860040 231
1860050 230
1860060 230
1860070 230
1860080 230
1860090 229
1860100 229
1860110 229
1860120 228
1860130 228
1860140 228
1860150 227
1860160 227
1860170 227
1860180 226
1860190 226
1860200 226
1860210 225
1860220 225
1860230 225
1860240 225
1860250 225
1860260 224
1860270 224
1860280 224
1860290 224
1860300 224
1860310 224
1860320 224
1860330 223
1860340 223
1860350 223
1860360 223
1860370 223
1860380 222
1860390 223
1860400 223
1860410 222
1860420 222
1860430 221
1860440 220
1860450 220
1860460 218
1860470 217
1860480 217
1860490 216
1860500 215
1860510 215
1860520 214
1860530 214
1860540 214
1860550 213
1860560 212
1860570 212
1860580 211
1860590 210
1860600 210
1860610 208
1860620 206
1860630 206
1860640 206
1860650 205
1860660 205
1860670 205
1860680 204
1860690 204
1860700 204
1860710 203
1860720 203
1860730 203
1860740 203
1860750 203
1860760 203
1860770 203
1860780 203
1860790 203
1860800 202
1860810 202
1860820 202
1860830 202
1860840 202
1860850 202
1860860 201
1860870 201
1860880 201
1860890 201
1860900 201
1860910 200
1860920 200
1860930 200
1860940 200
1860950 200
1860960 200
1860970 200
1860980 200
1860990 200
1861000 199
1861010 199
1861020 199
1861030 199
1861040 199
1861050 199
1861060 199
1861070 199
1861080 199
1861090 199
1861100 199
1861110 199
1861120 199
1861130 199
1861140 199
1861150 199
1861160 199
1861170 199
1861180 199
1861190 199
1861200 199
1861210 199
1861220 199
1861230 199
1861240 199
1861250 199
1861260 199
1861270 199
1861280 199
1861290 199
1861300 199
1861310 199
1861320 199
1861330 199
1861340 199
1861350 200
1861360 199
1861370 199
1861380 199
1861390 199
1861400 199
1861410 199
1861420 199
1861430 199
1861440 199
1861450 199
1861460 199
1861470 198
1861480 198
1861490 199
1861500 199
1861510 199
1861520 199
1861530 199
1861540 199
1861550 198
1861560 198
1861570 198
1861580 198
1861590 198
1861600 198
1861610 198
1861620 198
1861630 198
1861640 198
1861650 198
1861660 198
1861670 198
1861680 198
1861690 198
1861700 198
1861710 196
1861720 196
1861730 197
1861740 198
1861750 198
1861760 198
1861770 198
1861780 198
1861790 198
1861800 198
1861810 198
1861820 198
1861830 200
1861840 200
1861850 201
1861860 202
1861870 202
1861880 202
1861890 204
1861900 204
1861910 204
1861920 204
1861930 204
1861940 204
1861950 204
1861960 204
1861970 205
1861980 205
1861990 205
1862000 205
1862010 205
1862020 205
1862030 206
1862040 206
1862050 206
1862060 207
1862070 207
1862080 207
1862090 208
1862100 208
1862110 209
1862120 210
1862130 210
1862140 211
1862150 211
1862160 211
1862170 212
1862180 213
1862190 213
1862200 214
1862210 215
1862220 215
1862230 217
1862240 217
1862250 217
1862260 218
1862270 219
1862280 219
1862290 220
1862300 221
1862310 221
1862320 222
1862330 223
1862340 223
1862350 224
1862360 224
1862370 224
1862380 224
1862390 224
1862400 224
1862410 224
1862420 223
1862430 223
1862440 223
1862450 223
1862460 222
1862470 222
1862480 223
1862490 223
1862500 224
1862510 224
1862520 224
1862530 224
1862540 224
1862550 224
1862560 225
1862570 225
1862580 225
1862590 225
1862600 225
1862610 226
1862620 227
1862630 227
1862640 228
1862650 228
1862660 228
1862670 229
1862680 230
1862690 230
1862700 232
1862710 232
1862720 232
1862730 232
1862740 233
1862750 233
1862760 233
1862770 234
1862780 234
1862790 234
1862800 234
1862810 234
1862820 235
1862830 235
1862840 235
1862850 235
1862860 235
1862870 235
1862880 236
1862890 236
1862900 236
1862910 236
1862920 237
1862930 237
1862940 237
1862950 237
1862960 237
1862970 238
1862980 238
1862990 238
1863000 238
1863010 238
1863020 238
1863030 238
1863040 238
1863050 238
1863060 238
1863070 238
1863080 238
1863090 238
1863100 238
1863110 238
1863120 238
1863130 238
1863140 238
1863150 237
1863160 237
1863170 237
1863180 237
1863190 237
1863200 236
1863210 235
1863220 235
1863230 235
1863240 234
1863250 234
1863260 233
1863270 232
1863280 232
1863290 231
1863300 230
1863310 230
1863320 229
1863330 228
1863340 228
1863350 227
1863360 226
1863370 226
1863380 225
1863390 224
1863400 224
1863410 223
1863420 221
1863430 221
1863440 220
1863450 219
1863460 219
1863470 218
1863480 218
1863490 217
1863500 216
1863510 216
1863520 214
1863530 213
1863540 213
1863550 212
1863560 212
1863570 212
1863580 211
1863590 211
1863600 211
1863610 210
1863620 209
1863630 209
1863640 209
1863650 209
1863660 209
1863670 209
1863680 208
1863690 208
1863700 208
1863710 208
1863720 208
1863730 208
1863740 208
1863750 208
1863760 208
1863770 207
1863780 207
1863790 207
1863800 207
1863810 207
1863820 208
1863830 208
1863840 208
1863850 208
1863860 208
1863870 208
1863880 209
1863890 210
1863900 210
1863910 210
1863920 211
1863930 211
1863940 211
1863950 212
1863960 212
1863970 213
1863980 214
1863990 214
1864000 214
1864010 214
1864020 215
1864030 215
1864040 215
1864050 215
1864060 215
1864070 215
1864080 214
1864090 214
1864100 214
1864110 214
1864120 214
1864130 214
1864140 214
1864150 214
1864160 214
1864170 215
1864180 215
1864190 215
1864200 216
1864210 217
1864220 217
1864230 218
1864240 218
1864250 218
1864260 218
1864270 219
1864280 219
1864290 219
1864300 220
1864310 220
1864320 220
1864330 219
1864340 219
1864350 219
1864360 218
1864370 218
1864380 217
1864390 216
1864400 216
1864410 215
1864420 214
1864430 214
1864440 213
1864450 213
1864460 213
1864470 212
1864480 211
1864490 211
1864500 209
1864510 209
1864520 208
1864530 207
1864540 207
1864550 206
1864560 205
1864570 205
1864580 204
1864590 203
1864600 203
1864610 203
1864620 203
1864630 203
1864640 202
1864650 202
1864660 202
1864670 202
1864680 202
1864690 202
1864700 202
1864710 202
1864720 202
1864730 202
1864740 202
1864750 202
1864760 202
1864770 202
1864780 202
1864790 202
1864800 202
1864810 202
1864820 202
1864830 203
1864840 203
1864850 204
1864860 205
1864870 205
1864880 206
1864890 207
1864900 207
1864910 207
1860000 231
1860010 231
1860020 231
1860030 231
1860040 231
1860050 230
1860060 230
1860070 230
1860080 230
1860090 229
1860100 229
1860110 229
1860120 228
1860130 228
1860140 228
1860150 227
1860160 227
1860170 227
1860180 226
1860190 226
1860200 226
1860210 225
1860220 225
1860230 225
1860240 225
1860250 225
1860260 224
1860270 224
1860280 224
1860290 224
1860300 224
1860310 224
1860320 224
1860330 223
1860340 223
1860350 223
1860360 223
1860370 223
1860380 222
1860390 223
1860400 223
1860410 222
1860420 222
1860430 221
1860440 220
1860450 220
1860460 218
1860470 217
1860480 217
1860490 216
1860500 215
1860510 215
1860520 214
1860530 214
1860540 214
1860550 213
1860560 212
1860570 212
1860580 211
1860590 210
1860600 210
1860610 208
1860620 206
1860630 206
1860640 206
1860650 205
1860660 205
1860670 205
1860680 204
1860690 204
1860700 204
1860710 203
1860720 203
1860730 203
1860740 203
1860750 203
1860760 203
1860770 203
1860780 203
1860790 203
1860800 202
1860810 202
1860820 202
1860830 202
1860840 202
1860850 202
1860860 201
1860870 201
1860880 201
1860890 201
1860900 201
1860910 200
1860920 200
1860930 200
1860940 200
1860950 200
1860960 200
1860970 200
1860980 200
1860990 200
1861000 199
1861010 199
1861020 199
1861030 199
1861040 199
1861050 199
1861060 199
1861070 199
1861080 199
1861090 199
1861100 199
1861110 199
1861120 199
1861130 199
1861140 199
1861150 199
1861160 199
1861170 199
1861180 199
1861190 199
1861200 199
1861210 199
1861220 199
1861230 199
1861240 199
1861250 199
1861260 199
1861270 199
1861280 199
1861290 199
1861300 199
1861310 199
1861320 199
1861330 199
1861340 199
1861350 200
1861360 199
1861370 199
1861380 199
1861390 199
1861400 199
1861410 199
1861420 199
1861430 199
1861440 199
1861450 199
1861460 199
1861470 198
1861480 198
1861490 199
1861500 199
1861510 199
1861520 199
1861530 199
1861540 199
1861550 198
1861560 198
1861570 198
1861580 198
1861590 198
1861600 198
1861610 198
1861620 198
1861630 198
1861640 198
1861650 198
1861660 198
1861670 198
1861680 198
1861690 198
1861700 198
1861710 196
1861720 196
1861730 197
1861740 198
1861750 198
1861760 198
1861770 198
1861780 198
1861790 198
1861800 198
1861810 198
1861820 198
1861830 200
1861840 200
1861850 201
1861860 202
1861870 202
1861880 202
1861890 204
1861900 204
1861910 204
1861920 204
1861930 204
1861940 204
1861950 204
1861960 204
1861970 205
1861980 205
1861990 205
1862000 205
1862010 205
1862020 205
1862030 206
1862040 206
1862050 206
1862060 207
1862070 207
1862080 207
1862090 208
1862100 208
1862110 209
1862120 210
1862130 210
1862140 211
1862150 211
1862160 211
1862170 212
1862180 213
1862190 213
1862200 214
1862210 215
1862220 215
1862230 217
1862240 217
1862250 217
1862260 218
1862270 219
1862280 219
1862290 220
1862300 221
1862310 221
1862320 222
1862330 223
1862340 223
1862350 224
1862360 224
1862370 224
1862380 224
1862390 224
1862400 224
1862410 224
1862420 223
1862430 223
1862440 223
1862450 223
1862460 222
1862470 222
1862480 223
1862490 223
1862500 224
1862510 224
1862520 224
1862530 224
1862540 224
1862550 224
1862560 225
1862570 225
1862580 225
1862590 225
1862600 225
1862610 226
1862620 227
1862630 227
1862640 228
1862650 228
1862660 228
1862670 229
1862680 230
1862690 230
1862700 232
1862710 232
1862720 232
1862730 232
1862740 233
1862750 233
1862760 233
1862770 234
1862780 234
1862790 234
1862800 234
1862810 234
1862820 235
1862830 235
1862840 235
1862850 235
1862860 235
1862870 235
1862880 236
1862890 236
1862900 236
1862910 236
1862920 237
1862930 237
1862940 237
1862950 237
1862960 237
1862970 238
1862980 238
1862990 238
1863000 238
1863010 238
1863020 238
1863030 238
1863040 238
1863050 238
1863060 238
1863070 238
1863080 238
1863090 238
1863100 238
1863110 238
1863120 238
1863130 238
1863140 238
1863150 237
1863160 237
1863170 237
1863180 237
1863190 237
1863200 236
1863210 235
1863220 235
1863230 235
1863240 234
1863250 234
1863260 233
1863270 232
1863280 232
1863290 231
1863300 230
1863310 230
1863320 229
1863330 228
1863340 228
1863350 227
1863360 226
1863370 226
1863380 225
1863390 224
1863400 224
1863410 223
1863420 221
1863430 221
1863440 220
1863450 219
1863460 219
1863470 218
1863480 218
1863490 217
1863500 216
1863510 216
1863520 214
1863530 213
1863540 213
1863550 212
1863560 212
1863570 212
1863580 211
1863590 211
1863600 211
1863610 210
1863620 209
1863630 209
1863640 209
1863650 209
1863660 209
1863670 209
1863680 208
1863690 208
1863700 208
1863710 208
1863720 208
1863730 208
1863740 208
1863750 208
1863760 208
1863770 207
1863780 207
1863790 207
1863800 207
1863810 207
1863820 208
1863830 208
1863840 208
1863850 208
1863860 208
1863870 208
1863880 209
1863890 210
1863900 210
1863910 210
1863920 211
1863930 211
1863940 211
1863950 212
1863960 212
1863970 213
1863980 214
1863990 214
1864000 214
1864010 214
1864020 215
1864030 215
1864040 215
1864050 215
1864060 215
1864070 215
1864080 214
1864090 214
1864100 214
1864110 214
1864120 214
1864130 214
1864140 214
1864150 214
1864160 214
1864170 215
1864180 215
1864190 215
1864200 216
1864210 217
1864220 217
1864230 218
1864240 218
1864250 218
1864260 218
1864270 219
1864280 219
1864290 219
1864300 220
1864310 220
1864320 220
1864330 219
1864340 219
1864350 219
1864360 218
1864370 218
1864380 217
1864390 216
1864400 216
1864410 215
1864420 214
1864430 214
1864440 213
1864450 213
1864460 213
1864470 212
1864480 211
1864490 211
1864500 209
1864510 209
1864520 208
1864530 207
1864540 207
1864550 206
1864560 205
1864570 205
1864580 204
1864590 203
1864600 203
1864610 203
1864620 203
1864630 203
1864640 202
1864650 202
1864660 202
1864670 202
1864680 202
1864690 202
1864700 202
1864710 202
1864720 202
1864730 202
1864740 202
1864750 202
1864760 202
1864770 202
1864780 202
1864790 202
1864800 202
1864810 202
1864820 202
1864830 203
1864840 203
1864850 204
1864860 205
1864870 205
1864880 206
1864890 207
1864900 207
1864910 207
