1860000 230
1860010 230
1860020 230
1860030 230
1860040 230
1860050 230
1860060 230
1860070 230
1860080 230
1860090 230
1860100 230
1860110 230
1860120 231
1860130 231
1860140 231
1860150 231
1860160 231
1860170 231
1860180 232
1860190 232
1860200 232
1860210 232
1860220 232
1860230 232
1860240 232
1860250 232
1860260 232
1860270 232
1860280 232
1860290 232
1860300 232
1860310 232
1860320 231
1860330 231
1860340 231
1860350 231
1860360 231
1860370 231
1860380 231
1860390 231
1860400 232
1860410 232
1860420 232
1860430 233
1860440 233
1860450 233
1860460 233
1860470 234
1860480 234
1860490 234
1860500 234
1860510 234
1860520 235
1860530 235
1860540 235
1860550 235
1860560 235
1860570 235
1860580 235
1860590 235
1860600 235
1860610 235
1860620 235
1860630 235
1860640 235
1860650 235
1860660 235
1860670 235
1860680 234
1860690 234
1860700 234
1860710 234
1860720 234
1860730 234
1860740 234
1860750 234
1860760 234
1860770 234
1860780 234
1860790 233
1860800 233
1860810 233
1860820 233
1860830 233
1860840 233
1860850 233
1860860 233
1860870 233
1860880 232
1860890 232
1860900 232
1860910 232
1860920 232
1860930 231
1860940 231
1860950 231
1860960 230
1860970 229
1860980 229
1860990 229
1861000 228
1861010 228
1861020 228
1861030 228
1861040 228
1861050 228
1861060 228
1861070 228
1861080 227
1861090 227
1861100 227
1861110 227
1861120 227
1861130 227
1861140 227
1861150 227
1861160 227
1861170 227
1861180 227
1861190 227
1861200 227
1861210 227
1861220 227
1861230 228
1861240 228
1861250 228
1861260 229
1861270 229
1861280 230
1861290 230
1861300 230
1861310 231
1861320 232
1861330 232
1861340 233
1861350 234
1861360 234
1861370 234
1861380 235
1861390 235
1861400 236
1861410 236
1861420 236
1861430 237
1861440 238
1861450 238
1861460 239
1861470 240
1861480 240
1861490 241
1861500 242
1861510 242
1861520 243
1861530 244
1861540 244
1861550 245
1861560 245
1861570 245
1861580 246
1861590 246
1861600 246
1861610 246
1861620 247
1861630 247
1861640 247
1861650 248
1861660 248
1861670 248
1861680 249
1861690 249
1861700 249
1861710 249
1861720 250
1861730 251
1861740 251
1861750 251
1861760 252
1861770 252
1861780 252
1861790 253
1861800 253
1861810 254
1861820 254
1861830 255
1861840 255
1861850 255
1861860 255
1861870 255
1861880 255
1861890 255
1861900 255
1861910 255
1861920 255
1861930 254
1861940 254
1861950 254
1861960 254
1861970 254
1861980 254
1861990 254
1862000 253
1862010 253
1862020 253
1862030 253
1862040 253
1862050 253
1862060 253
1862070 253
1862080 252
1862090 252
1862100 252
1862110 252
1862120 251
1862130 251
1862140 251
1862150 251
1862160 251
1862170 251
1862180 251
1862190 251
1862200 251
1862210 251
1862220 251
1862230 251
1862240 251
1862250 252
1860000 230
1860010 230
1860020 230
1860030 230
1860040 230
1860050 230
1860060 230
1860070 230
1860080 230
1860090 230
1860100 230
1860110 230
1860120 231
1860130 231
1860140 231
1860150 231
1860160 231
1860170 231
1860180 232
1860190 232
1860200 232
1860210 232
1860220 232
1860230 232
1860240 232
1860250 232
1860260 232
1860270 232
1860280 232
1860290 232
1860300 232
1860310 232
1860320 231
1860330 231
1860340 231
1860350 231
1860360 231
1860370 231
1860380 231
1860390 231
1860400 232
1860410 232
1860420 232
1860430 233
1860440 233
1860450 233
1860460 233
1860470 234
1860480 234
1860490 234
1860500 234
1860510 234
1860520 235
1860530 235
1860540 235
1860550 235
1860560 235
1860570 235
1860580 235
1860590 235
1860600 235
1860610 235
1860620 235
1860630 235
1860640 235
1860650 235
1860660 235
1860670 235
1860680 234
1860690 234
1860700 234
1860710 234
1860720 234
1860730 234
1860740 234
1860750 234
1860760 234
1860770 234
1860780 234
1860790 233
1860800 233
1860810 233
1860820 233
1860830 233
1860840 233
1860850 233
1860860 233
1860870 233
1860880 232
1860890 232
1860900 232
1860910 232
1860920 232
1860930 231
1860940 231
1860950 231
1860960 230
1860970 229
1860980 229
1860990 229
1861000 228
1861010 228
1861020 228
1861030 228
1861040 228
1861050 228
1861060 228
1861070 228
1861080 227
1861090 227
1861100 227
1861110 227
1861120 227
1861130 227
1861140 227
1861150 227
1861160 227
1861170 227
1861180 227
1861190 227
1861200 227
1861210 227
1861220 227
1861230 228
1861240 228
1861250 228
1861260 229
1861270 229
1861280 230
1861290 230
1861300 230
1861310 231
1861320 232
1861330 232
1861340 233
1861350 234
1861360 234
1861370 234
1861380 235
1861390 235
1861400 236
1861410 236
1861420 236
1861430 237
1861440 238
1861450 238
1861460 239
1861470 240
1861480 240
1861490 241
1861500 242
1861510 242
1861520 243
1861530 244
1861540 244
1861550 245
1861560 245
1861570 245
1861580 246
1861590 246
1861600 246
1861610 246
1861620 247
1861630 247
1861640 247
1861650 248
1861660 248
1861670 248
1861680 249
1861690 249
1861700 249
1861710 249
1861720 250
1861730 251
1861740 251
1861750 251
1861760 252
1861770 252
1861780 252
1861790 253
1861800 253
1861810 254
1861820 254
1861830 255
1861840 255
1861850 255
1861860 255
1861870 255
1861880 255
1861890 255
1861900 255
1861910 255
1861920 255
1861930 254
1861940 254
1861950 254
1861960 254
1861970 254
1861980 254
1861990 254
1862000 253
1862010 253
1862020 253
1862030 253
1862040 253
1862050 253
1862060 253
1862070 253
1862080 252
1862090 252
1862100 252
1862110 252
1862120 251
1862130 251
1862140 251
1862150 251
1862160 251
1862170 251
1862180 251
1862190 251
1862200 251
1862210 251
1862220 251
1862230 251
1862240 251
1862250 252
