1860000 229
1860010 229
1860020 229
1860030 229
1860040 229
1860050 229
1860060 229
1860070 229
1860080 229
1860090 230
1860100 230
1860110 230
1860120 230
1860130 230
1860140 230
1860150 231
1860160 231
1860170 231
1860180 231
1860190 231
1860200 232
1860210 232
1860220 232
1860230 233
1860240 233
1860250 233
1860260 233
1860270 233
1860280 233
1860290 233
1860300 233
1860310 233
1860320 233
1860330 233
1860340 233
1860350 233
1860360 233
1860370 233
1860380 233
1860390 233
1860400 233
1860410 233
1860420 233
1860430 233
1860440 234
1860450 234
1860460 234
1860470 234
1860480 234
1860490 234
1860500 235
1860510 235
1860520 235
1860530 235
1860540 235
1860550 235
1860560 236
1860570 236
1860580 236
1860590 236
1860600 236
1860610 236
1860620 236
1860630 236
1860640 237
1860650 237
1860660 237
1860670 237
1860680 237
1860690 237
1860700 237
1860710 237
1860720 237
1860730 237
1860740 237
1860750 237
1860760 237
1860770 237
1860780 237
1860790 237
1860800 238
1860810 238
1860820 238
1860830 238
1860840 238
1860850 238
1860860 238
1860870 238
1860880 238
1860890 238
1860900 238
1860910 238
1860920 237
1860930 237
1860940 237
1860950 237
1860960 237
1860970 236
1860980 236
1860990 236
1861000 235
1861010 235
1861020 234
1861030 234
1861040 234
1861050 234
1861060 233
1861070 233
1861080 233
1861090 233
1861100 233
1861110 233
1861120 233
1861130 233
1861140 233
1861150 233
1861160 233
1861170 233
1861180 233
1861190 233
1861200 233
1861210 233
1861220 233
1861230 233
1861240 233
1861250 233
1861260 233
1861270 233
1861280 233
1861290 233
1861300 233
1861310 233
1861320 234
1861330 234
1861340 234
1861350 233
1861360 234
1861370 234
1861380 234
1861390 235
1861400 235
1861410 235
1861420 236
1861430 236
1861440 236
1861450 237
1861460 237
1861470 238
1861480 239
1861490 239
1861500 239
1861510 239
1861520 240
1861530 241
1861540 241
1861550 242
1861560 242
1861570 242
1861580 243
1861590 243
1861600 243
1861610 244
1861620 244
1861630 244
1861640 245
1861650 245
1861660 245
1861670 246
1861680 247
1861690 247
1861700 247
1861710 248
1861720 248
1861730 248
1861740 248
1861750 248
1861760 249
1861770 249
1861780 249
1861790 250
1861800 251
1861810 251
1861820 251
1861830 252
1861840 252
1861850 253
1861860 254
1861870 254
1861880 254
1861890 255
1861900 255
1861910 256
1861920 256
1861930 256
1861940 257
1861950 257
1861960 257
1861970 257
1861980 257
1861990 257
1862000 257
1862010 257
1862020 257
1862030 257
1862040 256
1862050 256
1862060 256
1862070 256
1862080 255
1862090 255
1862100 255
1862110 255
1862120 255
1862130 255
1862140 255
1862150 254
1862160 254
1862170 254
1862180 254
1862190 254
1862200 254
1862210 254
1862220 254
1862230 254
1862240 254
1862250 254
1862260 253
1862270 253
1862280 253
1862290 252
1862300 251
1862310 251
1862320 250
1862330 249
1862340 249
1860000 229
1860010 229
1860020 229
1860030 229
1860040 229
1860050 229
1860060 229
1860070 229
1860080 229
1860090 230
1860100 230
1860110 230
1860120 230
1860130 230
1860140 230
1860150 231
1860160 231
1860170 231
1860180 231
1860190 231
1860200 232
1860210 232
1860220 232
1860230 233
1860240 233
1860250 233
1860260 233
1860270 233
1860280 233
1860290 233
1860300 233
1860310 233
1860320 233
1860330 233
1860340 233
1860350 233
1860360 233
1860370 233
1860380 233
1860390 233
1860400 233
1860410 233
1860420 233
1860430 233
1860440 234
1860450 234
1860460 234
1860470 234
1860480 234
1860490 234
1860500 235
1860510 235
1860520 235
1860530 235
1860540 235
1860550 235
1860560 236
1860570 236
1860580 236
1860590 236
1860600 236
1860610 236
1860620 236
1860630 236
1860640 237
1860650 237
1860660 237
1860670 237
1860680 237
1860690 237
1860700 237
1860710 237
1860720 237
1860730 237
1860740 237
1860750 237
1860760 237
1860770 237
1860780 237
1860790 237
1860800 238
1860810 238
1860820 238
1860830 238
1860840 238
1860850 238
1860860 238
1860870 238
1860880 238
1860890 238
1860900 238
1860910 238
1860920 237
1860930 237
1860940 237
1860950 237
1860960 237
1860970 236
1860980 236
1860990 236
1861000 235
1861010 235
1861020 234
1861030 234
1861040 234
1861050 234
1861060 233
1861070 233
1861080 233
1861090 233
1861100 233
1861110 233
1861120 233
1861130 233
1861140 233
1861150 233
1861160 233
1861170 233
1861180 233
1861190 233
1861200 233
1861210 233
1861220 233
1861230 233
1861240 233
1861250 233
1861260 233
1861270 233
1861280 233
1861290 233
1861300 233
1861310 233
1861320 234
1861330 234
1861340 234
1861350 233
1861360 234
1861370 234
1861380 234
1861390 235
1861400 235
1861410 235
1861420 236
1861430 236
1861440 236
1861450 237
1861460 237
1861470 238
1861480 239
1861490 239
1861500 239
1861510 239
1861520 240
1861530 241
1861540 241
1861550 242
1861560 242
1861570 242
1861580 243
1861590 243
1861600 243
1861610 244
1861620 244
1861630 244
1861640 245
1861650 245
1861660 245
1861670 246
1861680 247
1861690 247
1861700 247
1861710 248
1861720 248
1861730 248
1861740 248
1861750 248
1861760 249
1861770 249
1861780 249
1861790 250
1861800 251
1861810 251
1861820 251
1861830 252
1861840 252
1861850 253
1861860 254
1861870 254
1861880 254
1861890 255
1861900 255
1861910 256
1861920 256
1861930 256
1861940 257
1861950 257
1861960 257
1861970 257
1861980 257
1861990 257
1862000 257
1862010 257
1862020 257
1862030 257
1862040 256
1862050 256
1862060 256
1862070 256
1862080 255
1862090 255
1862100 255
1862110 255
1862120 255
1862130 255
1862140 255
1862150 254
1862160 254
1862170 254
1862180 254
1862190 254
1862200 254
1862210 254
1862220 254
1862230 254
1862240 254
1862250 254
1862260 253
1862270 253
1862280 253
1862290 252
1862300 251
1862310 251
1862320 250
1862330 249
1862340 249
